1.499190e+03	-6.870608e-02	-7.500727e-02	1.815460e-04	6.791981e-02	-3.688846e-05	6.771518e-04
1.511580e+03	-4.607790e-02	-8.995962e-02	6.804694e-05	4.548901e-02	3.493008e-05	6.296699e-04
1.523970e+03	-2.038140e-02	-9.902185e-02	1.308415e-04	1.987796e-02	4.485574e-05	5.445470e-04
1.536360e+03	6.511755e-03	-1.009921e-01	6.170210e-05	-7.003204e-03	6.007512e-05	4.903969e-04
1.548750e+03	3.333758e-02	-9.579381e-02	4.275950e-05	-3.393761e-02	8.776812e-06	6.039978e-04
1.561140e+03	5.795003e-02	-8.343376e-02	6.077714e-05	-5.845023e-02	1.069997e-04	5.581017e-04
1.573530e+03	7.863962e-02	-6.470878e-02	3.688462e-05	-7.913962e-02	5.091721e-05	5.294521e-04
1.585920e+03	9.370568e-02	-4.107057e-02	-2.715853e-05	-9.430670e-02	6.174402e-05	5.556511e-04
1.598310e+03	1.018743e-01	-1.385928e-02	-1.735675e-05	-1.018844e-01	1.487870e-04	5.191449e-04
1.610700e+03	1.021497e-01	1.496722e-02	-3.936730e-05	-1.021434e-01	1.435882e-04	5.924205e-04
1.623090e+03	9.423761e-02	4.296723e-02	-5.781865e-05	-9.476073e-02	1.121785e-04	4.736537e-04
1.635480e+03	7.881695e-02	6.774207e-02	-1.136133e-04	-7.911500e-02	1.017099e-04	3.080000e-04
1.647870e+03	5.690711e-02	8.742667e-02	-1.380186e-04	-5.730039e-02	8.817790e-05	3.277445e-04
1.660260e+03	3.025633e-02	1.002043e-01	-1.359951e-04	-3.054353e-02	3.259778e-05	3.218632e-04
1.672650e+03	1.801303e-04	1.059477e-01	-1.592059e-04	-5.841276e-04	2.219893e-05	3.840501e-04
1.685040e+03	-2.978153e-02	1.018057e-01	-1.739146e-04	2.975804e-02	-3.797978e-05	2.755807e-05
1.697430e+03	-5.792645e-02	8.949599e-02	-1.099330e-04	5.791284e-02	-1.125734e-04	2.479427e-05
1.709820e+03	-8.260544e-02	6.908688e-02	-1.165077e-04	8.242331e-02	-9.860085e-05	1.538773e-04
1.722210e+03	-1.002081e-01	4.212395e-02	-2.751818e-05	1.000510e-01	-1.438109e-04	1.289531e-04
1.734600e+03	-1.085328e-01	1.035050e-02	4.872703e-05	1.087270e-01	-1.587089e-04	-1.570428e-04
1.746990e+03	-1.073837e-01	-2.288682e-02	4.720142e-05	1.073467e-01	-1.396019e-04	-7.577218e-05
1.759380e+03	-9.549640e-02	-5.463390e-02	5.971436e-05	9.597225e-02	-1.271227e-04	-1.433464e-04
1.771770e+03	-7.491060e-02	-8.157547e-02	7.444994e-05	7.512233e-02	-9.095389e-05	-1.803910e-04
1.784160e+03	-4.618832e-02	-1.012638e-01	1.426859e-04	4.632949e-02	-6.714483e-05	-1.735812e-04
1.796550e+03	-1.235484e-02	-1.112214e-01	1.041460e-04	1.275905e-02	-5.278164e-05	-3.771614e-04
1.808940e+03	2.264432e-02	-1.100914e-01	1.198781e-04	-2.230109e-02	-6.435012e-06	-3.774822e-04
1.821330e+03	5.712427e-02	-9.821645e-02	1.356752e-04	-5.682427e-02	3.406956e-05	-2.607986e-04
1.833720e+03	8.580839e-02	-7.544419e-02	1.141858e-04	-8.548553e-02	2.624815e-05	-3.328725e-04
1.846110e+03	1.065577e-01	-4.360877e-02	1.122540e-04	-1.059063e-01	1.135555e-04	-4.336985e-04
1.858500e+03	1.153219e-01	-7.008246e-03	8.590493e-05	-1.147030e-01	1.381042e-04	-4.683431e-04
1.870890e+03	1.120627e-01	3.136773e-02	2.878582e-05	-1.114477e-01	1.341650e-04	-3.876429e-04
1.883280e+03	9.521211e-02	6.692761e-02	-3.020351e-05	-9.508897e-02	2.106442e-04	-3.629629e-04
1.895670e+03	6.809190e-02	9.497496e-02	-1.113340e-04	-6.768898e-02	1.922295e-04	-4.314750e-04
1.908060e+03	3.243339e-02	1.126279e-01	-1.589194e-04	-3.196850e-02	1.313877e-04	-4.633355e-04
1.920450e+03	-7.149923e-03	1.167688e-01	-2.119529e-04	7.561828e-03	9.912983e-05	-3.964156e-04
1.932840e+03	-4.663303e-02	1.087152e-01	-2.141603e-04	4.692641e-02	-2.618969e-05	-3.091137e-04
1.945230e+03	-8.107313e-02	8.620096e-02	-1.887540e-04	8.144093e-02	-6.614126e-05	-3.430604e-04
1.957620e+03	-1.062017e-01	5.322084e-02	-1.267942e-04	1.061818e-01	-1.591488e-04	-3.450479e-04
1.970010e+03	-1.181791e-01	1.341033e-02	-8.289779e-05	1.186978e-01	-1.643310e-04	-2.578750e-04
1.982400e+03	-1.165783e-01	-2.897046e-02	-3.173960e-05	1.163850e-01	-1.743341e-04	-1.478055e-04
1.994790e+03	-9.833986e-02	-6.775966e-02	6.282774e-05	9.910000e-02	-1.935851e-04	-2.120605e-04
2.007180e+03	-6.864848e-02	-9.796854e-02	1.137164e-04	6.896914e-02	-1.316598e-04	-2.778485e-04
2.019570e+03	-3.019144e-02	-1.165188e-01	1.449800e-04	3.038748e-02	-9.238007e-05	-1.662966e-04
2.031960e+03	1.255394e-02	-1.196099e-01	1.595340e-04	-1.248874e-02	-6.609153e-05	-9.470819e-05
2.044350e+03	5.430345e-02	-1.075413e-01	1.810397e-04	-5.419668e-02	2.560684e-06	-8.964997e-05
2.056740e+03	8.898436e-02	-8.144703e-02	1.775156e-04	-8.892201e-02	3.004895e-05	-6.373669e-05
2.069130e+03	1.124843e-01	-4.422049e-02	1.570472e-04	-1.124843e-01	1.192142e-04	-3.964480e-05
2.081520e+03	1.208201e-01	-1.110550e-03	1.002605e-04	-1.208201e-01	1.761367e-04	6.951938e-06
2.093910e+03	1.135069e-01	4.301980e-02	7.244722e-06	-1.135041e-01	2.227445e-04	1.200996e-04
2.106300e+03	9.034361e-02	8.114454e-02	-6.837367e-05	-9.045668e-02	1.942555e-04	8.727812e-05
2.118690e+03	5.503484e-02	1.081162e-01	-1.860000e-04	-5.498514e-02	2.023794e-04	-1.864333e-06
2.131080e+03	1.192312e-02	1.210621e-01	-1.822693e-04	-1.203489e-02	6.915770e-05	1.288209e-04
2.143470e+03	-3.343582e-02	1.172319e-01	-2.454335e-04	3.329616e-02	6.660476e-06	1.019528e-04
2.155860e+03	-7.439954e-02	9.717162e-02	-2.722451e-04	7.435132e-02	-8.255262e-05	1.141598e-04
2.168250e+03	-1.054432e-01	6.339115e-02	-1.409191e-04	1.047632e-01	-1.888522e-04	1.645292e-04
2.180640e+03	-1.215541e-01	1.971582e-02	-9.158629e-05	1.215541e-01	-2.271012e-04	2.718418e-04
2.193030e+03	-1.208107e-01	-2.769377e-02	9.191503e-06	1.205729e-01	-2.244933e-04	2.704814e-04
2.205420e+03	-1.022194e-01	-7.056689e-02	1.027207e-04	1.014502e-01	-1.994273e-04	2.278371e-04
2.217810e+03	-6.784512e-02	-1.041538e-01	1.573129e-04	6.761581e-02	-1.507998e-04	2.754382e-04
2.230200e+03	-2.312755e-02	-1.224458e-01	2.436825e-04	2.286421e-02	-4.386058e-05	2.883181e-04
2.242590e+03	2.503625e-02	-1.230570e-01	2.191478e-04	-2.539728e-02	-5.852957e-06	2.999994e-04
2.254980e+03	7.049785e-02	-1.039819e-01	2.349319e-04	-7.062081e-02	5.048929e-05	1.860992e-04
2.267370e+03	1.056853e-01	-6.876901e-02	1.957461e-04	-1.063830e-01	1.843683e-04	3.124799e-04
2.279760e+03	1.246261e-01	-2.185985e-02	1.470984e-04	-1.252929e-01	1.898451e-04	2.841800e-04
2.292150e+03	1.238226e-01	2.954768e-02	1.636217e-05	-1.248526e-01	3.246856e-04	2.429363e-04
2.304540e+03	1.027245e-01	7.672087e-02	-1.214247e-04	-1.027865e-01	3.432412e-04	3.466997e-04
2.316930e+03	6.350525e-02	1.120834e-01	-2.368649e-04	-6.389151e-02	2.235950e-04	4.309163e-04
2.329320e+03	1.274000e-02	1.288060e-01	-3.561085e-04	-1.304231e-02	1.087087e-04	3.304243e-04
2.341710e+03	-4.140433e-02	1.240873e-01	-3.681639e-04	4.099884e-02	-7.905507e-05	3.969226e-04
2.354100e+03	-8.941761e-02	9.636725e-02	-3.109185e-04	8.914085e-02	-2.343380e-04	3.866756e-04
2.366490e+03	-1.231676e-01	5.057344e-02	-1.118061e-04	1.221237e-01	-3.517894e-04	4.558054e-04
2.378880e+03	-1.337015e-01	-6.660465e-03	3.513800e-05	1.328200e-01	-3.801177e-04	4.492688e-04
2.391270e+03	-1.195707e-01	-6.424474e-02	1.583779e-04	1.186414e-01	-3.261788e-04	5.772388e-04
2.403660e+03	-7.947628e-02	-1.101886e-01	3.374808e-04	7.882527e-02	-1.796413e-04	5.897100e-04
2.416050e+03	-2.248629e-02	-1.356623e-01	2.915578e-04	2.185623e-02	-1.398945e-04	5.986252e-04
2.428440e+03	4.145853e-02	-1.328301e-01	3.558436e-04	-4.199588e-02	1.003762e-04	5.430568e-04
2.440830e+03	9.897594e-02	-9.931179e-02	2.848529e-04	-9.943137e-02	2.511592e-04	7.089919e-04
2.453220e+03	1.362384e-01	-4.162708e-02	1.650685e-04	-1.367897e-01	3.179959e-04	8.903543e-04
2.465610e+03	1.408292e-01	2.965010e-02	-2.841897e-05	-1.418292e-01	5.136818e-04	8.857354e-04
2.478000e+03	1.095123e-01	9.689061e-02	-2.847399e-04	-1.105578e-01	3.940384e-04	1.074155e-03
2.490390e+03	4.513926e-02	1.416113e-01	-4.135228e-04	-4.641643e-02	1.158416e-04	1.299724e-03
2.502780e+03	-3.653371e-02	1.464936e-01	-5.699778e-04	3.502020e-02	-6.086821e-05	1.479800e-03
2.515170e+03	-1.111659e-01	1.045308e-01	-3.585889e-04	1.099294e-01	-4.694464e-04	1.767478e-03
2.527560e+03	-1.538578e-01	1.822868e-02	-6.054318e-05	1.518578e-01	-6.004327e-04	1.996096e-03
2.539950e+03	-1.338554e-01	-7.749611e-02	3.850155e-04	1.317299e-01	-4.922565e-04	1.961421e-03
2.552340e+03	-5.499841e-02	-1.419194e-01	6.658732e-04	5.352973e-02	-1.356220e-04	1.461141e-03
2.564730e+03	5.006898e-02	-1.389979e-01	4.511815e-04	-5.058591e-02	1.717932e-04	4.736125e-04
2.577120e+03	1.264162e-01	-6.375564e-02	2.651650e-04	-1.254764e-01	5.608923e-04	-3.728809e-04
2.589510e+03	1.242883e-01	4.294171e-02	-1.543838e-04	-1.223027e-01	6.000121e-04	-1.894370e-03
2.601900e+03	4.460016e-02	1.081968e-01	-4.980663e-04	-4.122691e-02	2.855342e-04	-3.394241e-03
2.614290e+03	-4.830727e-02	8.492323e-02	-4.859066e-04	5.242909e-02	-2.282402e-04	-4.208067e-03
2.626680e+03	-7.548615e-02	4.125707e-03	-7.319440e-05	8.042269e-02	-5.490159e-04	-4.980582e-03
2.639070e+03	-2.720110e-02	-4.888765e-02	3.681179e-04	3.250155e-02	-3.428024e-04	-5.303581e-03
2.651460e+03	2.625538e-02	-3.069923e-02	4.340896e-04	-2.088487e-02	3.715455e-05	-5.278141e-03
2.663850e+03	2.349117e-02	1.347187e-02	9.241415e-05	-1.914599e-02	2.299932e-04	-4.382361e-03
2.676240e+03	-1.278635e-02	1.638816e-02	-1.145371e-04	1.617693e-02	9.652736e-05	-3.395771e-03
2.688630e+03	-2.059081e-02	-1.754783e-02	-8.634824e-07	2.259213e-02	-7.582036e-05	-1.998308e-03
2.701020e+03	1.321356e-02	-3.301865e-02	4.666298e-05	-1.302316e-02	-9.018330e-05	-1.998468e-04
2.713410e+03	4.306274e-02	-3.350346e-03	6.689848e-05	-4.516515e-02	1.041256e-04	2.082711e-03
2.725800e+03	2.715740e-02	4.273637e-02	-1.619790e-04	-3.116428e-02	1.054177e-04	3.999586e-03
2.738190e+03	-2.559015e-02	5.451624e-02	-1.902706e-04	2.087960e-02	-1.311772e-04	4.677162e-03
2.750580e+03	-6.848926e-02	1.190684e-02	7.452702e-05	6.451990e-02	-2.731098e-04	3.983241e-03
2.762970e+03	-5.274189e-02	-5.420286e-02	3.656771e-04	5.090668e-02	-1.231721e-04	1.880655e-03
2.775360e+03	1.935690e-02	-7.952651e-02	3.019175e-04	-1.856216e-02	1.230000e-04	-7.892054e-04
2.787750e+03	8.417016e-02	-3.015158e-02	1.678760e-05	-8.131138e-02	3.544417e-04	-2.895622e-03
2.800140e+03	7.526855e-02	5.663876e-02	-3.615176e-04	-7.090182e-02	2.810039e-04	-4.413529e-03
2.812530e+03	-8.218944e-03	9.394385e-02	-5.537577e-04	1.261589e-02	-4.572255e-05	-4.385445e-03
2.824920e+03	-8.589403e-02	3.768415e-02	-8.775572e-05	8.929761e-02	-4.780004e-04	-3.347173e-03
2.837310e+03	-7.972177e-02	-5.333035e-02	2.469103e-04	8.044968e-02	-3.140144e-04	-7.861630e-04
2.849700e+03	2.245148e-03	-9.504116e-02	4.118001e-04	-4.051140e-03	1.481807e-04	1.814760e-03
2.862090e+03	7.955835e-02	-4.991156e-02	1.590076e-04	-8.288819e-02	4.521838e-04	3.305432e-03
2.874480e+03	8.471796e-02	3.841619e-02	-3.315112e-04	-8.806893e-02	4.973587e-04	3.349763e-03
2.886870e+03	1.625701e-02	9.175820e-02	-5.057661e-04	-1.874900e-02	1.030635e-04	2.484738e-03
2.899260e+03	-6.365435e-02	6.485273e-02	-2.950421e-04	6.247177e-02	-3.755877e-04	1.197427e-03
2.911650e+03	-8.458049e-02	-1.453354e-02	2.065823e-04	8.447784e-02	-4.673886e-04	8.590006e-05
2.924040e+03	-3.209568e-02	-7.371215e-02	3.403754e-04	3.249244e-02	-2.499874e-04	-4.402642e-04
2.936430e+03	4.095058e-02	-5.996541e-02	3.223919e-04	-4.048505e-02	1.953033e-04	-4.209252e-04
2.948820e+03	6.314458e-02	4.105593e-03	1.716398e-06	-6.283642e-02	3.650886e-04	-3.453091e-04
2.961210e+03	2.150932e-02	4.856957e-02	-3.746953e-04	-2.084049e-02	1.667684e-04	-6.115899e-04
2.973600e+03	-2.898459e-02	3.218524e-02	-2.359628e-04	3.026338e-02	-1.761215e-04	-1.280962e-03
2.985990e+03	-3.233927e-02	-1.566723e-02	2.925152e-05	3.418744e-02	-1.932821e-04	-1.772923e-03
2.998380e+03	8.359344e-03	-3.350653e-02	1.491361e-04	-6.541122e-03	-7.596144e-05	-1.794401e-03
3.010770e+03	3.709272e-02	-1.326972e-03	8.394521e-06	-3.560057e-02	1.548599e-04	-1.503278e-03
3.023160e+03	1.628612e-02	3.819507e-02	-2.502152e-04	-1.541055e-02	1.422949e-04	-8.747566e-04
3.035550e+03	-3.094591e-02	3.428976e-02	-1.231710e-04	3.106213e-02	-1.599693e-04	-1.639900e-04
3.047940e+03	-4.911076e-02	-1.208091e-02	6.084372e-05	4.869371e-02	-1.572904e-04	4.552518e-04
3.060330e+03	-1.479424e-02	-5.124324e-02	2.017012e-04	1.392831e-02	2.715053e-05	8.997408e-04
3.072720e+03	3.793822e-02	-3.967512e-02	1.005892e-04	-3.932073e-02	2.375760e-04	1.338960e-03
3.085110e+03	5.465084e-02	1.371869e-02	-1.050126e-04	-5.600175e-02	2.243663e-04	1.387394e-03
3.097500e+03	1.580273e-02	5.660041e-02	-1.932808e-04	-1.669754e-02	-4.244130e-05	9.630335e-04
3.109890e+03	-4.224732e-02	4.367438e-02	-1.381671e-04	4.193183e-02	-2.166075e-04	2.779389e-04
3.122280e+03	-6.029450e-02	-1.635976e-02	9.617926e-05	6.086245e-02	-2.757924e-04	-5.905496e-04
3.134670e+03	-1.536643e-02	-6.305018e-02	2.569672e-04	1.657737e-02	-4.812834e-05	-1.228770e-03
3.147060e+03	4.866853e-02	-4.633629e-02	9.090935e-05	-4.705053e-02	2.518330e-04	-1.618911e-03
3.159450e+03	6.641679e-02	1.831824e-02	-1.382987e-04	-6.485707e-02	2.786714e-04	-1.562269e-03
3.171840e+03	1.893925e-02	6.672002e-02	-3.033754e-04	-1.777509e-02	-4.408312e-06	-1.158363e-03
3.184230e+03	-4.748084e-02	5.132425e-02	-1.578114e-04	4.789819e-02	-2.767242e-04	-3.215457e-04
3.196620e+03	-6.901320e-02	-1.269632e-02	1.888549e-04	6.854681e-02	-2.372885e-04	4.777593e-04
3.209010e+03	-2.713992e-02	-6.480654e-02	3.259618e-04	2.590034e-02	-4.595850e-05	1.250956e-03
3.221400e+03	3.879557e-02	-5.756523e-02	2.123808e-04	-4.043261e-02	2.609337e-04	1.597642e-03
3.233790e+03	6.766507e-02	1.382988e-03	-1.079543e-04	-6.913648e-02	2.900368e-04	1.472688e-03
3.246180e+03	3.594090e-02	5.792622e-02	-3.173120e-04	-3.681676e-02	4.258922e-05	9.393225e-04
3.258570e+03	-2.782350e-02	6.111598e-02	-1.805707e-04	2.763538e-02	-2.473221e-04	1.927882e-04
3.270960e+03	-6.449791e-02	9.541834e-03	7.495244e-05	6.499120e-02	-3.135261e-04	-5.133045e-04
3.283350e+03	-4.083979e-02	-4.802263e-02	2.797118e-04	4.182902e-02	-8.873838e-05	-9.776330e-04
3.295740e+03	1.871161e-02	-5.821386e-02	2.102699e-04	-1.751159e-02	2.349283e-04	-1.159985e-03
3.308130e+03	5.701347e-02	-1.416982e-02	-3.905190e-05	-5.601381e-02	2.476309e-04	-1.016121e-03
3.320520e+03	4.071085e-02	3.921818e-02	-2.909127e-04	-4.006669e-02	8.760255e-05	-7.210473e-04
3.332910e+03	-1.163133e-02	5.258288e-02	-2.812111e-04	1.189409e-02	-1.787442e-04	-2.850274e-04
3.345300e+03	-4.931976e-02	1.664831e-02	-9.270227e-07	4.914663e-02	-3.013204e-04	1.390714e-04
3.357690e+03	-3.622011e-02	-3.258027e-02	2.374379e-04	3.602682e-02	-1.146758e-04	3.780265e-04
3.370080e+03	6.944829e-03	-4.733883e-02	2.759367e-04	-7.533739e-03	1.209022e-04	6.023540e-04
3.382470e+03	4.245586e-02	-1.781385e-02	2.744102e-05	-4.307798e-02	2.559369e-04	5.946397e-04
3.394860e+03	3.572394e-02	2.616064e-02	-2.258448e-04	-3.612485e-02	1.983820e-04	3.704271e-04
3.407250e+03	-3.761301e-03	4.222983e-02	-2.618290e-04	3.666654e-03	-5.172456e-05	9.291907e-05
3.419640e+03	-3.671157e-02	1.739320e-02	-5.938555e-05	3.694584e-02	-2.249003e-04	-2.514115e-04
3.432030e+03	-3.171804e-02	-2.184765e-02	1.209389e-04	3.214767e-02	-1.820309e-04	-4.747264e-04
3.444420e+03	3.526864e-03	-3.643848e-02	2.008020e-04	-2.900248e-03	-1.365844e-05	-6.119286e-04
3.456810e+03	3.225236e-02	-1.389636e-02	5.384115e-05	-3.157732e-02	1.948537e-04	-6.733811e-04
3.469200e+03	2.639414e-02	2.086075e-02	-1.193604e-04	-2.590307e-02	1.674159e-04	-5.059699e-04
3.481590e+03	-5.751614e-03	3.194497e-02	-2.087581e-04	6.020662e-03	-2.834934e-05	-2.770142e-04
3.493980e+03	-2.976342e-02	9.474990e-03	-4.118597e-05	2.981852e-02	-6.849182e-05	-4.692471e-05
3.506370e+03	-2.207573e-02	-2.126793e-02	5.244590e-05	2.186225e-02	-7.490070e-05	2.409054e-04
3.518760e+03	7.873359e-03	-2.913957e-02	6.605792e-05	-8.253130e-03	-1.138680e-05	3.788651e-04
3.531150e+03	2.866950e-02	-6.905829e-03	6.602885e-05	-2.897002e-02	1.446598e-04	3.113840e-04
3.543540e+03	1.940763e-02	2.169538e-02	-6.562285e-05	-1.960691e-02	1.043378e-04	2.789620e-04
3.555930e+03	-9.448112e-03	2.686839e-02	-8.707576e-05	9.340340e-03	2.898636e-06	1.134173e-04
3.568320e+03	-2.779185e-02	4.310291e-03	4.626852e-06	2.789188e-02	-2.301150e-05	-1.492392e-04
3.580710e+03	-1.650207e-02	-2.197016e-02	3.562963e-05	1.690285e-02	-6.794206e-05	-3.639373e-04
3.593100e+03	1.174699e-02	-2.485659e-02	6.115587e-05	-1.143948e-02	3.162306e-05	-3.900831e-04
3.605490e+03	2.728700e-02	-1.468243e-03	2.182455e-06	-2.688703e-02	8.895876e-05	-4.210622e-04
3.617880e+03	1.446005e-02	2.340847e-02	-5.256472e-05	-1.413636e-02	3.635142e-05	-3.311613e-04
3.630270e+03	-1.351150e-02	2.379913e-02	-5.416826e-05	1.372153e-02	-2.019643e-05	-2.291714e-04
3.642660e+03	-2.728938e-02	-3.041896e-04	5.337352e-05	2.738292e-02	-3.898292e-05	-1.093615e-04
3.655050e+03	-1.290209e-02	-2.399442e-02	5.493607e-05	1.274108e-02	2.203941e-05	1.326398e-04
3.667440e+03	1.457371e-02	-2.292023e-02	5.866435e-05	-1.486823e-02	2.886110e-05	2.479190e-04
3.679830e+03	2.708672e-02	1.687409e-03	-3.034222e-06	-2.738446e-02	-4.020892e-06	2.886329e-04
3.692220e+03	1.159078e-02	2.449514e-02	-8.156919e-05	-1.189658e-02	1.169489e-05	2.391738e-04
3.704610e+03	-1.565078e-02	2.214229e-02	-3.296113e-05	1.563201e-02	-7.243265e-05	1.058685e-04
3.717000e+03	-2.672632e-02	-2.894890e-03	6.873957e-05	2.672309e-02	-6.553506e-05	-5.992075e-05
3.729390e+03	-1.041750e-02	-2.495118e-02	7.835025e-05	1.052954e-02	2.878842e-05	-1.409569e-04
3.741780e+03	1.682504e-02	-2.128749e-02	4.455335e-06	-1.662514e-02	1.137763e-04	-2.292813e-04
3.754170e+03	2.698370e-02	4.295338e-03	-7.204162e-05	-2.666478e-02	3.048265e-05	-2.889958e-04
3.766560e+03	9.632910e-03	2.542367e-02	-1.344019e-04	-9.429628e-03	-3.889874e-05	-1.746845e-04
3.778950e+03	-1.746865e-02	2.083245e-02	2.415583e-06	1.755604e-02	-1.054869e-04	-1.151282e-04
3.791340e+03	-2.671343e-02	-4.887246e-03	9.846741e-05	2.671343e-02	-6.237899e-05	2.820630e-06
3.803730e+03	-8.773221e-03	-2.546074e-02	1.327643e-04	8.682961e-03	5.748475e-05	9.557336e-05
3.816120e+03	1.762256e-02	-2.015214e-02	2.582026e-05	-1.784112e-02	6.865982e-05	1.915075e-04
3.828510e+03	2.591399e-02	5.556881e-03	-1.161951e-04	-2.609655e-02	8.583564e-05	1.859617e-04
3.840900e+03	7.881532e-03	2.513074e-02	-1.386769e-04	-7.962004e-03	-7.689329e-05	7.447820e-05
3.853290e+03	-1.801178e-02	1.921367e-02	-2.078134e-05	1.790983e-02	-1.238849e-04	5.532671e-05
3.865680e+03	-2.525966e-02	-6.126227e-03	9.511006e-05	2.525736e-02	-3.930839e-05	-4.208900e-05
3.878070e+03	-6.843877e-03	-2.505757e-02	7.056820e-05	6.973443e-03	6.499567e-05	-1.369142e-04
3.890460e+03	1.842794e-02	-1.822235e-02	3.611527e-05	-1.832957e-02	1.389627e-04	-1.283114e-04
3.902850e+03	2.475308e-02	6.993031e-03	-1.284088e-04	-2.457544e-02	6.486207e-06	-1.575221e-04
3.915240e+03	6.180130e-03	2.469103e-02	-1.177723e-04	-6.080440e-03	-8.208351e-05	-1.029942e-04
3.927630e+03	-1.824030e-02	1.756450e-02	-1.160764e-05	1.826700e-02	-1.279312e-04	-2.660556e-05
3.940020e+03	-2.395728e-02	-7.171823e-03	9.457531e-05	2.391812e-02	-3.960962e-05	2.413842e-05
3.952410e+03	-5.341704e-03	-2.403234e-02	9.981407e-05	5.271165e-03	8.080598e-05	4.638070e-05
3.964800e+03	1.808194e-02	-1.612088e-02	-1.555455e-05	-1.818208e-02	6.890434e-05	1.409946e-04
3.977190e+03	2.268667e-02	7.775689e-03	-1.392010e-04	-2.278667e-02	8.524879e-05	9.979766e-05
3.989580e+03	4.135203e-03	2.325459e-02	-1.255833e-04	-4.202949e-03	-9.448011e-05	7.102233e-05
4.001970e+03	-1.817285e-02	1.495236e-02	-4.081609e-05	1.808272e-02	-1.000022e-04	8.349690e-05
4.014360e+03	-2.149536e-02	-8.107303e-03	1.105552e-04	2.150057e-02	-1.080093e-04	4.897031e-06
4.026750e+03	-3.205731e-03	-2.234364e-02	1.429121e-04	3.272606e-03	5.296399e-05	-6.806557e-05
4.039140e+03	1.814136e-02	-1.244281e-02	-2.275053e-05	-1.795553e-02	1.034502e-04	-1.014926e-04
4.051530e+03	2.029467e-02	8.978018e-03	-1.055419e-04	-2.019467e-02	1.207233e-04	-9.795390e-05
4.063920e+03	2.080164e-03	2.166115e-02	-1.253560e-04	-2.017669e-03	-4.932700e-05	-6.252241e-05
4.076310e+03	-1.780196e-02	1.222617e-02	-4.856562e-05	1.780196e-02	-1.341407e-04	4.554822e-06
4.088700e+03	-1.912056e-02	-9.387700e-03	1.036906e-04	1.901696e-02	-1.112180e-04	3.219861e-05
4.101090e+03	-9.393541e-04	-2.058605e-02	1.090440e-04	9.018630e-04	1.718054e-05	3.966082e-05
4.113480e+03	1.750628e-02	-1.072420e-02	2.143690e-05	-1.750465e-02	1.136043e-04	3.072827e-05
4.125870e+03	1.750159e-02	9.960514e-03	-1.051526e-04	-1.750159e-02	5.747807e-05	2.828071e-05
4.138260e+03	-3.292262e-04	1.988208e-02	-1.262060e-04	3.404602e-04	-7.343720e-06	-1.374229e-05
4.150650e+03	-1.724779e-02	9.172195e-03	-2.874225e-06	1.723636e-02	-8.407936e-05	2.150637e-05
4.163040e+03	-1.612167e-02	-1.058720e-02	1.073603e-04	1.604487e-02	-6.618768e-05	6.211103e-06
4.175430e+03	1.511467e-03	-1.879878e-02	8.832630e-05	-1.551323e-03	4.764378e-05	3.776726e-05
4.187820e+03	1.694514e-02	-7.599376e-03	2.170672e-05	-1.694514e-02	6.452342e-05	-3.708773e-05
4.200210e+03	1.457522e-02	1.114829e-02	-5.812471e-05	-1.452055e-02	3.050807e-05	-3.852782e-05
4.212600e+03	-2.749910e-03	1.773454e-02	-9.796262e-05	2.770771e-03	5.013185e-05	-1.973310e-05
4.224990e+03	-1.657655e-02	6.096938e-03	-1.654076e-05	1.657655e-02	-8.588650e-05	2.119433e-05
4.237380e+03	-1.297449e-02	-1.152501e-02	5.849109e-05	1.298096e-02	-7.808569e-05	8.864407e-06
4.249770e+03	3.817389e-03	-1.652888e-02	6.776248e-05	-3.878501e-03	-6.046837e-06	5.960158e-05
4.262160e+03	1.606624e-02	-4.393984e-03	4.643408e-06	-1.610671e-02	7.823901e-05	4.596434e-05
4.274550e+03	1.137167e-02	1.191345e-02	-4.668650e-05	-1.144602e-02	2.075487e-05	4.687065e-05
4.286940e+03	-5.010753e-03	1.540262e-02	-8.239956e-05	5.010740e-03	3.047968e-06	2.244364e-07
4.299330e+03	-1.564282e-02	3.014308e-03	-4.069424e-06	1.559796e-02	-6.634336e-05	2.403589e-05
4.311720e+03	-9.957883e-03	-1.217529e-02	7.473947e-05	9.929297e-03	-6.222728e-05	4.010822e-05
4.324110e+03	5.954233e-03	-1.430462e-02	5.494257e-05	-6.015205e-03	-1.046580e-05	5.658763e-05
4.336500e+03	1.507774e-02	-1.654930e-03	-1.617751e-05	-1.507737e-02	7.690000e-05	-1.164823e-05
4.348890e+03	8.645637e-03	1.243401e-02	-3.606847e-05	-8.609259e-03	-2.070174e-05	-5.805591e-06
4.361280e+03	-6.728950e-03	1.334610e-02	-4.978128e-05	6.741308e-03	-7.807711e-05	-1.109336e-05
4.373670e+03	-1.479854e-02	5.151312e-04	5.563181e-05	1.479854e-02	-1.457630e-04	-5.255954e-06
4.386060e+03	-7.388708e-03	-1.243018e-02	6.612965e-05	7.387611e-03	-4.110389e-05	4.157210e-06
4.398450e+03	7.397834e-03	-1.224808e-02	4.676166e-05	-7.436067e-03	4.349693e-05	3.017963e-05
4.410840e+03	1.363034e-02	9.074422e-04	-7.169843e-06	-1.354550e-02	2.575918e-05	-2.138827e-05
4.423230e+03	6.017366e-03	1.261896e-02	-6.230735e-05	-6.047448e-03	-5.001172e-06	2.391070e-05
4.435620e+03	-7.971479e-03	1.132549e-02	-5.425302e-05	7.893354e-03	-4.775725e-05	4.545809e-05
4.448010e+03	-1.336459e-02	-1.501176e-03	2.049588e-05	1.331356e-02	-4.720540e-05	6.151310e-05
4.460400e+03	-5.073401e-03	-1.238919e-02	5.974716e-05	5.029609e-03	-2.773242e-05	4.152362e-05
4.472790e+03	8.246077e-03	-1.021762e-02	8.261363e-06	-8.287384e-03	7.036975e-06	4.592931e-05
4.485180e+03	1.273451e-02	2.407490e-03	-5.316919e-06	-1.277080e-02	1.685536e-05	4.512878e-05
4.497570e+03	4.011716e-03	1.230504e-02	-5.372239e-06	-4.043211e-03	-3.405058e-05	2.807793e-05
4.509960e+03	-8.651543e-03	9.246422e-03	4.401576e-07	8.651393e-03	-1.820453e-05	-2.126459e-06
4.522350e+03	-1.217294e-02	-3.002443e-03	2.849366e-05	1.217273e-02	-1.822822e-05	7.527691e-06
4.534740e+03	-3.148661e-03	-1.190746e-02	-2.176441e-07	3.105070e-03	2.673059e-07	3.852660e-05
4.547130e+03	8.790696e-03	-8.272347e-03	-1.297878e-05	-8.831830e-03	2.949934e-05	4.330409e-05
4.559520e+03	1.137682e-02	3.592117e-03	1.674855e-06	-1.137587e-02	-7.620518e-06	1.568529e-05
4.571910e+03	2.364103e-03	1.148791e-02	-7.474580e-06	-2.386732e-03	-5.900008e-06	2.493101e-05
4.584300e+03	-8.688862e-03	7.543324e-03	-8.844037e-06	8.672874e-03	-1.760773e-05	2.000347e-05
4.596690e+03	-1.057805e-02	-3.880592e-03	3.292092e-05	1.047168e-02	-1.253123e-06	7.070078e-05
4.609080e+03	-1.745910e-03	-1.088365e-02	1.121569e-06	1.679248e-03	2.673120e-06	6.344225e-05
4.621470e+03	8.513143e-03	-6.655275e-03	-8.628485e-06	-8.515087e-03	-2.260425e-05	5.902468e-06
4.633860e+03	9.800715e-03	4.105111e-03	-1.846887e-05	-9.903845e-03	-1.050772e-05	4.689446e-05
4.646250e+03	1.134637e-03	1.031121e-02	-1.103823e-06	-1.147382e-03	-3.151501e-05	1.224243e-05
4.658640e+03	-8.239864e-03	6.011431e-03	2.822098e-05	8.211104e-03	-1.194294e-05	2.680381e-05
4.671030e+03	-9.075593e-03	-4.116801e-03	3.017391e-05	9.052977e-03	2.882678e-05	1.876187e-05
4.683420e+03	-7.321300e-04	-9.602934e-03	9.059071e-06	7.006919e-04	1.975908e-06	3.158887e-05
4.695810e+03	7.833352e-03	-5.182007e-03	-2.914158e-05	-7.863822e-03	3.217019e-05	2.824118e-05
4.708200e+03	8.143797e-03	4.294283e-03	-2.939935e-05	-8.165121e-03	-1.316138e-05	1.860419e-05
4.720590e+03	2.694945e-04	8.965521e-03	-1.929498e-05	-2.735522e-04	-2.130388e-05	8.135169e-06
4.732980e+03	-7.556322e-03	4.595162e-03	1.500283e-05	7.536459e-03	-2.315757e-05	2.010209e-05
4.745370e+03	-7.495253e-03	-4.203735e-03	1.400745e-05	7.485680e-03	-9.064387e-07	1.058589e-05
4.757760e+03	-2.214876e-05	-8.429708e-03	1.702466e-05	-5.366389e-05	1.067849e-06	7.371978e-05
4.770150e+03	7.095551e-03	-3.996021e-03	-1.123977e-05	-7.153912e-03	8.800942e-07	4.782776e-05
4.782540e+03	6.769692e-03	4.136545e-03	-1.329872e-06	-6.811539e-03	1.000087e-05	4.048338e-05
4.794930e+03	-1.831409e-04	7.641872e-03	-1.945399e-05	1.198349e-04	-3.494292e-05	6.443951e-05
4.807320e+03	-6.565051e-03	3.499244e-03	5.904036e-06	6.537164e-03	-3.950242e-05	3.216656e-05
4.819710e+03	-6.019317e-03	-3.834160e-03	8.973151e-06	5.978904e-03	-1.537069e-05	4.169021e-05
4.832100e+03	3.918524e-04	-6.845910e-03	9.908653e-06	-4.311184e-04	-5.504521e-06	3.676091e-05
4.844490e+03	6.055083e-03	-2.888036e-03	-1.394434e-05	-6.082381e-03	-7.531751e-06	2.437695e-05
4.856880e+03	5.339889e-03	3.704152e-03	-8.847311e-07	-5.360317e-03	-2.886390e-05	2.380047e-05
4.869270e+03	-5.683169e-04	6.223664e-03	6.827004e-06	5.354675e-04	-3.039692e-05	2.834636e-05
4.881660e+03	-5.468151e-03	2.534731e-03	1.462450e-05	5.437335e-03	-1.925030e-05	3.502484e-05
4.894050e+03	-4.750180e-03	-3.387228e-03	2.824303e-05	4.703517e-03	6.890427e-06	4.626126e-05
4.906440e+03	5.859702e-04	-5.474578e-03	9.328771e-06	-6.418838e-04	1.491307e-05	5.607691e-05
4.918830e+03	4.920775e-03	-2.095725e-03	-1.919951e-05	-4.939822e-03	-1.482479e-05	2.869625e-05
4.931220e+03	4.095547e-03	3.096025e-03	-8.088036e-06	-4.116909e-03	-4.317780e-05	1.636166e-05
4.943610e+03	-6.684227e-04	4.886351e-03	1.148212e-05	6.749899e-04	-4.800686e-05	-6.213750e-06
4.956000e+03	-4.404011e-03	1.808828e-03	3.978384e-05	4.396270e-03	-9.033230e-06	6.826078e-06
4.968390e+03	-3.496832e-03	-2.748006e-03	2.468829e-05	3.490491e-03	6.469960e-06	1.449980e-05
4.980780e+03	7.106718e-04	-4.143180e-03	2.116683e-06	-7.744126e-04	1.112226e-05	5.753424e-05
