1.523970e+03	-3.209828e-02	-9.497370e-02	-6.502218e-05	3.194535e-02	-1.091662e-04	1.824915e-04
1.536360e+03	-6.623351e-03	-9.909549e-02	2.037986e-06	6.656534e-03	6.291977e-06	-3.154219e-05
1.548750e+03	1.976421e-02	-9.712018e-02	-2.494121e-06	-1.966259e-02	-2.087248e-05	-1.054371e-04
1.561140e+03	4.454710e-02	-8.841849e-02	-3.808810e-05	-4.443274e-02	-8.659315e-05	-1.010994e-04
1.573530e+03	6.621603e-02	-7.387680e-02	2.625355e-05	-6.634199e-02	-3.854647e-05	1.085660e-04
1.585920e+03	8.341263e-02	-5.382713e-02	-1.139313e-05	-8.360637e-02	-8.157455e-05	2.176692e-04
1.598310e+03	9.475024e-02	-2.992796e-02	3.687855e-05	-9.511212e-02	1.096982e-05	3.807047e-04
1.610700e+03	9.907648e-02	-3.562448e-03	3.894259e-05	-9.947663e-02	-6.092405e-06	4.213292e-04
1.623090e+03	9.629132e-02	2.302834e-02	1.396839e-05	-9.660786e-02	8.668118e-06	3.567915e-04
1.635480e+03	8.656576e-02	4.713882e-02	3.451684e-05	-8.676506e-02	-1.810452e-06	1.802148e-04
1.647870e+03	7.103269e-02	6.820407e-02	1.699980e-05	-7.125052e-02	4.876251e-05	2.019521e-04
1.660260e+03	5.063602e-02	8.455118e-02	-6.544395e-05	-5.102540e-02	1.207721e-04	3.795487e-04
1.672650e+03	2.644901e-02	9.518834e-02	1.056557e-05	-2.689855e-02	-8.274985e-07	4.871816e-04
1.685040e+03	3.780832e-04	9.867132e-02	-7.739578e-06	-8.886406e-04	2.968289e-06	5.050709e-04
1.697430e+03	-2.550654e-02	9.534451e-02	-8.355159e-05	2.509379e-02	6.844697e-05	4.054094e-04
1.709820e+03	-4.990236e-02	8.534264e-02	6.879747e-06	4.949581e-02	-1.143963e-05	3.833575e-04
1.722210e+03	-7.077293e-02	6.914543e-02	-3.604467e-05	7.046536e-02	-1.542105e-05	3.296966e-04
1.734600e+03	-8.675415e-02	4.796594e-02	3.309495e-05	8.644846e-02	-1.022893e-05	3.865152e-04
1.746990e+03	-9.668725e-02	2.335692e-02	6.615798e-06	9.629517e-02	-1.138746e-05	4.069344e-04
1.759380e+03	-9.997065e-02	-3.675698e-03	-3.538831e-05	9.947101e-02	-2.467253e-05	5.284294e-04
1.771770e+03	-9.551489e-02	-3.057400e-02	-3.573778e-05	9.486034e-02	-9.953237e-06	6.373955e-04
1.784160e+03	-8.362816e-02	-5.521995e-02	4.432664e-05	8.318177e-02	1.641280e-06	4.867907e-04
1.796550e+03	-6.563203e-02	-7.569477e-02	-2.767828e-05	6.523203e-02	-1.155020e-05	4.243585e-04
1.808940e+03	-4.259274e-02	-9.078773e-02	-5.808348e-05	4.219274e-02	-3.773032e-05	3.343489e-04
1.821330e+03	-1.635830e-02	-9.894754e-02	2.238939e-05	1.598378e-02	1.501382e-05	3.194628e-04
1.833720e+03	1.143208e-02	-9.999972e-02	-2.319779e-05	-1.193227e-02	-3.130828e-05	4.879873e-04
1.846110e+03	3.880674e-02	-9.372462e-02	4.239263e-06	-3.928073e-02	-1.154984e-05	4.903560e-04
1.858500e+03	6.385318e-02	-7.934280e-02	7.069584e-06	-6.425434e-02	-9.097726e-07	4.269936e-04
1.870890e+03	8.385333e-02	-5.852832e-02	2.289211e-05	-8.405495e-02	-2.722072e-05	2.636948e-04
1.883280e+03	9.760897e-02	-3.266714e-02	1.140267e-05	-9.795134e-02	-4.806270e-05	3.216100e-04
1.895670e+03	1.030000e-01	-3.347832e-03	3.909506e-05	-1.030000e-01	5.384568e-05	1.993399e-04
1.908060e+03	1.002682e-01	2.662705e-02	1.525830e-05	-1.002656e-01	4.138285e-05	2.579908e-04
1.920450e+03	8.881975e-02	5.475786e-02	2.155908e-05	-8.896496e-02	6.469588e-05	1.548776e-04
1.932840e+03	6.945448e-02	7.895299e-02	-4.746943e-05	-6.973118e-02	1.215980e-04	2.952534e-04
1.945230e+03	4.330486e-02	9.627478e-02	-7.163321e-05	-4.350196e-02	6.944216e-05	1.620596e-04
1.957620e+03	1.308853e-02	1.052719e-01	-3.461866e-05	-1.313015e-02	3.225695e-05	3.596646e-05
1.970010e+03	-1.865597e-02	1.045217e-01	-1.029496e-04	1.867959e-02	2.930921e-05	-6.912004e-05
1.982400e+03	-4.970053e-02	9.506239e-02	1.219460e-05	4.970500e-02	-5.250877e-05	-6.198012e-05
1.994790e+03	-7.669259e-02	7.606314e-02	-6.526963e-05	7.675728e-02	-3.931791e-05	-5.203549e-05
2.007180e+03	-9.696904e-02	4.925684e-02	3.727029e-05	9.700034e-02	-7.555558e-05	-8.663641e-05
2.019570e+03	-1.078489e-01	1.663726e-02	6.475243e-05	1.088952e-01	-6.474882e-05	-1.099247e-04
2.031960e+03	-1.085464e-01	-1.827181e-02	2.177573e-05	1.085464e-01	-3.035734e-05	-1.531424e-04
2.044350e+03	-9.824702e-02	-5.212694e-02	5.427516e-05	9.830826e-02	-2.945444e-05	-2.619800e-04
2.056740e+03	-7.645256e-02	-8.075698e-02	8.705427e-05	7.685207e-02	-5.140339e-06	-3.349886e-04
2.069130e+03	-4.674648e-02	-1.019289e-01	6.441147e-05	4.704207e-02	2.485653e-05	-3.218883e-04
2.081520e+03	-1.163488e-02	-1.119830e-01	-8.368954e-05	1.195138e-02	-8.355669e-05	-3.670776e-04
2.093910e+03	2.583068e-02	-1.099207e-01	1.582202e-05	-2.543140e-02	-5.519343e-05	-3.819156e-04
2.106300e+03	6.103502e-02	-9.650406e-02	5.058787e-05	-6.065467e-02	-6.607249e-06	-4.148969e-04
2.118690e+03	9.008469e-02	-7.114183e-02	5.933672e-05	-8.978919e-02	1.766869e-06	-2.863487e-04
2.131080e+03	1.093796e-01	-3.695877e-02	5.666162e-05	-1.084273e-01	7.471311e-06	-4.635228e-04
2.143470e+03	1.158151e-01	2.100052e-03	7.188559e-05	-1.149213e-01	7.136467e-05	-3.799635e-04
2.155860e+03	1.087451e-01	4.136131e-02	1.769897e-05	-1.081100e-01	1.082948e-04	-5.327556e-04
2.168250e+03	8.829377e-02	7.610186e-02	-6.133643e-05	-8.786322e-02	2.369796e-04	-4.536256e-04
2.180640e+03	5.695621e-02	1.018250e-01	-1.953149e-04	-5.645443e-02	2.576225e-04	-5.199604e-04
2.193030e+03	1.810937e-02	1.156133e-01	-8.086042e-05	-1.766214e-02	2.064411e-05	-3.995453e-04
2.205420e+03	-2.321291e-02	1.155010e-01	-1.252352e-04	2.361462e-02	-8.300153e-06	-3.480548e-04
2.217810e+03	-6.218584e-02	1.000213e-01	-2.209965e-04	6.248969e-02	1.460755e-05	-3.534408e-04
2.230200e+03	-9.317325e-02	7.208122e-02	-3.720774e-05	9.391683e-02	-1.430072e-04	-3.665684e-04
2.242590e+03	-1.129036e-01	3.451333e-02	4.312261e-05	1.136880e-01	-1.112415e-04	-3.327817e-04
2.254980e+03	-1.180000e-01	-8.195229e-03	-9.018859e-05	1.180000e-01	-1.489881e-04	-2.720605e-04
2.267370e+03	-1.078854e-01	-4.977891e-02	1.170000e-04	1.078810e-01	-9.211040e-05	-1.776220e-04
2.279760e+03	-8.303048e-02	-8.518525e-02	-2.824065e-05	8.315836e-02	-1.071185e-04	-1.568761e-04
2.292150e+03	-4.722611e-02	-1.093547e-01	9.598766e-05	4.742637e-02	-7.905715e-05	-1.797901e-04
2.304540e+03	-5.185457e-03	-1.186078e-01	7.078389e-05	5.265933e-03	-7.911307e-05	-6.384522e-05
2.316930e+03	3.773694e-02	-1.130558e-01	1.374005e-04	-3.760005e-02	-2.607102e-05	-1.085890e-04
2.329320e+03	7.605414e-02	-9.213536e-02	1.073338e-04	-7.605291e-02	-1.182076e-04	-5.478532e-05
2.341710e+03	1.047309e-01	-5.810898e-02	1.352198e-04	-1.047005e-01	3.671171e-06	-3.263264e-05
2.354100e+03	1.184163e-01	-1.664506e-02	1.660073e-04	-1.184163e-01	1.708866e-04	1.218399e-04
2.366490e+03	1.169383e-01	2.774710e-02	1.409834e-04	-1.169383e-01	1.560254e-04	2.919486e-04
2.378880e+03	9.843821e-02	6.840004e-02	5.662278e-05	-9.865930e-02	1.590604e-04	2.991668e-04
2.391270e+03	6.670769e-02	9.945782e-02	-8.961955e-05	-6.686416e-02	3.394446e-04	2.038206e-04
2.403660e+03	2.571438e-02	1.172593e-01	-1.321185e-04	-2.581485e-02	1.690672e-04	1.668587e-04
2.416050e+03	-1.914020e-02	1.181235e-01	-2.305412e-04	1.884713e-02	1.526246e-04	3.174834e-04
2.428440e+03	-6.150057e-02	1.036717e-01	-1.869002e-04	6.114265e-02	8.407594e-06	3.199060e-04
2.440830e+03	-9.574229e-02	7.361049e-02	-3.288285e-04	9.527653e-02	-3.209814e-05	3.967120e-04
2.453220e+03	-1.168543e-01	3.292607e-02	-4.453578e-04	1.167541e-01	-9.978515e-05	4.831513e-04
2.465610e+03	-1.204322e-01	-1.324856e-02	3.353304e-05	1.200983e-01	-1.885483e-04	3.780611e-04
2.478000e+03	-1.077941e-01	-5.797042e-02	1.720104e-05	1.068559e-01	-1.383467e-04	5.696533e-04
2.490390e+03	-7.765007e-02	-9.449608e-02	5.213667e-05	7.716537e-02	-1.898493e-04	4.497259e-04
2.502780e+03	-3.587901e-02	-1.169744e-01	-2.486761e-05	3.544468e-02	-2.642477e-04	4.797982e-04
2.515170e+03	1.184560e-02	-1.225954e-01	2.455006e-04	-1.232168e-02	-6.096465e-05	4.776041e-04
2.527560e+03	5.859467e-02	-1.084154e-01	2.483017e-04	-5.899301e-02	-7.989828e-05	3.805075e-04
2.539950e+03	9.696351e-02	-7.790318e-02	2.582583e-04	-9.707173e-02	-6.996594e-05	4.839484e-04
2.552340e+03	1.208294e-01	-3.340392e-02	2.227648e-04	-1.212345e-01	1.915338e-05	5.290187e-04
2.564730e+03	1.249748e-01	1.784110e-02	2.051366e-04	-1.259697e-01	2.049936e-04	6.345233e-04
2.577120e+03	1.074700e-01	6.785349e-02	1.600547e-04	-1.082029e-01	2.442890e-04	5.561450e-04
2.589510e+03	7.094497e-02	1.067170e-01	-3.550087e-06	-7.129363e-02	3.346239e-04	4.063232e-04
2.601900e+03	2.053903e-02	1.268134e-01	-2.106360e-04	-2.093510e-02	3.782158e-04	3.562794e-04
2.614290e+03	-3.529514e-02	1.253659e-01	-1.954558e-04	3.481637e-02	9.455515e-05	4.593467e-04
2.626680e+03	-8.658249e-02	1.002267e-01	-2.883646e-04	8.592665e-02	5.454685e-05	6.291223e-04
2.639070e+03	-1.226550e-01	5.283663e-02	-2.056710e-04	1.224430e-01	-1.272656e-04	6.116798e-04
2.651460e+03	-1.359692e-01	-7.485766e-03	-1.167038e-04	1.349686e-01	-2.171198e-04	8.982298e-04
2.663850e+03	-1.184565e-01	-6.865648e-02	-1.515510e-04	1.174565e-01	-2.902543e-04	7.418072e-04
2.676240e+03	-7.402128e-02	-1.176638e-01	4.325627e-05	7.301817e-02	-2.680409e-04	9.922036e-04
2.688630e+03	-9.740682e-03	-1.389980e-01	1.637662e-04	8.840613e-03	-2.927695e-04	8.892620e-04
2.701020e+03	5.986627e-02	-1.272015e-01	2.200978e-04	-6.086877e-02	-2.078831e-04	9.897859e-04
2.713410e+03	1.164908e-01	-8.054168e-02	3.689129e-04	-1.174908e-01	-1.271453e-05	9.964790e-04
2.725800e+03	1.410000e-01	-6.519397e-03	3.109192e-04	-1.420000e-01	2.048093e-04	7.803038e-04
2.738190e+03	1.238988e-01	7.228795e-02	1.840869e-04	-1.240156e-01	4.586888e-04	6.562259e-04
2.750580e+03	6.202889e-02	1.271671e-01	-1.658378e-04	-6.255374e-02	5.306484e-04	5.472587e-04
2.762970e+03	-2.187528e-02	1.368600e-01	-3.998776e-04	2.172701e-02	2.948179e-04	1.342339e-04
2.775360e+03	-9.479114e-02	9.461049e-02	-3.560000e-04	9.519123e-02	-2.850008e-06	-3.809912e-04
2.787750e+03	-1.247358e-01	1.569218e-02	-2.265045e-04	1.257377e-01	-3.609505e-04	-5.977109e-04
2.800140e+03	-1.006376e-01	-6.196432e-02	-2.042736e-04	1.005987e-01	-4.025434e-04	-2.360729e-04
2.812530e+03	-3.336177e-02	-9.796437e-02	2.653324e-04	3.345964e-02	-2.749692e-04	-1.703154e-04
2.824920e+03	3.598256e-02	-8.127677e-02	6.319103e-04	-3.316119e-02	-8.128289e-05	-2.752069e-03
2.837310e+03	6.105937e-02	-2.906658e-02	3.009906e-04	-5.922970e-02	1.473426e-04	-1.755450e-03
2.849700e+03	4.797029e-02	8.246601e-03	7.844167e-04	-4.517935e-02	-9.649465e-05	-2.770560e-03
2.862090e+03	2.433853e-02	1.563473e-02	2.589180e-04	-2.049155e-02	-3.500916e-04	-3.763682e-03
2.874480e+03	1.511121e-02	9.971039e-03	-7.286301e-04	-1.371480e-02	-5.045855e-06	-1.506811e-03
2.886870e+03	2.432827e-02	1.735142e-02	1.302897e-04	-2.270807e-02	1.638393e-05	-1.638183e-03
2.899260e+03	1.835181e-02	4.067354e-02	4.734300e-04	-1.596252e-02	2.343364e-05	-2.524003e-03
2.911650e+03	-1.624474e-02	4.986239e-02	-6.004633e-05	1.971550e-02	2.219769e-04	-3.394022e-03
2.924040e+03	-5.732124e-02	2.147725e-02	9.140512e-04	6.020947e-02	-2.807320e-04	-2.695140e-03
2.936430e+03	-6.127322e-02	-3.090655e-02	-4.184649e-04	6.279296e-02	-2.475627e-04	-1.615687e-03
2.948820e+03	-1.311362e-02	-6.762896e-02	-1.985196e-04	1.485101e-02	-2.640799e-04	-1.804082e-03
2.961210e+03	4.542123e-02	-5.317563e-02	1.300051e-04	-4.432418e-02	-4.340039e-05	-1.097298e-03
2.973600e+03	7.065256e-02	2.240125e-03	6.191668e-04	-7.021223e-02	1.398569e-04	-5.580491e-04
2.985990e+03	4.238899e-02	5.717382e-02	1.296701e-03	-4.348729e-02	1.147397e-05	1.148316e-03
2.998380e+03	-2.028344e-02	6.979923e-02	-3.217472e-04	1.713581e-02	1.792601e-04	3.165166e-03
3.010770e+03	-7.128086e-02	2.901795e-02	-4.863763e-04	6.734438e-02	2.814877e-05	3.869556e-03
3.023160e+03	-6.837180e-02	-3.716087e-02	1.918772e-04	6.538217e-02	-3.334706e-04	3.041724e-03
3.035550e+03	-1.322840e-02	-7.911341e-02	-5.907259e-05	1.181491e-02	-2.852197e-04	1.387300e-03
3.047940e+03	5.481126e-02	-5.341654e-02	-1.199524e-05	-5.568597e-02	-1.072214e-04	7.293210e-04
3.060330e+03	7.585827e-02	1.391240e-02	2.604580e-04	-7.359630e-02	1.248785e-04	-2.339388e-03
3.072720e+03	2.621760e-02	6.854105e-02	-1.109518e-04	-2.309504e-02	1.923152e-04	-3.205658e-03
3.085110e+03	-4.232515e-02	5.020608e-02	8.517121e-05	4.662139e-02	-2.095244e-04	-4.395885e-03
3.097500e+03	-6.237973e-02	-1.462422e-02	-1.243366e-04	6.359326e-02	-1.912898e-04	-1.284229e-03
3.109890e+03	-7.533120e-03	-5.619634e-02	-9.147616e-05	8.716033e-03	-1.022473e-05	-1.252076e-03
3.122280e+03	4.633794e-02	-2.916623e-02	-3.492656e-04	-4.624403e-02	5.004572e-04	-1.051392e-04
3.134670e+03	4.387864e-02	2.845711e-02	3.983069e-04	-4.411697e-02	-1.117916e-05	2.315554e-04
3.147060e+03	-8.124663e-03	5.228474e-02	-8.904305e-05	8.541415e-03	-2.688108e-04	-3.809701e-04
3.159450e+03	-5.318942e-02	1.930468e-02	-3.201061e-04	5.428867e-02	7.105126e-04	-1.255007e-03
3.171840e+03	-4.855949e-02	-3.920336e-02	1.032729e-04	4.931330e-02	-4.176050e-05	-7.618891e-04
3.184230e+03	9.235181e-03	-6.376831e-02	8.655298e-04	-9.155997e-03	9.553192e-04	-1.623719e-05
3.196620e+03	6.040497e-02	-3.211016e-02	-1.152417e-04	-6.106022e-02	-1.430767e-04	8.652519e-04
3.209010e+03	6.065184e-02	3.009668e-02	6.255747e-05	-6.305857e-02	2.613455e-04	2.430000e-03
3.221400e+03	1.125512e-02	6.625007e-02	2.673958e-04	-1.398918e-02	1.573106e-05	2.701812e-03
3.233790e+03	-4.735202e-02	4.868881e-02	7.782289e-05	4.533877e-02	-8.319434e-04	2.010046e-03
3.246180e+03	-6.425232e-02	-1.180862e-02	-1.955403e-04	6.311551e-02	-1.156208e-04	1.112972e-03
3.258570e+03	-2.230921e-02	-5.795356e-02	1.465895e-04	2.257211e-02	-2.272365e-04	-1.692081e-04
3.270960e+03	3.845423e-02	-4.732021e-02	-9.216413e-05	-3.746101e-02	4.159721e-04	-9.527850e-04
3.283350e+03	5.800983e-02	8.431683e-03	-3.267849e-04	-5.678724e-02	5.554129e-04	-1.479581e-03
3.295740e+03	1.707750e-02	5.061395e-02	-2.066875e-04	-1.663280e-02	3.608576e-04	-4.981699e-04
3.308130e+03	-3.491770e-02	3.551626e-02	-6.020544e-04	3.623651e-02	3.403928e-04	-9.527367e-04
3.320520e+03	-4.301575e-02	-1.619171e-02	1.872120e-04	4.386786e-02	-5.413949e-04	-7.884336e-04
3.332910e+03	-4.494798e-03	-4.188017e-02	1.193191e-03	3.793316e-03	-4.546178e-04	7.113959e-04
3.345300e+03	3.894141e-02	-1.831230e-02	-8.571192e-05	-3.728199e-02	2.862171e-04	-1.446248e-03
3.357690e+03	3.061263e-02	2.809082e-02	1.788377e-04	-2.963682e-02	3.060842e-04	-1.009393e-03
3.370080e+03	-1.217478e-02	3.801747e-02	-5.701265e-04	1.300462e-02	6.344432e-04	-8.460676e-04
3.382470e+03	-4.018775e-02	3.718331e-03	-1.276702e-04	4.029122e-02	-1.682699e-04	-3.390415e-04
3.394860e+03	-2.331257e-02	-3.432533e-02	-1.059436e-04	2.261994e-02	-3.669327e-04	6.470418e-04
3.407250e+03	1.765885e-02	-3.487533e-02	-1.155036e-04	-1.955413e-02	-1.024342e-04	1.888095e-03
3.419640e+03	3.926361e-02	2.471958e-03	5.886370e-04	-4.140561e-02	-2.339539e-04	2.056786e-03
3.432030e+03	1.847328e-02	3.590301e-02	-3.318423e-04	-1.838580e-02	5.825126e-04	3.914543e-05
3.444420e+03	-2.372434e-02	3.134146e-02	-1.178073e-04	2.445219e-02	6.043754e-05	-6.161650e-04
3.456810e+03	-3.948775e-02	-9.951954e-03	-8.297226e-06	4.057505e-02	-2.813032e-04	-9.669805e-04
3.469200e+03	-1.000406e-02	-4.032534e-02	1.014296e-04	9.918640e-03	-1.639733e-04	6.338331e-05
3.481590e+03	3.137769e-02	-2.390485e-02	1.239292e-04	-3.259910e-02	2.478845e-04	1.331473e-03
3.493980e+03	3.727727e-02	1.864397e-02	9.776116e-05	-3.685055e-02	2.987207e-04	-4.167713e-04
3.506370e+03	2.367506e-03	4.156700e-02	2.293197e-04	-9.207138e-04	7.768138e-06	-1.528530e-03
3.518760e+03	-3.990333e-02	1.819344e-02	-2.653725e-04	4.067051e-02	-1.027950e-04	-8.028075e-04
3.531150e+03	-3.310465e-02	-2.853839e-02	4.085803e-05	3.446914e-02	-5.583588e-05	-1.241681e-03
3.543540e+03	9.057592e-03	-4.438905e-02	-1.901727e-04	-8.120720e-03	-8.657304e-05	-9.344372e-04
3.555930e+03	4.300821e-02	-1.209268e-02	1.727969e-04	-4.337963e-02	-1.264328e-04	3.571462e-04
3.568320e+03	3.286054e-02	3.223948e-02	2.816724e-05	-3.260223e-02	5.772686e-04	-2.777369e-04
3.580710e+03	-1.103506e-02	4.453705e-02	8.177978e-05	1.171811e-02	-4.468263e-05	-6.148958e-04
3.593100e+03	-4.600575e-02	1.224632e-02	-3.984564e-05	4.616559e-02	-1.931232e-04	-1.655218e-04
3.605490e+03	-3.480241e-02	-3.285781e-02	1.791734e-04	3.449708e-02	-4.949412e-04	2.624126e-04
3.617880e+03	1.093002e-02	-4.550380e-02	1.757938e-04	-1.179996e-02	-2.910404e-04	8.557368e-04
3.630270e+03	4.639959e-02	-1.345999e-02	8.703780e-04	-4.595670e-02	2.541087e-06	-4.975562e-04
3.642660e+03	3.480015e-02	3.346802e-02	9.200657e-05	-3.411346e-02	1.368883e-04	-5.467254e-04
3.655050e+03	-1.341927e-02	4.634946e-02	2.101489e-04	1.384236e-02	-1.141920e-04	-4.032602e-04
3.667440e+03	-4.556584e-02	9.788640e-03	-3.494119e-04	4.671055e-02	-7.350297e-05	-1.137125e-03
3.679830e+03	-3.198542e-02	-3.517782e-02	-1.292846e-04	3.228997e-02	-2.827930e-04	-3.793346e-04
3.692220e+03	1.898913e-02	-4.281287e-02	-2.721786e-04	-1.814777e-02	3.811934e-05	-8.375636e-04
3.704610e+03	4.417274e-02	-7.697278e-03	1.326319e-04	-4.416682e-02	-2.000365e-04	6.508572e-05
3.717000e+03	2.658867e-02	3.692385e-02	-7.025271e-04	-2.708896e-02	7.328211e-04	4.908742e-04
3.729390e+03	-1.776533e-02	4.179248e-02	-4.546044e-04	1.776392e-02	2.662403e-04	-6.526251e-05
3.741780e+03	-4.209754e-02	4.924849e-03	-9.777709e-05	4.242778e-02	-1.972576e-04	-3.759242e-04
3.754170e+03	-2.714812e-02	-3.435056e-02	-3.306822e-04	2.623186e-02	-4.583961e-05	8.488270e-04
3.766560e+03	1.677157e-02	-4.046095e-02	8.359432e-05	-1.717981e-02	-9.608952e-06	3.413508e-04
3.778950e+03	4.346519e-02	-4.046199e-03	3.843360e-06	-4.402670e-02	2.054315e-04	5.489420e-04
3.791340e+03	2.459597e-02	3.439723e-02	4.113419e-06	-2.455900e-02	2.399354e-04	2.193216e-05
3.803730e+03	-1.711803e-02	3.739352e-02	-2.307899e-04	1.773546e-02	1.213290e-05	-6.718595e-04
3.816120e+03	-3.955553e-02	1.926633e-03	-4.575431e-05	4.075193e-02	-4.543555e-04	-9.790929e-04
3.828510e+03	-2.024832e-02	-3.348422e-02	-2.965945e-04	2.083768e-02	-1.166038e-03	-6.167132e-04
3.840900e+03	1.882885e-02	-3.272295e-02	4.798493e-04	-1.946259e-02	-4.172016e-04	6.287382e-04
3.853290e+03	3.869144e-02	1.292503e-03	3.660928e-04	-3.838697e-02	-2.227178e-06	-3.244725e-04
3.865680e+03	1.759333e-02	3.416180e-02	2.072211e-05	-1.657844e-02	2.167450e-04	-1.014554e-03
3.878070e+03	-2.372348e-02	3.018747e-02	1.734919e-04	2.384399e-02	-2.357764e-04	-1.345042e-04
3.890460e+03	-3.585438e-02	-6.550673e-03	6.716190e-05	3.626172e-02	-1.619949e-04	-3.122947e-04
3.902850e+03	-1.142765e-02	-3.454805e-02	1.718915e-04	1.089814e-02	-3.539467e-04	5.097223e-04
3.915240e+03	2.538870e-02	-2.713664e-02	6.333398e-05	-2.500752e-02	3.911735e-05	-3.546807e-04
3.927630e+03	3.445323e-02	1.039029e-02	-2.394006e-04	-3.428673e-02	4.183039e-04	-4.995965e-05
3.940020e+03	7.088506e-03	3.498091e-02	-2.930283e-04	-7.606251e-03	3.519691e-06	4.685663e-04
3.952410e+03	-2.804458e-02	2.157938e-02	-5.071759e-04	2.834273e-02	-7.522410e-05	-2.754671e-04
3.964800e+03	-3.255251e-02	-1.335859e-02	1.577909e-04	3.246433e-02	-3.727270e-04	1.433357e-04
3.977190e+03	-3.113659e-03	-3.317342e-02	2.803394e-05	2.539453e-03	-1.014229e-04	5.729900e-04
3.989580e+03	2.743364e-02	-1.596670e-02	-4.618322e-04	-2.860559e-02	4.083414e-04	1.198168e-03
4.001970e+03	2.824465e-02	1.759539e-02	6.624965e-05	-2.818284e-02	1.563190e-04	-1.578216e-04
4.014360e+03	-3.314413e-03	3.189903e-02	1.775945e-04	4.148840e-03	-4.356028e-05	-8.386285e-04
4.026750e+03	-3.057964e-02	1.045496e-02	-5.190108e-04	3.119686e-02	-1.994343e-05	-5.907849e-04
4.039140e+03	-2.402919e-02	-2.203859e-02	3.157586e-04	2.358723e-02	-3.250796e-04	3.826026e-04
4.051530e+03	9.683843e-03	-3.084464e-02	2.123302e-04	-1.053052e-02	-5.259453e-04	7.845762e-04
4.063920e+03	3.299881e-02	-5.155467e-03	-4.985359e-04	-3.259757e-02	4.427923e-04	-4.643864e-04
4.076310e+03	1.863904e-02	2.795522e-02	2.156091e-04	-1.869127e-02	-1.135940e-04	2.122981e-05
4.088700e+03	-1.602128e-02	2.962264e-02	7.555207e-05	1.602762e-02	-8.005205e-05	1.061488e-05
4.101090e+03	-3.300806e-02	-1.803497e-03	1.229808e-04	3.347521e-02	-1.827444e-04	-4.514226e-04
4.113480e+03	-1.536036e-02	-2.983488e-02	6.713575e-04	1.456342e-02	-7.094522e-04	7.488440e-04
4.125870e+03	2.023814e-02	-2.626469e-02	-9.680733e-05	-2.136798e-02	2.065840e-04	1.251652e-03
4.138260e+03	3.285236e-02	6.114485e-03	4.190812e-04	-3.327366e-02	-1.849787e-04	4.361495e-04
4.150650e+03	9.787201e-03	3.191115e-02	5.885478e-05	-1.008377e-02	-6.734866e-05	2.948942e-04
4.163040e+03	-2.480031e-02	2.321610e-02	-2.114331e-04	2.468641e-02	8.374662e-05	1.286044e-05
4.175430e+03	-3.373188e-02	-1.119812e-02	-1.557605e-04	3.322346e-02	-1.414790e-04	5.352431e-04
4.187820e+03	-4.652212e-03	-3.385969e-02	2.732876e-04	4.207790e-03	-3.636696e-04	4.629065e-04
4.200210e+03	2.836244e-02	-1.930343e-02	2.710104e-04	-2.819067e-02	5.079938e-07	-1.702292e-04
4.212600e+03	2.987608e-02	1.746571e-02	2.726321e-04	-2.949987e-02	-6.801930e-05	-2.240812e-04
4.224990e+03	-1.500673e-03	3.382064e-02	5.672894e-05	2.210479e-03	-5.416121e-05	-6.881393e-04
4.237380e+03	-3.111048e-02	1.347777e-02	-5.398882e-04	3.180699e-02	3.997227e-04	-5.658935e-04
4.249770e+03	-2.690851e-02	-2.134758e-02	-2.443203e-04	2.672813e-02	1.141604e-05	2.402614e-04
4.262160e+03	9.157720e-03	-3.005474e-02	-3.342673e-05	-9.664873e-03	5.817951e-05	4.750603e-04
4.274550e+03	3.278142e-02	-8.905232e-03	2.460949e-04	-3.278153e-02	-3.016368e-05	-7.152431e-05
4.286940e+03	2.268463e-02	2.536802e-02	9.773887e-05	-2.319420e-02	1.182917e-05	3.742338e-04
4.299330e+03	-1.262856e-02	3.048915e-02	-1.566233e-04	1.291527e-02	6.808566e-05	-3.102151e-04
4.311720e+03	-3.170651e-02	2.946321e-03	-3.827602e-04	3.162042e-02	2.022423e-04	7.782758e-05
4.324110e+03	-1.710361e-02	-2.754098e-02	-1.572602e-04	1.652816e-02	5.986183e-05	5.549965e-04
4.336500e+03	1.640243e-02	-2.814876e-02	3.823216e-05	-1.639057e-02	-2.781598e-05	-3.288028e-05
4.348890e+03	3.200812e-02	2.073850e-03	-4.625406e-05	-3.172776e-02	2.009013e-04	-4.097179e-04
4.361280e+03	1.190109e-02	3.000443e-02	-3.662499e-04	-1.191360e-02	4.637601e-04	-1.139816e-05
4.373670e+03	-2.076006e-02	2.353454e-02	8.784287e-06	2.078621e-02	-3.595308e-04	-2.384643e-05
4.386060e+03	-3.120605e-02	-8.514463e-03	-3.714484e-04	3.141138e-02	1.139252e-04	-1.652264e-04
4.398450e+03	-5.487777e-03	-3.038351e-02	-9.620140e-05	4.740004e-03	-1.342218e-04	7.274210e-04
4.410840e+03	2.430618e-02	-1.927646e-02	-3.373428e-05	-2.414812e-02	1.145019e-04	-1.577012e-04
4.423230e+03	2.781693e-02	1.367871e-02	-2.222080e-04	-2.758161e-02	4.184116e-04	-3.158919e-04
4.435620e+03	-6.245375e-04	3.023897e-02	-1.559077e-04	1.095704e-03	1.176176e-04	-4.570813e-04
4.448010e+03	-2.799689e-02	1.261171e-02	-1.160146e-04	2.773075e-02	-2.599866e-04	1.910218e-04
4.460400e+03	-2.334674e-02	-1.847147e-02	1.693449e-04	2.255427e-02	-5.176357e-04	7.551546e-04
4.472790e+03	6.494960e-03	-2.994664e-02	-7.285437e-05	-6.284074e-03	1.785658e-04	-1.314240e-04
4.485180e+03	2.936053e-02	-7.755643e-03	2.696805e-04	-2.942789e-02	-4.807240e-04	2.356661e-05
4.497570e+03	2.042609e-02	2.264163e-02	8.490547e-06	-1.995306e-02	9.393890e-04	-5.683203e-04
4.509960e+03	-1.148768e-02	2.842598e-02	8.494201e-05	1.131937e-02	-3.219181e-04	1.820037e-04
4.522350e+03	-2.954703e-02	1.197859e-03	3.089147e-05	2.968607e-02	-1.976526e-04	-1.767360e-04
4.534740e+03	-1.352351e-02	-2.695325e-02	-2.886795e-04	1.383007e-02	1.548459e-04	-2.384948e-04
4.547130e+03	1.700411e-02	-2.404127e-02	-5.760220e-06	-1.731572e-02	-1.750833e-04	3.450628e-04
4.559520e+03	2.939951e-02	4.118246e-03	6.537674e-04	-2.879968e-02	-6.636415e-04	-6.367298e-04
4.571910e+03	7.681527e-03	2.838057e-02	-1.539685e-04	-7.650189e-03	9.240885e-05	-3.811050e-05
4.584300e+03	-2.279101e-02	1.983882e-02	-5.190028e-04	2.270301e-02	2.641639e-04	1.148057e-04
4.596690e+03	-2.729980e-02	-1.110599e-02	3.487567e-04	2.721276e-02	-6.755254e-04	1.164016e-04
4.609080e+03	-1.803781e-03	-3.064538e-02	3.318512e-04	2.558816e-03	-1.597859e-04	-7.600780e-04
4.621470e+03	2.557571e-02	-1.482100e-02	1.919218e-04	-2.527289e-02	-4.614022e-05	-1.690497e-04
4.633860e+03	2.353758e-02	1.537925e-02	1.033660e-05	-2.306978e-02	-1.711290e-06	-5.958928e-04
4.646250e+03	-3.748496e-03	2.791468e-02	-1.518228e-05	4.097542e-03	-1.880993e-04	-3.063678e-04
4.658640e+03	-2.744980e-02	8.577730e-03	-1.177368e-04	2.749813e-02	4.510669e-05	-5.276572e-06
4.671030e+03	-2.022504e-02	-1.960788e-02	-3.017695e-04	1.949277e-02	4.193989e-04	6.071547e-04
4.683420e+03	8.791127e-03	-2.564910e-02	2.679473e-04	-8.798944e-03	-3.979336e-04	-3.131125e-05
4.695810e+03	2.728344e-02	-3.196085e-03	-2.634694e-06	-2.728651e-02	-2.478661e-04	-4.162689e-05
4.708200e+03	1.480337e-02	2.360914e-02	2.457013e-04	-1.459757e-02	-3.181573e-04	-2.563990e-04
4.720590e+03	-1.474346e-02	2.275972e-02	9.097980e-05	1.466031e-02	-3.258506e-04	4.470089e-05
4.732980e+03	-2.678500e-02	-3.886738e-03	-4.058498e-05	2.656321e-02	-1.651725e-04	5.974762e-05
4.745370e+03	-7.824273e-03	-2.688544e-02	-1.748969e-04	8.035474e-03	2.267950e-04	-2.228022e-04
4.757760e+03	2.057703e-02	-1.887333e-02	-1.111225e-04	-2.045954e-02	5.315308e-04	1.612819e-04
4.770150e+03	2.589766e-02	8.531001e-03	-4.508341e-04	-2.578184e-02	8.823616e-05	-1.391675e-04
4.782540e+03	2.554558e-03	2.616694e-02	-5.579280e-05	-2.689662e-03	-3.880860e-04	1.293728e-04
4.794930e+03	-2.313632e-02	1.482974e-02	1.657201e-04	2.201789e-02	-5.382436e-04	8.451965e-04
4.807320e+03	-2.232665e-02	-1.419721e-02	-3.759014e-04	2.220187e-02	4.696296e-04	9.122149e-05
4.819710e+03	3.336663e-03	-2.522250e-02	1.833806e-04	-3.532077e-03	-2.845786e-04	1.946069e-04
4.832100e+03	2.410556e-02	-7.165309e-03	4.264641e-05	-2.427946e-02	8.322769e-05	1.885612e-04
4.844490e+03	1.815966e-02	1.948362e-02	-5.537688e-04	-1.847018e-02	3.203876e-04	2.150400e-04
4.856880e+03	-9.125766e-03	2.256361e-02	-2.669271e-04	9.132941e-03	-1.101774e-04	-5.975730e-06
4.869270e+03	-2.501054e-02	1.567559e-03	3.551383e-05	2.515171e-02	-4.120242e-04	-1.127537e-04
4.881660e+03	-1.270699e-02	-2.234634e-02	5.018319e-04	1.260544e-02	-1.035986e-03	2.803854e-05
4.894050e+03	1.554596e-02	-2.144429e-02	5.152411e-05	-1.581137e-02	9.103692e-05	3.263025e-04
4.906440e+03	2.509400e-02	3.768441e-03	1.171038e-04	-2.538811e-02	-4.326811e-04	2.003472e-04
4.918830e+03	7.310820e-03	2.368874e-02	-4.264993e-05	-7.529914e-03	2.368930e-04	1.932268e-04
4.931220e+03	-1.899699e-02	1.642926e-02	-2.348587e-04	1.914128e-02	1.288736e-04	-5.959893e-05
4.943610e+03	-2.257251e-02	-1.004234e-02	4.570109e-05	2.268735e-02	-1.268475e-04	-1.092969e-04
4.956000e+03	-1.555067e-03	-2.299624e-02	-3.909513e-04	1.439175e-03	6.134349e-04	1.130904e-04
4.968390e+03	2.207198e-02	-1.197719e-02	1.468373e-05	-2.180024e-02	3.232856e-04	-3.582185e-04
4.980780e+03	1.950086e-02	1.466887e-02	-7.737782e-05	-2.009515e-02	-2.707077e-04	5.586109e-04
4.993170e+03	-5.955760e-03	2.270608e-02	-6.725913e-04	6.277680e-03	7.028690e-04	-2.288927e-04
5.005560e+03	-2.280401e-02	2.880480e-03	-2.045699e-05	2.379974e-02	-1.808283e-04	-9.913941e-04
5.017950e+03	-1.349640e-02	-1.852579e-02	-2.036593e-04	1.297342e-02	-1.406026e-04	4.667967e-04
5.030340e+03	9.972406e-03	-1.955037e-02	4.318463e-04	-1.011151e-02	-8.074589e-04	1.726982e-04
5.042730e+03	2.231342e-02	9.536580e-04	1.432225e-04	-2.227221e-02	-2.115483e-04	6.960232e-05
5.055120e+03	8.071207e-03	2.040426e-02	-2.807154e-04	-7.398891e-03	-4.195458e-05	-6.766360e-04
5.067510e+03	-1.504510e-02	1.643631e-02	1.209464e-04	1.517426e-02	-7.286468e-04	-1.306053e-04
5.079900e+03	-2.167980e-02	-6.891539e-03	-7.664064e-05	2.227520e-02	-2.337967e-05	-5.340769e-04
5.092290e+03	-3.342611e-03	-2.076643e-02	-9.781261e-05	3.072585e-03	2.392691e-04	2.525754e-04
5.104680e+03	1.814990e-02	-1.253569e-02	3.870094e-05	-1.785260e-02	-1.173393e-04	-3.468414e-04
5.117070e+03	1.940478e-02	1.155112e-02	-3.545396e-05	-1.981059e-02	2.370436e-04	3.419782e-04
5.129460e+03	-2.854708e-03	2.189784e-02	6.804780e-06	2.603336e-03	-1.618251e-04	2.347114e-04
5.141850e+03	-2.087573e-02	5.936909e-03	-1.592481e-04	2.117542e-02	5.959466e-05	-5.710726e-04
5.154240e+03	-1.416711e-02	-1.583425e-02	-1.799992e-04	1.397125e-02	-3.710541e-05	1.785585e-04
5.166630e+03	7.493935e-03	-2.042713e-02	1.532709e-04	-6.791926e-03	-1.424621e-04	-6.850794e-04
5.179020e+03	2.139938e-02	-8.555247e-04	-1.437589e-04	-2.189912e-02	2.765455e-04	4.616758e-04
5.191410e+03	1.001623e-02	1.861216e-02	9.631616e-05	-1.047391e-02	2.460261e-04	3.700695e-04
5.203800e+03	-1.275253e-02	1.655582e-02	-5.178997e-04	1.295643e-02	7.238110e-04	-1.491290e-04
5.216190e+03	-1.966133e-02	-4.312978e-03	1.231366e-05	1.977621e-02	-3.555882e-04	1.016903e-04
5.228580e+03	-4.188544e-03	-2.039675e-02	9.576315e-05	4.146452e-03	-1.195138e-04	4.254710e-05
5.240970e+03	1.630638e-02	-1.232600e-02	-1.667844e-04	-1.623423e-02	6.500993e-04	-3.246166e-05
5.253360e+03	1.785921e-02	9.801194e-03	1.795035e-06	-1.836480e-02	1.561051e-04	3.684540e-04
5.265750e+03	-1.599741e-03	1.938753e-02	-1.042824e-04	1.998768e-03	2.852518e-04	-4.045570e-04
5.278140e+03	-1.829489e-02	7.421938e-03	-6.051974e-05	1.832828e-02	4.205824e-05	-2.115477e-05
5.290530e+03	-1.442036e-02	-1.372049e-02	4.051609e-05	1.460119e-02	-1.186897e-05	-2.540505e-04
5.302920e+03	6.030117e-03	-1.821841e-02	-8.833837e-05	-6.023747e-03	3.983291e-04	8.791293e-05
5.315310e+03	1.830399e-02	-1.032931e-03	1.569235e-04	-1.866718e-02	-7.694664e-04	4.366041e-04
5.327700e+03	9.762318e-03	1.567069e-02	-2.055758e-04	-9.742605e-03	3.417821e-04	-1.211874e-06
5.340090e+03	-1.068185e-02	1.495710e-02	1.133097e-05	1.126328e-02	-1.339964e-04	-5.935767e-04
5.352480e+03	-1.721141e-02	-3.040459e-03	-9.526921e-05	1.723234e-02	9.170037e-06	-8.792111e-06
5.364870e+03	-4.695902e-03	-1.715742e-02	-2.284190e-04	4.626447e-03	6.636221e-04	6.000168e-05
5.377260e+03	1.313221e-02	-1.146151e-02	1.670214e-05	-1.305552e-02	9.389578e-05	-7.816707e-05
5.389650e+03	1.624990e-02	6.427227e-03	-2.147248e-05	-1.609787e-02	2.791991e-06	-1.793728e-04
5.402040e+03	-3.765728e-04	1.709278e-02	-1.743220e-04	3.182803e-04	1.954704e-04	2.525530e-05
5.414430e+03	-1.509581e-02	6.109055e-03	-4.962544e-05	1.506548e-02	-1.918246e-04	-2.625762e-05
5.426820e+03	-1.236493e-02	-1.049799e-02	2.003564e-04	1.216850e-02	-8.680049e-04	2.358822e-04
5.439210e+03	4.012349e-03	-1.554450e-02	1.401454e-04	-3.992747e-03	-3.198938e-04	2.589366e-05
5.451600e+03	1.651261e-02	-2.784156e-03	5.291774e-05	-1.659499e-02	2.322522e-04	4.957841e-05
5.463990e+03	9.188062e-03	1.295977e-02	-8.779629e-05	-9.633820e-03	2.507587e-04	2.897777e-04
5.476380e+03	-8.337105e-03	1.260785e-02	3.885229e-04	8.589575e-03	7.305329e-04	-2.601235e-04
5.488770e+03	-1.490702e-02	-2.168111e-03	-1.024520e-04	1.476489e-02	-2.164017e-05	1.606689e-04
5.501160e+03	-3.682092e-03	-1.511877e-02	-4.992510e-05	2.898511e-03	-7.808871e-05	6.943165e-04
5.513550e+03	1.184051e-02	-9.278376e-03	-6.776676e-05	-1.213570e-02	4.215403e-04	2.850005e-04
5.525940e+03	1.290975e-02	6.711233e-03	3.070673e-06	-1.270074e-02	-1.017136e-04	-2.137376e-04
5.538330e+03	-8.500629e-04	1.432037e-02	-4.897554e-05	8.931719e-04	-2.348566e-04	-5.006942e-05
5.550720e+03	-1.312500e-02	3.850389e-03	-3.149622e-05	1.318371e-02	3.721765e-04	-4.370353e-05
5.563110e+03	-1.018701e-02	-1.004963e-02	1.917211e-04	1.001241e-02	-4.509331e-04	1.320514e-04
5.575500e+03	4.674379e-03	-1.309386e-02	4.189129e-05	-4.516534e-03	-5.120032e-05	-1.394025e-04
5.587890e+03	1.412287e-02	-1.473325e-03	4.690436e-05	-1.402046e-02	1.715602e-04	-7.668057e-05
5.600280e+03	6.335457e-03	1.276152e-02	-1.239869e-04	-6.272132e-03	5.345463e-04	-7.797993e-05
5.612670e+03	-8.681483e-03	1.169259e-02	-4.018857e-05	8.826107e-03	-3.848631e-05	-8.079489e-05
5.625060e+03	-1.283400e-02	-3.390636e-03	2.103500e-04	1.266030e-02	-1.560044e-03	1.735174e-04
5.637450e+03	-2.684681e-03	-1.356438e-02	1.627563e-04	3.062718e-03	-5.483247e-04	-3.680078e-04
5.649840e+03	1.115846e-02	-8.404042e-03	1.945522e-04	-1.085008e-02	9.639417e-05	-2.997360e-04
5.662230e+03	1.116638e-02	7.211675e-03	4.675063e-05	-1.073700e-02	2.407781e-05	-2.984370e-04
5.674620e+03	-2.138421e-03	1.468711e-02	1.215943e-04	1.872777e-03	-4.487615e-05	2.497960e-04
5.687010e+03	-1.265352e-02	3.373593e-03	7.249204e-05	1.250507e-02	-1.542812e-04	4.290411e-06
5.699400e+03	-8.624889e-03	-1.080302e-02	5.569954e-05	8.595172e-03	-3.239981e-04	3.053072e-05
5.711790e+03	6.181733e-03	-1.270980e-02	1.868333e-05	-6.642594e-03	1.477898e-04	2.633288e-04
5.724180e+03	1.359250e-02	-4.610428e-04	9.951255e-05	-1.379455e-02	-3.914924e-04	2.856306e-04
5.736570e+03	5.126840e-03	1.193743e-02	2.540372e-05	-4.826371e-03	-3.344731e-04	-3.022530e-04
5.748960e+03	-8.469267e-03	9.449324e-03	-9.067750e-05	8.788027e-03	5.369107e-04	-3.004605e-04
5.761350e+03	-1.177632e-02	-4.127147e-03	-4.004524e-05	1.191397e-02	5.667547e-05	-9.457030e-05
5.773740e+03	-9.446655e-04	-1.138529e-02	-2.487879e-04	4.633038e-04	-6.118164e-06	4.836085e-04
5.786130e+03	1.069228e-02	-6.552633e-03	4.213856e-06	-1.087782e-02	2.059997e-04	1.548937e-04
5.798520e+03	9.912321e-03	6.458304e-03	8.078959e-05	-1.007679e-02	-6.648422e-05	1.632538e-04
5.810910e+03	-2.496721e-03	1.303895e-02	-8.440530e-05	2.388120e-03	4.494168e-04	9.243242e-05
5.823300e+03	-1.176904e-02	3.078078e-03	9.830422e-05	1.186807e-02	-9.792342e-04	-3.221080e-05
5.835690e+03	-7.672652e-03	-9.761061e-03	-2.846692e-07	7.856408e-03	1.024889e-04	-1.632333e-04
5.848080e+03	5.424348e-03	-1.109420e-02	5.013511e-05	-5.111478e-03	2.376998e-04	-2.304867e-04
5.860470e+03	1.152757e-02	7.858422e-04	7.033127e-05	-1.151884e-02	-6.156914e-04	-2.067656e-05
5.872860e+03	4.590890e-03	9.585671e-03	-6.172741e-06	-4.656999e-03	8.250684e-05	6.567423e-05
5.885250e+03	-8.108106e-03	7.476892e-03	-9.288777e-05	8.577828e-03	1.787672e-04	-3.895644e-04
5.897640e+03	-9.979029e-03	-4.416655e-03	1.091807e-04	9.646627e-03	-8.614843e-04	3.188284e-04
5.910030e+03	-7.046509e-04	-1.183566e-02	-6.228584e-05	1.010104e-03	6.719487e-04	-3.341744e-04
5.922420e+03	1.051618e-02	-4.803977e-03	-6.452522e-06	-1.123158e-02	3.127618e-04	6.458427e-04
5.934810e+03	8.435240e-03	7.119524e-03	-6.271402e-07	-8.419338e-03	2.153885e-05	2.126353e-05
5.947200e+03	-2.583086e-03	1.044049e-02	-5.124698e-05	2.498677e-03	2.929526e-04	1.038719e-04
5.959590e+03	-1.057916e-02	5.564011e-04	-7.364249e-05	1.091239e-02	-4.579842e-05	-3.621213e-04
5.971980e+03	-5.692554e-03	-1.019933e-02	-4.559994e-05	5.882653e-03	1.959995e-04	-1.909999e-04
5.984370e+03	5.856851e-03	-9.435002e-03	2.174250e-05	-5.926376e-03	1.108720e-04	5.808803e-05
5.996760e+03	9.756193e-03	2.456991e-03	3.661179e-05	-9.462690e-03	-2.284272e-04	-2.840452e-04
6.009150e+03	3.117681e-03	9.967190e-03	-2.494431e-05	-3.354459e-03	-3.915608e-04	2.178442e-04
6.021540e+03	-8.033491e-03	5.555555e-03	2.052951e-05	8.557404e-03	-3.914232e-05	-6.467810e-04
6.033930e+03	-9.665183e-03	-3.722118e-03	-5.696306e-05	1.020147e-02	4.253580e-06	-6.286762e-04
6.046320e+03	5.364429e-04	-9.274202e-03	1.168342e-04	-1.057829e-03	-6.456811e-04	5.094108e-04
6.058710e+03	8.922770e-03	-4.173534e-03	-2.117625e-05	-8.641453e-03	4.574273e-04	-1.952482e-04
6.071100e+03	7.320683e-03	6.803229e-03	-5.091371e-05	-7.424558e-03	9.001919e-05	1.310753e-04
6.083490e+03	-3.240625e-03	9.016663e-03	-8.707902e-05	3.184003e-03	3.728964e-04	-3.649099e-05
6.095880e+03	-9.840781e-03	2.444502e-04	-3.558615e-05	1.043947e-02	-4.416755e-04	-5.655971e-04
6.108270e+03	-4.243425e-03	-9.036701e-03	-2.491298e-05	4.162930e-03	3.861654e-04	5.071806e-05
6.120660e+03	6.111020e-03	-8.810911e-03	-2.014315e-04	-5.240966e-03	8.511161e-04	-8.625837e-04
6.133050e+03	8.916968e-03	1.584464e-03	7.151078e-05	-8.599775e-03	-9.557970e-05	-2.887969e-04
6.145440e+03	1.082758e-03	9.159739e-03	4.479775e-05	-4.888134e-04	-7.580676e-05	-4.668929e-04
6.157830e+03	-6.958345e-03	5.350860e-03	-2.495896e-04	6.626021e-03	9.104993e-04	2.303841e-04
6.170220e+03	-8.045814e-03	-4.808540e-03	-1.154307e-04	8.595415e-03	3.274988e-04	-4.742738e-04
6.182610e+03	1.219212e-03	-8.226248e-03	-1.627601e-05	-1.180539e-03	-2.497462e-04	-3.525519e-05
6.195000e+03	8.374572e-03	-2.833465e-03	4.802250e-05	-8.472634e-03	-3.945948e-04	1.668925e-04
6.207390e+03	5.039446e-03	5.573883e-03	1.052602e-04	-4.179033e-03	-4.107510e-04	-7.206283e-04
6.219780e+03	-3.681648e-03	8.004545e-03	-1.096428e-04	3.801812e-03	2.502442e-04	-9.234553e-05
6.232170e+03	-8.062409e-03	-3.795704e-04	1.090749e-04	7.523954e-03	-8.186454e-04	5.172640e-04
6.244560e+03	-2.941458e-03	-8.326077e-03	-2.680099e-04	2.710705e-03	-3.303141e-04	2.125792e-04
6.256950e+03	5.738165e-03	-6.315286e-03	-7.051102e-05	-5.744349e-03	6.326213e-04	-3.604722e-06
6.269340e+03	8.451130e-03	1.534621e-03	-6.131538e-05	-8.805253e-03	4.427672e-04	3.571228e-04
6.281730e+03	5.504315e-04	6.971025e-03	9.130420e-05	-1.276091e-04	-7.094202e-04	-4.219579e-04
6.294120e+03	-6.734324e-03	2.570955e-03	-1.283214e-04	7.128662e-03	3.849079e-04	-3.798640e-04
6.306510e+03	-5.423383e-03	-4.592213e-03	-7.164796e-05	5.318254e-03	1.768152e-04	1.547542e-04
6.318900e+03	2.153422e-03	-7.070792e-03	1.754616e-04	-2.055501e-03	-1.404332e-04	-1.141708e-04
6.331290e+03	7.666548e-03	-2.149092e-03	-7.593141e-05	-7.900617e-03	5.027867e-04	1.609799e-04
6.343680e+03	2.656828e-03	6.330673e-03	-9.590199e-05	-2.086376e-03	4.819563e-04	-4.535165e-04
6.356070e+03	-3.469308e-03	6.832523e-03	-1.082784e-04	3.129217e-03	2.605837e-04	3.211697e-04
6.368460e+03	-6.784870e-03	-3.327043e-03	1.093286e-04	7.315672e-03	-7.382110e-04	-5.240360e-04
6.380850e+03	-1.885871e-03	-7.183106e-03	8.522535e-06	2.285371e-03	1.936858e-04	-3.273221e-04
6.393240e+03	5.616668e-03	-3.856222e-03	1.356627e-04	-5.846611e-03	-4.847130e-04	2.326302e-04
6.405630e+03	6.471735e-03	1.384989e-03	-1.175976e-04	-6.279075e-03	7.037107e-04	-2.138512e-04
6.418020e+03	4.720321e-05	6.295771e-03	-6.151782e-05	-1.786306e-04	5.977851e-05	1.125771e-04
6.430410e+03	-5.913193e-03	2.771499e-03	4.482609e-04	6.002829e-03	-5.196473e-04	-1.332218e-04
6.442800e+03	-4.510924e-03	-4.915058e-03	-2.187683e-05	4.713259e-03	3.264020e-04	-2.417917e-04
6.455190e+03	3.017084e-03	-6.021748e-03	3.820651e-05	-3.354565e-03	5.131207e-05	2.809011e-04
6.467580e+03	6.374422e-03	-1.427179e-04	-4.505696e-06	-6.280438e-03	1.340602e-04	-6.995783e-05
6.479970e+03	1.654129e-03	6.081922e-03	-1.648364e-04	-1.020069e-03	7.262437e-04	-4.848778e-04
6.492360e+03	-3.901331e-03	3.970652e-03	-1.662112e-04	4.056787e-03	8.190696e-04	-1.562510e-04
6.504750e+03	-6.063659e-03	-2.255133e-03	-4.873834e-05	6.520578e-03	-1.518928e-04	-4.571232e-04
6.517140e+03	-1.031207e-03	-6.209891e-03	-1.279962e-04	1.705861e-03	2.169417e-04	-6.738299e-04
6.529530e+03	5.415915e-03	-4.217276e-03	-3.847546e-05	-5.297984e-03	2.668660e-04	-7.423050e-05
6.541920e+03	4.783333e-03	3.765267e-03	-2.056409e-05	-4.909356e-03	9.379465e-05	1.286322e-04
6.554310e+03	-1.402845e-03	4.680281e-03	6.711285e-04	1.621633e-03	1.033882e-04	-2.085745e-04
6.566700e+03	-5.189758e-03	2.479850e-03	-5.032833e-08	4.760131e-03	2.825229e-04	4.314478e-04
6.579090e+03	-2.859483e-03	-4.763637e-03	-8.333605e-05	2.931977e-03	5.580279e-04	-1.038067e-04
6.591480e+03	3.790460e-03	-5.979775e-03	-9.489649e-05	-4.239914e-03	3.974081e-04	4.489273e-04
6.603870e+03	5.353474e-03	7.382381e-04	1.455448e-04	-5.398168e-03	-1.007162e-03	7.442394e-05
6.616260e+03	2.187353e-03	3.885719e-03	8.361247e-05	-2.278042e-03	1.261477e-04	7.993408e-05
6.628650e+03	-2.904630e-03	3.495795e-03	-8.006552e-06	2.346722e-03	3.202264e-05	4.751293e-04
6.641040e+03	-4.553304e-03	-2.354093e-03	-1.975240e-04	5.262049e-03	-4.172838e-04	-7.109655e-04
6.653430e+03	1.111732e-05	-4.432928e-03	9.140958e-05	2.489566e-05	-4.347797e-04	7.954137e-05
6.665820e+03	4.159835e-03	-2.127899e-03	-4.009951e-05	-3.986197e-03	5.203908e-04	-1.849028e-04
6.678210e+03	2.874031e-03	2.902793e-03	-8.890914e-05	-2.335646e-03	1.977993e-04	-3.794123e-04
6.690600e+03	-2.686543e-04	2.971762e-03	3.585228e-05	-1.015904e-04	-4.657098e-04	3.736090e-04
6.702990e+03	-3.604313e-03	-2.780486e-04	9.588193e-05	3.721400e-03	-4.333283e-04	-9.051781e-05
6.715380e+03	-1.145288e-03	-4.372912e-03	2.154958e-04	1.231297e-03	-8.659545e-04	-6.383731e-05
6.727770e+03	3.168637e-03	-3.245727e-03	7.633623e-05	-3.266071e-03	-1.609875e-04	1.197125e-04
6.740160e+03	4.312377e-03	1.053647e-03	5.475327e-05	-4.498729e-03	-3.260857e-04	1.840683e-04
6.752550e+03	5.258320e-04	3.428714e-03	6.299261e-05	-3.344180e-04	-3.620481e-04	-2.054680e-04
6.764940e+03	-2.673630e-03	1.649781e-03	-1.898703e-04	2.651123e-03	5.788410e-04	2.329749e-05
6.777330e+03	-2.565637e-03	-1.406977e-03	5.842212e-05	2.196726e-03	-4.018666e-04	2.907795e-04
6.789720e+03	1.165870e-03	-3.174441e-03	-1.045850e-06	-1.456171e-03	7.363061e-05	3.111472e-04
6.802110e+03	3.565212e-03	-8.212270e-04	-6.176527e-05	-3.638495e-03	-1.131308e-05	1.005811e-04
6.814500e+03	1.550849e-03	2.454036e-03	1.087641e-04	-1.249019e-03	-6.168582e-04	-2.954772e-04
6.826890e+03	-1.837572e-03	3.089869e-03	-4.278977e-04	1.653535e-03	-1.888683e-04	1.850134e-04
6.839280e+03	-3.083890e-03	-9.283365e-04	-5.514924e-05	3.401421e-03	-4.425321e-04	-2.855391e-04
6.851670e+03	-5.079084e-04	-3.073374e-03	-1.250498e-04	5.777498e-04	2.525835e-04	-6.480595e-05
6.864060e+03	2.246749e-03	-2.560000e-03	-1.727116e-04	-1.996652e-03	2.201522e-04	-2.147395e-04
6.876450e+03	3.595387e-03	1.198686e-03	3.521770e-05	-4.320692e-03	-1.985442e-04	7.327584e-04
6.888840e+03	-1.734927e-04	1.873443e-03	-2.181861e-04	4.655483e-04	1.157094e-03	-3.429867e-04
6.901230e+03	-1.985874e-03	-3.009783e-04	1.536835e-04	2.320734e-03	-9.995097e-04	-3.322698e-04
6.913620e+03	-1.437229e-03	-3.351745e-03	1.646427e-04	2.168623e-03	-8.284189e-04	-6.900306e-04
6.926010e+03	9.233109e-04	-2.482760e-03	2.161826e-04	-1.665822e-04	-4.088827e-04	-8.025231e-04
6.938400e+03	3.227071e-03	-1.127194e-04	2.467462e-05	-3.605213e-03	-1.490323e-04	4.146558e-04
6.950790e+03	2.662432e-04	2.148125e-03	-3.228552e-05	-1.191341e-04	7.402275e-05	-2.456534e-04
6.963180e+03	-1.039266e-03	1.784671e-03	5.224406e-05	2.720443e-04	-1.908947e-04	7.777348e-04
6.975570e+03	-1.324366e-03	-1.213753e-03	-1.802187e-04	1.243921e-03	8.534720e-04	8.231500e-05
6.987960e+03	9.064695e-04	-2.762299e-03	1.563417e-04	-1.087449e-03	-3.623009e-04	1.772975e-04
7.000350e+03	1.999899e-03	-4.860599e-04	-5.003418e-05	-1.927907e-03	3.950665e-04	-7.631685e-05
7.012740e+03	1.405287e-03	2.084102e-03	-2.281109e-05	-1.834170e-03	-4.811796e-05	4.279476e-04
7.025130e+03	-9.969893e-04	1.121179e-03	-7.696581e-05	1.654756e-03	2.626091e-04	-6.353358e-04
7.037520e+03	-1.898279e-03	7.453854e-04	-2.385944e-04	1.676597e-03	7.320134e-04	1.849144e-04
7.049910e+03	-9.075476e-04	-1.788403e-03	1.872488e-05	1.768553e-03	-4.622206e-04	-8.686168e-04
7.062300e+03	1.066635e-03	-1.260741e-03	-1.796983e-04	-5.010485e-04	-3.691346e-04	-5.958799e-04
7.074690e+03	1.710464e-03	2.212549e-04	-8.951980e-05	-1.654181e-03	1.773968e-04	-5.367606e-05
7.087080e+03	1.101152e-04	1.651317e-03	-1.340884e-04	-1.525382e-04	2.965569e-04	4.049100e-05
7.099470e+03	-1.056196e-03	1.626849e-04	-1.233753e-05	7.313351e-04	3.049671e-05	3.304219e-04
7.111860e+03	-7.227124e-04	-1.581669e-03	-6.560015e-06	1.076265e-03	-1.481312e-04	-3.541221e-04
7.124250e+03	1.686343e-03	-1.113677e-03	-1.058637e-04	-2.057843e-03	2.723834e-04	3.933005e-04
7.136640e+03	8.259615e-04	4.923901e-04	-1.013458e-04	-3.070676e-04	1.829376e-04	-5.073406e-04
