1.523970e+03	-8.269958e-02	1.138411e-02	-5.089975e-05	8.223410e-02	-1.237919e-07	3.952332e-04
1.536360e+03	-8.181522e-02	-9.934254e-03	1.491888e-05	8.169308e-02	-7.090643e-08	1.399598e-04
1.548750e+03	-7.681893e-02	-3.046531e-02	1.956758e-05	7.661498e-02	-1.937770e-05	1.528354e-04
1.561140e+03	-6.636573e-02	-4.874488e-02	1.322754e-05	6.617032e-02	6.909520e-06	1.403888e-04
1.573530e+03	-5.203005e-02	-6.394663e-02	-2.519555e-06	5.174230e-02	-6.080250e-06	2.577861e-04
1.585920e+03	-3.421543e-02	-7.501490e-02	1.675171e-05	3.391622e-02	-2.696423e-06	2.953537e-04
1.598310e+03	-1.402105e-02	-8.134854e-02	-2.676798e-05	1.369743e-02	-2.318087e-05	3.295967e-04
1.610700e+03	7.113467e-03	-8.219974e-02	1.599462e-05	-7.483696e-03	1.822650e-06	3.649961e-04
1.623090e+03	2.769813e-02	-7.755082e-02	-5.413710e-06	-2.806698e-02	-2.554779e-05	2.912066e-04
1.635480e+03	4.645609e-02	-6.779278e-02	2.202544e-05	-4.666951e-02	1.265822e-05	1.515777e-04
1.647870e+03	6.239267e-02	-5.402373e-02	2.996262e-05	-6.258750e-02	3.414578e-05	2.191111e-04
1.660260e+03	7.452136e-02	-3.629879e-02	6.074215e-06	-7.491285e-02	-1.709801e-05	4.081462e-04
1.672650e+03	8.150265e-02	-1.591553e-02	3.381448e-05	-8.200277e-02	5.049067e-05	4.879864e-04
1.685040e+03	8.294473e-02	6.050285e-03	1.496602e-05	-8.340750e-02	4.334245e-06	4.047130e-04
1.697430e+03	7.865549e-02	2.752158e-02	-5.691370e-06	-7.887266e-02	5.506781e-05	3.048954e-04
1.709820e+03	6.878247e-02	4.686380e-02	-2.972283e-06	-6.898965e-02	4.299947e-05	1.782070e-04
1.722210e+03	5.435793e-02	6.335748e-02	-1.577391e-05	-5.462165e-02	1.811312e-05	1.936421e-04
1.734600e+03	3.611057e-02	7.553916e-02	-2.618908e-05	-3.621324e-02	1.837873e-05	1.769705e-04
1.746990e+03	1.504668e-02	8.259121e-02	-4.687601e-05	-1.527268e-02	3.565222e-05	2.157607e-04
1.759380e+03	-7.362434e-03	8.386057e-02	-4.970034e-05	7.057522e-03	1.441282e-05	2.846529e-04
1.771770e+03	-2.927786e-02	7.944153e-02	-5.800807e-05	2.907975e-02	6.185976e-07	2.319832e-04
1.784160e+03	-4.943409e-02	6.900217e-02	-2.734963e-05	4.932806e-02	-2.796194e-05	9.899080e-05
1.796550e+03	-6.642112e-02	5.331975e-02	1.464728e-05	6.632663e-02	-5.561637e-05	2.663573e-05
1.808940e+03	-7.855100e-02	3.385406e-02	-1.319490e-05	7.855543e-02	-3.985135e-05	6.025199e-05
1.821330e+03	-8.529913e-02	1.146182e-02	1.233100e-06	8.529913e-02	-3.387077e-05	3.135650e-05
1.833720e+03	-8.560467e-02	-1.255644e-02	-9.567338e-06	8.550609e-02	-5.249468e-05	6.389193e-05
1.846110e+03	-7.914364e-02	-3.564355e-02	5.440171e-05	7.907009e-02	-2.995032e-05	5.644575e-05
1.858500e+03	-6.620629e-02	-5.617053e-02	1.384240e-05	6.628840e-02	-3.245227e-05	-4.730742e-05
1.870890e+03	-4.835137e-02	-7.237951e-02	6.594797e-05	4.845041e-02	-7.798583e-08	-5.838712e-05
1.883280e+03	-2.632050e-02	-8.330062e-02	2.993522e-06	2.648777e-02	-1.065490e-05	-1.321936e-04
1.895670e+03	-2.252258e-03	-8.778843e-02	3.802925e-05	2.278822e-03	5.781820e-06	-1.428840e-05
1.908060e+03	2.254051e-02	-8.536871e-02	3.395130e-05	-2.254588e-02	1.804753e-05	-1.435276e-05
1.920450e+03	4.585024e-02	-7.569413e-02	1.252217e-05	-4.577269e-02	-1.213502e-05	-1.063243e-04
1.932840e+03	6.588159e-02	-5.984431e-02	3.596957e-05	-6.577261e-02	3.373375e-05	-8.882521e-05
1.945230e+03	8.060397e-02	-3.852541e-02	1.842080e-05	-8.046501e-02	1.610020e-05	-1.519948e-04
1.957620e+03	8.882274e-02	-1.367601e-02	2.781412e-05	-8.862553e-02	4.868321e-05	-1.926861e-04
1.970010e+03	8.922313e-02	1.245267e-02	-3.166996e-06	-8.902313e-02	6.618364e-05	-2.299463e-04
1.982400e+03	8.181290e-02	3.799145e-02	-3.160009e-05	-8.160289e-02	8.757364e-05	-2.367640e-04
1.994790e+03	6.756261e-02	6.046101e-02	-1.848950e-05	-6.756685e-02	-1.269765e-05	-9.393188e-05
2.007180e+03	4.673294e-02	7.780489e-02	-7.676576e-05	-4.662991e-02	6.709066e-05	-1.140272e-04
2.019570e+03	2.179526e-02	8.826947e-02	-8.275334e-05	-2.161196e-02	3.435019e-05	-2.138746e-04
2.031960e+03	-5.135895e-03	9.075914e-02	-6.137726e-05	5.419519e-03	-2.205202e-05	-2.714514e-04
2.044350e+03	-3.188483e-02	8.553262e-02	-6.124184e-05	3.212173e-02	-4.434219e-05	-2.065855e-04
2.056740e+03	-5.610000e-02	7.230000e-02	-4.410000e-05	5.630000e-02	-6.010000e-05	-1.720000e-04
2.069130e+03	-7.557432e-02	5.233164e-02	-1.129278e-05	7.573483e-02	-7.517599e-05	-1.919089e-04
2.081520e+03	-8.840440e-02	2.710353e-02	1.562080e-05	8.850310e-02	-9.267889e-05	-1.105346e-04
2.093910e+03	-9.233962e-02	-9.880772e-04	4.480100e-05	9.244366e-02	-5.617653e-05	-1.395497e-04
2.106300e+03	-8.782307e-02	-2.919033e-02	7.946701e-05	8.803309e-02	-5.449657e-05	-1.885079e-04
2.118690e+03	-7.443714e-02	-5.450007e-02	7.483936e-06	7.473478e-02	-4.020436e-05	-3.226888e-04
2.131080e+03	-5.466313e-02	-7.479058e-02	7.376183e-05	5.485730e-02	-4.437025e-06	-2.043609e-04
2.143470e+03	-2.914797e-02	-8.824129e-02	8.508365e-05	2.927592e-02	2.440812e-05	-9.749474e-05
2.155860e+03	-8.017143e-04	-9.297141e-02	3.590862e-05	8.359938e-04	5.850048e-06	-3.451399e-05
2.168250e+03	2.788832e-02	-8.897957e-02	4.459390e-05	-2.789072e-02	1.479899e-05	-3.471225e-05
2.180640e+03	5.401297e-02	-7.598008e-02	3.544950e-05	-5.401789e-02	4.221546e-05	-4.486561e-05
2.193030e+03	7.506995e-02	-5.573330e-02	2.597344e-05	-7.496888e-02	3.630000e-05	-7.082275e-05
2.205420e+03	8.890508e-02	-2.966236e-02	2.314038e-05	-8.871061e-02	3.540088e-05	-1.353368e-04
2.217810e+03	9.368164e-02	-4.469812e-04	-1.444629e-05	-9.358158e-02	1.554306e-04	-9.154470e-05
2.230200e+03	8.945507e-02	2.878606e-02	-3.813451e-05	-8.939066e-02	8.973600e-05	-4.645437e-05
2.242590e+03	7.572736e-02	5.563735e-02	-5.622473e-05	-7.582167e-02	4.136513e-05	6.261917e-05
2.254980e+03	5.464103e-02	7.633665e-02	-1.019083e-04	-5.461239e-02	1.055749e-04	-4.428660e-05
2.267370e+03	2.784478e-02	8.957125e-02	-9.927671e-05	-2.772842e-02	6.418982e-06	-9.485517e-05
2.279760e+03	-1.632867e-03	9.399015e-02	-6.368669e-05	1.564135e-03	-6.039801e-05	6.946205e-05
2.292150e+03	-3.095272e-02	8.880251e-02	-8.484755e-05	3.097100e-02	-5.295914e-05	2.721546e-05
2.304540e+03	-5.757499e-02	7.456132e-02	-8.437043e-05	5.757562e-02	-8.680019e-05	4.358600e-05
2.316930e+03	-7.853970e-02	5.268016e-02	1.330827e-05	7.835046e-02	-1.174558e-04	1.375373e-04
2.329320e+03	-9.148698e-02	2.494532e-02	2.888537e-05	9.138938e-02	-1.124464e-04	1.132015e-04
2.341710e+03	-9.459999e-02	-5.483116e-03	-8.309185e-06	9.449999e-02	-9.713866e-05	5.016513e-05
2.354100e+03	-8.793137e-02	-3.561223e-02	9.839557e-05	8.791276e-02	-6.302753e-05	2.735365e-05
2.366490e+03	-7.187284e-02	-6.178120e-02	1.056138e-04	7.185600e-02	-2.232411e-05	4.602232e-06
2.378880e+03	-4.847499e-02	-8.157562e-02	1.296572e-04	4.836797e-02	2.657413e-05	7.145899e-05
2.391270e+03	-1.966794e-02	-9.322801e-02	4.994192e-05	1.958129e-02	9.712515e-06	8.608464e-05
2.403660e+03	1.143979e-02	-9.450000e-02	1.274853e-04	-1.173922e-02	1.441954e-04	2.302458e-04
2.416050e+03	4.136394e-02	-8.589596e-02	3.896435e-05	-4.151431e-02	5.465116e-05	1.562380e-04
2.428440e+03	6.732025e-02	-6.793609e-02	1.304699e-05	-6.764341e-02	5.995944e-05	2.641905e-04
2.440830e+03	8.576946e-02	-4.232294e-02	2.098431e-05	-8.587429e-02	1.215651e-04	1.609391e-04
2.453220e+03	9.523841e-02	-1.196528e-02	-3.351267e-05	-9.544020e-02	1.560278e-05	2.259046e-04
2.465610e+03	9.405069e-02	2.030412e-02	-3.204346e-05	-9.434015e-02	-1.438461e-05	2.366861e-04
2.478000e+03	8.239605e-02	5.048220e-02	-6.714565e-05	-8.258479e-02	9.027566e-05	1.855204e-04
2.490390e+03	6.091025e-02	7.534298e-02	-9.825559e-05	-6.111639e-02	7.836715e-05	1.800865e-04
2.502780e+03	3.243692e-02	9.127081e-02	-1.371021e-04	-3.253240e-02	1.328537e-05	7.828675e-05
2.515170e+03	4.523423e-05	9.681600e-02	-1.273202e-04	-2.588944e-04	-6.634019e-06	2.155962e-04
2.527560e+03	-3.278640e-02	9.186556e-02	3.544708e-05	3.277754e-02	-1.509615e-04	8.851846e-05
2.539950e+03	-6.231380e-02	7.600863e-02	-1.235864e-04	6.202408e-02	-5.513798e-05	2.335415e-04
2.552340e+03	-8.503356e-02	5.047104e-02	-3.656871e-05	8.476135e-02	-1.217783e-04	2.366481e-04
2.564730e+03	-9.750868e-02	1.817485e-02	1.122287e-07	9.720868e-02	-1.176560e-04	2.747239e-04
2.577120e+03	-9.837276e-02	-1.676070e-02	1.169746e-04	9.813710e-02	-1.080647e-04	2.387178e-04
2.589510e+03	-8.657685e-02	-5.029852e-02	6.541265e-05	8.639297e-02	-7.831246e-05	2.341909e-04
2.601900e+03	-6.369590e-02	-7.770976e-02	1.417908e-04	6.360452e-02	-1.297655e-05	1.353302e-04
2.614290e+03	-3.230722e-02	-9.581035e-02	9.095509e-05	3.220790e-02	5.852910e-06	1.017892e-04
2.626680e+03	3.687502e-03	-1.009990e-01	1.689248e-04	-3.798210e-03	1.159361e-04	1.173856e-04
2.639070e+03	4.012365e-02	-9.408315e-02	5.397573e-05	-4.028416e-02	5.281398e-05	1.406085e-04
2.651460e+03	7.208636e-02	-7.330489e-02	2.990958e-05	-7.228049e-02	1.053161e-04	1.677030e-04
2.663850e+03	9.456823e-02	-4.204168e-02	2.630085e-05	-9.464396e-02	1.048919e-04	1.668356e-04
2.676240e+03	1.036220e-01	-3.973498e-03	-2.622921e-05	-1.036214e-01	1.503351e-04	1.588758e-04
2.688630e+03	9.878824e-02	3.554257e-02	-5.575377e-05	-9.898856e-02	5.420192e-05	2.439996e-04
2.701020e+03	7.868281e-02	7.066994e-02	-1.397256e-04	-7.892005e-02	1.663236e-04	2.285968e-04
2.713410e+03	4.602126e-02	9.619221e-02	-1.668670e-04	-4.624065e-02	3.051366e-05	2.201679e-04
2.725800e+03	5.388566e-03	1.069601e-01	-1.945054e-04	-5.572132e-03	-5.533131e-05	1.776576e-04
2.738190e+03	-3.745592e-02	1.018059e-01	-1.285852e-04	3.723124e-02	-1.523093e-04	1.902369e-04
2.750580e+03	-7.535348e-02	7.939473e-02	-8.905611e-05	7.515386e-02	-2.134297e-04	2.410201e-04
2.762970e+03	-1.021333e-01	4.313844e-02	-6.432970e-05	1.015361e-01	-2.037383e-04	2.637597e-04
2.775360e+03	-1.117878e-01	-2.278993e-03	1.590170e-04	1.107856e-01	-1.939188e-04	3.120391e-04
2.787750e+03	-1.021026e-01	-4.880862e-02	1.274896e-04	1.021773e-01	-1.114406e-04	3.870713e-04
2.800140e+03	-7.295658e-02	-8.813217e-02	2.076788e-04	7.241939e-02	-7.220930e-06	4.900793e-04
2.812530e+03	-2.859304e-02	-1.124309e-01	1.951376e-04	2.799915e-02	9.551668e-05	5.897860e-04
2.824920e+03	2.352156e-02	-1.148203e-01	1.545255e-04	-2.419213e-02	1.162092e-04	7.031549e-04
2.837310e+03	7.292520e-02	-9.297125e-02	9.463625e-05	-7.390738e-02	1.370194e-04	9.654208e-04
2.849700e+03	1.084311e-01	-4.991739e-02	6.373120e-05	-1.094554e-01	1.312157e-04	1.113451e-03
2.862090e+03	1.194918e-01	6.972282e-03	6.787602e-06	-1.212941e-01	2.108266e-04	1.287600e-03
2.874480e+03	1.037375e-01	6.593955e-02	-1.176438e-04	-1.050082e-01	2.676102e-04	1.481782e-03
2.886870e+03	5.755283e-02	1.105966e-01	-2.517773e-04	-5.915327e-02	2.075825e-04	1.558012e-03
2.899260e+03	-7.632919e-03	1.242087e-01	-3.018270e-04	6.134813e-03	-3.196031e-05	1.456208e-03
2.911650e+03	-7.561264e-02	1.020706e-01	-1.605794e-04	7.416720e-02	-2.768674e-04	1.400157e-03
2.924040e+03	-1.198921e-01	4.116638e-02	-1.579525e-04	1.189012e-01	-2.967139e-04	1.102476e-03
2.936430e+03	-1.197592e-01	-3.823084e-02	1.171657e-04	1.187617e-01	-3.178761e-04	5.490234e-04
2.948820e+03	-6.634072e-02	-1.015576e-01	2.936931e-04	6.660864e-02	-1.432588e-04	-2.424123e-04
2.961210e+03	1.565773e-02	-1.145338e-01	2.529828e-04	-1.422691e-02	2.712720e-05	-1.368031e-03
2.973600e+03	8.233911e-02	-6.989766e-02	1.682701e-04	-8.021299e-02	2.229144e-04	-2.090530e-03
2.985990e+03	9.729685e-02	4.205430e-03	-2.373177e-05	-9.442124e-02	3.337642e-04	-2.859317e-03
2.998380e+03	5.713031e-02	6.120976e-02	-2.492143e-04	-5.396421e-02	2.735257e-04	-3.225537e-03
3.010770e+03	-3.620771e-03	6.671863e-02	-2.957396e-04	7.161632e-03	-2.162873e-05	-3.557038e-03
3.023160e+03	-3.839255e-02	3.174836e-02	-1.328723e-04	4.145117e-02	-3.161903e-04	-3.138055e-03
3.035550e+03	-3.297027e-02	-3.472849e-03	1.062785e-04	3.590165e-02	-2.861239e-04	-2.954368e-03
3.047940e+03	-1.326572e-02	-1.338788e-02	1.295214e-04	1.618647e-02	-8.483603e-05	-2.905512e-03
3.060330e+03	-6.047545e-03	-8.919917e-03	1.145479e-04	8.660097e-03	9.947947e-05	-2.622968e-03
3.072720e+03	-8.509369e-03	-1.152605e-02	-4.806380e-06	1.093771e-02	8.420629e-05	-2.373951e-03
3.085110e+03	-2.980821e-03	-2.311989e-02	-2.622186e-05	5.011433e-03	9.302494e-05	-2.029998e-03
3.097500e+03	1.693334e-02	-2.695426e-02	-8.176396e-05	-1.603812e-02	1.293368e-05	-9.332238e-04
3.109890e+03	3.748383e-02	-9.391705e-03	-6.756372e-05	-3.813255e-02	5.081896e-05	6.228234e-04
3.122280e+03	3.775900e-02	2.417092e-02	2.301299e-05	-3.997146e-02	-6.093957e-05	2.229303e-03
3.134670e+03	9.743348e-03	5.199212e-02	-8.979412e-05	-1.309931e-02	-4.426212e-05	3.369200e-03
3.147060e+03	-3.400317e-02	4.958159e-02	-5.682982e-05	3.048754e-02	-1.260996e-04	3.475549e-03
3.159450e+03	-6.383447e-02	1.198543e-02	1.089383e-04	6.142230e-02	-1.842216e-04	2.522596e-03
3.171840e+03	-5.628872e-02	-3.997614e-02	2.765336e-04	5.545572e-02	2.093013e-05	8.074280e-04
3.184230e+03	-9.026847e-03	-7.170160e-02	1.150439e-04	1.010768e-02	7.168281e-05	-1.084522e-03
3.196620e+03	4.918546e-02	-5.746116e-02	2.293558e-06	-4.673679e-02	2.329813e-04	-2.405623e-03
3.209010e+03	7.517564e-02	-3.053061e-03	-3.631550e-05	-7.266313e-02	1.423849e-04	-2.526716e-03
3.221400e+03	5.320064e-02	5.418163e-02	-2.079995e-04	-5.140677e-02	7.259968e-06	-1.835139e-03
3.233790e+03	-7.608501e-03	7.142707e-02	-1.821698e-04	8.410390e-03	8.744404e-06	-7.129960e-04
3.246180e+03	-5.993571e-02	3.923837e-02	-7.360216e-05	5.923712e-02	-9.894833e-05	7.434943e-04
3.258570e+03	-6.526733e-02	-2.055106e-02	9.615046e-05	6.357990e-02	-1.058225e-04	1.739163e-03
3.270960e+03	-2.269259e-02	-5.810816e-02	1.064860e-04	2.079696e-02	-2.485880e-05	1.886006e-03
3.283350e+03	3.050867e-02	-4.928187e-02	-3.338927e-05	-3.183234e-02	1.822512e-04	1.352791e-03
3.295740e+03	5.349989e-02	-2.329110e-03	3.814125e-06	-5.379988e-02	1.442656e-04	3.584716e-04
3.308130e+03	2.892227e-02	4.051673e-02	-2.666937e-05	-2.810453e-02	9.566474e-05	-8.304270e-04
3.320520e+03	-1.903589e-02	4.132616e-02	1.472612e-05	1.981335e-02	-7.285306e-05	-8.251089e-04
3.332910e+03	-4.272872e-02	2.387880e-03	6.222578e-05	4.333598e-02	-1.358974e-04	-6.125981e-04
3.345300e+03	-2.126801e-02	-3.591464e-02	9.459024e-05	2.155119e-02	3.018409e-05	-3.380199e-04
3.357690e+03	2.266169e-02	-3.545310e-02	1.136734e-04	-2.229887e-02	1.396738e-04	-3.903987e-04
3.370080e+03	4.231215e-02	4.042954e-03	-7.501409e-05	-4.182465e-02	1.139857e-04	-4.349083e-04
3.382470e+03	1.823024e-02	4.079723e-02	-4.255562e-05	-1.732805e-02	-1.268119e-06	-8.517279e-04
3.394860e+03	-2.722576e-02	3.849449e-02	-1.197064e-04	2.863794e-02	-1.710394e-04	-1.339408e-03
3.407250e+03	-4.875064e-02	-3.799891e-03	1.163763e-04	4.970000e-02	-1.343613e-04	-1.028265e-03
3.419640e+03	-2.665105e-02	-4.779761e-02	1.803528e-04	2.745073e-02	-8.930758e-05	-8.210819e-04
3.432030e+03	2.404873e-02	-5.309596e-02	1.843597e-04	-2.398419e-02	2.898104e-05	-5.119833e-05
3.444420e+03	5.935869e-02	-1.423805e-02	2.938681e-05	-6.001361e-02	2.203890e-04	6.760396e-04
3.456810e+03	5.063676e-02	3.927161e-02	-1.742371e-04	-5.164188e-02	4.032850e-04	1.059412e-03
3.469200e+03	2.568425e-03	6.505772e-02	-2.374366e-04	-3.794608e-03	1.304694e-04	1.230045e-03
3.481590e+03	-5.120767e-02	4.319500e-02	-2.908584e-04	4.988200e-02	-3.184082e-05	1.294766e-03
3.493980e+03	-6.452105e-02	-1.183891e-02	-1.504323e-04	6.321491e-02	-2.136620e-04	1.303345e-03
3.506370e+03	-3.149662e-02	-5.790639e-02	1.116042e-04	3.019263e-02	-2.115789e-04	1.254786e-03
3.518760e+03	2.463133e-02	-5.879408e-02	2.261997e-04	-2.568796e-02	-6.218076e-05	1.032170e-03
3.531150e+03	5.844375e-02	-1.491758e-02	1.574795e-04	-5.898534e-02	6.272689e-05	6.588405e-04
3.543540e+03	4.533950e-02	3.808230e-02	8.664289e-05	-4.523527e-02	2.116431e-04	-1.434640e-04
3.555930e+03	-4.148073e-03	5.569245e-02	-1.599020e-04	4.975662e-03	2.132649e-04	-8.193454e-04
3.568320e+03	-4.537382e-02	2.601700e-02	-1.665689e-04	4.660956e-02	1.374999e-04	-1.199932e-03
3.580710e+03	-4.415773e-02	-2.300522e-02	8.599254e-05	4.577772e-02	-1.155021e-05	-1.537464e-03
3.593100e+03	-3.448989e-03	-4.664210e-02	-1.635696e-05	4.770744e-03	-1.373983e-04	-1.334737e-03
3.605490e+03	3.574972e-02	-2.631000e-02	6.801875e-05	-3.495190e-02	-2.027774e-05	-8.014877e-04
3.617880e+03	3.852515e-02	1.544780e-02	4.652830e-05	-3.830180e-02	1.272872e-05	-1.989708e-04
3.630270e+03	7.070690e-03	3.871344e-02	7.274437e-06	-7.322435e-03	1.119608e-04	2.507589e-04
3.642660e+03	-2.810459e-02	2.557266e-02	-5.774171e-05	2.746758e-02	6.062971e-05	6.294307e-04
3.655050e+03	-3.502193e-02	-8.995435e-03	8.808935e-05	3.422193e-02	2.046505e-05	8.061583e-04
3.667440e+03	-1.081590e-02	-3.218614e-02	4.159171e-05	9.995182e-03	-8.499232e-05	8.311945e-04
3.679830e+03	2.118692e-02	-2.550534e-02	1.656007e-05	-2.198350e-02	5.725323e-05	8.544212e-04
3.692220e+03	3.128725e-02	5.398880e-03	-8.530085e-05	-3.228168e-02	1.850672e-04	1.004008e-03
3.704610e+03	1.143784e-02	3.027349e-02	-2.267926e-05	-1.209552e-02	1.073051e-04	6.598011e-04
3.717000e+03	-2.066148e-02	2.577154e-02	-2.200515e-05	2.052441e-02	-8.470825e-05	1.669567e-04
3.729390e+03	-3.181593e-02	-5.241810e-03	-6.859422e-05	3.216852e-02	-9.978304e-05	-3.717216e-04
3.741780e+03	-1.136452e-02	-3.130345e-02	1.482153e-04	1.213847e-02	-4.095208e-05	-8.302525e-04
3.754170e+03	2.306368e-02	-2.677816e-02	1.454081e-04	-2.179850e-02	4.422085e-05	-1.228461e-03
3.766560e+03	3.606366e-02	6.620396e-03	-1.724921e-05	-3.485841e-02	1.831646e-04	-1.282690e-03
3.778950e+03	1.337025e-02	3.503392e-02	-1.201691e-04	-1.228733e-02	1.915960e-04	-1.134144e-03
3.791340e+03	-2.416375e-02	3.062692e-02	-3.623804e-04	2.487382e-02	-6.625833e-05	-7.355441e-04
3.803730e+03	-3.989178e-02	-3.884081e-03	-8.679153e-05	3.991004e-02	-1.676366e-04	-6.073024e-05
3.816120e+03	-2.050792e-02	-3.740501e-02	6.171187e-05	2.003769e-02	-1.687244e-04	4.654561e-04
3.828510e+03	1.835419e-02	-3.918997e-02	1.937062e-04	-1.930958e-02	-4.062047e-05	9.377510e-04
3.840900e+03	4.194675e-02	-7.931986e-03	1.356996e-04	-4.311047e-02	1.214961e-04	1.130000e-03
3.853290e+03	3.191328e-02	3.077610e-02	-7.356617e-05	-3.321230e-02	3.339782e-04	1.219983e-03
3.865680e+03	-6.270022e-03	4.358074e-02	-1.748368e-04	5.320129e-03	1.565708e-04	8.881777e-04
3.878070e+03	-4.044506e-02	2.169742e-02	-4.736750e-05	3.987607e-02	7.430126e-06	6.288894e-04
3.890460e+03	-4.109356e-02	-1.950698e-02	-1.268164e-04	4.087729e-02	-1.982142e-04	2.601667e-04
3.902850e+03	-6.536835e-03	-4.317325e-02	1.460115e-04	6.775126e-03	-1.660904e-04	-1.663640e-04
3.915240e+03	3.222088e-02	-2.945729e-02	1.569838e-04	-3.171908e-02	7.059459e-06	-5.430605e-04
3.927630e+03	4.097302e-02	1.034223e-02	9.835586e-05	-4.027351e-02	1.096210e-04	-7.330983e-04
3.940020e+03	1.354606e-02	3.923209e-02	-3.993646e-05	-1.263768e-02	1.566301e-04	-8.938384e-04
3.952410e+03	-2.480074e-02	3.088329e-02	-5.951157e-05	2.564738e-02	7.828060e-05	-8.194769e-04
3.964800e+03	-3.716583e-02	-5.011173e-03	-1.369726e-04	3.780660e-02	-4.772883e-05	-6.248448e-04
3.977190e+03	-1.541462e-02	-3.389266e-02	2.170299e-05	1.563165e-02	-7.052037e-05	-2.116041e-04
3.989580e+03	2.015991e-02	-3.098425e-02	-4.917469e-05	-2.020704e-02	1.232061e-04	5.178950e-05
4.001970e+03	3.599999e-02	3.149345e-04	1.119998e-04	-3.650000e-02	4.598718e-05	4.801408e-04
4.014360e+03	1.883436e-02	3.043606e-02	-5.840534e-05	-1.948337e-02	2.238231e-05	5.718514e-04
4.026750e+03	-1.485736e-02	3.226516e-02	-1.412647e-04	1.441458e-02	-3.311075e-05	4.624327e-04
4.039140e+03	-3.424270e-02	5.773459e-03	-8.335513e-05	3.362657e-02	-2.098879e-05	7.071440e-04
4.051530e+03	-2.435290e-02	-2.546213e-02	-6.701329e-05	2.377008e-02	-1.865296e-04	5.612539e-04
4.063920e+03	8.089404e-03	-3.382807e-02	1.115121e-04	-8.320077e-03	-3.641601e-05	2.276761e-04
4.076310e+03	3.296485e-02	-1.099090e-02	-7.455010e-05	-3.267152e-02	-4.264431e-06	-2.410776e-04
4.088700e+03	2.656870e-02	2.172592e-02	-3.269042e-06	-2.616419e-02	1.134463e-04	-3.622814e-04
4.101090e+03	-4.124512e-03	3.266682e-02	-1.088653e-04	4.764683e-03	1.054395e-04	-6.018556e-04
4.113480e+03	-3.079480e-02	1.390882e-02	-1.202304e-04	3.143223e-02	-3.522962e-05	-6.701752e-04
4.125870e+03	-2.833412e-02	-1.919164e-02	4.229136e-05	2.893586e-02	-1.493918e-04	-6.249928e-04
4.138260e+03	1.552315e-03	-3.395024e-02	4.807463e-05	-1.064995e-03	-9.556055e-05	-4.892283e-04
4.150650e+03	2.992443e-02	-1.764540e-02	9.963879e-05	-2.974993e-02	-2.974735e-05	-2.334019e-04
4.163040e+03	3.115303e-02	1.579193e-02	6.946870e-05	-3.133940e-02	6.342148e-05	1.354413e-04
4.175430e+03	3.863253e-03	3.518719e-02	-5.551672e-05	-4.307713e-03	1.571852e-04	4.680762e-04
4.187820e+03	-2.730279e-02	2.351841e-02	-4.484889e-05	2.662341e-02	2.880781e-05	5.979390e-04
4.200210e+03	-3.471335e-02	-9.089252e-03	-8.881189e-05	3.401335e-02	-7.390514e-05	6.849478e-04
4.212600e+03	-1.257129e-02	-3.287195e-02	8.457092e-05	1.189210e-02	-1.769625e-04	6.468011e-04
4.224990e+03	2.023628e-02	-2.871080e-02	9.291460e-05	-2.073137e-02	-4.456215e-05	4.953815e-04
4.237380e+03	3.465968e-02	1.185466e-03	1.050597e-04	-3.476416e-02	2.349984e-05	1.477294e-04
4.249770e+03	1.808543e-02	2.972533e-02	-3.092796e-06	-1.798776e-02	1.181804e-04	-1.028468e-04
4.262160e+03	-1.425469e-02	3.063099e-02	-5.242970e-05	1.462998e-02	8.294799e-05	-3.597214e-04
4.274550e+03	-3.192586e-02	4.671570e-03	1.298594e-05	3.239217e-02	-8.926720e-05	-4.122801e-04
4.286940e+03	-2.089122e-02	-2.475804e-02	-1.505494e-05	2.147786e-02	-5.188102e-05	-5.368690e-04
4.299330e+03	9.526207e-03	-3.055518e-02	3.366232e-05	-9.079100e-03	5.290338e-05	-4.343908e-04
4.311720e+03	2.938001e-02	-8.128799e-03	5.792902e-05	-2.909066e-02	4.593145e-05	-2.853161e-04
4.324110e+03	2.246545e-02	1.996273e-02	-8.333297e-06	-2.246904e-02	8.287812e-05	-2.579351e-05
4.336500e+03	-4.802091e-03	2.829847e-02	-2.531491e-05	4.905575e-03	3.016838e-04	-9.434249e-05
4.348890e+03	-2.676929e-02	1.126847e-02	-6.332651e-05	2.639547e-02	-5.873147e-05	3.531140e-04
4.361280e+03	-2.354724e-02	-1.567510e-02	-2.423323e-05	2.305259e-02	-6.300022e-05	4.625015e-04
4.373670e+03	2.229556e-05	-2.646525e-02	1.041831e-04	-4.506654e-04	7.361174e-06	4.564424e-04
4.386060e+03	2.203238e-02	-1.430232e-02	-6.007584e-05	-2.271617e-02	5.225666e-05	8.140236e-04
4.398450e+03	2.326043e-02	1.113951e-02	7.998189e-06	-2.326140e-02	2.977118e-04	3.732988e-05
4.410840e+03	2.923696e-03	2.500141e-02	-9.170962e-05	-2.918126e-03	-4.357508e-05	-3.033831e-05
4.423230e+03	-1.937833e-02	1.527685e-02	-1.872750e-04	1.943666e-02	-1.595434e-04	-7.937362e-05
4.435620e+03	-2.229355e-02	-8.024469e-03	-3.152186e-05	2.265242e-02	-9.161443e-05	-3.477270e-04
4.448010e+03	-5.012037e-03	-2.287696e-02	1.664795e-04	5.375160e-03	-1.280507e-04	-3.644608e-04
4.460400e+03	1.709002e-02	-1.650882e-02	9.583638e-05	-1.665153e-02	5.470184e-05	-4.585259e-04
4.472790e+03	2.298856e-02	5.654290e-03	1.051891e-04	-2.238433e-02	-2.572704e-05	-6.163685e-04
4.485180e+03	7.101264e-03	2.167960e-02	-6.013906e-05	-6.854398e-03	1.917478e-04	-2.589180e-04
4.497570e+03	-1.456104e-02	1.772941e-02	-1.319983e-04	1.465390e-02	1.717185e-05	-2.488514e-05
4.509960e+03	-2.268334e-02	-2.730870e-03	-8.914407e-05	2.248502e-02	-9.919754e-05	1.464633e-04
4.522350e+03	-1.044279e-02	-2.081587e-02	6.888055e-06	1.008792e-02	-1.056293e-04	3.538854e-04
4.534740e+03	1.114938e-02	-1.992326e-02	9.500100e-05	-1.163911e-02	-5.595181e-05	4.613837e-04
4.547130e+03	2.176367e-02	-1.674445e-03	1.454843e-04	-2.212643e-02	1.000778e-04	3.093578e-04
4.559520e+03	1.375981e-02	1.788064e-02	2.900065e-05	-1.415081e-02	1.812395e-04	3.410065e-04
4.571910e+03	-7.310318e-03	2.160610e-02	-8.431765e-05	7.170891e-03	6.377688e-05	1.326856e-04
4.584300e+03	-2.173987e-02	5.603383e-03	-3.376691e-04	2.213448e-02	-1.521187e-04	-3.146791e-04
4.596690e+03	-1.645876e-02	-1.506249e-02	-8.524476e-05	1.666870e-02	-3.053016e-05	-2.280214e-04
4.609080e+03	3.757244e-03	-2.146846e-02	8.325991e-05	-3.438931e-03	-5.303605e-05	-3.190410e-04
4.621470e+03	2.050396e-02	-8.969838e-03	1.069980e-04	-2.016946e-02	2.712471e-05	-3.382895e-04
4.633860e+03	1.855900e-02	1.209175e-02	1.516685e-05	-1.813643e-02	1.603801e-04	-4.238987e-04
4.646250e+03	1.485409e-05	2.140465e-02	-1.226847e-04	2.808307e-04	2.011919e-04	-2.950653e-04
4.658640e+03	-1.788060e-02	1.156348e-02	-1.130744e-04	1.805792e-02	3.792465e-05	-1.557557e-04
4.671030e+03	-1.933249e-02	-8.713899e-03	-4.482932e-05	1.932487e-02	-1.190813e-04	-2.055532e-05
4.683420e+03	-3.068511e-03	-2.083935e-02	8.621268e-05	2.994192e-03	-3.964706e-04	7.682252e-05
4.695810e+03	1.531535e-02	-1.394730e-02	6.925442e-05	-1.560008e-02	2.925118e-05	2.947078e-04
4.708200e+03	1.940295e-02	5.032510e-03	-6.191981e-06	-1.975699e-02	3.959789e-05	3.576964e-04
4.720590e+03	6.445809e-03	1.892443e-02	2.257541e-06	-6.718778e-03	3.330184e-05	2.846418e-04
4.732980e+03	-1.232973e-02	1.587968e-02	-4.801663e-05	1.210936e-02	-8.085963e-05	2.126530e-04
4.745370e+03	-1.949904e-02	-1.649921e-03	1.286255e-06	1.940778e-02	-2.041362e-05	4.644004e-05
4.757760e+03	-8.882138e-03	-1.708753e-02	-6.683420e-06	8.891701e-03	2.228241e-05	-1.610892e-05
4.770150e+03	9.634201e-03	-1.633853e-02	4.753189e-05	-9.544808e-03	-4.410782e-06	-1.913770e-04
4.782540e+03	1.870001e-02	-5.644853e-04	1.184899e-05	-1.839939e-02	5.383975e-05	-2.868464e-04
4.794930e+03	1.044308e-02	1.553951e-02	-4.731399e-05	-1.010914e-02	5.721588e-05	-3.167565e-04
4.807320e+03	-7.265197e-03	1.663742e-02	-4.601210e-05	7.734454e-03	3.920002e-05	-4.447898e-04
4.819710e+03	-1.739122e-02	2.545451e-03	-6.646684e-05	1.762472e-02	-2.290783e-05	-2.101153e-04
4.832100e+03	-1.150467e-02	-1.376789e-02	-5.653076e-05	1.168910e-02	-1.190679e-04	-2.082128e-04
4.844490e+03	5.120620e-03	-1.724163e-02	8.815199e-05	-5.160178e-03	-3.620865e-05	3.895767e-05
4.856880e+03	1.667686e-02	-4.720566e-03	5.953383e-05	-1.690068e-02	6.662927e-05	2.093786e-04
4.869270e+03	1.298850e-02	1.154901e-02	5.284908e-06	-1.318628e-02	8.278040e-05	2.430673e-04
4.881660e+03	-2.849357e-03	1.699469e-02	-9.446881e-05	2.546486e-03	5.324984e-05	3.044257e-04
4.894050e+03	-1.596704e-02	6.963175e-03	-9.909162e-05	1.574604e-02	3.607617e-05	2.095363e-04
4.906440e+03	-1.437614e-02	-9.286817e-03	-4.032782e-05	1.420880e-02	-3.869260e-05	1.423497e-04
4.918830e+03	8.772496e-05	-1.638101e-02	2.369858e-05	-1.231586e-04	-4.031330e-05	3.783661e-05
4.931220e+03	1.446762e-02	-9.019059e-03	4.008511e-05	-1.440919e-02	-2.009266e-04	-2.635317e-05
4.943610e+03	1.542971e-02	7.167115e-03	2.232080e-05	-1.528055e-02	5.951560e-05	-1.978930e-04
4.956000e+03	2.226550e-03	1.584884e-02	2.017221e-04	-1.833754e-03	1.517175e-04	-4.005368e-04
4.968390e+03	-1.244443e-02	1.028887e-02	-1.581101e-05	1.265933e-02	6.578378e-05	-1.289272e-04
4.980780e+03	-1.538165e-02	-4.773493e-03	-2.192506e-05	1.577424e-02	2.006228e-04	-3.415804e-04
4.993170e+03	-4.187280e-03	-1.541141e-02	-7.424885e-06	4.293725e-03	-2.080137e-05	-1.006966e-04
5.005560e+03	1.066908e-02	-1.191638e-02	6.483392e-05	-1.066668e-02	2.369440e-05	-1.387265e-05
5.017950e+03	1.529722e-02	2.444539e-03	-3.486477e-05	-1.539722e-02	9.619989e-05	1.281728e-04
5.030340e+03	6.386980e-03	1.434078e-02	-9.396380e-06	-6.631515e-03	6.987865e-05	2.461004e-04
5.042730e+03	-8.317115e-03	1.295654e-02	-5.093300e-05	8.075300e-03	6.024236e-07	2.657998e-04
5.055120e+03	-1.463459e-02	4.015288e-04	-1.910376e-06	1.449759e-02	-2.547042e-04	1.892845e-04
5.067510e+03	-8.615668e-03	-1.215297e-02	-3.015505e-05	8.463867e-03	-4.922362e-05	1.352586e-04
5.079900e+03	5.362629e-03	-1.364941e-02	6.499854e-05	-5.420028e-03	-1.932366e-05	7.177980e-05
5.092290e+03	1.376320e-02	-2.839418e-03	3.587435e-05	-1.366717e-02	-1.716087e-06	-1.113868e-04
5.104680e+03	9.889451e-03	9.967483e-03	-5.978662e-05	-9.678010e-03	-1.541128e-05	-1.860440e-04
5.117070e+03	-3.079948e-03	1.343767e-02	-7.588055e-05	3.292801e-03	2.572766e-05	-2.110941e-04
5.129460e+03	-1.249311e-02	4.056722e-03	-6.523579e-05	1.266649e-02	-3.234325e-05	-2.402405e-04
5.141850e+03	-1.045340e-02	-8.214896e-03	1.179546e-05	1.050253e-02	-3.948113e-05	-8.712119e-05
5.154240e+03	1.337656e-03	-1.272010e-02	8.077379e-05	-1.201137e-03	9.804807e-05	-1.391413e-04
5.166630e+03	1.113350e-02	-5.792547e-03	4.778351e-05	-1.118605e-02	-1.747828e-06	1.996759e-05
5.179020e+03	1.109173e-02	6.091997e-03	-1.560239e-04	-1.078112e-02	2.069304e-04	-2.162327e-04
5.191410e+03	6.417265e-04	1.186130e-02	-1.785586e-05	-8.240858e-04	5.609217e-05	1.751949e-04
5.203800e+03	-9.622044e-03	6.985998e-03	-1.200351e-05	9.438377e-03	5.701048e-05	1.869968e-04
5.216190e+03	-1.100089e-02	-4.057838e-03	1.043494e-05	1.080243e-02	-4.035643e-05	2.159302e-04
5.228580e+03	-2.466805e-03	-1.099985e-02	-2.470268e-05	2.336881e-03	-1.981221e-05	1.329819e-04
5.240970e+03	7.840226e-03	-7.806310e-03	-2.560049e-05	-7.882403e-03	-1.446398e-05	4.048716e-05
5.253360e+03	1.033419e-02	2.311396e-03	5.281881e-05	-1.033424e-02	2.110348e-05	-7.014039e-05
5.265750e+03	3.611180e-03	1.001170e-02	5.347537e-06	-3.498013e-03	-9.822034e-06	-1.094133e-04
5.278140e+03	-6.128094e-03	8.083685e-03	-2.694676e-05	6.342268e-03	2.330731e-06	-2.231783e-04
5.290530e+03	-9.632504e-03	-8.744009e-04	-1.976249e-05	9.853075e-03	-1.554021e-05	-2.171560e-04
5.302920e+03	-4.248153e-03	-8.834919e-03	-2.245457e-05	4.413220e-03	1.067751e-05	-1.705076e-04
5.315310e+03	5.031345e-03	-8.053514e-03	8.457685e-05	-4.908038e-03	-4.753655e-05	-1.192468e-04
5.327700e+03	9.139928e-03	-8.574982e-05	-1.421889e-05	-9.075625e-03	1.761708e-05	-7.232003e-05
5.340090e+03	4.934377e-03	7.714696e-03	-4.644641e-05	-4.972725e-03	-1.977422e-06	3.289899e-05
5.352480e+03	-3.788814e-03	8.140781e-03	-7.310724e-06	3.686874e-03	-8.604240e-06	1.051954e-04
5.364870e+03	-8.545788e-03	1.075953e-03	1.393663e-04	8.520387e-03	9.630434e-05	4.869763e-05
5.377260e+03	-5.658809e-03	-6.619150e-03	4.765190e-05	5.452260e-03	4.245485e-05	1.894472e-04
5.389650e+03	2.471465e-03	-7.979838e-03	-6.155010e-05	-2.610350e-03	5.900862e-05	1.434845e-04
5.402040e+03	7.869485e-03	-2.112379e-03	-7.916327e-06	-7.914888e-03	5.318730e-05	4.033358e-05
5.414430e+03	5.957667e-03	5.572862e-03	-7.119593e-05	-5.945274e-03	8.978264e-06	-1.064758e-05
5.426820e+03	-1.424148e-03	7.715920e-03	-5.887654e-05	1.529944e-03	8.539693e-05	-1.002014e-04
5.439210e+03	-7.106832e-03	2.671879e-03	-2.745881e-05	7.356333e-03	4.919052e-05	-2.719635e-04
5.451600e+03	-6.037326e-03	-4.542933e-03	2.989258e-05	6.200676e-03	2.170215e-05	-1.682446e-04
5.463990e+03	7.579275e-04	-7.306815e-03	1.139250e-04	-5.037378e-04	-1.176597e-04	-2.378372e-04
5.476380e+03	6.714732e-03	-3.307702e-03	-1.216108e-04	-6.385506e-03	1.901434e-04	-4.040308e-04
5.488770e+03	6.203742e-03	3.714092e-03	-7.593144e-06	-6.191527e-03	1.987647e-05	-2.672499e-05
5.501160e+03	1.321200e-04	6.976052e-03	-2.041493e-05	-1.795959e-04	3.091936e-05	3.991473e-05
5.513550e+03	-5.894399e-03	3.861726e-03	-3.557722e-05	5.822358e-03	-1.567358e-05	6.258148e-05
5.525940e+03	-6.411561e-03	-2.815295e-03	-2.997684e-05	6.306477e-03	-1.324984e-05	1.089636e-04
5.538330e+03	-1.063334e-03	-6.615887e-03	3.517163e-05	9.097539e-04	-8.195569e-06	1.587760e-04
5.550720e+03	4.904167e-03	-4.304550e-03	-1.347648e-05	-5.084997e-03	-5.106325e-07	1.517124e-04
5.563110e+03	6.728708e-03	1.924337e-03	-3.565890e-05	-6.316222e-03	6.199425e-04	-3.832573e-04
5.575500e+03	1.725562e-03	6.137996e-03	2.810767e-05	-1.784266e-03	3.497416e-06	6.233794e-05
5.587890e+03	-4.254456e-03	4.701204e-03	-1.918748e-05	4.295312e-03	3.954386e-06	-4.595832e-05
5.600280e+03	-6.043141e-03	-1.075145e-03	-8.989079e-06	6.127857e-03	-9.129176e-06	-8.973336e-05
5.612670e+03	-2.375517e-03	-5.481133e-03	1.422050e-04	2.477617e-03	-5.759362e-05	-1.026093e-04
5.625060e+03	3.500684e-03	-5.064848e-03	1.110026e-05	-3.403690e-03	2.504075e-05	-8.802716e-05
5.637450e+03	5.863905e-03	3.095175e-04	-1.077987e-05	-5.757321e-03	9.133289e-06	-9.422756e-05
5.649840e+03	3.014548e-03	5.041656e-03	2.694214e-05	-2.891581e-03	6.530649e-05	-1.149466e-04
5.662230e+03	-2.885482e-03	5.238118e-03	-1.978100e-05	2.742060e-03	-1.361046e-05	1.356177e-04
5.674620e+03	-5.400682e-03	4.619781e-04	-1.856623e-06	5.357358e-03	-3.695768e-06	3.250170e-05
5.687010e+03	-3.367228e-03	-4.338111e-03	-3.299151e-05	3.343505e-03	-2.233279e-05	2.401570e-05
5.699400e+03	1.801176e-03	-4.975218e-03	3.823163e-06	-1.921732e-03	3.291667e-05	1.134991e-04
5.711790e+03	4.978663e-03	-1.128188e-03	-1.104943e-06	-5.089166e-03	4.328542e-05	1.167127e-04
5.724180e+03	3.612672e-03	3.579449e-03	2.119226e-05	-3.550981e-03	-3.998187e-05	-7.861605e-05
5.736570e+03	-1.154883e-03	4.809201e-03	9.388530e-06	1.108946e-03	2.104382e-05	2.379870e-05
5.748960e+03	-4.579488e-03	1.695506e-03	-2.233998e-04	4.724933e-03	1.468752e-04	-1.444819e-04
5.761350e+03	-3.656131e-03	-2.951758e-03	2.607978e-05	3.761609e-03	1.408085e-05	-1.138769e-04
5.773740e+03	6.659276e-04	-4.395946e-03	1.516852e-04	-7.540334e-04	-1.169222e-04	9.129633e-05
5.786130e+03	4.225052e-03	-1.985693e-03	3.852387e-07	-4.125907e-03	-4.747906e-06	-9.212184e-05
5.798520e+03	3.813149e-03	2.235993e-03	-2.701186e-05	-3.665519e-03	-2.890859e-06	-1.444706e-04
5.810910e+03	2.306836e-05	4.235771e-03	-4.546308e-05	3.815858e-05	7.917636e-06	-5.919862e-05
5.823300e+03	-3.670636e-03	2.085209e-03	-2.773767e-04	3.737267e-03	-9.098409e-05	-4.980787e-05
5.835690e+03	-3.679076e-03	-1.803863e-03	8.415567e-06	3.591119e-03	2.256769e-07	9.527940e-05
5.848080e+03	-4.808911e-04	-3.889993e-03	5.379531e-05	3.908316e-04	-3.629472e-05	9.070270e-05
5.860470e+03	2.915427e-03	-2.498401e-03	9.027259e-06	-3.010484e-03	-1.491153e-05	9.759298e-05
5.872860e+03	3.664121e-03	1.210734e-03	-5.086869e-06	-3.759634e-03	-1.494012e-05	8.706559e-05
5.885250e+03	8.929846e-04	3.644486e-03	-1.175594e-05	-9.489604e-04	-6.868564e-06	5.211359e-05
5.897640e+03	-2.532655e-03	2.608356e-03	-8.116914e-05	2.511327e-03	-2.093039e-06	2.415276e-05
5.910030e+03	-3.367299e-03	-7.326049e-04	-2.631992e-05	3.408539e-03	5.032324e-06	-4.539657e-05
5.922420e+03	-1.206464e-03	-3.233809e-03	-3.548009e-05	1.267348e-03	-6.714105e-06	-6.501629e-05
5.934810e+03	2.149689e-03	-2.585313e-03	-3.527210e-05	-2.000536e-03	1.510556e-04	-1.470536e-04
5.947200e+03	3.279776e-03	3.361697e-04	-4.141767e-06	-3.208252e-03	9.342762e-06	-7.506261e-05
5.959590e+03	1.455856e-03	2.795613e-03	-1.658442e-05	-1.342522e-03	4.871119e-05	-1.173142e-04
5.971980e+03	-1.557791e-03	2.646612e-03	-9.747323e-06	1.606285e-03	1.773974e-05	-4.636251e-05
5.984370e+03	-2.912575e-03	-2.053257e-06	-1.582225e-05	2.932149e-03	3.972049e-06	-1.387914e-05
5.996760e+03	-1.624839e-03	-2.518055e-03	1.196020e-06	1.584884e-03	-6.697318e-06	1.386987e-05
6.009150e+03	1.198455e-03	-2.705304e-03	3.371288e-04	-1.039957e-03	9.552855e-05	-1.323306e-04
6.021540e+03	2.572639e-03	-6.664287e-04	-2.460642e-04	-2.769806e-03	-1.987779e-04	1.773340e-04
6.033930e+03	1.814467e-03	2.127987e-03	4.313425e-05	-1.993911e-03	7.502535e-06	1.924040e-04
6.046320e+03	-8.524976e-04	2.537658e-03	-9.203129e-06	8.002651e-04	4.909485e-06	5.344438e-05
6.058710e+03	-2.532376e-03	6.640346e-04	-3.167168e-05	2.503347e-03	-7.992352e-06	2.653895e-05
6.071100e+03	-1.861975e-03	-1.760600e-03	-9.225223e-06	1.892263e-03	3.121043e-06	-3.048762e-05
6.083490e+03	3.431079e-04	-2.377609e-03	5.663267e-05	-3.703648e-04	1.566052e-05	2.722205e-05
6.095880e+03	2.218142e-03	-9.253246e-04	2.197560e-06	-2.150603e-03	1.386029e-06	-7.192305e-05
6.108270e+03	1.965739e-03	1.356102e-03	-1.430941e-05	-1.928565e-03	-4.246769e-06	-4.835897e-05
6.120660e+03	-1.162411e-04	2.210067e-03	1.179273e-05	1.678308e-04	9.445231e-06	-5.239156e-05
6.133050e+03	-1.898907e-03	1.009879e-03	1.690959e-06	1.948487e-03	-9.755647e-06	-5.431054e-05
6.145440e+03	-1.879564e-03	-1.017939e-03	1.403606e-05	1.891583e-03	1.192153e-05	-1.262637e-05
6.157830e+03	-2.404395e-04	-2.085907e-03	3.551865e-05	1.455245e-04	4.939523e-05	8.502624e-05
6.170220e+03	1.592444e-03	-1.192406e-03	1.115137e-05	-1.647322e-03	2.287967e-05	5.652777e-05
6.182610e+03	1.675383e-03	6.191856e-04	2.450013e-06	-1.771168e-03	1.354195e-05	9.945073e-05
6.195000e+03	3.494231e-04	1.747148e-03	9.064082e-06	-4.305658e-04	2.525662e-06	8.058665e-05
6.207390e+03	-1.197775e-03	1.327853e-03	-4.412221e-05	1.156739e-03	-1.355218e-06	4.285168e-05
6.219780e+03	-1.600745e-03	-4.166742e-04	-1.035363e-05	1.667315e-03	-3.125929e-05	-4.813644e-05
6.232170e+03	-5.404452e-04	-1.497723e-03	3.368288e-05	5.313436e-04	2.193141e-05	9.770734e-06
6.244560e+03	9.394900e-04	-1.290685e-03	5.259496e-06	-8.870605e-04	9.491867e-06	-4.820755e-05
6.256950e+03	1.452964e-03	7.359418e-05	-1.007154e-05	-1.439660e-03	2.169090e-05	-2.039236e-05
6.269340e+03	6.681452e-04	1.244988e-03	-1.567580e-05	-6.375794e-04	1.351083e-06	-3.190901e-05
6.281730e+03	-6.290306e-04	1.121553e-03	1.317189e-05	7.039432e-04	1.783733e-05	-6.783284e-05
6.294120e+03	-1.155848e-03	3.488384e-05	-1.879798e-05	1.175690e-03	-1.114590e-05	-1.890094e-05
6.306510e+03	-5.902694e-04	-8.954701e-04	3.043077e-05	5.929776e-04	1.472725e-05	-2.805855e-06
6.318900e+03	4.893927e-04	-9.994554e-04	3.769416e-05	-4.257899e-04	1.714359e-05	-6.431611e-05
6.331290e+03	1.028289e-03	-4.801086e-05	-1.498232e-06	-1.067544e-03	5.481246e-05	4.358291e-05
6.343680e+03	5.955073e-04	7.960915e-04	-2.605387e-05	-6.657760e-04	-3.306859e-05	5.854639e-05
6.356070e+03	-4.028682e-04	9.321732e-04	-3.075140e-06	3.656316e-04	2.139594e-05	3.049413e-05
6.368460e+03	-9.963428e-04	1.505547e-04	9.429634e-06	9.497131e-04	-8.510501e-06	4.691417e-05
6.380850e+03	-5.213937e-04	-8.036621e-04	1.276863e-06	5.343282e-04	-4.146793e-06	-7.337681e-07
6.393240e+03	2.434745e-04	-7.086620e-04	7.102491e-05	-2.464305e-04	-6.916671e-05	-7.778039e-06
6.405630e+03	8.720941e-04	-1.377792e-04	-9.564868e-06	-8.431409e-04	2.252161e-05	-2.868466e-05
6.418020e+03	5.919325e-04	6.064368e-04	1.903651e-05	-5.276405e-04	5.317121e-06	-6.385333e-05
6.430410e+03	-1.919000e-04	7.609965e-04	-3.706785e-05	2.267312e-04	6.949073e-06	-3.651205e-05
6.442800e+03	-8.104568e-04	8.451918e-05	-5.520794e-05	8.699187e-04	-4.749107e-06	-5.869748e-05
6.455190e+03	-5.895028e-04	-5.904290e-04	2.269136e-05	5.810273e-04	1.243102e-05	2.496613e-06
6.467580e+03	5.068132e-04	-5.696680e-04	-1.710663e-04	-4.300675e-04	3.462330e-04	-7.111321e-05
6.479970e+03	7.341487e-04	-8.764523e-05	1.439907e-05	-7.988946e-04	2.831494e-05	4.780181e-05
