1.325730e+03	2.543068e-02	1.190000e-01	-1.149016e-04	-2.586383e-02	1.854734e-05	2.620520e-04
1.338120e+03	-7.914850e-03	1.190000e-01	-8.133079e-06	7.901049e-03	4.153405e-05	5.915481e-05
1.350510e+03	-4.000283e-02	1.121446e-01	-5.212507e-05	3.997019e-02	3.209624e-05	4.515597e-05
1.362900e+03	-6.932307e-02	9.660150e-02	-4.430144e-05	6.919479e-02	3.746599e-07	7.415996e-05
1.375290e+03	-9.360997e-02	7.422285e-02	8.371619e-06	9.319724e-02	-5.047958e-05	3.709319e-04
1.387680e+03	-1.100380e-01	4.636974e-02	-5.155392e-05	1.098245e-01	1.175792e-05	4.099752e-04
1.400070e+03	-1.191967e-01	1.352761e-02	-1.414317e-05	1.191967e-01	-2.943958e-05	8.231096e-04
1.412460e+03	-1.187116e-01	-2.018336e-02	2.274573e-05	1.175938e-01	-5.267954e-05	7.821511e-04
1.424850e+03	-1.075339e-01	-5.178225e-02	5.155503e-06	1.074032e-01	3.567564e-05	4.470282e-04
1.437240e+03	-8.887455e-02	-7.927835e-02	4.071462e-05	8.845011e-02	-8.772185e-07	3.432292e-04
1.449630e+03	-6.355764e-02	-1.009170e-01	-9.544382e-05	6.313532e-02	-7.428266e-05	4.009656e-04
1.462020e+03	-3.325471e-02	-1.147349e-01	2.225050e-06	3.256067e-02	-2.392708e-05	6.798853e-04
1.474410e+03	-9.441608e-06	-1.198462e-01	-1.839361e-05	-7.209326e-04	-2.726510e-05	7.314957e-04
1.486800e+03	3.348895e-02	-1.152866e-01	2.958569e-05	-3.419036e-02	-4.397419e-05	7.121317e-04
1.499190e+03	6.477773e-02	-1.014579e-01	-3.742185e-05	-6.537577e-02	-1.209205e-04	6.131781e-04
1.511580e+03	9.072659e-02	-7.911322e-02	6.222303e-05	-9.128491e-02	-4.271179e-05	5.107443e-04
1.523970e+03	1.101693e-01	-4.985305e-02	4.010943e-05	-1.106552e-01	-1.030777e-06	5.764326e-04
1.536360e+03	1.195061e-01	-1.614057e-02	2.720856e-05	-1.205061e-01	2.703033e-05	3.091591e-04
1.548750e+03	1.201874e-01	1.891225e-02	1.466693e-05	-1.203317e-01	1.354635e-04	3.543572e-04
1.561140e+03	1.101195e-01	5.360952e-02	3.912219e-05	-1.107057e-01	-1.480311e-05	6.079321e-04
1.573530e+03	8.977118e-02	8.371718e-02	-2.046770e-05	-9.023238e-02	1.146885e-04	4.781432e-04
1.585920e+03	6.166447e-02	1.070203e-01	-6.469980e-05	-6.196425e-02	1.359994e-04	3.289041e-04
1.598310e+03	2.774609e-02	1.207741e-01	-3.536650e-05	-2.797643e-02	7.649092e-06	2.432868e-04
1.610700e+03	-9.206345e-03	1.235238e-01	-3.485062e-07	9.091922e-03	-9.992996e-06	1.263142e-04
1.623090e+03	-4.566329e-02	1.160452e-01	-4.065893e-05	4.566818e-02	-3.687612e-05	-9.909559e-06
1.635480e+03	-7.916608e-02	9.745245e-02	-3.433059e-05	7.917821e-02	-5.207331e-05	-4.058020e-05
1.647870e+03	-1.065926e-01	6.931883e-02	-7.107507e-05	1.058004e-01	-7.513927e-06	2.853730e-04
1.660260e+03	-1.231531e-01	3.355917e-02	2.875575e-05	1.231023e-01	-3.547048e-05	6.300370e-05
1.672650e+03	-1.270000e-01	-6.369683e-03	-1.619028e-04	1.279999e-01	-4.555700e-05	-2.199406e-04
1.685040e+03	-1.197767e-01	-4.670628e-02	8.965367e-06	1.204545e-01	-3.198044e-05	-7.940140e-05
1.697430e+03	-9.960665e-02	-8.261314e-02	3.711145e-05	9.958425e-02	-1.483636e-05	-1.804647e-04
1.709820e+03	-6.821124e-02	-1.102056e-01	-1.783055e-05	6.861225e-02	-1.634902e-05	-3.723255e-04
1.722210e+03	-2.952052e-02	-1.263995e-01	4.253104e-05	2.991989e-02	-3.292282e-05	-4.176389e-04
1.734600e+03	1.302258e-02	-1.301176e-01	-1.757169e-05	-1.281644e-02	-7.166058e-05	-2.117209e-04
1.746990e+03	5.511541e-02	-1.200331e-01	-6.122882e-06	-5.503495e-02	-8.241992e-05	-8.781511e-05
1.759380e+03	9.181922e-02	-9.556495e-02	6.035374e-05	-9.139523e-02	-4.595247e-05	-3.575035e-04
1.771770e+03	1.195689e-01	-6.016770e-02	9.708247e-05	-1.184614e-01	1.147150e-05	-3.443810e-04
1.784160e+03	1.326713e-01	-1.670370e-02	6.776840e-05	-1.326969e-01	-3.049987e-05	-4.887804e-04
1.796550e+03	1.311044e-01	2.916071e-02	5.414943e-05	-1.309882e-01	1.297424e-04	-5.095054e-04
1.808940e+03	1.145882e-01	7.226301e-02	4.847771e-05	-1.135804e-01	1.213788e-04	-3.310981e-04
1.821330e+03	8.251569e-02	1.077717e-01	-4.767414e-07	-8.224839e-02	1.553277e-04	-2.802594e-04
1.833720e+03	4.085139e-02	1.300309e-01	-6.625981e-05	-4.065139e-02	7.407854e-05	-2.404551e-04
1.846110e+03	-6.605571e-03	1.359145e-01	-1.678504e-05	6.795983e-03	2.710383e-05	-1.916825e-04
1.858500e+03	-5.384691e-02	1.263415e-01	-1.895519e-04	5.393545e-02	7.751026e-05	-6.891328e-05
1.870890e+03	-9.508707e-02	9.877184e-02	-6.598688e-05	9.510707e-02	-9.868940e-06	-3.221359e-04
1.883280e+03	-1.240495e-01	5.941329e-02	4.124464e-05	1.247508e-01	-3.214107e-05	-2.785953e-04
1.895670e+03	-1.380000e-01	1.103860e-02	-2.635594e-04	1.380000e-01	8.435736e-06	-9.454463e-05
1.908060e+03	-1.327136e-01	-3.955215e-02	-8.025549e-05	1.327136e-01	-6.094874e-05	-7.887959e-05
1.920450e+03	-1.103377e-01	-8.542754e-02	-8.222301e-05	1.103377e-01	-8.810272e-05	1.878190e-05
1.932840e+03	-7.172846e-02	-1.195187e-01	6.595710e-05	7.172330e-02	-4.754612e-06	3.762876e-06
1.945230e+03	-2.305085e-02	-1.370707e-01	3.775686e-05	2.325340e-02	-5.047359e-05	-2.011285e-04
1.957620e+03	2.872114e-02	-1.371083e-01	1.319619e-05	-2.869139e-02	-1.253054e-04	-4.866861e-07
1.970010e+03	7.757466e-02	-1.166753e-01	4.481698e-05	-7.734874e-02	-1.825821e-04	-1.646301e-04
1.982400e+03	1.162138e-01	-8.067165e-02	1.771131e-04	-1.162236e-01	4.038568e-06	1.841210e-04
1.994790e+03	1.378455e-01	-3.149279e-02	1.718839e-04	-1.378455e-01	1.415389e-04	5.932611e-05
2.007180e+03	1.402807e-01	2.358619e-02	1.284559e-04	-1.402807e-01	1.113724e-04	6.917122e-05
2.019570e+03	1.210627e-01	7.501718e-02	5.845001e-05	-1.210585e-01	1.369216e-04	9.648149e-05
2.031960e+03	8.366961e-02	1.156317e-01	-2.808125e-05	-8.376426e-02	2.109046e-04	7.791491e-05
2.044350e+03	3.303176e-02	1.396112e-01	-1.716331e-04	-3.303760e-02	2.779951e-04	2.239014e-05
2.056740e+03	-2.329193e-02	1.414936e-01	-1.886578e-04	2.336174e-02	1.131227e-04	-4.018494e-05
2.069130e+03	-7.700335e-02	1.218621e-01	-1.253843e-04	7.695779e-02	-3.450221e-05	9.800606e-06
2.081520e+03	-1.188161e-01	8.266028e-02	-1.327388e-04	1.188200e-01	-9.990024e-05	2.620531e-05
2.093910e+03	-1.423308e-01	2.937237e-02	1.615357e-05	1.423308e-01	-1.479247e-04	2.726445e-05
2.106300e+03	-1.432830e-01	-3.023060e-02	6.486517e-05	1.432830e-01	-1.186198e-04	2.292707e-04
2.118690e+03	-1.197547e-01	-8.532745e-02	-6.069523e-05	1.197575e-01	-1.416337e-04	2.303996e-04
2.131080e+03	-7.509954e-02	-1.262455e-01	7.524557e-05	7.500027e-02	-6.667617e-05	8.540620e-05
2.143470e+03	-1.760344e-02	-1.465906e-01	3.890915e-05	1.743564e-02	-1.389480e-04	1.337738e-04
2.155860e+03	4.423487e-02	-1.419491e-01	7.159880e-05	-4.437210e-02	-1.483613e-04	1.285776e-04
2.168250e+03	9.935663e-02	-1.117144e-01	1.710871e-04	-9.951279e-02	-8.682096e-06	2.066979e-04
2.180640e+03	1.371155e-01	-6.043854e-02	1.953536e-04	-1.371154e-01	7.265721e-05	1.570329e-04
2.193030e+03	1.499251e-01	3.448086e-03	1.621856e-04	-1.508370e-01	1.283618e-04	1.570481e-04
2.205420e+03	1.362410e-01	6.802141e-02	1.106389e-04	-1.360772e-01	2.110942e-04	3.869594e-04
2.217810e+03	9.371401e-02	1.202893e-01	4.527324e-05	-9.470993e-02	2.111925e-04	3.115530e-04
2.230200e+03	3.251120e-02	1.497263e-01	-1.043225e-04	-3.281423e-02	2.397044e-04	2.611268e-04
2.242590e+03	-3.652099e-02	1.496834e-01	-2.007044e-04	3.606982e-02	9.806709e-05	4.804207e-04
2.254980e+03	-1.000072e-01	1.188248e-01	-3.770696e-04	9.992043e-02	5.613966e-05	3.986309e-04
2.267370e+03	-1.440428e-01	6.231078e-02	2.398966e-05	1.432101e-01	-1.999434e-04	4.680758e-04
2.279760e+03	-1.579704e-01	-1.068029e-02	-3.925074e-05	1.569819e-01	-2.621070e-04	7.477527e-04
2.292150e+03	-1.360955e-01	-8.348239e-02	-6.478713e-05	1.355277e-01	-2.569224e-04	6.038654e-04
2.304540e+03	-8.120971e-02	-1.391793e-01	-1.426358e-05	8.045840e-02	-2.936765e-04	7.913799e-04
2.316930e+03	-5.311959e-03	-1.609511e-01	2.211041e-04	4.688418e-03	-1.700885e-04	6.085408e-04
2.329320e+03	7.535679e-02	-1.454223e-01	2.011228e-04	-7.625337e-02	-2.559277e-04	9.282349e-04
2.341710e+03	1.398525e-01	-8.924102e-02	3.635486e-04	-1.407365e-01	1.070999e-04	1.157851e-03
2.354100e+03	1.655820e-01	-4.649119e-03	3.189213e-04	-1.670000e-01	3.310768e-04	1.345614e-03
2.366490e+03	1.465929e-01	8.520844e-02	1.530774e-04	-1.475907e-01	2.688284e-04	1.432047e-03
2.378880e+03	7.666534e-02	1.542010e-01	-1.456954e-04	-7.826743e-02	4.238027e-04	1.647541e-03
2.391270e+03	-2.222534e-02	1.702487e-01	-3.705693e-04	2.036974e-02	2.392278e-04	1.869186e-03
2.403660e+03	-1.191602e-01	1.284031e-01	-4.879841e-04	1.171549e-01	-3.513948e-05	1.987054e-03
2.416050e+03	-1.729976e-01	2.987725e-02	-2.793622e-04	1.710000e-01	-3.525897e-04	1.858460e-03
2.428440e+03	-1.508466e-01	-8.853687e-02	2.139412e-04	1.489250e-01	-4.446032e-04	1.416976e-03
2.440830e+03	-4.855296e-02	-1.631801e-01	3.208529e-04	4.786650e-02	-3.504536e-04	7.316289e-04
2.453220e+03	8.041516e-02	-1.422632e-01	3.776382e-04	-8.054494e-02	-5.225106e-05	8.009338e-05
2.465610e+03	1.469068e-01	-2.952369e-02	2.457199e-04	-1.464933e-01	3.374754e-04	-9.443731e-04
2.478000e+03	1.018178e-01	8.651980e-02	-4.740873e-05	-9.960255e-02	5.936115e-04	-2.214861e-03
2.490390e+03	-1.046668e-02	1.077736e-01	-2.456524e-04	1.496654e-02	-9.423514e-05	-4.474264e-03
2.502780e+03	-7.095183e-02	3.520540e-02	-4.033017e-04	7.509210e-02	-6.671457e-05	-4.678874e-03
2.515170e+03	-4.285706e-02	-2.932558e-02	1.814808e-04	4.595242e-02	-3.369053e-04	-3.083837e-03
2.527560e+03	1.554148e-03	-2.216397e-02	-3.690935e-04	2.829882e-03	3.690929e-06	-4.387383e-03
2.539950e+03	-1.520025e-02	-9.097867e-03	-8.287994e-05	2.738547e-02	2.841933e-03	-1.125084e-02
2.552340e+03	1.658900e-03	-4.096535e-03	1.188639e-03	1.200198e-02	2.076062e-03	-1.568028e-02
2.564730e+03	3.337709e-02	3.730724e-03	-2.650000e-03	-2.955210e-02	5.337373e-04	-3.759708e-03
2.577120e+03	-5.692312e-02	-1.322142e-02	-7.877966e-03	2.434809e-02	-2.273551e-03	3.261239e-02
2.589510e+03	1.710839e-02	-6.241665e-02	-5.874856e-03	-5.043087e-02	-2.308813e-02	3.742402e-02
2.601900e+03	-3.357807e-02	1.489464e-01	3.848365e-02	-6.874660e-02	-5.069732e-02	1.043205e-01
2.614290e+03	-1.529692e-01	7.172464e-02	2.033790e-02	6.502108e-02	-3.375724e-03	8.797848e-02
2.626680e+03	-9.919522e-02	7.640646e-02	-9.579842e-03	1.491664e-01	-1.128750e-03	-5.042990e-02
2.639070e+03	-5.415569e-02	-4.494371e-02	-3.098441e-03	9.447183e-02	-1.321516e-02	-4.041394e-02
2.651460e+03	-1.279885e-01	7.208796e-02	4.962850e-03	3.929733e-02	-4.428294e-03	8.899000e-02
2.663850e+03	3.966644e-02	-2.043069e-02	-4.438437e-03	-5.919680e-02	-2.332461e-03	2.005830e-02
2.676240e+03	-3.826998e-02	3.012034e-02	3.002174e-04	4.833922e-02	-1.905382e-03	-9.925572e-03
2.688630e+03	-3.008389e-02	-3.147506e-02	9.204019e-04	3.180698e-02	-1.062164e-04	-1.631331e-03
2.701020e+03	2.972177e-02	-4.276345e-02	8.004449e-04	-2.761710e-02	-8.275415e-05	-1.987983e-03
2.713410e+03	5.485828e-02	1.258384e-02	-4.502662e-04	-5.537031e-02	4.006358e-04	1.575262e-04
2.725800e+03	1.341753e-02	5.625530e-02	-1.396643e-03	-1.457106e-02	5.939139e-04	1.125180e-03
2.738190e+03	-4.409910e-02	3.864986e-02	-9.909515e-04	4.254037e-02	-8.694603e-04	1.576569e-03
2.750580e+03	-5.538010e-02	-1.692049e-02	2.062197e-04	5.203106e-02	-1.233661e-03	3.331325e-03
2.762970e+03	-1.419962e-02	-5.234038e-02	8.487953e-04	8.720565e-03	2.220721e-04	5.514627e-03
2.775360e+03	3.238557e-02	-3.688487e-02	4.494090e-04	-3.795153e-02	1.777672e-04	5.583120e-03
2.787750e+03	4.408082e-02	1.036864e-02	-2.131863e-04	-4.832498e-02	8.054738e-04	4.109104e-03
2.800140e+03	1.193466e-02	3.940000e-02	-5.827984e-04	-1.450500e-02	2.201538e-04	2.560056e-03
2.812530e+03	-2.329256e-02	2.519262e-02	-1.329473e-03	2.371827e-02	1.442864e-04	-3.816071e-04
2.824920e+03	-2.073833e-02	-9.428189e-03	-4.600246e-04	2.420529e-02	-6.798483e-04	-3.545828e-03
2.837310e+03	4.683058e-03	-1.123666e-02	-3.549239e-05	9.884897e-04	-1.739899e-03	-5.675887e-03
2.849700e+03	4.658110e-03	-1.430988e-02	4.538435e-03	-1.176673e-02	6.143910e-03	7.129423e-03
2.862090e+03	-7.834784e-03	-7.551081e-03	-2.616152e-04	1.201955e-02	2.684959e-03	-4.161139e-03
2.874480e+03	4.793394e-04	1.230005e-02	4.093508e-03	-7.095768e-03	-8.448402e-03	6.973058e-03
2.886870e+03	2.599538e-02	1.713651e-02	2.249214e-03	-2.007238e-02	-1.205328e-03	-5.965934e-03
2.899260e+03	-8.979640e-03	-7.479431e-03	-5.103135e-03	-2.549512e-04	-2.638794e-03	9.292355e-03
2.911650e+03	-2.822823e-02	-3.159679e-03	2.752455e-04	3.506128e-02	2.197448e-03	-6.738502e-03
2.924040e+03	8.101523e-03	-2.092368e-02	9.422417e-04	-7.046065e-03	-3.258640e-05	-1.149561e-03
2.936430e+03	3.195280e-02	6.688501e-03	-7.830279e-04	-2.897665e-02	-1.333619e-04	-2.970417e-03
2.948820e+03	2.804482e-03	3.846303e-02	-6.542824e-05	-1.032982e-03	-1.425178e-03	-1.819204e-03
2.961210e+03	-3.886808e-02	1.620086e-02	4.011864e-04	4.028646e-02	-2.362131e-04	-1.356244e-03
2.973600e+03	-3.706052e-02	-3.361091e-02	6.502352e-04	3.871275e-02	-4.213624e-04	-1.613268e-03
2.985990e+03	1.377511e-02	-5.019572e-02	3.971998e-05	-1.487936e-02	3.471241e-04	1.112273e-03
2.998380e+03	5.285235e-02	-1.299627e-02	-1.377966e-04	-5.566685e-02	9.376183e-04	2.778658e-03
3.010770e+03	3.876214e-02	4.026056e-02	-3.810550e-04	-4.218598e-02	5.213703e-04	3.438141e-03
3.023160e+03	-1.661124e-02	5.666792e-02	-8.928798e-04	1.259514e-02	-3.608128e-04	3.939049e-03
3.035550e+03	-5.788524e-02	1.610399e-02	-3.780013e-04	5.432630e-02	-1.550495e-04	3.711407e-03
3.047940e+03	-4.120813e-02	-4.113164e-02	4.770690e-05	3.873826e-02	-3.110534e-04	2.457448e-03
3.060330e+03	1.898978e-02	-5.354603e-02	3.580812e-04	-1.953117e-02	-1.398035e-04	5.426082e-04
3.072720e+03	5.352451e-02	-3.743156e-03	3.411453e-04	-5.226655e-02	6.992389e-04	-1.075104e-03
3.085110e+03	1.976399e-02	4.437935e-02	-6.701110e-05	-1.857793e-02	9.031589e-04	-1.194206e-03
3.097500e+03	-3.291075e-02	2.593151e-02	-7.330677e-04	3.571972e-02	1.531967e-04	-2.581142e-03
3.109890e+03	-2.551999e-02	-2.910003e-02	-2.250502e-04	2.883144e-02	-4.443286e-05	-3.379046e-03
3.122280e+03	1.405982e-02	-2.295202e-02	-1.649600e-03	-1.803107e-02	-3.226018e-04	4.073245e-03
3.134670e+03	2.659199e-02	2.120747e-02	1.643428e-03	-2.315462e-02	1.386824e-03	-3.320496e-03
3.147060e+03	-9.476585e-03	2.956641e-02	-2.191898e-03	7.815032e-03	-1.686567e-03	1.979754e-03
3.159450e+03	-2.393273e-02	-1.452177e-02	6.456965e-04	2.596003e-02	-9.426861e-04	-2.375514e-03
3.171840e+03	1.823843e-02	-2.964274e-02	1.297680e-03	-1.467708e-02	6.386214e-04	-3.600134e-03
3.184230e+03	2.101610e-02	6.972368e-03	-1.717070e-03	-2.278679e-02	3.530286e-04	1.822492e-03
3.196620e+03	-2.730880e-03	3.509858e-02	-1.470851e-04	4.862788e-03	-4.156789e-04	-2.139251e-03
3.209010e+03	-3.617876e-02	7.357310e-03	-6.256445e-04	3.883134e-02	5.721671e-04	-2.579019e-03
3.221400e+03	-1.725943e-02	-3.287482e-02	-3.784040e-04	1.740875e-02	3.620000e-04	-1.757339e-04
3.233790e+03	2.587807e-02	-3.023371e-02	-3.787185e-04	-2.652993e-02	-1.456231e-04	7.037097e-04
3.246180e+03	3.837745e-02	1.197919e-02	-2.804299e-04	-3.926636e-02	-5.521292e-05	9.488607e-04
3.258570e+03	5.330909e-03	3.858010e-02	-3.117680e-04	-6.879598e-03	1.599188e-04	1.579165e-03
3.270960e+03	-3.276609e-02	2.105305e-02	3.254237e-04	3.087527e-02	-3.674445e-04	1.977880e-03
3.283350e+03	-3.223060e-02	-1.834335e-02	-4.303283e-04	2.997331e-02	4.771605e-04	2.286068e-03
3.295740e+03	3.283830e-03	-3.457645e-02	-1.753313e-04	-4.472081e-03	1.853322e-04	1.197172e-03
3.308130e+03	3.095256e-02	-7.996530e-03	-2.336841e-04	-3.127008e-02	-1.321980e-04	3.559510e-04
3.320520e+03	1.724793e-02	2.441524e-02	-2.590114e-04	-1.664803e-02	6.301221e-04	-6.279180e-04
3.332910e+03	-1.725182e-02	2.117744e-02	-6.617921e-04	1.751707e-02	-2.697318e-04	-3.633683e-04
3.345300e+03	-1.958798e-02	-1.126992e-02	-7.220616e-04	2.072678e-02	-6.232607e-04	-1.102621e-03
3.357690e+03	1.098524e-02	-2.001074e-02	-1.619611e-05	-8.449376e-03	2.969225e-04	-2.612262e-03
3.370080e+03	2.106110e-02	2.683749e-03	9.906458e-04	-2.085041e-02	1.467844e-03	-2.497337e-04
3.382470e+03	-7.335742e-03	1.611788e-02	-8.519973e-04	6.573524e-03	-3.809966e-04	7.599330e-04
3.394860e+03	-1.957730e-02	-3.623116e-03	-1.570383e-04	2.193313e-02	-1.923281e-05	-2.317650e-03
3.407250e+03	-2.667814e-04	-1.923743e-02	-6.972502e-04	7.566379e-04	-7.379313e-04	-4.710503e-04
3.419640e+03	1.872695e-02	-8.853050e-04	-1.065860e-03	-1.921294e-02	5.528506e-04	5.292385e-04
3.432030e+03	8.494976e-03	2.311061e-02	-9.050429e-04	-7.058082e-03	1.114050e-04	-1.425132e-03
3.444420e+03	-2.015552e-02	1.117090e-02	2.179218e-04	2.174585e-02	-1.060312e-03	-1.747101e-03
3.456810e+03	-1.750193e-02	-1.821001e-02	-1.469944e-04	1.762906e-02	-3.392149e-04	-9.120771e-05
3.469200e+03	1.120584e-02	-2.363174e-02	-5.884004e-05	-1.128806e-02	6.894351e-04	7.142026e-05
3.481590e+03	2.761467e-02	2.855168e-03	1.458822e-04	-2.907056e-02	-2.597180e-05	1.381196e-03
3.493980e+03	8.461425e-03	2.595687e-02	-4.384202e-04	-1.023349e-02	-1.544784e-04	1.798118e-03
3.506370e+03	-2.216832e-02	1.833907e-02	-4.819722e-04	1.956883e-02	1.922952e-04	2.669946e-03
3.518760e+03	-2.704972e-02	-1.187149e-02	1.415417e-04	2.518964e-02	-2.497686e-04	1.873539e-03
3.531150e+03	1.217995e-03	-2.766709e-02	3.384807e-04	-1.835729e-03	-6.135165e-04	5.837743e-04
3.543540e+03	2.624067e-02	-9.213439e-03	-1.703554e-04	-2.724548e-02	-6.871240e-04	9.173009e-04
3.555930e+03	1.630750e-02	2.077268e-02	-3.779599e-04	-1.650238e-02	-3.128194e-04	2.324745e-04
3.568320e+03	-1.436319e-02	2.052001e-02	-2.109107e-04	1.529403e-02	-5.129720e-04	-8.888573e-04
3.580710e+03	-2.126195e-02	-9.573100e-03	3.682481e-04	2.267077e-02	-6.217532e-06	-1.468767e-03
3.593100e+03	6.937680e-03	-2.426379e-02	3.555598e-04	-5.700432e-03	-6.251410e-04	-1.303948e-03
3.605490e+03	1.980482e-02	-1.000600e-03	-8.743758e-04	-2.037140e-02	-5.862975e-04	3.696642e-04
3.617880e+03	2.206019e-04	2.279095e-02	-7.006985e-04	4.995215e-04	1.109505e-04	-6.906156e-04
3.630270e+03	-2.158965e-02	3.562957e-03	4.215223e-05	2.356085e-02	1.295362e-04	-1.972191e-03
3.642660e+03	-8.278183e-03	-1.975028e-02	-4.256801e-04	8.825850e-03	3.091475e-04	-5.208869e-04
3.655050e+03	1.897457e-02	-9.594607e-03	4.834482e-04	-1.861792e-02	-1.478471e-04	-3.599454e-04
3.667440e+03	1.770390e-02	1.861008e-02	-7.009961e-05	-1.656772e-02	7.067520e-04	-1.114040e-03
3.679830e+03	-1.282130e-02	2.014550e-02	3.207989e-04	1.310474e-02	-4.086430e-04	-2.611071e-04
3.692220e+03	-2.329716e-02	-9.661587e-03	2.807362e-04	2.333593e-02	7.415755e-04	-1.560013e-04
3.704610e+03	6.688570e-04	-2.646677e-02	3.956360e-04	-3.680212e-04	-2.250110e-04	-3.071215e-04
3.717000e+03	2.611193e-02	-8.087233e-03	-2.018523e-04	-2.679545e-02	-3.881042e-04	6.306370e-04
3.729390e+03	1.603617e-02	2.145953e-02	-9.859965e-05	-1.683303e-02	5.582278e-04	8.270373e-04
3.741780e+03	-1.314497e-02	2.420299e-02	2.156130e-04	1.204237e-02	8.991995e-04	1.134658e-03
3.754170e+03	-2.743719e-02	-3.901023e-03	-2.299140e-05	2.544314e-02	-1.897012e-04	2.042612e-03
3.766560e+03	-6.336095e-03	-2.532703e-02	-1.292369e-04	5.070836e-03	-4.477156e-04	1.239143e-03
3.778950e+03	2.029834e-02	-1.476717e-02	1.748559e-04	-2.170144e-02	3.677670e-05	1.474965e-03
3.791340e+03	1.844239e-02	1.550574e-02	2.775601e-04	-1.889188e-02	2.253938e-04	4.888400e-04
3.803730e+03	-1.070851e-02	2.075994e-02	8.402659e-04	9.677696e-03	-1.343942e-04	1.058882e-03
3.816120e+03	-2.095050e-02	-3.929518e-03	-7.191643e-04	2.238353e-02	-2.168978e-04	-1.394795e-03
3.828510e+03	-1.050182e-03	-2.134629e-02	3.864039e-04	2.086829e-03	-1.696075e-04	-8.604854e-04
3.840900e+03	1.852083e-02	-3.736282e-03	-3.537908e-05	-1.826313e-02	-7.051085e-05	-3.188099e-04
3.853290e+03	7.493067e-03	2.101237e-02	-5.684132e-04	-8.035807e-03	5.327170e-04	3.197549e-04
3.865680e+03	-1.476364e-02	1.080825e-02	1.503152e-04	1.683754e-02	-1.025344e-03	-1.820868e-03
3.878070e+03	-1.281730e-02	-1.379195e-02	5.384743e-04	1.408901e-02	-6.485988e-04	-1.153993e-03
3.890460e+03	1.357446e-02	-1.617565e-02	9.015863e-05	-1.189694e-02	-5.585879e-04	-1.652503e-03
3.902850e+03	1.803592e-02	7.538469e-03	-6.116978e-04	-1.736849e-02	6.714771e-04	-6.856831e-04
3.915240e+03	-5.989171e-03	1.755511e-02	-4.800961e-04	6.288190e-03	7.323697e-04	-3.023958e-04
3.927630e+03	-1.964219e-02	-1.098631e-03	2.861655e-04	1.891743e-02	-1.261650e-04	7.041857e-04
3.940020e+03	-5.609598e-03	-2.040003e-02	-4.607950e-04	6.238280e-03	-6.099347e-04	-6.401320e-04
3.952410e+03	1.691352e-02	-1.228444e-02	-1.595122e-05	-1.748383e-02	3.607472e-04	5.831181e-04
3.964800e+03	1.622966e-02	1.291369e-02	-3.662426e-04	-1.722506e-02	1.334045e-04	9.092875e-04
3.977190e+03	-6.222505e-03	2.069886e-02	-1.634105e-04	5.263923e-03	4.351529e-05	1.068275e-03
3.989580e+03	-2.110366e-02	9.739931e-04	-5.145010e-04	2.020267e-02	-1.237217e-04	8.643127e-04
4.001970e+03	-9.577821e-03	-2.085479e-02	-4.662750e-04	8.186614e-03	-3.881334e-04	1.380869e-03
4.014360e+03	1.460215e-02	-1.483358e-02	1.905566e-05	-1.536425e-02	-1.440403e-04	7.173873e-04
4.026750e+03	1.761083e-02	9.210753e-03	6.367175e-05	-1.770726e-02	5.851728e-05	7.324544e-05
4.039140e+03	-5.136424e-03	1.877990e-02	-2.104713e-03	5.408334e-03	-4.793853e-05	-2.549098e-04
4.051530e+03	-1.790165e-02	3.244072e-04	-1.079977e-03	1.839999e-02	1.140194e-04	-5.003409e-04
4.063920e+03	-3.027751e-03	-1.726719e-02	4.162199e-04	4.356345e-03	2.249178e-05	-1.219751e-03
4.076310e+03	1.311392e-02	-7.162768e-03	-3.333144e-04	-1.288719e-02	-3.594764e-04	-1.523747e-04
4.088700e+03	9.629168e-03	1.382705e-02	-1.384056e-03	-8.826032e-03	8.622761e-04	-8.065352e-04
4.101090e+03	-1.103865e-02	1.352886e-02	-4.992342e-04	1.208701e-02	1.776389e-04	-1.083830e-03
4.113480e+03	-1.157130e-02	-7.933263e-03	5.780739e-06	1.153816e-02	-4.761739e-06	6.364165e-05
4.125870e+03	6.202029e-03	-1.381151e-02	-1.773286e-04	-4.877033e-03	-5.561919e-04	-1.012986e-03
4.138260e+03	1.581316e-02	4.378569e-03	-7.660139e-05	-1.553651e-02	1.284098e-04	-1.273419e-04
4.150650e+03	-9.282110e-04	1.540000e-02	-2.369963e-04	2.710712e-03	-7.412135e-04	-1.373371e-03
4.163040e+03	-1.588023e-02	3.773793e-03	2.676283e-05	1.673514e-02	-6.411609e-04	-7.578424e-04
4.175430e+03	-7.415349e-03	-1.531079e-02	4.753550e-04	7.164579e-03	-4.862908e-05	2.718433e-04
4.187820e+03	1.080973e-02	-1.224752e-02	8.515592e-04	-1.145259e-02	4.167760e-04	6.270622e-04
4.200210e+03	1.429209e-02	8.040309e-03	-2.460503e-05	-1.490994e-02	2.826081e-04	5.526508e-04
4.212600e+03	-2.092075e-03	1.617112e-02	1.316047e-04	1.435167e-03	2.788651e-05	7.283254e-04
4.224990e+03	-1.601144e-02	2.364352e-03	2.048772e-04	1.485491e-02	-4.442852e-05	1.286689e-03
4.237380e+03	-7.699422e-03	-1.425781e-02	7.532622e-05	6.777525e-03	1.583404e-04	9.102255e-04
4.249770e+03	9.557505e-03	-1.227814e-02	-4.998346e-04	-1.068359e-02	-9.007031e-05	1.148089e-03
4.262160e+03	1.363840e-02	6.347590e-03	-1.856887e-04	-1.390259e-02	1.674806e-04	4.506787e-04
4.274550e+03	-1.116016e-03	1.424770e-02	-5.708242e-04	1.138463e-03	2.584505e-04	-1.438586e-04
4.286940e+03	-1.401184e-02	6.823306e-04	-5.134776e-04	1.386896e-02	2.160397e-04	1.339643e-04
4.299330e+03	-3.239128e-03	-1.272636e-02	-4.347832e-04	3.839091e-03	2.569305e-04	-5.953679e-04
4.311720e+03	1.093931e-02	-7.573919e-03	1.047539e-04	-1.027335e-02	2.811805e-04	-6.205270e-04
4.324110e+03	7.783176e-03	1.025569e-02	-2.323022e-04	-8.102727e-03	3.738262e-04	2.093479e-04
4.336500e+03	-7.713202e-03	1.031758e-02	2.900710e-04	9.452730e-03	9.873256e-05	-1.429125e-03
4.348890e+03	-9.942715e-03	-4.019521e-03	-1.756354e-05	9.130735e-03	-1.109025e-03	7.587467e-04
4.361280e+03	3.812863e-03	-1.206433e-02	4.073157e-05	-2.274326e-03	4.498369e-04	-1.536065e-03
4.373670e+03	1.224041e-02	-6.165795e-04	6.453344e-05	-1.167940e-02	4.221950e-04	-5.266773e-04
4.386060e+03	1.566816e-03	9.832869e-03	-1.055054e-03	-1.198384e-03	-1.139744e-03	-4.063979e-04
4.398450e+03	-1.140547e-02	3.407638e-03	-2.118466e-04	1.086871e-02	5.195885e-04	4.127302e-04
4.410840e+03	-7.260778e-03	-9.977068e-03	-2.176741e-04	7.466045e-03	-2.150352e-04	-2.215904e-04
4.423230e+03	6.906991e-03	-1.025270e-02	9.797779e-05	-7.682222e-03	4.789812e-04	7.755596e-04
4.435620e+03	1.067917e-02	4.154690e-03	-3.241441e-05	-1.168567e-02	6.135374e-05	8.425434e-04
4.448010e+03	-2.565707e-03	9.250767e-03	-5.623570e-05	-3.638160e-04	-3.560170e-05	2.405904e-03
4.460400e+03	-1.194882e-02	1.867316e-03	9.779941e-04	1.012754e-02	5.492914e-04	1.841444e-03
4.472790e+03	-5.656492e-03	-1.022748e-02	6.333045e-04	4.693100e-03	-2.007196e-04	9.585451e-04
4.485180e+03	7.243659e-03	-7.962852e-03	7.926624e-04	-7.246109e-03	2.893544e-04	8.299358e-05
4.497570e+03	8.934077e-03	3.833157e-03	-3.763050e-04	-1.017161e-02	2.952926e-04	1.288358e-03
4.509960e+03	-1.392751e-03	1.189531e-02	-9.090366e-06	1.083419e-03	2.001661e-04	3.478423e-04
4.522350e+03	-1.095246e-02	2.437798e-03	-1.684081e-04	1.077812e-02	-7.206787e-05	1.456756e-04
4.534740e+03	-5.432952e-03	-9.099529e-03	3.434925e-04	4.635993e-03	-6.202810e-04	9.220527e-04
4.547130e+03	8.671550e-03	-5.003891e-03	-1.015388e-04	-8.655124e-03	1.850814e-04	-2.159506e-05
4.559520e+03	6.403341e-03	7.501916e-03	3.058745e-04	-7.252304e-03	-1.358002e-04	5.313764e-04
4.571910e+03	-5.059083e-03	1.004196e-02	-1.060726e-03	5.007923e-03	8.088659e-04	-2.612152e-05
4.584300e+03	-8.223488e-03	-2.711818e-03	1.580758e-03	7.631638e-03	-1.090363e-03	5.481174e-04
4.596690e+03	1.952590e-03	-8.497414e-03	-1.681126e-04	-2.022267e-03	3.832555e-04	-4.870932e-05
4.609080e+03	8.881369e-03	-7.951054e-04	5.890252e-04	-8.450285e-03	-1.770312e-03	-4.448271e-04
4.621470e+03	1.984099e-03	1.019812e-02	-4.091529e-04	-1.919426e-03	-6.312931e-05	-7.665488e-05
4.633860e+03	-9.099678e-03	3.449257e-03	2.457496e-04	9.473414e-03	-1.636124e-03	-3.907992e-04
4.646250e+03	-6.593555e-03	-9.064368e-03	9.414536e-05	6.516566e-03	-6.077646e-04	1.220410e-04
4.658640e+03	5.624445e-03	-8.203992e-03	1.506101e-04	-5.459918e-03	7.108440e-05	-2.262209e-04
4.671030e+03	9.724637e-03	3.305148e-03	-2.189475e-04	-1.046015e-02	-1.787551e-04	7.547416e-04
4.683420e+03	-7.979595e-05	9.345658e-03	1.400415e-03	4.981174e-04	-1.446340e-04	-4.591031e-04
4.695810e+03	-9.548723e-03	2.476770e-03	2.658793e-04	8.825140e-03	1.291720e-04	7.181820e-04
4.708200e+03	-6.547939e-03	-8.888178e-03	1.645699e-04	5.705482e-03	-2.091689e-04	8.913668e-04
4.720590e+03	5.091842e-03	-7.307122e-03	3.759011e-04	-5.124092e-03	4.150041e-04	2.852837e-05
4.732980e+03	9.382533e-03	3.727119e-03	-2.932546e-04	-9.925162e-03	-2.778933e-04	5.271779e-04
4.745370e+03	-6.484194e-04	8.363672e-03	2.675660e-04	-3.653377e-04	3.382651e-04	9.814558e-04
4.757760e+03	-8.144827e-03	1.944842e-03	-5.699851e-04	8.168753e-03	-2.242420e-04	-2.281743e-05
4.770150e+03	-4.618930e-03	-8.979859e-03	-4.901290e-04	3.809861e-03	-3.424207e-04	7.074885e-04
4.782540e+03	6.462488e-03	-6.142617e-03	-3.890700e-04	-6.220275e-03	-4.230400e-04	-2.786341e-04
4.794930e+03	7.579590e-03	5.724303e-03	2.029330e-04	-7.075510e-03	4.014087e-04	-3.620137e-04
4.807320e+03	-3.754673e-03	7.493953e-03	-1.387609e-04	4.040705e-03	2.533862e-04	-3.057235e-04
4.819710e+03	-9.110649e-03	-4.055580e-03	-1.290542e-03	9.085065e-03	6.348914e-04	1.292822e-05
4.832100e+03	9.393262e-05	-1.039852e-02	5.191447e-04	7.816954e-04	5.782796e-05	-8.802162e-04
4.844490e+03	7.159960e-03	-9.483427e-04	2.536418e-04	-7.366613e-03	-3.065044e-04	2.969428e-04
4.856880e+03	2.211344e-03	8.467764e-03	2.698281e-04	-1.960570e-03	-1.284187e-04	-2.937974e-04
4.869270e+03	-4.337640e-03	4.811205e-03	-4.766281e-04	6.363130e-03	-4.002872e-04	-2.025498e-03
4.881660e+03	-6.355703e-03	-5.270111e-03	-9.945718e-04	6.165020e-03	3.636060e-04	1.591628e-04
4.894050e+03	3.915386e-03	-7.242812e-03	5.836990e-04	-3.706955e-03	-9.741826e-04	-2.183586e-04
4.906440e+03	8.097189e-03	2.165064e-03	2.979529e-04	-7.985384e-03	-6.594475e-04	-5.186758e-05
4.918830e+03	6.278813e-04	9.995114e-03	4.687484e-04	-8.270823e-04	-1.301840e-03	2.028551e-04
4.931220e+03	-7.972071e-03	4.031011e-03	-7.767363e-05	7.516576e-03	2.798557e-04	4.398135e-04
4.943610e+03	-5.890258e-03	-5.929015e-03	1.360477e-04	4.694429e-03	5.508641e-04	1.196532e-03
4.956000e+03	5.423104e-03	-7.883736e-03	-5.683192e-04	-6.859740e-03	7.468832e-04	1.279916e-03
4.968390e+03	7.935733e-03	1.436373e-03	-2.712754e-04	-8.291713e-03	8.955637e-04	3.550600e-04
4.980780e+03	5.571514e-04	8.482695e-03	-1.469932e-04	-1.370223e-03	6.547069e-04	8.174130e-04
4.993170e+03	-8.732905e-03	3.313531e-03	1.297518e-04	9.109861e-03	4.404108e-04	-3.736296e-04
5.005560e+03	-5.251162e-03	-5.883893e-03	1.338271e-04	5.734961e-03	-6.814393e-05	-4.775260e-04
5.017950e+03	5.485573e-03	-3.897151e-03	5.829760e-04	-4.757853e-03	7.880494e-04	-6.772353e-04
5.030340e+03	9.071297e-03	3.380372e-03	4.825558e-04	-9.642330e-03	1.475769e-04	5.705760e-04
5.042730e+03	-9.690117e-04	8.559027e-03	3.690348e-04	1.224818e-03	5.737436e-04	-3.520947e-04
5.055120e+03	-5.650774e-03	1.327417e-03	-1.289341e-03	6.938961e-03	-1.619244e-03	-1.269670e-03
5.067510e+03	1.200555e-03	-6.575727e-03	1.462914e-03	-7.856137e-04	4.113043e-04	-4.422097e-04
5.079900e+03	7.662871e-03	-3.566300e-03	-2.388189e-04	-7.295484e-03	-1.256962e-04	-3.589106e-04
5.092290e+03	2.852620e-03	6.336100e-03	-3.067102e-05	-3.170862e-03	2.906879e-04	4.315448e-04
5.104680e+03	-6.275966e-03	5.645839e-03	-4.151791e-04	6.235109e-03	1.010887e-04	2.465045e-04
5.117070e+03	-4.639400e-03	-4.074055e-03	8.800993e-04	5.599568e-03	7.601787e-05	-9.316854e-04
5.129460e+03	3.019762e-03	-7.188088e-03	6.837933e-04	-2.444658e-03	2.308885e-05	-6.369238e-04
5.141850e+03	7.907073e-03	-5.444811e-04	-1.369879e-05	-7.319557e-03	-3.262393e-05	-5.879808e-04
5.154240e+03	3.159673e-03	7.129481e-03	-4.592972e-05	-2.392890e-03	-2.536745e-04	-6.461660e-04
5.166630e+03	-4.650386e-03	3.204816e-03	4.801050e-05	5.099908e-03	-3.647877e-04	-5.108648e-04
5.179020e+03	-4.652145e-03	-5.707317e-03	3.456319e-04	4.679356e-03	-2.595699e-04	1.458302e-04
5.191410e+03	4.055055e-03	-7.935026e-03	1.254256e-03	-3.711216e-03	-3.709024e-04	-3.908807e-04
5.203800e+03	6.907820e-03	4.591955e-04	4.063165e-04	-7.316834e-03	-1.985684e-04	3.991175e-04
5.216190e+03	1.668284e-03	5.056532e-03	5.421935e-04	-1.685514e-03	-7.676805e-04	1.360877e-04
5.228580e+03	-6.973882e-03	2.161043e-03	-4.222621e-05	6.570000e-03	-1.612885e-04	3.797188e-04
5.240970e+03	-5.476099e-03	-4.615257e-03	1.614885e-04	4.795735e-03	-4.728790e-04	5.977034e-04
5.253360e+03	3.493924e-03	-4.369165e-03	4.500739e-04	-4.168627e-03	-3.752438e-04	6.699951e-04
5.265750e+03	6.188048e-03	1.657592e-03	1.307663e-04	-5.930407e-03	-3.388174e-04	-3.010351e-04
5.278140e+03	-9.233922e-04	7.930076e-03	-4.001834e-04	3.002555e-04	1.447542e-04	6.078053e-04
5.290530e+03	-5.512255e-03	2.448418e-03	-4.109246e-04	5.090887e-03	7.287311e-04	4.131128e-04
5.302920e+03	-2.360683e-03	-6.781485e-03	3.707705e-04	2.716058e-03	-9.815894e-04	-4.409280e-04
5.315310e+03	4.761944e-03	-1.784774e-03	-3.897191e-04	-4.807607e-03	-1.272486e-04	7.681152e-05
5.327700e+03	4.049201e-03	3.908539e-03	-1.144745e-04	-4.264562e-03	1.867262e-04	3.543782e-05
5.340090e+03	-4.647429e-03	4.300654e-03	2.746653e-04	5.023730e-03	2.242360e-04	-4.252389e-04
5.352480e+03	-5.683829e-03	-9.223758e-04	-2.961351e-04	6.606182e-03	-8.462695e-04	-9.155540e-04
5.364870e+03	8.926788e-04	-6.639986e-03	-6.840987e-04	-1.871293e-03	3.839918e-04	1.108453e-03
5.377260e+03	6.524301e-03	2.726496e-04	-4.353124e-04	-6.602615e-03	8.564657e-05	6.977843e-05
5.389650e+03	3.233267e-03	5.780000e-03	7.411881e-04	-3.221191e-03	1.190572e-03	-1.332138e-05
5.402040e+03	-5.515632e-03	2.913371e-03	8.888471e-04	5.012099e-03	6.188898e-04	4.920843e-04
5.414430e+03	-4.658836e-03	-4.006481e-03	2.112900e-04	4.250107e-03	2.392028e-04	4.118443e-04
5.426820e+03	1.995712e-04	-7.125679e-03	7.017348e-04	-1.890789e-03	1.634644e-04	1.569557e-03
5.439210e+03	4.486556e-03	1.582864e-03	3.728248e-05	-4.974064e-03	-1.801534e-04	4.741883e-04
5.451600e+03	8.961190e-04	5.962382e-03	-1.152132e-03	-1.892245e-03	-5.006538e-04	9.165962e-04
5.463990e+03	-6.441919e-03	2.734877e-03	-6.646837e-04	5.259812e-03	-3.441488e-04	1.233194e-03
5.476380e+03	-5.668472e-03	-2.470635e-03	-4.812851e-04	4.971977e-03	-5.297473e-04	6.923370e-04
5.488770e+03	3.971911e-03	-4.573393e-03	1.416262e-04	-3.611972e-03	-4.731893e-05	-3.555432e-04
5.501160e+03	6.052304e-03	1.342459e-03	9.220019e-05	-6.017351e-03	5.460903e-05	-2.361062e-05
5.513550e+03	2.872667e-04	4.720356e-03	-1.535921e-04	-6.114689e-04	-8.800399e-07	2.869054e-04
5.525940e+03	-5.266394e-03	2.228570e-03	-5.213070e-05	5.036426e-03	-1.557008e-04	1.750163e-04
5.538330e+03	-1.877209e-03	-3.926580e-03	4.482299e-05	1.402451e-03	5.191879e-05	3.919678e-04
5.550720e+03	2.524270e-03	-5.145215e-03	-4.789621e-04	-2.982347e-03	1.486671e-04	4.551517e-04
5.563110e+03	3.261943e-03	3.989350e-03	3.503726e-04	-4.120012e-03	-2.012504e-04	8.635689e-04
5.575500e+03	-1.479582e-03	5.211156e-03	-9.446883e-04	1.575130e-03	1.507210e-05	-9.322806e-05
5.587890e+03	-3.818649e-03	-6.554121e-04	-6.274238e-04	3.848612e-03	1.517172e-04	-3.635303e-05
5.600280e+03	1.917779e-03	-4.360656e-03	3.156316e-05	-2.656603e-03	-4.026905e-04	7.323009e-04
5.612670e+03	6.443308e-03	-2.715599e-03	-2.648626e-04	-6.116252e-03	-1.378487e-04	-3.286444e-04
5.625060e+03	3.446430e-03	2.648799e-03	-2.452101e-04	-3.035795e-03	1.029719e-04	-4.537989e-04
5.637450e+03	-4.107150e-03	3.466336e-03	-1.198505e-03	3.821491e-03	1.903731e-03	2.549134e-04
5.649840e+03	-6.124739e-03	-1.975649e-03	-3.028697e-04	6.244973e-03	8.035951e-04	-1.461659e-04
5.662230e+03	4.261361e-04	-5.575995e-03	-1.812765e-04	-9.651182e-04	1.178378e-03	5.113750e-04
5.674620e+03	5.094739e-03	-1.716859e-03	-1.849799e-04	-5.970367e-03	1.546454e-04	8.777399e-04
5.687010e+03	2.540000e-03	5.226856e-03	-2.873069e-05	-3.840162e-03	-8.298288e-04	1.306402e-03
5.699400e+03	-3.881536e-03	4.154767e-03	-1.017563e-04	3.529808e-03	-1.194724e-04	3.284657e-04
5.711790e+03	-3.579392e-03	-2.326057e-03	-2.206275e-04	2.574146e-03	-8.721783e-04	9.999633e-04
5.724180e+03	1.268456e-03	-4.713682e-03	-1.728681e-04	-1.530909e-03	3.668123e-04	2.644634e-04
5.736570e+03	4.417395e-03	-4.895298e-04	1.009732e-04	-4.989819e-03	1.299431e-03	5.396384e-04
5.748960e+03	2.548520e-04	6.229959e-03	3.298780e-05	7.154323e-04	6.457208e-05	-9.712828e-04
5.761350e+03	-2.331770e-03	4.105518e-03	1.088356e-03	4.485894e-03	5.805074e-04	-2.148791e-03
5.773740e+03	-2.088559e-03	-2.290887e-03	-4.903750e-04	3.421901e-03	-1.437683e-03	-1.289851e-03
5.786130e+03	4.641225e-03	-2.428869e-03	3.113744e-04	-3.498841e-03	6.722582e-04	-1.205983e-03
5.798520e+03	7.707060e-03	3.559566e-03	3.445745e-04	-5.378764e-03	2.916426e-05	-2.327144e-03
5.810910e+03	5.402557e-03	5.364550e-03	-2.703507e-04	-3.029246e-03	-7.186915e-04	-2.369394e-03
5.823300e+03	-1.230088e-03	-2.486476e-04	-7.286061e-04	2.571309e-03	-3.585045e-04	-1.363857e-03
5.835690e+03	-1.645978e-03	-8.458605e-03	-1.497373e-03	7.766461e-04	-6.641864e-04	7.836406e-04
5.848080e+03	4.230522e-03	-5.800334e-03	4.824733e-04	-4.213067e-03	1.858531e-04	5.467193e-05
5.860470e+03	6.452102e-04	1.959336e-03	4.077832e-04	-1.531721e-03	-3.747499e-05	8.807052e-04
5.872860e+03	-5.129724e-03	4.512829e-03	-8.975595e-04	4.009622e-03	-1.590926e-04	1.120544e-03
5.885250e+03	-3.029886e-03	-3.145564e-04	-2.554806e-04	3.686817e-03	2.903359e-06	-6.242781e-04
5.897640e+03	1.899227e-03	-3.408608e-03	5.467691e-05	-1.321589e-03	-7.529140e-05	-5.566920e-04
5.910030e+03	5.466789e-03	-1.241702e-03	-8.784878e-04	-5.429369e-03	1.571435e-04	-7.597111e-05
5.922420e+03	2.362010e-03	4.045438e-03	-8.739759e-04	-3.076496e-03	2.373747e-04	7.577609e-04
5.934810e+03	-3.942428e-03	4.270765e-03	-4.506761e-04	2.356485e-03	-4.277501e-05	1.516502e-03
5.947200e+03	-4.488488e-03	-1.388786e-03	-2.114341e-04	3.702307e-03	-1.227497e-05	8.110753e-04
5.959590e+03	9.395991e-04	-4.169666e-03	8.116709e-04	-1.296331e-03	-9.913417e-04	5.384120e-04
5.971980e+03	4.749522e-03	-1.175283e-03	3.440825e-04	-4.728032e-03	-6.826218e-04	-1.044346e-05
5.984370e+03	2.783469e-03	3.265016e-03	-3.525294e-04	-2.657701e-03	2.334077e-04	-1.439362e-04
5.996760e+03	-2.366827e-03	2.305482e-03	-4.663680e-04	2.411435e-03	6.577282e-04	-2.825942e-06
6.009150e+03	-3.991436e-03	-2.637659e-03	-1.536648e-04	4.304732e-03	1.581384e-04	-3.220303e-04
6.021540e+03	1.298875e-03	-4.698382e-03	-1.074380e-03	-5.447004e-04	2.104585e-03	-6.680166e-04
6.033930e+03	3.943354e-03	-1.881988e-03	-7.694506e-04	-3.851369e-03	2.682711e-03	-1.316393e-04
6.046320e+03	1.537277e-04	2.546230e-03	-3.178865e-04	-3.112321e-04	1.891394e-03	1.465661e-04
6.058710e+03	-5.211078e-03	9.906187e-04	2.186723e-05	6.400151e-03	1.100274e-03	-1.185814e-03
6.071100e+03	-3.345042e-03	-2.350090e-03	2.066281e-04	3.481301e-03	-1.941358e-03	-1.257892e-04
6.083490e+03	5.961460e-04	-1.129677e-03	-5.539741e-04	-9.811069e-05	-2.823597e-03	-5.898990e-04
6.095880e+03	4.528633e-03	4.376592e-03	-9.360564e-04	-4.244661e-03	-1.436949e-03	-3.181931e-04
6.108270e+03	1.305575e-03	5.458641e-03	-8.252772e-04	-2.210374e-04	3.762301e-04	-1.197465e-03
6.120660e+03	-1.703572e-03	6.010522e-04	2.096123e-04	2.890335e-03	1.469917e-03	-1.128078e-03
6.133050e+03	-1.527663e-03	-5.258585e-03	1.300688e-03	2.113186e-03	1.872569e-03	-6.421867e-04
6.145440e+03	3.189049e-03	-3.449996e-03	1.309998e-03	-1.839740e-03	1.129996e-03	-1.349999e-03
6.157830e+03	1.271443e-03	1.942234e-03	3.224282e-04	-5.344128e-04	-2.714552e-04	-9.001297e-04
6.170220e+03	-3.159585e-03	4.435250e-03	6.647244e-04	3.887427e-03	-1.918374e-04	-8.563059e-04
6.182610e+03	-6.393416e-03	-2.600338e-03	1.072003e-03	3.337271e-03	1.663084e-04	3.051313e-03
6.195000e+03	-1.759707e-03	-4.557671e-03	1.284103e-03	1.663593e-04	2.599098e-04	1.402251e-03
6.207390e+03	1.170839e-03	-2.657953e-03	1.642861e-03	-2.975727e-03	1.681012e-04	1.700841e-03
6.219780e+03	6.254610e-04	1.447001e-03	1.175078e-03	-2.048880e-03	6.527664e-05	1.426635e-03
6.232170e+03	-1.729634e-03	2.419126e-03	1.594800e-03	1.317737e-03	-7.437217e-05	3.876238e-04
6.244560e+03	-1.472119e-03	-8.425981e-04	2.562339e-03	2.133786e-03	-1.360808e-04	-7.054247e-04
6.256950e+03	2.189463e-04	-4.607118e-03	4.802817e-04	-2.687326e-04	-2.924906e-04	5.866585e-05
6.269340e+03	2.729868e-03	-1.792571e-03	-4.272298e-05	-2.767591e-03	-8.164145e-05	4.229004e-05
6.281730e+03	2.435089e-03	5.900347e-04	-8.157492e-04	-1.509845e-03	1.854017e-04	-8.328670e-04
