1.300950e+03	6.986346e-02	-6.853013e-02	2.002510e-05	-6.967459e-02	3.925001e-05	-1.272131e-04
1.313340e+03	8.708733e-02	-4.222759e-02	7.443831e-06	-8.745874e-02	-4.542963e-05	3.510835e-04
1.325730e+03	9.433528e-02	-1.953262e-02	6.416090e-06	-9.450601e-02	-2.103081e-05	1.263204e-04
1.338120e+03	9.571817e-02	5.921022e-03	3.651678e-05	-9.567301e-02	1.759300e-06	-6.938299e-05
1.350510e+03	9.086454e-02	3.068975e-02	1.349019e-05	-9.088121e-02	3.489385e-05	-7.153591e-06
1.362900e+03	7.983684e-02	5.353478e-02	7.712830e-06	-8.009884e-02	6.242379e-05	2.247479e-04
1.375290e+03	6.310206e-02	7.242157e-02	-1.308384e-05	-6.340456e-02	7.300965e-05	3.468312e-04
1.387680e+03	4.168203e-02	8.639577e-02	-2.107734e-05	-4.198814e-02	5.725710e-05	3.056220e-04
1.400070e+03	1.769052e-02	9.401484e-02	-6.419839e-05	-1.789007e-02	6.704978e-05	2.385613e-04
1.412460e+03	-7.273952e-03	9.506969e-02	-4.252595e-05	7.149031e-03	1.301565e-05	1.568651e-04
1.424850e+03	-3.167311e-02	9.020358e-02	-6.956310e-05	3.147518e-02	-7.902841e-06	1.839474e-04
1.437240e+03	-5.455730e-02	7.908651e-02	-3.659982e-05	5.416452e-02	-1.468788e-05	4.446630e-04
1.449630e+03	-7.386461e-02	6.225376e-02	-4.088602e-05	7.326393e-02	-3.079040e-05	5.837953e-04
1.462020e+03	-8.761269e-02	4.048976e-02	-2.114907e-05	8.714629e-02	-3.000268e-05	4.426615e-04
1.474410e+03	-9.480054e-02	1.590473e-02	-1.641675e-05	9.460364e-02	-3.875451e-05	2.070309e-04
1.486800e+03	-9.596415e-02	-9.622031e-03	4.448585e-05	9.564003e-02	-5.146682e-06	2.955211e-04
1.499190e+03	-9.046547e-02	-3.482193e-02	2.120788e-05	8.997510e-02	-2.452075e-05	4.722353e-04
1.511580e+03	-7.798965e-02	-5.767757e-02	4.682719e-06	7.748628e-02	2.846624e-06	4.610931e-04
1.523970e+03	-5.964582e-02	-7.660970e-02	-3.681600e-05	5.923427e-02	-3.092828e-05	4.296076e-04
1.536360e+03	-3.709390e-02	-8.946312e-02	4.626862e-06	3.671874e-02	-1.322045e-05	3.309855e-04
1.548750e+03	-1.176171e-02	-9.620725e-02	1.696604e-05	1.156944e-02	-1.693742e-05	1.792574e-04
1.561140e+03	1.442634e-02	-9.618921e-02	-9.351942e-06	-1.465681e-02	-4.806087e-05	2.422750e-04
1.573530e+03	3.988779e-02	-8.916390e-02	3.825756e-06	-4.036841e-02	-6.531328e-05	4.289730e-04
1.585920e+03	6.294222e-02	-7.534663e-02	3.298243e-05	-6.334341e-02	-3.573797e-05	4.390839e-04
1.598310e+03	8.145434e-02	-5.514342e-02	3.245107e-05	-8.169204e-02	1.815061e-06	2.684940e-04
1.610700e+03	9.379618e-02	-3.057265e-02	4.138277e-05	-9.389217e-02	-2.143110e-06	8.972110e-05
1.623090e+03	9.904673e-02	-3.574860e-03	4.137064e-05	-9.914673e-02	5.968075e-05	8.583843e-05
1.635480e+03	9.677757e-02	2.416342e-02	2.491231e-05	-9.687602e-02	2.801489e-05	9.843773e-05
1.647870e+03	8.648701e-02	5.071477e-02	1.554260e-05	-8.666440e-02	6.121209e-05	2.332640e-04
1.660260e+03	6.865342e-02	7.327183e-02	-4.704887e-06	-6.883848e-02	1.535489e-05	1.327743e-04
1.672650e+03	4.544209e-02	8.986299e-02	-6.492510e-06	-4.538261e-02	4.800978e-05	-1.668064e-05
1.685040e+03	1.820768e-02	9.908380e-02	-2.515346e-05	-1.810336e-02	3.722181e-05	-1.413624e-04
1.697430e+03	-1.099828e-02	1.003980e-01	-2.776296e-05	1.102188e-02	1.204916e-05	-5.444598e-05
1.709820e+03	-3.944345e-02	9.426191e-02	-2.918722e-05	3.944345e-02	-9.671916e-06	8.193938e-06
1.722210e+03	-6.559935e-02	7.889463e-02	-5.092103e-05	6.559073e-02	1.644976e-06	-4.015386e-05
1.734600e+03	-8.610246e-02	5.679031e-02	-4.138399e-05	8.623202e-02	-2.122995e-05	-7.274809e-05
1.746990e+03	-9.946998e-02	2.874713e-02	-5.622541e-05	9.950896e-02	-2.257022e-05	-1.870404e-04
1.759380e+03	-1.038743e-01	-1.826486e-03	-3.772552e-06	1.039460e-01	-3.562591e-05	-3.173080e-04
1.771770e+03	-9.854260e-02	-3.278131e-02	-4.046023e-06	9.922189e-02	-2.595780e-05	-3.504034e-04
1.784160e+03	-8.522938e-02	-6.124920e-02	1.271420e-06	8.531481e-02	-2.205824e-05	-1.570605e-04
1.796550e+03	-6.272175e-02	-8.443452e-02	7.276445e-06	6.291952e-02	-2.232728e-05	-1.580938e-04
1.808940e+03	-3.425729e-02	-9.949797e-02	3.876131e-05	3.457630e-02	-3.240081e-05	-2.709653e-04
1.821330e+03	-2.474752e-03	-1.048711e-01	1.007037e-05	2.870294e-03	-4.687066e-05	-3.738979e-04
1.833720e+03	2.972546e-02	-1.022675e-01	4.530332e-05	-2.942861e-02	-4.529399e-05	-2.802320e-04
1.846110e+03	5.952004e-02	-8.812417e-02	4.597380e-05	-5.929110e-02	-5.110073e-05	-2.324675e-04
1.858500e+03	8.425993e-02	-6.569092e-02	8.192891e-05	-8.408500e-02	3.123709e-05	-1.875356e-04
1.870890e+03	1.015584e-01	-3.643596e-02	5.220056e-05	-1.006422e-01	1.477739e-05	-1.078835e-04
1.883280e+03	1.069759e-01	-3.073013e-03	5.056125e-05	-1.069759e-01	4.888043e-05	-3.007100e-04
1.895670e+03	1.027407e-01	3.082939e-02	2.917599e-05	-1.027532e-01	7.465429e-05	-3.795653e-04
1.908060e+03	8.851318e-02	6.168702e-02	-1.676162e-06	-8.819919e-02	1.080215e-04	-2.649608e-04
1.920450e+03	6.459509e-02	8.647025e-02	-2.540635e-05	-6.438757e-02	9.144224e-05	-1.749460e-04
1.932840e+03	3.406062e-02	1.028456e-01	-1.015694e-04	-3.406331e-02	1.059715e-04	-6.538317e-05
1.945230e+03	-4.117542e-04	1.078262e-01	-7.472345e-05	5.381499e-04	4.465435e-05	-1.131417e-04
1.957620e+03	-3.471219e-02	1.021894e-01	-8.683269e-05	3.481986e-02	-9.337996e-06	-1.449622e-04
1.970010e+03	-6.539420e-02	8.628926e-02	-8.603324e-05	6.554052e-02	-2.841145e-05	-1.858404e-04
1.982400e+03	-8.979930e-02	6.105464e-02	-3.180354e-05	8.980445e-02	-6.855224e-05	-7.532552e-05
1.994790e+03	-1.058959e-01	2.887831e-02	-4.157146e-05	1.049755e-01	-7.079221e-05	1.167232e-04
2.007180e+03	-1.089565e-01	-6.847090e-03	-9.688129e-06	1.089564e-01	-8.200325e-05	1.345744e-04
2.019570e+03	-1.010379e-01	-4.186910e-02	4.939834e-06	1.010886e-01	-7.100864e-05	-1.079938e-04
2.031960e+03	-8.170442e-02	-7.214848e-02	-1.369657e-05	8.190475e-02	-7.961119e-05	-1.503658e-04
2.044350e+03	-5.410360e-02	-9.485369e-02	6.183635e-05	5.413722e-02	-4.775706e-05	-6.404366e-05
2.056740e+03	-2.043636e-02	-1.074345e-01	4.272212e-05	2.042932e-02	-5.195222e-05	6.783014e-05
2.069130e+03	1.572101e-02	-1.087192e-01	7.032001e-05	-1.590386e-02	-5.118674e-05	1.838707e-04
2.081520e+03	5.065290e-02	-9.734177e-02	1.029109e-04	-5.075667e-02	-2.740922e-06	9.953661e-05
2.093910e+03	7.987195e-02	-7.556016e-02	1.219901e-04	-7.993849e-02	7.142372e-05	8.837648e-05
2.106300e+03	1.005427e-01	-4.506583e-02	8.182926e-05	-1.006364e-01	-1.707727e-05	1.197528e-04
2.118690e+03	1.103916e-01	-9.224713e-03	6.526350e-05	-1.103903e-01	1.793314e-04	1.405274e-04
2.131080e+03	1.074423e-01	2.797741e-02	-9.443973e-06	-1.074541e-01	1.055090e-04	1.830108e-04
2.143470e+03	9.170374e-02	6.262652e-02	-6.121902e-05	-9.190595e-02	1.163144e-04	2.175761e-04
2.155860e+03	6.534803e-02	8.975721e-02	-1.085484e-04	-6.544095e-02	1.148980e-04	5.448408e-05
2.168250e+03	3.157168e-02	1.068956e-01	-1.883395e-04	-3.156047e-02	8.688428e-05	2.281049e-05
2.180640e+03	-5.814490e-03	1.109161e-01	-1.155687e-04	5.730120e-03	-5.503645e-05	8.313018e-05
2.193030e+03	-4.333443e-02	1.030909e-01	-1.647363e-04	4.320844e-02	-5.481979e-05	1.155159e-04
2.205420e+03	-7.617569e-02	8.282498e-02	-9.406697e-05	7.588026e-02	-1.426757e-04	2.638709e-04
2.217810e+03	-1.001561e-01	5.160348e-02	1.654838e-05	1.001046e-01	-1.613625e-04	2.309950e-04
2.230200e+03	-1.122655e-01	1.398669e-02	2.681948e-05	1.122655e-01	-1.565802e-04	2.207785e-04
2.242590e+03	-1.102995e-01	-2.574311e-02	1.205517e-04	1.103025e-01	-1.024028e-04	5.284313e-05
2.254980e+03	-9.502026e-02	-6.280320e-02	1.278804e-04	9.490126e-02	-6.198833e-05	1.710333e-04
2.267370e+03	-6.733319e-02	-9.239046e-02	1.173451e-04	6.712246e-02	-8.301072e-06	1.905226e-04
2.279760e+03	-3.065405e-02	-1.103544e-01	6.153928e-05	3.055629e-02	-4.086221e-06	1.259534e-04
2.292150e+03	1.052478e-02	-1.134746e-01	7.802225e-05	-1.064115e-02	4.722912e-05	1.139526e-04
2.304540e+03	5.051263e-02	-1.038294e-01	6.733823e-05	-5.050666e-02	7.326898e-05	5.552234e-05
2.316930e+03	8.463099e-02	-7.899845e-02	3.319326e-05	-8.453807e-02	2.230824e-05	-7.950547e-07
2.329320e+03	1.076924e-01	-4.366987e-02	4.640383e-05	-1.085086e-01	1.376693e-07	1.639101e-04
2.341710e+03	1.168062e-01	-1.014404e-03	4.558376e-05	-1.168028e-01	9.929315e-05	3.328571e-04
2.354100e+03	1.100609e-01	4.211105e-02	-2.596658e-05	-1.100839e-01	1.964136e-04	2.100842e-04
2.366490e+03	8.670565e-02	8.033639e-02	-6.715334e-05	-8.699318e-02	1.526403e-04	2.158505e-04
2.378880e+03	5.103051e-02	1.070864e-01	-1.550037e-04	-5.122294e-02	1.158491e-04	1.580864e-04
2.391270e+03	7.251794e-03	1.186141e-01	-1.922354e-04	-7.437340e-03	3.694534e-05	1.801798e-04
2.403660e+03	-3.833429e-02	1.141999e-01	-2.288124e-04	3.813316e-02	-6.219612e-05	2.404161e-04
2.416050e+03	-7.962477e-02	9.108243e-02	-1.869521e-04	7.949558e-02	-1.456568e-04	2.617751e-04
2.428440e+03	-1.096866e-01	5.385116e-02	-6.763130e-05	1.089098e-01	-2.092154e-04	3.023122e-04
2.440830e+03	-1.225933e-01	6.900787e-03	-2.137110e-06	1.226003e-01	-2.274391e-04	2.507545e-04
2.453220e+03	-1.165368e-01	-4.237108e-02	1.110817e-04	1.165435e-01	-1.961033e-04	2.853040e-04
2.465610e+03	-9.044273e-02	-8.583400e-02	2.551546e-04	9.011845e-02	-8.683415e-05	3.634071e-04
2.478000e+03	-4.871094e-02	-1.155033e-01	1.609061e-04	4.831555e-02	-5.672587e-05	4.437565e-04
2.490390e+03	2.792484e-03	-1.258444e-01	1.449893e-04	-3.338559e-03	-3.043823e-05	5.312912e-04
2.502780e+03	5.524925e-02	-1.151642e-01	1.803897e-04	-5.564629e-02	1.053616e-04	4.597205e-04
2.515170e+03	9.947006e-02	-8.181333e-02	1.617940e-04	-1.004977e-01	2.178768e-04	6.317795e-04
2.527560e+03	1.264641e-01	-3.172452e-02	7.523793e-05	-1.267989e-01	1.961914e-04	6.099943e-04
2.539950e+03	1.282115e-01	2.720277e-02	-7.089688e-06	-1.292115e-01	2.097614e-04	8.419656e-04
2.552340e+03	1.042748e-01	8.303669e-02	-1.326422e-04	-1.052726e-01	2.898913e-04	8.761275e-04
2.564730e+03	5.596492e-02	1.235146e-01	-2.467968e-04	-5.704380e-02	2.012296e-04	1.089316e-03
2.577120e+03	-7.935694e-03	1.365139e-01	-3.534177e-04	6.727804e-03	3.628377e-05	1.191933e-03
2.589510e+03	-7.349292e-02	1.180520e-01	-3.368271e-04	7.204723e-02	-1.554551e-04	1.456324e-03
2.601900e+03	-1.243025e-01	6.832918e-02	-1.386753e-04	1.222830e-01	-3.479130e-04	1.796974e-03
2.614290e+03	-1.416957e-01	-4.679750e-03	9.491101e-05	1.396957e-01	-3.983153e-04	1.908318e-03
2.626680e+03	-1.204145e-01	-7.988851e-02	2.395972e-04	1.184311e-01	-2.956925e-04	1.971715e-03
2.639070e+03	-5.460287e-02	-1.338270e-01	3.476331e-04	5.285623e-02	-1.053674e-04	1.677599e-03
2.651460e+03	3.366308e-02	-1.387185e-01	2.972501e-04	-3.492439e-02	8.313724e-05	1.258341e-03
2.663850e+03	1.094129e-01	-8.726784e-02	1.999399e-04	-1.094123e-01	2.449976e-04	4.743855e-04
2.676240e+03	1.356473e-01	2.774755e-03	4.713886e-05	-1.346509e-01	3.725745e-04	-6.105477e-04
2.688630e+03	9.398363e-02	8.707482e-02	-2.183697e-04	-9.184852e-02	4.367066e-04	-1.731284e-03
2.701020e+03	6.215235e-03	1.144676e-01	-4.309176e-04	-2.761798e-03	1.555212e-04	-3.446703e-03
2.713410e+03	-6.829989e-02	7.429275e-02	-4.380299e-04	7.200762e-02	-2.472204e-04	-3.741436e-03
2.725800e+03	-8.330019e-02	-1.436755e-03	-2.588588e-06	8.766579e-02	-4.837987e-04	-4.386262e-03
2.738190e+03	-4.194313e-02	-5.264456e-02	2.995835e-04	4.638659e-02	-3.496361e-04	-4.456507e-03
2.750580e+03	1.118291e-02	-5.001343e-02	3.859950e-04	-6.861630e-03	-4.736722e-05	-4.299703e-03
2.762970e+03	3.139148e-02	-1.656866e-02	2.051933e-04	-2.762914e-02	3.073049e-04	-3.730007e-03
2.775360e+03	2.078304e-02	7.547910e-03	-1.505034e-04	-1.754440e-02	2.460000e-04	-3.251454e-03
2.787750e+03	4.844088e-03	8.687045e-03	-2.133336e-04	-2.141118e-03	2.646332e-05	-2.704485e-03
2.800140e+03	1.547529e-03	2.505488e-04	-2.163430e-04	2.095561e-04	-1.302590e-04	-1.781061e-03
2.812530e+03	8.922315e-03	-2.921054e-04	9.679350e-06	-8.366281e-03	-2.648426e-04	-5.458138e-04
2.824920e+03	1.081427e-02	1.180843e-02	1.331441e-04	-1.205418e-02	-1.401142e-04	1.385862e-03
2.837310e+03	-2.919031e-03	2.425514e-02	1.736059e-04	-4.121498e-05	-1.779050e-05	2.949725e-03
2.849700e+03	-2.725196e-02	2.000816e-02	1.340478e-04	2.326831e-02	1.532704e-04	3.939820e-03
2.862090e+03	-4.090677e-02	-7.259978e-03	-3.488616e-06	3.703635e-02	1.624240e-04	3.839695e-03
2.874480e+03	-2.589353e-02	-4.213067e-02	-2.371968e-05	2.345454e-02	1.000573e-04	2.483320e-03
2.886870e+03	1.852121e-02	-5.374195e-02	-7.938576e-05	-1.888550e-02	1.262408e-05	3.939585e-04
2.899260e+03	6.206954e-02	-2.345761e-02	-7.036492e-06	-6.025131e-02	2.706361e-05	-1.887164e-03
2.911650e+03	6.472450e-02	3.568746e-02	-3.163967e-05	-6.133457e-02	4.523465e-05	-3.551036e-03
2.924040e+03	1.571527e-02	7.789020e-02	-1.043005e-04	-1.132947e-02	1.361190e-05	-4.387989e-03
2.936430e+03	-5.234220e-02	6.332028e-02	-1.239746e-04	5.664601e-02	-6.503986e-05	-4.265629e-03
2.948820e+03	-8.359112e-02	-1.454381e-03	-7.601236e-06	8.653565e-02	-1.762213e-04	-3.134804e-03
2.961210e+03	-5.529678e-02	-6.955838e-02	1.736090e-04	5.638926e-02	-1.351148e-04	-1.077448e-03
2.973600e+03	1.608273e-02	-8.836847e-02	2.111922e-04	-1.727961e-02	-4.587487e-05	1.187719e-03
2.985990e+03	7.688495e-02	-4.716080e-02	1.849967e-04	-7.987928e-02	1.486245e-04	2.958583e-03
2.998380e+03	8.701168e-02	2.637155e-02	7.516555e-06	-9.098698e-02	3.016516e-04	3.869554e-03
3.010770e+03	4.019478e-02	8.298015e-02	-2.802268e-04	-4.376119e-02	3.020778e-04	3.621196e-03
3.023160e+03	-3.164939e-02	8.709057e-02	-3.469908e-04	2.908662e-02	-8.346306e-07	2.532473e-03
3.035550e+03	-8.298148e-02	3.797389e-02	-2.349310e-04	8.189002e-02	-2.684006e-04	1.154935e-03
3.047940e+03	-8.177734e-02	-3.483895e-02	7.104675e-05	8.159944e-02	-3.515894e-04	6.627805e-05
3.060330e+03	-2.804953e-02	-8.018991e-02	3.257534e-04	2.865453e-02	-2.073039e-04	-5.579361e-04
3.072720e+03	4.186650e-02	-7.022551e-02	3.233630e-04	-4.129058e-02	3.218792e-05	-5.976636e-04
3.085110e+03	7.410515e-02	-8.110740e-03	1.463623e-04	-7.387566e-02	3.540651e-04	-2.376599e-04
3.097500e+03	4.876438e-02	4.632308e-02	-1.285493e-04	-4.873559e-02	3.617849e-04	-8.383112e-05
3.109890e+03	-7.436457e-03	5.786901e-02	-3.706476e-04	7.771803e-03	1.355769e-04	-3.345510e-04
3.122280e+03	-4.400552e-02	2.240368e-02	-2.527147e-04	4.468205e-02	-1.483066e-04	-7.476136e-04
3.134670e+03	-3.510347e-02	-2.222876e-02	-2.432938e-05	3.634935e-02	-3.021428e-04	-1.258152e-03
3.147060e+03	3.011763e-03	-3.539886e-02	2.604389e-04	-1.540886e-03	-2.270459e-04	-1.470318e-03
3.159450e+03	2.861288e-02	-1.091778e-02	2.802225e-04	-2.732200e-02	5.234140e-05	-1.341376e-03
3.171840e+03	1.923340e-02	1.952149e-02	9.249990e-05	-1.836985e-02	2.452428e-04	-8.451830e-04
3.184230e+03	-1.036859e-02	2.336420e-02	-1.656231e-04	1.067027e-02	2.142330e-04	-3.075871e-04
3.196620e+03	-2.450000e-02	-1.131563e-03	-2.236382e-04	2.446615e-02	3.942055e-05	1.080775e-04
3.209010e+03	-9.612344e-03	-2.468879e-02	-1.430038e-04	9.252204e-03	-1.832561e-04	3.626471e-04
3.221400e+03	1.949705e-02	-2.089675e-02	4.951949e-05	-2.011001e-02	-1.890993e-04	5.456554e-04
3.233790e+03	3.039151e-02	8.720886e-03	1.525673e-04	-3.085043e-02	-4.548112e-05	5.134935e-04
3.246180e+03	8.685297e-03	3.603803e-02	5.923196e-05	-9.203919e-03	6.473005e-05	5.250000e-04
3.258570e+03	-2.890546e-02	2.995538e-02	1.611740e-05	2.860757e-02	7.990952e-05	3.535616e-04
3.270960e+03	-4.501004e-02	-8.586704e-03	-1.513876e-05	4.493369e-02	3.215685e-05	3.644085e-05
3.283350e+03	-2.036363e-02	-4.635537e-02	-1.289829e-05	2.073066e-02	-5.515989e-05	-4.066558e-04
3.295740e+03	2.805645e-02	-4.692932e-02	4.640170e-05	-2.731790e-02	-7.818558e-06	-7.299386e-04
3.308130e+03	5.761103e-02	-4.635193e-03	1.971582e-06	-5.662229e-02	5.065828e-05	-9.619728e-04
3.320520e+03	3.938432e-02	4.521502e-02	-8.098521e-05	-3.839322e-02	5.881822e-05	-9.862582e-04
3.332910e+03	-1.378729e-02	5.910634e-02	-1.439490e-04	1.442782e-02	-1.632224e-06	-6.352944e-04
3.345300e+03	-5.724365e-02	2.447579e-02	-2.720119e-05	5.729682e-02	-1.582098e-04	-7.605144e-05
3.357690e+03	-5.477370e-02	-3.164377e-02	1.162634e-04	5.413578e-02	-1.495545e-04	6.371418e-04
3.370080e+03	-8.265225e-03	-6.229424e-02	1.923753e-04	7.078023e-03	-4.983735e-05	1.207534e-03
3.382470e+03	4.465233e-02	-4.408355e-02	1.628950e-04	-4.592243e-02	1.824731e-04	1.298248e-03
3.394860e+03	6.167126e-02	8.836946e-03	-1.963236e-05	-6.276989e-02	2.701970e-04	1.041009e-03
3.407250e+03	3.014877e-02	5.415222e-02	-2.610923e-04	-3.057687e-02	2.061353e-04	4.252455e-04
3.419640e+03	-2.401609e-02	5.554801e-02	-3.594102e-04	2.418100e-02	-3.525458e-05	-1.590074e-04
3.432030e+03	-5.637265e-02	1.389251e-02	-1.286221e-04	5.692101e-02	-3.225553e-04	-5.433377e-04
3.444420e+03	-4.309607e-02	-3.632568e-02	1.704897e-04	4.364353e-02	-3.321960e-04	-5.483813e-04
3.456810e+03	4.284469e-03	-5.296842e-02	3.794580e-04	-3.777558e-03	-5.263189e-05	-4.959350e-04
3.469200e+03	4.359361e-02	-2.622213e-02	2.956335e-04	-4.331191e-02	2.238248e-04	-3.169446e-04
3.481590e+03	4.391724e-02	1.965706e-02	-1.921344e-06	-4.371724e-02	3.981177e-04	-2.360692e-04
3.493980e+03	7.645704e-03	4.413176e-02	-2.822620e-04	-7.409478e-03	2.777164e-04	-2.376820e-04
3.506370e+03	-3.057600e-02	2.867298e-02	-3.788825e-04	3.088047e-02	-4.108230e-05	-2.750417e-04
3.518760e+03	-3.833472e-02	-9.636922e-03	-1.658798e-04	3.850607e-02	-3.453958e-04	-1.605902e-04
3.531150e+03	-1.192365e-02	-3.571961e-02	1.323758e-04	1.188867e-02	-3.353679e-04	2.292507e-05
3.543540e+03	2.242108e-02	-2.762248e-02	3.133929e-04	-2.271539e-02	-1.151524e-04	2.281372e-04
3.555930e+03	3.399964e-02	3.981640e-03	2.952166e-04	-3.429964e-02	1.514482e-04	3.338836e-04
3.568320e+03	1.417724e-02	2.964204e-02	2.536053e-05	-1.447535e-02	3.080000e-04	3.437628e-04
3.580710e+03	-1.732752e-02	2.705863e-02	-2.039917e-04	1.716507e-02	2.281006e-04	2.018719e-04
3.593100e+03	-3.013992e-02	-8.021058e-04	-2.658136e-04	3.020612e-02	-1.044284e-05	-7.755330e-05
3.605490e+03	-1.463391e-02	-2.667781e-02	-1.423642e-04	1.490563e-02	-2.090328e-04	-2.670557e-04
3.617880e+03	1.555067e-02	-2.582284e-02	7.864146e-05	-1.514966e-02	-2.142625e-04	-3.771373e-04
3.630270e+03	2.990431e-02	3.063865e-04	1.808428e-04	-2.948645e-02	-9.333440e-05	-4.512086e-04
3.642660e+03	1.572613e-02	2.670121e-02	1.088413e-04	-1.532726e-02	9.839853e-05	-3.774677e-04
3.655050e+03	-1.455972e-02	2.810485e-02	2.638393e-05	1.483998e-02	1.648341e-04	-2.776314e-04
3.667440e+03	-3.204490e-02	2.771879e-03	-1.160615e-04	3.224490e-02	8.766473e-05	-1.483253e-04
3.679830e+03	-2.067522e-02	-2.627353e-02	-9.798429e-05	2.077738e-02	2.176901e-06	-7.722069e-05
3.692220e+03	1.024165e-02	-3.300829e-02	-8.204293e-06	-1.025467e-02	-7.449455e-05	1.484518e-05
3.704610e+03	3.324406e-02	-1.024082e-02	5.222935e-05	-3.339190e-02	-7.042741e-05	1.422896e-04
3.717000e+03	2.775907e-02	2.231605e-02	7.390356e-05	-2.795730e-02	3.659918e-05	2.318313e-04
3.729390e+03	-5.041555e-03	3.559965e-02	6.963984e-06	4.761660e-03	5.893213e-05	2.754621e-04
3.741780e+03	-3.156998e-02	1.871905e-02	-4.956136e-05	3.137406e-02	5.719356e-05	2.344273e-04
3.754170e+03	-3.406296e-02	-1.544384e-02	-5.576855e-05	3.388189e-02	-4.012189e-05	1.086932e-04
3.766560e+03	-6.605960e-03	-3.642333e-02	2.339681e-05	6.633994e-03	-4.507868e-05	-1.348810e-05
3.778950e+03	2.661107e-02	-2.682761e-02	4.249093e-05	-2.641863e-02	-2.017151e-05	-1.829181e-04
3.791340e+03	3.679440e-02	6.539864e-03	1.506789e-05	-3.649490e-02	4.557350e-05	-3.074076e-04
3.803730e+03	1.633614e-02	3.446986e-02	-4.036802e-05	-1.592890e-02	5.308930e-05	-3.562434e-04
3.816120e+03	-1.858628e-02	3.269638e-02	-7.965735e-05	1.879393e-02	9.475105e-06	-2.630304e-04
3.828510e+03	-3.716956e-02	3.514640e-03	-3.037015e-05	3.727032e-02	-5.008075e-05	-1.524946e-04
3.840900e+03	-2.408364e-02	-2.803305e-02	3.470283e-05	2.408425e-02	-6.352498e-05	-1.208933e-05
3.853290e+03	9.125586e-03	-3.553181e-02	8.507585e-05	-9.246188e-03	6.035659e-06	1.223497e-04
3.865680e+03	3.342009e-02	-1.253643e-02	4.883859e-05	-3.362111e-02	4.654070e-05	1.947408e-04
3.878070e+03	2.916058e-02	2.026896e-02	-4.644992e-05	-2.936090e-02	9.717442e-05	2.256556e-04
3.890460e+03	-2.780523e-04	3.437197e-02	-1.007599e-04	1.162128e-04	2.729777e-05	1.655992e-04
3.902850e+03	-2.844628e-02	1.947197e-02	-1.155288e-04	2.830239e-02	-6.450966e-05	8.941410e-05
3.915240e+03	-3.135447e-02	-1.202053e-02	2.008538e-05	3.136480e-02	-1.070321e-04	-1.681653e-05
3.927630e+03	-7.687789e-03	-3.223076e-02	1.211426e-04	7.792102e-03	-6.208433e-05	-1.038275e-04
3.940020e+03	2.171387e-02	-2.406905e-02	1.053998e-04	-2.151054e-02	5.557902e-05	-2.022424e-04
3.952410e+03	3.163858e-02	4.035100e-03	2.294243e-05	-3.143858e-02	1.019767e-04	-2.229360e-04
3.964800e+03	1.426059e-02	2.747155e-02	-7.589993e-05	-1.406059e-02	9.773132e-05	-1.978518e-04
3.977190e+03	-1.448430e-02	2.684819e-02	-1.235991e-04	1.468430e-02	-2.697489e-05	-1.853374e-04
3.989580e+03	-2.876470e-02	2.956126e-03	-2.959391e-05	2.890036e-02	-9.523078e-05	-1.333781e-04
4.001970e+03	-1.863588e-02	-2.243773e-02	7.852386e-05	1.868637e-02	-9.046517e-05	-1.766423e-05
4.014360e+03	7.941061e-03	-2.705802e-02	1.100162e-04	-8.019450e-03	1.211906e-05	5.220329e-05
4.026750e+03	2.681836e-02	-8.536466e-03	5.354952e-05	-2.691836e-02	9.946449e-05	8.330515e-05
4.039140e+03	2.147714e-02	1.679270e-02	-3.380800e-05	-2.158649e-02	1.073604e-04	1.077658e-04
4.051530e+03	-1.691150e-03	2.689347e-02	-1.226685e-04	1.620965e-03	-3.297541e-06	7.315298e-05
4.063920e+03	-2.267887e-02	1.349940e-02	-7.754726e-05	2.268123e-02	-8.698457e-05	3.500817e-05
4.076310e+03	-2.356547e-02	-1.113612e-02	2.371596e-05	2.358584e-02	-1.282625e-04	-1.860885e-05
4.088700e+03	-3.644777e-03	-2.482570e-02	1.417060e-04	3.750443e-03	-6.016996e-05	-1.071451e-04
4.101090e+03	1.861567e-02	-1.679626e-02	1.298859e-04	-1.842413e-02	4.616929e-05	-1.550960e-04
4.113480e+03	2.374964e-02	5.729646e-03	4.527863e-05	-2.356615e-02	1.528207e-04	-1.807084e-04
4.125870e+03	8.636057e-03	2.236780e-02	-1.293763e-04	-8.467305e-03	1.480135e-04	-1.639689e-04
4.138260e+03	-1.326516e-02	1.943943e-02	-1.213661e-04	1.336207e-02	7.272427e-06	-9.341094e-05
4.150650e+03	-2.264031e-02	-1.619022e-04	-1.005076e-04	2.274031e-02	-1.315372e-04	-5.295463e-05
4.163040e+03	-1.244227e-02	-1.884857e-02	7.952424e-05	1.249601e-02	-1.234248e-04	-2.438000e-05
4.175430e+03	8.442839e-03	-2.042417e-02	1.290975e-04	-8.450644e-03	-2.344747e-05	4.408818e-06
4.187820e+03	2.126095e-02	-4.392009e-03	1.126126e-04	-2.126095e-02	6.745449e-05	1.990319e-05
4.200210e+03	1.519563e-02	1.487840e-02	-3.016701e-05	-1.528009e-02	1.386854e-04	3.720944e-05
4.212600e+03	-3.550719e-03	2.031850e-02	-6.883935e-05	3.530208e-03	5.236236e-05	2.237033e-05
4.224990e+03	-1.862939e-02	8.422530e-03	-1.148540e-04	1.853068e-02	-1.732566e-05	2.117933e-05
4.237380e+03	-1.700701e-02	-1.049407e-02	-1.302883e-05	1.711777e-02	-8.374122e-05	-5.305750e-05
4.249770e+03	-7.224917e-04	-1.922973e-02	6.054971e-05	7.670812e-04	-7.589342e-05	-4.497905e-05
4.262160e+03	1.554495e-02	-1.131855e-02	1.002160e-04	-1.550955e-02	3.028379e-06	-9.251818e-05
4.274550e+03	1.765837e-02	6.393724e-03	7.040963e-05	-1.755837e-02	8.370773e-05	-8.700704e-05
4.286940e+03	4.604166e-03	1.792780e-02	-3.833533e-05	-4.495087e-03	1.001640e-04	-1.108697e-04
4.299330e+03	-1.192291e-02	1.338416e-02	-1.033049e-04	1.202218e-02	3.003789e-05	-8.165474e-05
4.311720e+03	-1.749908e-02	-2.343510e-03	-6.303072e-05	1.749908e-02	-5.776406e-05	-4.722728e-05
4.324110e+03	-7.631684e-03	-1.532837e-02	-5.271242e-06	7.687399e-03	-8.024560e-05	-5.609619e-05
4.336500e+03	8.299735e-03	-1.486103e-02	8.940751e-05	-8.318524e-03	-4.904766e-05	1.959624e-05
4.348890e+03	1.633874e-02	-1.911255e-03	9.442108e-05	-1.633874e-02	3.074771e-05	1.667173e-05
4.361280e+03	1.019800e-02	1.272690e-02	2.498743e-05	-1.023132e-02	9.655137e-05	3.931202e-05
4.373670e+03	-4.635924e-03	1.507702e-02	-3.006325e-05	4.614856e-03	7.587683e-05	1.871178e-05
4.386060e+03	-1.484307e-02	4.691009e-03	-8.305221e-05	1.484310e-02	8.811109e-06	-1.368157e-05
4.398450e+03	-1.186848e-02	-9.347116e-03	-3.001049e-05	1.186937e-02	-5.017138e-05	-3.621891e-05
4.410840e+03	9.933322e-04	-1.475192e-02	1.535003e-05	-9.407299e-04	-5.806954e-05	-5.147863e-05
4.423230e+03	1.242277e-02	-7.362335e-03	5.607740e-05	-1.239956e-02	-6.899264e-06	-7.368036e-05
4.435620e+03	1.290498e-02	6.055590e-03	3.289162e-05	-1.292841e-02	3.122283e-05	-6.462676e-05
4.448010e+03	2.242448e-03	1.336886e-02	-1.267922e-06	-2.170118e-03	4.809381e-05	-6.241075e-05
4.460400e+03	-9.768776e-03	9.343201e-03	-3.992504e-05	9.789575e-03	2.244192e-05	-4.294195e-05
4.472790e+03	-1.269415e-02	-2.683148e-03	-2.391345e-05	1.269345e-02	-1.166684e-05	-5.369563e-05
4.485180e+03	-4.932694e-03	-1.188529e-02	-1.250903e-05	4.959798e-03	-2.575797e-05	-1.879205e-05
4.497570e+03	6.758985e-03	-1.043372e-02	2.143434e-05	-6.714049e-03	-3.380101e-05	-3.850316e-05
4.509960e+03	1.183382e-02	-3.827827e-04	3.870866e-05	-1.183396e-02	7.392997e-06	1.247524e-05
4.522350e+03	6.924884e-03	9.507475e-03	1.471027e-05	-6.927752e-03	3.669480e-05	2.664744e-06
4.534740e+03	-3.734674e-03	1.065472e-02	-1.493010e-05	3.706093e-03	3.870893e-05	2.249234e-05
4.547130e+03	-1.063493e-02	2.951274e-03	-2.137463e-05	1.063638e-02	3.105310e-05	-1.567712e-05
4.559520e+03	-8.133495e-03	-6.852175e-03	-1.275378e-05	8.155699e-03	4.451507e-06	-2.139179e-05
4.571910e+03	1.040788e-03	-1.009327e-02	-3.309555e-05	-9.712621e-04	-1.152142e-05	-6.853761e-05
4.584300e+03	8.761056e-03	-4.786725e-03	2.106898e-05	-8.683046e-03	-3.551971e-05	-7.072162e-05
4.596690e+03	8.615470e-03	4.315741e-03	9.675472e-06	-8.545027e-03	-5.767524e-06	-7.105905e-05
4.609080e+03	1.323217e-03	9.227524e-03	3.515606e-05	-1.261925e-03	1.114705e-06	-6.123738e-05
4.621470e+03	-6.589303e-03	6.064271e-03	1.707624e-05	6.639258e-03	1.525201e-05	-4.743200e-05
4.633860e+03	-8.321041e-03	-1.917751e-03	9.893323e-06	8.362143e-03	9.740588e-06	-4.255267e-05
4.646250e+03	-2.998260e-03	-7.734766e-03	-1.898863e-06	3.048423e-03	3.183951e-05	-5.778710e-05
4.658640e+03	4.517257e-03	-6.618513e-03	6.408898e-06	-4.487241e-03	1.828109e-05	-3.390023e-05
4.671030e+03	7.768334e-03	-5.956087e-05	-5.351684e-06	-7.718396e-03	4.211120e-06	-4.723120e-05
4.683420e+03	4.283173e-03	6.094452e-03	-1.840269e-05	-4.284733e-03	-1.921910e-06	3.898014e-06
4.695810e+03	-2.449536e-03	6.791806e-03	-7.570645e-06	2.459040e-03	-3.436746e-06	-5.335020e-06
4.708200e+03	-6.595130e-03	1.751094e-03	2.530266e-05	6.577658e-03	-5.204901e-06	1.323348e-05
4.720590e+03	-5.020190e-03	-4.247866e-03	2.126272e-05	5.003677e-03	2.349683e-05	1.072950e-05
4.732980e+03	6.678906e-04	-6.274913e-03	1.591940e-05	-6.473871e-04	1.412808e-05	-2.006396e-05
4.745370e+03	5.319477e-03	-2.919770e-03	-9.000528e-06	-5.275417e-03	3.947538e-05	-4.636357e-05
4.757760e+03	5.252963e-03	2.655224e-03	-2.209928e-05	-5.174046e-03	1.685379e-05	-7.426629e-05
4.770150e+03	7.892070e-04	5.443957e-03	-3.171606e-05	-7.364129e-04	-1.394144e-05	-5.037032e-05
4.782540e+03	-3.975247e-03	3.660614e-03	5.784784e-06	4.021316e-03	-2.177372e-05	-5.305655e-05
4.794930e+03	-5.023274e-03	-1.138719e-03	7.329702e-06	5.075821e-03	-1.750903e-05	-5.156709e-05
4.807320e+03	-1.833189e-03	-4.634471e-03	3.180945e-05	1.864962e-03	-1.257463e-06	-3.412861e-05
4.819710e+03	2.627308e-03	-3.981037e-03	2.921894e-05	-2.579189e-03	1.901111e-05	-4.174082e-05
4.832100e+03	4.498580e-03	-1.559520e-04	-3.917197e-06	-4.471990e-03	6.206655e-05	-2.738240e-05
4.844490e+03	2.619344e-03	3.556750e-03	-8.855737e-06	-2.591557e-03	1.796613e-05	-2.440770e-05
4.856880e+03	-1.312571e-03	3.998029e-03	-2.129357e-05	1.347050e-03	9.541126e-07	-3.102102e-05
4.869270e+03	-3.872339e-03	1.170572e-03	-7.515599e-06	3.882998e-03	-2.776259e-06	-9.232757e-06
4.881660e+03	-3.018301e-03	-2.372507e-03	2.432674e-05	3.031304e-03	-2.315497e-05	-1.380430e-05
4.894050e+03	2.041680e-04	-3.688163e-03	9.311822e-06	-1.956158e-04	7.105924e-06	-8.451389e-06
4.906440e+03	3.048325e-03	-1.874631e-03	2.529910e-05	-3.038325e-03	6.102288e-06	-1.182873e-05
4.918830e+03	3.189158e-03	1.378344e-03	9.125502e-06	-3.179170e-03	1.887287e-05	-1.607947e-05
4.931220e+03	7.591579e-04	3.228809e-03	-4.355102e-06	-7.325113e-04	-7.952308e-06	-2.733498e-05
4.943610e+03	-2.143646e-03	2.349616e-03	-2.092448e-05	2.181102e-03	-7.338622e-06	-3.938420e-05
4.956000e+03	-2.980527e-03	-4.024067e-04	-1.107669e-05	3.038821e-03	-1.054723e-05	-5.635581e-05
4.968390e+03	-1.327150e-03	-2.610339e-03	2.302157e-05	1.402101e-03	-7.359306e-06	-7.346710e-05
4.980780e+03	1.334130e-03	-2.497266e-03	2.432407e-05	-1.276481e-03	1.356071e-05	-5.740000e-05
4.993170e+03	2.685760e-03	-3.487753e-04	1.140739e-06	-2.647891e-03	1.708478e-05	-4.100671e-05
5.005560e+03	1.793469e-03	1.941011e-03	-6.067292e-06	-1.760555e-03	1.780883e-05	-2.959115e-05
5.017950e+03	-5.284184e-04	2.474934e-03	-1.817845e-05	5.291622e-04	8.384603e-07	2.161441e-06
5.030340e+03	-2.260608e-03	1.012305e-03	-1.547717e-06	2.258177e-03	-9.247057e-07	4.609483e-06
5.042730e+03	-2.043589e-03	-1.229604e-03	4.898517e-06	2.043353e-03	-6.780049e-06	4.446451e-06
5.055120e+03	-1.468142e-04	-2.255964e-03	6.361201e-06	1.556899e-04	1.791520e-05	-9.941420e-06
5.067510e+03	1.744639e-03	-1.402950e-03	-4.893030e-06	-1.731181e-03	3.105945e-05	-1.746965e-05
5.079900e+03	2.096822e-03	6.593335e-04	-2.268551e-05	-2.064144e-03	2.170285e-05	-4.114198e-05
5.092290e+03	7.317806e-04	2.046855e-03	-9.431038e-06	-6.960049e-04	-3.003299e-07	-3.773140e-05
5.104680e+03	-1.140928e-03	1.684089e-03	-2.312802e-06	1.160131e-03	-9.128924e-06	-2.634129e-05
5.117070e+03	-1.978712e-03	6.557746e-06	3.020341e-06	2.018833e-03	-1.110687e-05	-4.405529e-05
5.129460e+03	-1.084019e-03	-1.616892e-03	1.540617e-05	1.114260e-03	1.370370e-05	-3.217161e-05
5.141850e+03	6.743671e-04	-1.786348e-03	7.028969e-06	-6.372957e-04	3.946432e-06	-3.721669e-05
5.154240e+03	1.847594e-03	-4.811361e-04	-2.371374e-06	-1.816470e-03	3.026975e-05	-2.536490e-05
5.166630e+03	1.482671e-03	1.228626e-03	-1.175018e-05	-1.422682e-03	2.681662e-05	-5.539925e-05
5.179020e+03	-1.158965e-04	1.840400e-03	-1.782460e-05	1.355025e-04	8.056922e-07	-1.984522e-05
5.191410e+03	-1.512593e-03	9.531684e-04	-3.666063e-05	1.540463e-03	-3.087215e-06	-2.191819e-05
5.203800e+03	-1.622234e-03	-6.835522e-04	-9.315424e-06	1.640703e-03	-1.179987e-05	-1.755757e-05
5.216190e+03	-3.664214e-04	-1.643754e-03	-1.435449e-06	3.667424e-04	-1.910636e-05	-6.861149e-07
5.228580e+03	1.158681e-03	-1.247834e-03	1.774310e-05	-1.153467e-03	-5.292253e-06	-5.033535e-06
5.240970e+03	1.674531e-03	2.305515e-04	1.323102e-05	-1.650894e-03	3.652516e-06	-1.739666e-05
5.253360e+03	8.233684e-04	1.541416e-03	4.110624e-06	-7.891155e-04	2.305970e-05	-3.048416e-05
5.265750e+03	-6.838619e-04	1.534629e-03	-1.583852e-06	7.224031e-04	1.883827e-05	-3.914421e-05
5.278140e+03	-1.599775e-03	3.243117e-04	-1.706600e-05	1.649888e-03	9.821188e-06	-5.211253e-05
5.290530e+03	-1.181254e-03	-1.079562e-03	-2.275192e-05	1.229203e-03	-8.061237e-06	-4.807753e-05
5.302920e+03	2.065746e-04	-1.519682e-03	-1.036576e-05	-1.650231e-04	-4.554808e-06	-4.196173e-05
5.315310e+03	1.324581e-03	-7.217273e-04	4.700171e-06	-1.283034e-03	3.922387e-06	-4.784569e-05
5.327700e+03	1.377462e-03	6.453023e-04	-6.872842e-06	-1.348340e-03	4.895145e-06	-3.154503e-05
5.340090e+03	2.415663e-04	1.449980e-03	6.781491e-06	-2.255248e-04	5.712144e-07	-1.553662e-05
5.352480e+03	-9.653031e-04	1.058755e-03	3.185385e-06	9.774487e-04	2.455600e-05	-1.180889e-05
5.364870e+03	-1.383804e-03	-1.809476e-04	2.177989e-06	1.403339e-03	1.834717e-05	-1.659967e-05
5.377260e+03	-6.531673e-04	-1.205572e-03	-9.672816e-08	6.626290e-04	1.594547e-05	-8.426115e-06
5.389650e+03	5.923223e-04	-1.243192e-03	-2.201080e-05	-5.729886e-04	-1.777474e-06	-2.044332e-05
5.402040e+03	1.279139e-03	-2.386001e-04	-6.213835e-06	-1.237220e-03	-6.962355e-06	-4.143166e-05
5.414430e+03	9.503737e-04	8.710539e-04	6.729760e-08	-9.165205e-04	-7.695882e-06	-3.835400e-05
5.426820e+03	-1.170560e-04	1.208121e-03	7.105557e-06	1.422416e-04	5.156539e-06	-2.621511e-05
5.439210e+03	-1.010477e-03	6.081847e-04	1.215891e-05	1.046213e-03	1.616156e-05	-3.693862e-05
5.451600e+03	-9.889954e-04	-4.541335e-04	5.608988e-06	1.021997e-03	1.475348e-05	-3.034691e-05
5.463990e+03	-1.643990e-04	-1.036751e-03	-9.898950e-06	1.840044e-04	6.136665e-06	-1.983026e-05
5.476380e+03	7.568263e-04	-7.386704e-04	-1.634818e-05	-7.336288e-04	9.858875e-06	-2.359984e-05
5.488770e+03	1.037383e-03	2.175655e-04	-5.028451e-06	-9.942713e-04	-2.374683e-06	-3.557583e-05
5.501160e+03	4.526694e-04	9.251910e-04	-3.608267e-06	-4.228553e-04	4.388879e-07	-2.993804e-05
5.513550e+03	-4.403059e-04	8.940184e-04	2.684227e-06	4.710989e-04	-2.177823e-06	-3.232832e-05
5.525940e+03	-9.027636e-04	1.706174e-04	6.904570e-06	9.374852e-04	6.325859e-06	-3.712690e-05
5.538330e+03	-6.228552e-04	-6.413132e-04	-1.830584e-06	6.415150e-04	2.195289e-06	-2.138632e-05
5.550720e+03	1.690059e-04	-7.954535e-04	1.021520e-05	-1.590588e-04	1.222169e-05	-1.066019e-05
5.563110e+03	7.275491e-04	-3.262540e-04	-4.399840e-06	-7.120725e-04	9.621692e-06	-1.777126e-05
5.575500e+03	7.286820e-04	4.078824e-04	-6.518610e-06	-6.999016e-04	6.161773e-06	-2.805889e-05
5.587890e+03	9.299336e-05	8.139394e-04	1.992273e-06	-5.279974e-05	1.448991e-05	-4.020000e-05
5.600280e+03	-5.166048e-04	5.465891e-04	1.228631e-05	5.501252e-04	1.933908e-05	-3.417766e-05
5.612670e+03	-7.188822e-04	-9.688621e-05	-3.515352e-06	7.589881e-04	1.035995e-05	-3.975616e-05
5.625060e+03	-3.488602e-04	-6.136660e-04	7.003015e-06	3.761385e-04	-7.438863e-06	-2.732296e-05
5.637450e+03	2.747252e-04	-6.267664e-04	-1.204198e-06	-2.604181e-04	-1.508672e-06	-1.604906e-05
5.649840e+03	6.224642e-04	-1.447076e-04	1.072042e-05	-5.969221e-04	9.620359e-06	-2.650639e-05
5.662230e+03	4.777861e-04	3.976175e-04	6.287201e-06	-4.584563e-04	2.234970e-05	-1.943820e-05
5.674620e+03	-1.498052e-05	5.699652e-04	6.781628e-07	4.834639e-05	1.658522e-05	-3.328495e-05
5.687010e+03	-4.275042e-04	3.385040e-04	-1.139380e-05	4.718734e-04	2.016536e-05	-3.977141e-05
5.699400e+03	-4.723856e-04	-1.317272e-04	-1.827443e-05	5.105023e-04	4.139649e-06	-3.864840e-05
5.711790e+03	-1.394775e-04	-4.586901e-04	-1.830708e-05	1.822785e-04	-7.358340e-06	-4.210923e-05
5.724180e+03	2.687991e-04	-3.689207e-04	-3.110793e-06	-2.499037e-04	-2.333690e-06	-2.004433e-05
5.736570e+03	4.503441e-04	-5.056915e-05	6.705073e-06	-4.071632e-04	2.087480e-06	-4.185330e-05
5.748960e+03	3.453669e-04	3.113533e-04	2.568720e-05	-3.140850e-04	1.092746e-05	-3.143022e-05
5.761350e+03	4.557933e-06	4.442201e-04	-2.661976e-06	3.001916e-05	1.880000e-05	-3.418763e-05
5.773740e+03	-2.938183e-04	2.429667e-04	-4.179242e-06	3.246250e-04	2.359321e-05	-3.048214e-05
5.786130e+03	-3.527678e-04	-6.907477e-05	-1.178287e-05	3.712884e-04	9.162585e-06	-1.868768e-05
5.798520e+03	-1.298131e-04	-2.997015e-04	-7.885076e-06	1.462855e-04	9.133881e-06	-1.557410e-05
5.810910e+03	1.629644e-04	-2.712660e-04	-8.427154e-06	-1.518774e-04	-6.397608e-07	-9.756826e-06
5.823300e+03	3.143137e-04	-8.609854e-05	9.054969e-06	-2.873218e-04	-1.004633e-06	-2.728961e-05
5.835690e+03	2.903135e-04	1.928530e-04	8.699503e-06	-2.586806e-04	1.613595e-05	-3.069116e-05
5.848080e+03	5.819241e-05	3.222955e-04	-2.387311e-06	-2.179881e-05	1.561033e-05	-3.696303e-05
5.860470e+03	-1.868058e-04	2.522396e-04	-9.242119e-06	2.238904e-04	1.787898e-05	-3.434450e-05
5.872860e+03	-2.831711e-04	2.805532e-05	-2.994294e-06	3.134693e-04	6.725420e-06	-3.070910e-05
5.885250e+03	-1.889651e-04	-1.929118e-04	-1.633533e-05	2.238247e-04	7.986773e-09	-3.450887e-05
5.897640e+03	5.373763e-05	-3.059764e-04	-3.535164e-06	-2.627775e-05	5.939785e-06	-2.759749e-05
5.910030e+03	3.024062e-04	-1.436942e-04	-5.953931e-06	-2.619329e-04	2.900378e-06	-3.970158e-05
5.922420e+03	3.176990e-04	1.201423e-04	2.091626e-06	-2.827887e-04	-2.749656e-06	-3.455318e-05
5.934810e+03	1.234732e-04	3.307397e-04	-2.118055e-06	-8.537627e-05	1.333059e-05	-3.810723e-05
5.947200e+03	-1.290099e-04	3.177387e-04	-4.903447e-06	1.582073e-04	1.015846e-05	-2.967945e-05
5.959590e+03	-3.030221e-04	6.566984e-05	-4.656779e-06	3.334827e-04	7.078467e-06	-3.180952e-05
5.971980e+03	-2.487135e-04	-1.974369e-04	3.091094e-06	2.693853e-04	3.867789e-07	-2.038786e-05
5.984370e+03	2.938574e-05	-3.196785e-04	-3.789573e-06	-1.737501e-05	-2.662320e-06	-1.231550e-05
5.996760e+03	3.007581e-04	-1.970255e-04	3.282375e-06	-2.750015e-04	9.441261e-06	-2.541343e-05
6.009150e+03	3.548447e-04	1.142129e-04	5.249716e-07	-3.275499e-04	6.554886e-06	-2.703453e-05
6.021540e+03	1.485959e-04	3.525637e-04	-7.863259e-06	-1.119133e-04	4.758074e-06	-3.729103e-05
6.033930e+03	-1.271031e-04	3.108169e-04	4.149487e-06	1.625412e-04	-1.458422e-06	-3.569952e-05
6.046320e+03	-3.033937e-04	9.864871e-05	7.452390e-06	3.449820e-04	9.604429e-07	-4.238650e-05
6.058710e+03	-2.121628e-04	-1.725756e-04	2.168503e-06	2.640821e-04	1.189361e-05	-5.087313e-05
6.071100e+03	2.333442e-05	-2.863903e-04	1.109909e-05	1.467964e-05	8.377106e-06	-3.843796e-05
6.083490e+03	2.577183e-04	-1.385312e-04	-3.371826e-06	-2.274891e-04	1.219153e-05	-2.987608e-05
6.095880e+03	2.453156e-04	8.656846e-05	-2.963300e-06	-2.143156e-04	8.624150e-06	-3.130119e-05
6.108270e+03	1.068943e-04	2.671647e-04	-1.376887e-05	-7.866706e-05	1.963586e-07	-2.802833e-05
6.120660e+03	-1.240957e-04	2.243429e-04	5.488788e-07	1.396346e-04	5.256064e-06	-1.634544e-05
6.133050e+03	-2.491629e-04	2.948815e-05	8.964639e-06	2.733950e-04	-3.190645e-06	-2.412233e-05
6.145440e+03	-1.232310e-04	-1.832837e-04	6.395345e-06	1.430280e-04	6.514532e-06	-2.005015e-05
6.157830e+03	5.388809e-05	-1.962270e-04	6.025421e-07	-4.319315e-05	1.364152e-05	-1.108168e-05
6.170220e+03	2.162829e-04	-4.148020e-05	-2.344043e-06	-1.900880e-04	1.625196e-05	-2.631956e-05
6.182610e+03	1.934172e-04	1.061540e-04	-9.584784e-06	-1.584201e-04	1.189862e-05	-3.510329e-05
6.195000e+03	5.253036e-05	2.267542e-04	-1.863832e-06	-1.922580e-05	1.416729e-05	-3.360746e-05
6.207390e+03	-1.104653e-04	1.299763e-04	-6.241309e-06	1.634226e-04	-5.650340e-07	-5.473073e-05
6.219780e+03	-1.231597e-04	-1.457375e-05	-6.147146e-06	1.767339e-04	6.618735e-06	-5.345145e-05
6.232170e+03	-6.565829e-05	-9.569299e-05	-8.092498e-07	9.690579e-05	1.046447e-05	-3.443023e-05
6.244560e+03	9.873596e-05	-9.271975e-05	-9.640079e-06	-7.065294e-05	-1.097560e-07	-2.825394e-05
6.256950e+03	1.535052e-04	2.056298e-05	-4.398343e-07	-1.253402e-04	8.369267e-06	-2.851906e-05
6.269340e+03	1.087342e-04	1.268690e-04	-5.086230e-06	-8.968142e-05	6.612283e-06	-1.861182e-05
6.281730e+03	-9.660506e-06	1.713171e-04	-8.272107e-07	2.967400e-05	4.865294e-06	-2.008555e-05
6.294120e+03	-9.687542e-05	9.447471e-05	5.292981e-06	1.214504e-04	7.223838e-06	-2.369673e-05
6.306510e+03	-1.021766e-04	-2.039614e-05	4.768429e-06	1.380039e-04	-7.173974e-06	-3.611514e-05
6.318900e+03	-2.927986e-05	-6.187534e-05	8.115463e-06	6.035957e-05	2.246320e-05	-3.159287e-05
6.331290e+03	5.367469e-05	-3.976383e-05	4.148319e-06	-2.610701e-05	8.639181e-06	-2.769698e-05
6.343680e+03	6.877269e-05	2.816004e-05	2.605227e-06	-3.822862e-05	1.335598e-05	-3.142466e-05
6.356070e+03	7.087878e-05	6.325424e-05	2.916549e-06	-3.105056e-05	1.233073e-05	-3.993263e-05
6.368460e+03	1.241217e-05	3.956861e-05	-7.929591e-06	3.376323e-05	1.174026e-05	-4.546910e-05
6.380850e+03	1.426019e-05	2.398562e-05	1.776058e-06	2.442763e-05	9.666356e-06	-3.981687e-05
6.393240e+03	-4.183661e-06	5.167321e-06	-3.099491e-06	4.696042e-05	7.547188e-06	-4.281856e-05
6.405630e+03	1.327769e-05	2.037930e-05	-5.010451e-07	2.106064e-05	1.273059e-06	-3.461556e-05
6.418020e+03	1.150000e-05	2.516437e-05	-6.397490e-06	3.091701e-06	1.207111e-05	-1.467910e-05
6.430410e+03	-2.655901e-05	3.430012e-05	1.632390e-06	4.453718e-05	3.018798e-06	-1.742188e-05
6.442800e+03	8.288663e-06	-3.320463e-05	7.616849e-07	1.055761e-05	9.905681e-06	-1.922272e-05
6.455190e+03	2.415440e-05	-1.939732e-05	1.298091e-06	7.517753e-06	4.053317e-06	-3.171089e-05
6.467580e+03	6.888894e-05	-4.945394e-06	-4.366375e-06	-4.003601e-05	2.008883e-05	-2.891578e-05
6.479970e+03	4.460506e-05	3.428360e-05	4.235595e-06	-6.696660e-06	8.753491e-06	-3.737048e-05
6.492360e+03	3.334494e-05	1.094293e-04	-6.123868e-06	6.193297e-08	9.055407e-06	-3.465126e-05
6.504750e+03	-4.239000e-05	4.821387e-05	3.823476e-06	7.148613e-05	1.063698e-06	-2.885065e-05
6.517140e+03	-5.111300e-05	2.420520e-05	-5.164301e-06	7.934682e-05	3.170289e-06	-2.925858e-05
6.529530e+03	-3.252183e-05	-3.419084e-05	2.733051e-07	6.540787e-05	8.153147e-06	-3.303591e-05
6.541920e+03	5.798939e-05	-6.572764e-05	9.457839e-06	-1.917749e-05	1.115369e-05	-3.881190e-05
6.554310e+03	9.579422e-05	-4.056535e-06	-5.150123e-06	-6.800782e-05	1.035796e-05	-2.836809e-05
6.566700e+03	6.900868e-05	3.860448e-05	-8.656960e-06	-2.394317e-05	7.913339e-06	-4.353705e-05
6.579090e+03	5.926762e-05	1.065161e-04	-1.090940e-05	-2.368232e-05	8.502048e-06	-3.506151e-05
6.591480e+03	-3.519834e-05	6.084985e-05	-4.218530e-06	5.632876e-05	2.872043e-06	-2.108146e-05
6.603870e+03	-3.430132e-05	-1.823134e-07	4.283001e-06	6.542326e-05	-6.679175e-06	-3.039622e-05
6.616260e+03	-1.557179e-05	-4.437111e-05	2.920522e-06	4.563127e-05	-1.116970e-06	-3.091300e-05
6.628650e+03	1.068522e-04	-5.699545e-05	2.286209e-06	-6.927635e-05	3.288469e-06	-3.797405e-05
6.641040e+03	1.369131e-04	2.285789e-05	-2.307305e-06	-1.076645e-04	6.490097e-06	-2.862043e-05
6.653430e+03	1.657197e-04	1.066508e-04	-1.574373e-07	-1.296999e-04	1.489323e-05	-3.578561e-05
6.665820e+03	6.607487e-05	1.403112e-04	-8.939554e-06	-2.596500e-05	4.903709e-06	-3.935563e-05
6.678210e+03	-5.008787e-05	1.524967e-04	-1.809592e-06	7.463835e-05	4.487364e-06	-2.522684e-05
6.690600e+03	-1.102422e-04	8.924623e-05	-8.916762e-06	1.356317e-04	-3.388377e-06	-2.583584e-05
6.702990e+03	-1.401669e-04	-1.233383e-05	2.357753e-06	1.728917e-04	-2.558753e-06	-3.505629e-05
6.715380e+03	-4.081463e-05	-8.141122e-05	8.246071e-06	7.471775e-05	4.491339e-06	-3.371576e-05
6.727770e+03	6.159903e-05	-1.080015e-04	9.176995e-06	-3.089613e-05	6.556317e-06	-3.036068e-05
6.740160e+03	1.649145e-04	-2.955425e-05	3.647279e-06	-1.200617e-04	1.207778e-05	-4.418213e-05
6.752550e+03	1.364776e-04	8.529701e-05	-8.556065e-06	-9.558771e-05	2.169765e-05	-4.119689e-05
6.764940e+03	2.150401e-05	1.856531e-04	-1.733363e-05	1.493278e-05	7.360055e-06	-3.763671e-05
6.777330e+03	-9.072842e-05	1.341654e-04	-1.225531e-05	1.191355e-04	-3.268128e-06	-2.863177e-05
6.789720e+03	-1.600153e-04	7.000573e-06	-5.732344e-07	1.892243e-04	-7.907539e-06	-2.806584e-05
6.802110e+03	-6.453595e-05	-9.890457e-05	1.140156e-05	9.121384e-05	3.050563e-06	-2.647976e-05
6.814500e+03	5.621673e-05	-1.368739e-04	1.160637e-05	-2.646629e-05	1.405925e-05	-2.957038e-05
6.826890e+03	1.776556e-04	-3.479882e-05	-1.713878e-06	-1.386706e-04	1.645573e-05	-3.897255e-05
6.839280e+03	1.435677e-04	1.355649e-04	-1.133424e-05	-1.135647e-04	8.479011e-06	-3.025500e-05
6.851670e+03	3.549529e-05	2.265333e-04	-1.424338e-05	-2.414250e-07	-2.128089e-06	-3.312407e-05
6.864060e+03	-1.032951e-04	1.490344e-04	-5.554040e-07	1.336289e-04	-1.352466e-06	-2.985014e-05
6.876450e+03	-1.818578e-04	3.227726e-05	6.547015e-06	2.158339e-04	-2.424517e-06	-3.389318e-05
6.888840e+03	-1.173429e-04	-8.179219e-05	1.022442e-05	1.584230e-04	-3.130481e-06	-4.015564e-05
