1.325730e+03	1.000440e-01	9.492178e-03	2.564505e-05	-1.000512e-01	-4.165508e-05	2.987202e-05
1.338120e+03	9.424710e-02	3.551478e-02	-6.992375e-06	-9.417593e-02	2.579885e-05	-6.418402e-05
1.350510e+03	8.151321e-02	5.904411e-02	1.936001e-05	-8.161714e-02	4.799635e-05	9.048670e-05
1.362900e+03	6.311019e-02	7.841319e-02	-1.419095e-05	-6.336719e-02	2.397004e-05	2.873582e-04
1.375290e+03	4.000338e-02	9.239143e-02	-3.878379e-05	-4.040812e-02	6.577025e-05	3.575743e-04
1.387680e+03	1.403269e-02	9.953270e-02	-3.691681e-05	-1.437622e-02	2.123227e-05	3.354096e-04
1.400070e+03	-1.239850e-02	9.948004e-02	-3.030934e-05	1.225882e-02	-4.348323e-06	1.476818e-04
1.412460e+03	-3.784492e-02	9.243806e-02	-2.876592e-05	3.778129e-02	-1.450318e-05	9.401317e-05
1.424850e+03	-6.110917e-02	7.974160e-02	-9.566364e-06	6.084371e-02	-2.108812e-05	2.767284e-04
1.437240e+03	-8.082380e-02	6.085909e-02	-7.303024e-06	8.014849e-02	-2.627177e-05	6.382528e-04
1.449630e+03	-9.432965e-02	3.734652e-02	2.131995e-05	9.366159e-02	-2.602070e-05	6.560723e-04
1.462020e+03	-9.993811e-02	1.076410e-02	7.800294e-06	9.992008e-02	-2.612995e-05	3.228526e-04
1.474410e+03	-9.940023e-02	-1.648961e-02	-5.220981e-06	9.932019e-02	8.322416e-06	2.290295e-04
1.486800e+03	-9.177571e-02	-4.225328e-02	3.283722e-05	9.147498e-02	1.335854e-05	3.608756e-04
1.499190e+03	-7.732780e-02	-6.554784e-02	1.431697e-05	7.694189e-02	6.126397e-06	4.326494e-04
1.511580e+03	-5.702855e-02	-8.418193e-02	2.645833e-05	5.642842e-02	1.161825e-05	5.739387e-04
1.523970e+03	-3.212291e-02	-9.644160e-02	-1.015537e-05	3.161622e-02	-1.011100e-05	4.691723e-04
1.536360e+03	-4.863548e-03	-1.010000e-01	2.963205e-05	4.568371e-03	4.582083e-05	2.991088e-04
1.548750e+03	2.275053e-02	-9.904066e-02	1.936069e-05	-2.294627e-02	1.977429e-05	1.741674e-04
1.561140e+03	4.876243e-02	-8.950008e-02	-4.182603e-05	-4.900760e-02	-5.474881e-05	2.413290e-04
1.573530e+03	7.190999e-02	-7.330717e-02	-3.479914e-05	-7.240836e-02	-7.564541e-05	5.129772e-04
1.585920e+03	8.990440e-02	-5.071949e-02	1.245166e-05	-9.040221e-02	1.393851e-05	5.482202e-04
1.598310e+03	1.002596e-01	-2.326952e-02	-6.463814e-06	-1.013057e-01	-4.090125e-05	2.575936e-04
1.610700e+03	1.036343e-01	5.580622e-03	-4.488242e-06	-1.036343e-01	7.590653e-05	2.157515e-05
1.623090e+03	9.808109e-02	3.443724e-02	-1.103878e-05	-9.807920e-02	4.455110e-06	-6.716421e-06
1.635480e+03	8.501398e-02	6.122195e-02	-3.197428e-05	-8.516040e-02	9.535497e-06	1.799238e-04
1.647870e+03	6.425620e-02	8.333473e-02	-6.969835e-05	-6.455625e-02	1.109954e-04	3.499976e-04
1.660260e+03	3.787169e-02	9.831436e-02	-3.248974e-05	-3.801729e-02	-2.000547e-05	1.538217e-04
1.672650e+03	8.059756e-03	1.050000e-01	1.694945e-05	-8.050499e-03	-6.700292e-05	-9.852456e-06
1.685040e+03	-2.256552e-02	1.035082e-01	-4.657045e-06	2.266964e-02	-6.590182e-05	-1.581443e-04
1.697430e+03	-5.188342e-02	9.351050e-02	-4.021662e-05	5.198661e-02	-3.256426e-05	-5.021251e-05
1.709820e+03	-7.766691e-02	7.452594e-02	-6.241792e-06	7.760847e-02	-6.165210e-05	3.654671e-05
1.722210e+03	-9.691161e-02	4.851759e-02	5.968851e-05	9.683787e-02	-4.565010e-05	6.346124e-05
1.734600e+03	-1.075030e-01	1.734494e-02	6.267485e-05	1.075037e-01	-3.067173e-05	-2.827671e-05
1.746990e+03	-1.082649e-01	-1.604210e-02	9.024135e-05	1.082569e-01	-1.372870e-05	-3.028097e-04
1.759380e+03	-9.809600e-02	-4.792638e-02	-8.651218e-05	9.846697e-02	5.795484e-06	-3.789937e-04
1.771770e+03	-7.943658e-02	-7.583278e-02	5.443719e-05	7.975570e-02	2.756519e-05	-3.181658e-04
1.784160e+03	-5.307089e-02	-9.702696e-02	4.260461e-05	5.317021e-02	6.449669e-06	-1.401856e-04
1.796550e+03	-2.047737e-02	-1.096312e-01	-6.556004e-06	2.062719e-02	-7.367926e-07	-1.392358e-04
1.808940e+03	1.472604e-02	-1.109107e-01	1.472660e-04	-1.441512e-02	1.733322e-04	-2.998798e-04
1.821330e+03	4.824525e-02	-1.005423e-01	-1.985487e-05	-4.784163e-02	1.691184e-05	-4.354502e-04
1.833720e+03	7.755032e-02	-8.114904e-02	-1.994630e-05	-7.714080e-02	-1.955452e-05	-3.534594e-04
1.846110e+03	9.962862e-02	-5.286618e-02	3.801658e-06	-9.956856e-02	3.512106e-05	-2.232192e-04
1.858500e+03	1.117532e-01	-1.856211e-02	-2.111923e-05	-1.113687e-01	1.763403e-05	-1.853198e-04
1.870890e+03	1.124018e-01	1.870499e-02	-9.847093e-06	-1.122201e-01	-3.334609e-05	-2.281696e-04
1.883280e+03	1.005024e-01	5.367374e-02	-6.062792e-05	-1.003178e-01	1.284567e-04	-4.168900e-04
1.895670e+03	7.799644e-02	8.301854e-02	-3.635293e-05	-7.759589e-02	-2.480512e-05	-3.890943e-04
1.908060e+03	4.716163e-02	1.038464e-01	-8.875704e-05	-4.669634e-02	1.686771e-05	-3.914749e-04
1.920450e+03	1.090591e-02	1.140000e-01	-1.209913e-04	-1.071898e-02	9.804791e-06	-1.942647e-04
1.932840e+03	-2.696449e-02	1.115106e-01	-7.788461e-05	2.713504e-02	-4.616417e-05	-1.788725e-04
1.945230e+03	-6.221901e-02	9.667738e-02	-3.420754e-05	6.232844e-02	-1.071701e-04	-1.461882e-04
1.957620e+03	-9.055405e-02	7.084828e-02	3.369891e-05	9.077547e-02	-1.170428e-04	-1.933298e-04
1.970010e+03	-1.085639e-01	3.723559e-02	3.163516e-05	1.089480e-01	-7.498459e-05	-2.073937e-04
1.982400e+03	-1.159111e-01	-1.010147e-03	1.430646e-04	1.159474e-01	-6.430775e-05	-1.769737e-04
1.994790e+03	-1.090216e-01	-3.949844e-02	4.193422e-05	1.090216e-01	-3.234234e-05	5.447965e-05
2.007180e+03	-8.938339e-02	-7.378604e-02	1.922179e-04	8.938044e-02	3.179207e-05	-1.241634e-05
2.019570e+03	-5.947935e-02	-9.922454e-02	4.462994e-05	5.963186e-02	4.767305e-05	-1.546247e-04
2.031960e+03	-2.321261e-02	-1.133183e-01	9.681350e-05	2.351556e-02	9.079452e-05	-2.436772e-04
2.044350e+03	1.615913e-02	-1.145509e-01	4.929086e-06	-1.609763e-02	4.302801e-05	-4.197600e-05
2.056740e+03	5.365310e-02	-1.029817e-01	5.544926e-05	-5.368327e-02	9.823289e-05	3.130936e-05
2.069130e+03	8.555233e-02	-7.917186e-02	1.893202e-05	-8.577500e-02	8.834549e-05	2.313094e-04
2.081520e+03	1.071856e-01	-4.547006e-02	-2.013854e-05	-1.075509e-01	-9.002833e-06	2.404784e-04
2.093910e+03	1.168698e-01	-5.874047e-03	-3.868635e-05	-1.169108e-01	1.162090e-05	8.278996e-05
2.106300e+03	1.113824e-01	3.410545e-02	-4.274886e-05	-1.113734e-01	8.517123e-05	2.511286e-05
2.118690e+03	9.349631e-02	7.035218e-02	-1.078340e-04	-9.379227e-02	4.508686e-05	2.536472e-04
2.131080e+03	6.385985e-02	9.862580e-02	-1.259570e-04	-6.406050e-02	5.705553e-05	1.770012e-04
2.143470e+03	2.623683e-02	1.144491e-01	-1.375844e-04	-2.632963e-02	-1.558725e-05	7.721376e-05
2.155860e+03	-1.511541e-02	1.165488e-01	-1.531479e-04	1.499991e-02	-5.691556e-05	1.604805e-04
2.168250e+03	-5.430260e-02	1.048742e-01	6.051102e-06	5.438371e-02	-1.449717e-04	-4.393412e-05
2.180640e+03	-8.752053e-02	7.931589e-02	-4.644157e-06	8.740722e-02	-1.482305e-04	1.011169e-04
2.193030e+03	-1.106627e-01	4.421726e-02	5.498025e-05	1.102741e-01	-1.378617e-04	3.023539e-04
2.205420e+03	-1.189410e-01	2.306676e-03	2.024711e-04	1.189018e-01	-1.209380e-04	2.810949e-04
2.217810e+03	-1.129576e-01	-4.026856e-02	1.407472e-04	1.129662e-01	-2.709679e-05	3.850858e-04
2.230200e+03	-9.088057e-02	-7.780083e-02	7.713014e-05	9.058698e-02	-1.521456e-05	2.500574e-04
2.242590e+03	-5.771660e-02	-1.052051e-01	1.044297e-04	5.753573e-02	6.155116e-05	1.611894e-04
2.254980e+03	-1.646236e-02	-1.191393e-01	9.061724e-06	1.606195e-02	5.158350e-05	3.111816e-04
2.267370e+03	2.787188e-02	-1.175463e-01	-2.728623e-05	-2.816067e-02	2.882063e-05	2.329590e-04
2.279760e+03	6.925464e-02	-1.001357e-01	5.416727e-05	-6.946985e-02	1.548242e-04	2.349715e-04
2.292150e+03	1.018234e-01	-6.787046e-02	-1.994717e-05	-1.018802e-01	7.149351e-05	2.918730e-04
2.304540e+03	1.200977e-01	-2.542715e-02	3.637282e-06	-1.200977e-01	8.682746e-05	2.547074e-04
2.316930e+03	1.214486e-01	2.120447e-02	-2.863610e-05	-1.214486e-01	2.408883e-04	3.274796e-04
2.329320e+03	1.050787e-01	6.562015e-02	-7.539626e-05	-1.051785e-01	3.726116e-05	3.376826e-04
2.341710e+03	7.267240e-02	1.015903e-01	-8.094827e-05	-7.317235e-02	1.846161e-05	4.319585e-04
2.354100e+03	2.889429e-02	1.225702e-01	-1.725258e-04	-2.901577e-02	1.411709e-05	1.553511e-04
2.366490e+03	-2.095215e-02	1.249103e-01	-1.386862e-04	2.074878e-02	-8.155103e-05	2.303411e-04
2.378880e+03	-6.825995e-02	1.075532e-01	-1.705122e-04	6.813021e-02	-1.061995e-04	2.208760e-04
2.391270e+03	-1.061474e-01	7.222208e-02	-5.514232e-05	1.053333e-01	-1.839927e-04	3.382907e-04
2.403660e+03	-1.279646e-01	2.442611e-02	1.140846e-04	1.270721e-01	-1.482762e-04	2.288061e-04
2.416050e+03	-1.283319e-01	-2.981684e-02	5.134226e-05	1.275309e-01	-1.670991e-04	4.399820e-04
2.428440e+03	-1.042124e-01	-8.054827e-02	1.957989e-04	1.042322e-01	-8.371640e-05	6.546804e-04
2.440830e+03	-6.226440e-02	-1.175082e-01	2.088926e-04	6.169110e-02	-1.122636e-05	4.968158e-04
2.453220e+03	-6.997950e-03	-1.339968e-01	1.040522e-04	6.497674e-03	-1.551256e-05	5.017477e-04
2.465610e+03	5.170252e-02	-1.254867e-01	1.638155e-04	-5.239516e-02	1.344281e-04	6.735656e-04
2.478000e+03	1.023672e-01	-9.088879e-02	1.040418e-04	-1.032922e-01	1.163232e-04	8.993952e-04
2.490390e+03	1.350511e-01	-3.511457e-02	5.799925e-05	-1.360524e-01	2.813229e-04	9.923928e-04
2.502780e+03	1.374044e-01	3.093825e-02	-9.680448e-06	-1.384044e-01	1.865347e-04	1.385423e-03
2.515170e+03	1.071808e-01	9.339119e-02	-2.579113e-04	-1.081722e-01	3.037275e-04	1.284137e-03
2.527560e+03	4.925218e-02	1.360276e-01	-2.072878e-04	-5.055697e-02	1.788403e-04	1.377046e-03
2.539950e+03	-2.555985e-02	1.439968e-01	-3.209726e-04	2.385830e-02	-7.464769e-06	1.639993e-03
2.552340e+03	-9.798155e-02	1.121701e-01	-3.602147e-04	9.613438e-02	-2.023482e-04	1.569029e-03
2.564730e+03	-1.433154e-01	4.100906e-02	1.945404e-05	1.413154e-01	-4.784275e-04	1.815302e-03
2.577120e+03	-1.421776e-01	-4.751395e-02	2.558614e-04	1.401776e-01	-3.602473e-04	1.402644e-03
2.589510e+03	-8.481671e-02	-1.211475e-01	1.908079e-04	8.363494e-02	-2.700964e-04	1.142638e-03
2.601900e+03	8.330067e-03	-1.429263e-01	3.545651e-04	-8.521404e-03	1.237186e-05	1.898445e-04
2.614290e+03	9.351907e-02	-9.971012e-02	3.022635e-04	-9.305627e-02	2.413394e-04	-8.180145e-04
2.626680e+03	1.269843e-01	-1.049138e-02	-1.933809e-04	-1.249901e-01	1.777824e-04	-2.484019e-03
2.639070e+03	9.163485e-02	6.993679e-02	-4.944958e-05	-9.002186e-02	7.400953e-04	-1.210494e-03
2.651460e+03	8.192198e-03	1.086761e-01	-8.057530e-05	-6.949848e-05	5.833405e-04	-8.222831e-03
2.663850e+03	-5.971596e-02	6.272577e-02	-3.450687e-04	6.636243e-02	-1.451214e-05	-6.835779e-03
2.676240e+03	-6.116313e-02	-7.814824e-03	-7.708802e-04	6.441430e-02	-1.546275e-03	-3.260956e-03
2.688630e+03	-2.260344e-02	-4.032496e-02	3.524686e-04	2.628097e-02	-1.424858e-04	-3.695025e-03
2.701020e+03	1.837794e-02	-2.593157e-02	9.273886e-04	-1.532832e-02	6.642713e-04	-3.048523e-03
2.713410e+03	1.531484e-02	4.015922e-03	1.262385e-03	-1.196790e-02	1.369327e-03	-3.463827e-03
2.725800e+03	-7.672286e-03	3.892473e-03	-4.449039e-04	7.573526e-03	-2.537185e-04	-2.878687e-04
2.738190e+03	-1.385861e-02	-1.559493e-02	4.343618e-04	1.556280e-02	8.098190e-04	-1.580621e-03
2.750580e+03	9.344879e-03	-3.019271e-02	-8.574010e-04	-7.884653e-03	-6.810232e-04	-1.461233e-03
2.762970e+03	4.338089e-02	-1.396036e-02	2.604177e-04	-4.431661e-02	3.278865e-04	1.013803e-03
2.775360e+03	4.334130e-02	3.117252e-02	-1.992486e-04	-4.449460e-02	-2.117302e-04	1.090474e-03
2.787750e+03	3.644657e-03	6.240038e-02	-5.373738e-04	-5.771773e-03	-5.843616e-04	2.164255e-03
2.800140e+03	-4.991159e-02	4.867817e-02	7.175303e-06	4.697502e-02	-3.775108e-04	2.893917e-03
2.812530e+03	-7.788132e-02	-7.127205e-03	4.929251e-04	7.577718e-02	-4.753941e-05	2.186118e-03
2.824920e+03	-4.973948e-02	-6.921145e-02	3.441619e-04	4.885193e-02	-1.745949e-04	8.844919e-04
2.837310e+03	2.242332e-02	-8.971331e-02	2.821600e-04	-2.290018e-02	3.538902e-04	5.891775e-04
2.849700e+03	8.811372e-02	-3.948631e-02	-3.096795e-04	-8.552076e-02	3.120292e-04	-2.596561e-03
2.862090e+03	9.386280e-02	4.116874e-02	-5.603684e-04	-9.195826e-02	3.230795e-04	-1.976782e-03
2.874480e+03	2.864056e-02	9.961397e-02	-4.852061e-04	-2.532750e-02	9.597562e-05	-3.290186e-03
2.886870e+03	-5.946981e-02	8.602695e-02	-6.315194e-04	6.134610e-02	-6.810271e-04	-1.959211e-03
2.899260e+03	-1.030000e-01	1.004416e-02	-2.079998e-05	1.049401e-01	-1.006710e-03	-2.100933e-03
2.911650e+03	-7.465895e-02	-7.609713e-02	8.111979e-04	7.383473e-02	-2.330235e-04	7.967650e-04
2.924040e+03	1.037731e-02	-1.039509e-01	7.477726e-04	-1.255826e-02	1.630596e-04	2.185254e-03
2.936430e+03	8.282297e-02	-5.818380e-02	6.399880e-04	-8.545658e-02	7.501673e-04	2.670765e-03
2.948820e+03	9.494810e-02	2.595798e-02	-6.504421e-05	-9.645846e-02	7.487618e-04	1.678436e-03
2.961210e+03	4.187939e-02	8.487470e-02	-3.306274e-04	-4.310747e-02	8.794933e-04	1.234989e-03
2.973600e+03	-3.635638e-02	8.023496e-02	-7.512008e-04	3.448972e-02	4.171966e-06	1.875036e-03
2.985990e+03	-7.932298e-02	2.333013e-02	-7.015030e-04	7.869087e-02	-1.061610e-03	6.653493e-04
2.998380e+03	-6.180934e-02	-4.097903e-02	1.904495e-04	6.244377e-02	-8.240551e-04	-7.007572e-04
3.010770e+03	-5.314177e-03	-6.669758e-02	6.611022e-04	5.134727e-03	-5.377390e-04	1.880676e-04
3.023160e+03	4.511869e-02	-3.841763e-02	6.949281e-04	-4.664287e-02	2.234899e-04	1.069914e-03
3.035550e+03	4.683625e-02	1.625393e-02	5.323081e-04	-4.537491e-02	1.033770e-03	-1.398997e-03
3.047940e+03	1.059596e-02	3.649986e-02	-3.901103e-04	-1.107904e-02	7.562475e-04	5.311822e-04
3.060330e+03	-2.743066e-02	1.904740e-02	-1.090731e-03	2.930960e-02	-1.779490e-04	-1.741263e-03
3.072720e+03	-2.490322e-02	-1.780882e-02	-4.369016e-04	2.793777e-02	-5.042522e-04	-2.977902e-03
3.085110e+03	1.601570e-02	-3.063249e-02	-1.570885e-04	-1.401656e-02	-9.708412e-04	-1.946263e-03
3.097500e+03	4.116335e-02	2.123172e-03	5.274858e-04	-3.886215e-02	-3.077373e-04	-2.263329e-03
3.109890e+03	2.164200e-02	4.143710e-02	8.178803e-04	-2.058263e-02	4.011321e-04	-1.090638e-03
3.122280e+03	-2.482613e-02	4.523345e-02	3.792884e-04	2.494231e-02	6.926373e-04	-1.953222e-04
3.134670e+03	-5.807899e-02	3.326112e-03	-4.987064e-04	5.703464e-02	2.024472e-04	1.031790e-03
3.147060e+03	-3.299528e-02	-5.681373e-02	4.866007e-05	3.115035e-02	3.343132e-04	1.840794e-03
3.159450e+03	1.654954e-02	-6.490912e-02	-1.593858e-04	-1.782936e-02	-2.145621e-04	1.260931e-03
3.171840e+03	6.177914e-02	-2.707199e-02	2.665980e-04	-6.304746e-02	-1.039347e-04	1.268327e-03
3.184230e+03	6.148357e-02	3.544740e-02	1.724013e-04	-6.317100e-02	-1.561683e-04	1.644014e-03
3.196620e+03	7.548507e-03	7.102537e-02	1.215844e-04	-1.033832e-02	6.131562e-05	2.646266e-03
3.209010e+03	-5.533325e-02	5.223558e-02	8.534191e-05	5.418805e-02	1.732731e-04	9.377564e-04
3.221400e+03	-7.430419e-02	-1.347924e-02	1.295777e-04	7.395807e-02	2.631454e-04	3.553611e-04
3.233790e+03	-3.274756e-02	-6.731131e-02	4.951328e-05	3.386255e-02	1.022911e-04	-1.099649e-03
3.246180e+03	3.685196e-02	-6.438080e-02	7.223658e-04	-3.540238e-02	5.857210e-04	-1.479097e-03
3.258570e+03	7.300598e-02	-4.042608e-03	-1.245400e-04	-7.081522e-02	-1.217829e-04	-2.230060e-03
3.270960e+03	4.466012e-02	5.404716e-02	-2.231877e-04	-4.419237e-02	-8.535798e-05	-4.623697e-04
3.283350e+03	-2.179935e-02	6.670910e-02	-2.184818e-04	2.309992e-02	-1.111075e-04	-1.345208e-03
3.295740e+03	-6.362183e-02	1.738923e-02	2.253839e-04	6.395233e-02	1.234864e-04	-4.547284e-04
3.308130e+03	-4.860693e-02	-4.132087e-02	4.443516e-04	4.880805e-02	2.855816e-04	-1.735626e-04
3.320520e+03	7.342226e-03	-5.982363e-02	6.848882e-06	-7.175760e-03	-1.876717e-04	-2.081676e-04
3.332910e+03	5.288237e-02	-2.630028e-02	1.304183e-04	-5.291251e-02	2.341305e-05	1.725815e-05
3.345300e+03	4.880355e-02	2.526243e-02	1.881123e-04	-5.052783e-02	2.900100e-04	1.514905e-03
3.357690e+03	6.211914e-03	5.409777e-02	-5.003143e-04	-6.526968e-03	-9.344568e-05	4.147270e-04
3.370080e+03	-3.986079e-02	3.459120e-02	-8.388765e-05	3.896836e-02	9.643385e-05	9.501544e-04
3.382470e+03	-5.025079e-02	-1.219773e-02	-3.221087e-04	4.938269e-02	-2.652088e-04	8.749211e-04
3.394860e+03	-1.648931e-02	-4.498183e-02	4.015334e-04	1.655586e-02	1.356550e-04	-1.275645e-04
3.407250e+03	2.640555e-02	-3.718019e-02	-1.214816e-04	-2.700042e-02	-2.514674e-04	5.634662e-04
3.419640e+03	4.629968e-02	5.428785e-03	-1.589421e-04	-4.519976e-02	-1.859817e-04	-1.169903e-03
3.432030e+03	1.701177e-02	3.882199e-02	-9.019880e-05	-1.607621e-02	-2.482965e-05	-9.747192e-04
3.444420e+03	-2.432594e-02	3.509004e-02	1.554828e-04	2.542208e-02	1.381139e-04	-1.277074e-03
3.456810e+03	-4.176379e-02	-3.222221e-03	-7.511028e-05	4.269772e-02	-8.821897e-05	-9.368852e-04
3.469200e+03	-1.676080e-02	-3.950887e-02	3.088363e-04	1.703114e-02	2.055264e-04	-3.053115e-04
3.481590e+03	2.378327e-02	-3.756265e-02	3.068023e-04	-2.398520e-02	3.017802e-04	2.388077e-04
3.493980e+03	4.856230e-02	3.399825e-04	-4.217431e-04	-4.769647e-02	-3.726725e-04	-8.529908e-04
3.506370e+03	2.535735e-02	3.839635e-02	-2.658210e-04	-2.628864e-02	-7.668433e-05	8.652245e-04
3.518760e+03	-1.531364e-02	4.558157e-02	-1.812264e-04	1.499559e-02	-5.486303e-05	2.716049e-04
3.531150e+03	-4.891749e-02	1.358143e-02	-5.416923e-05	4.820207e-02	-1.072730e-04	5.802343e-04
3.543540e+03	-4.007246e-02	-3.205183e-02	6.094189e-05	3.915959e-02	-8.729135e-05	9.136837e-04
3.555930e+03	1.835254e-03	-4.955171e-02	1.652853e-04	-2.334048e-03	-3.028269e-06	5.020225e-04
3.568320e+03	4.314318e-02	-2.780946e-02	3.847010e-04	-4.384474e-02	3.720627e-04	7.075005e-04
3.580710e+03	4.762085e-02	1.933298e-02	-4.029912e-04	-4.781942e-02	-1.139972e-04	1.669859e-04
3.593100e+03	9.712901e-03	5.007029e-02	4.972966e-05	-9.147326e-03	2.589216e-04	-6.101487e-04
3.605490e+03	-3.380236e-02	3.766211e-02	-1.687323e-04	3.489145e-02	-8.424124e-05	-1.056852e-03
3.617880e+03	-5.090224e-02	-8.422869e-03	2.000691e-04	5.154684e-02	-4.365440e-05	-7.909111e-04
3.630270e+03	-1.999520e-02	-4.852929e-02	-8.182589e-05	2.003781e-02	-2.928351e-04	-5.792909e-05
3.642660e+03	2.739263e-02	-4.353287e-02	-3.898472e-05	-2.748103e-02	-2.014458e-04	7.587364e-05
3.655050e+03	5.257439e-02	-1.344346e-03	7.319490e-04	-5.171592e-02	7.075582e-04	-8.429141e-04
3.667440e+03	2.967140e-02	4.154200e-02	-3.536891e-04	-2.890412e-02	4.219759e-05	-7.999527e-04
3.679830e+03	-1.642270e-02	4.820036e-02	-1.756270e-04	1.653600e-02	6.926619e-05	-1.435486e-04
3.692220e+03	-4.760612e-02	1.467626e-02	-1.915140e-04	4.724552e-02	-1.130592e-04	2.621195e-04
3.704610e+03	-3.953197e-02	-3.117216e-02	1.049820e-04	3.830946e-02	-1.540689e-04	1.206374e-03
3.717000e+03	1.570418e-03	-4.677725e-02	-1.674985e-04	-2.541480e-03	-3.670266e-04	1.061939e-03
3.729390e+03	3.972007e-02	-2.578947e-02	2.301401e-04	-4.071039e-02	8.313728e-05	9.517514e-04
3.741780e+03	4.256807e-02	1.774810e-02	1.537202e-04	-4.294412e-02	2.562102e-04	3.657535e-04
3.754170e+03	9.095802e-03	4.501973e-02	3.124026e-05	-8.552649e-03	3.017659e-04	-5.099979e-04
3.766560e+03	-3.199423e-02	3.287633e-02	-4.015854e-04	3.296194e-02	-1.318305e-04	-8.488794e-04
3.778950e+03	-4.286588e-02	-8.630540e-03	-5.032537e-04	4.268209e-02	-4.726372e-04	2.373177e-04
3.791340e+03	-1.696223e-02	-3.943934e-02	3.177237e-05	1.727618e-02	-2.164433e-04	-2.844724e-04
3.803730e+03	2.326748e-02	-3.453663e-02	-8.508669e-06	-2.287588e-02	-1.312152e-04	-3.361015e-04
3.816120e+03	4.192717e-02	1.659963e-03	-2.792609e-05	-4.086830e-02	-8.072203e-05	-1.035008e-03
3.828510e+03	2.161467e-02	3.556566e-02	1.640782e-04	-2.038970e-02	1.505411e-04	-1.126181e-03
3.840900e+03	-1.753184e-02	3.524720e-02	-3.183632e-04	1.724194e-02	-8.248449e-05	1.811689e-04
3.853290e+03	-4.013310e-02	5.415543e-03	2.078484e-04	3.945126e-02	2.074239e-04	3.347513e-04
3.865680e+03	-2.755263e-02	-2.976826e-02	-1.082254e-04	2.705198e-02	-6.659031e-05	6.775181e-04
3.878070e+03	9.811118e-03	-3.899187e-02	-2.683444e-04	-1.089237e-02	-2.706308e-04	1.088104e-03
3.890460e+03	3.725036e-02	-1.475188e-02	2.365888e-04	-3.788466e-02	9.278267e-05	7.896904e-04
3.902850e+03	3.298626e-02	2.285690e-02	1.775880e-04	-3.262292e-02	1.386311e-04	-3.118923e-04
3.915240e+03	-9.154284e-05	3.876150e-02	6.673851e-05	-3.548311e-05	1.094023e-04	1.262495e-04
3.927630e+03	-3.230193e-02	2.211038e-02	-2.429509e-04	3.263841e-02	-1.662777e-04	-3.440266e-04
3.940020e+03	-3.599790e-02	-1.411951e-02	2.354640e-04	3.645911e-02	1.572872e-04	-3.563009e-04
3.952410e+03	-8.821429e-03	-3.801931e-02	-2.833903e-04	8.269841e-03	-1.979873e-04	4.479183e-04
3.964800e+03	2.679097e-02	-2.636496e-02	-3.893516e-04	-2.662156e-02	-2.394193e-04	-2.910252e-04
3.977190e+03	3.807368e-02	7.570559e-03	-1.592869e-04	-3.772732e-02	-5.152605e-05	-1.971588e-04
3.989580e+03	1.335598e-02	3.705155e-02	2.074886e-04	-1.211472e-02	1.803726e-04	-1.169924e-03
4.001970e+03	-2.245462e-02	3.175676e-02	4.276409e-04	2.351848e-02	2.286372e-04	-1.006447e-03
4.014360e+03	-3.799826e-02	-1.184380e-03	-6.575461e-05	3.799871e-02	-2.398142e-04	-3.941898e-05
4.026750e+03	-2.051698e-02	-3.218398e-02	-3.549119e-04	1.980546e-02	-3.982286e-04	6.228020e-04
4.039140e+03	1.574373e-02	-3.639496e-02	-9.694780e-05	-1.669675e-02	-4.007224e-05	9.388634e-04
4.051530e+03	3.585577e-02	-8.526075e-03	-2.607142e-05	-3.666399e-02	1.458326e-04	7.710961e-04
4.063920e+03	2.738102e-02	2.503194e-02	-4.137488e-04	-2.794750e-02	-8.345645e-05	5.037923e-04
4.076310e+03	-6.105432e-03	3.748170e-02	-3.056362e-04	6.398148e-03	-2.071723e-04	-3.063425e-04
4.088700e+03	-3.264642e-02	1.716107e-02	9.909555e-06	3.277564e-02	-1.169747e-04	-3.808578e-04
4.101090e+03	-3.289699e-02	-1.783572e-02	1.298535e-04	3.274817e-02	-1.314590e-04	2.696812e-04
4.113480e+03	-3.401517e-03	-3.547225e-02	4.291646e-04	3.211613e-03	1.599595e-04	1.886660e-04
4.125870e+03	2.849408e-02	-2.203038e-02	2.943464e-04	-2.837039e-02	3.486038e-04	-1.643456e-04
4.138260e+03	3.331205e-02	1.066538e-02	-1.035933e-04	-3.310329e-02	2.303543e-04	-1.779017e-04
4.150650e+03	8.500187e-03	3.498173e-02	-1.813048e-04	-7.406810e-03	8.330490e-05	-1.087308e-03
4.163040e+03	-2.482606e-02	2.720082e-02	7.643938e-05	2.571118e-02	3.531493e-05	-8.252573e-04
4.175430e+03	-3.419631e-02	-4.764312e-03	-6.800224e-04	3.438920e-02	-6.947970e-04	-1.242437e-04
4.187820e+03	-1.671646e-02	-3.110363e-02	-7.668044e-05	1.605250e-02	-3.559439e-04	6.221871e-04
4.200210e+03	1.588835e-02	-2.922004e-02	3.049055e-04	-1.620632e-02	1.260950e-04	3.119522e-04
4.212600e+03	3.278211e-02	-3.878403e-03	1.624503e-05	-3.337769e-02	1.625907e-04	6.026739e-04
4.224990e+03	2.259508e-02	2.518257e-02	-3.883196e-05	-2.307946e-02	2.245064e-04	4.211952e-04
4.237380e+03	-8.465771e-03	3.282951e-02	5.391418e-05	8.745697e-03	2.364346e-04	-2.970625e-04
4.249770e+03	-3.162236e-02	1.162867e-02	-2.274430e-04	3.141054e-02	-1.735739e-04	9.153255e-05
4.262160e+03	-2.656320e-02	-1.989780e-02	1.299843e-05	2.593122e-02	-2.014925e-04	6.070946e-04
4.274550e+03	7.849503e-04	-3.268718e-02	9.511604e-04	-1.153228e-03	5.144883e-04	3.784628e-04
4.286940e+03	2.704816e-02	-1.767407e-02	3.973767e-04	-2.743029e-02	3.086235e-04	5.437696e-04
4.299330e+03	3.020093e-02	1.472754e-02	2.200938e-04	-2.914677e-02	3.116535e-04	-1.131111e-03
4.311720e+03	3.063811e-03	3.234031e-02	-1.869449e-04	-2.034053e-03	1.658755e-05	-1.076359e-03
4.324110e+03	-2.507988e-02	2.098705e-02	-2.826451e-04	2.540800e-02	-1.590026e-04	-3.960343e-04
4.336500e+03	-2.953419e-02	-6.980980e-03	-3.002401e-04	3.038012e-02	-3.528279e-04	-1.059043e-03
4.348890e+03	-1.154194e-02	-3.332397e-02	4.975312e-04	9.406274e-03	1.676000e-04	2.164400e-03
4.361280e+03	1.825645e-02	-2.432987e-02	-5.159441e-04	-1.825387e-02	-4.799576e-04	8.119447e-06
4.373670e+03	3.076300e-02	9.181695e-04	-5.423542e-04	-3.116337e-02	-3.892154e-04	3.884985e-04
4.386060e+03	1.760490e-02	2.616332e-02	-2.210928e-04	-1.758523e-02	-1.928881e-05	2.092069e-05
4.398450e+03	-1.103685e-02	3.152743e-02	2.188418e-04	1.249668e-02	3.060082e-04	-1.414050e-03
4.410840e+03	-3.146857e-02	7.108761e-03	-1.641057e-05	3.132357e-02	-7.814659e-05	1.714311e-04
4.423230e+03	-2.314544e-02	-2.083238e-02	-3.050657e-04	2.257400e-02	-3.432186e-04	3.757466e-04
4.435620e+03	3.983572e-03	-3.192974e-02	7.640898e-05	-5.926849e-03	-7.503061e-05	1.793329e-03
4.448010e+03	2.805040e-02	-1.228154e-02	-2.696093e-04	-2.806295e-02	-1.747007e-04	-2.882646e-05
4.460400e+03	2.528327e-02	1.536502e-02	-2.329309e-04	-2.524933e-02	-2.123737e-05	2.365785e-05
4.472790e+03	1.421697e-03	3.018316e-02	-2.440707e-04	-3.866642e-04	-3.448846e-05	-1.066993e-03
4.485180e+03	-2.530590e-02	1.759252e-02	-6.509497e-05	2.594538e-02	-4.510107e-05	-7.614291e-04
4.497570e+03	-2.734936e-02	-1.122402e-02	4.850395e-04	2.738748e-02	1.974412e-04	-2.776948e-05
4.509960e+03	-6.388653e-03	-2.942185e-02	5.049812e-04	5.438031e-03	2.776329e-04	8.803722e-04
4.522350e+03	2.005981e-02	-2.068656e-02	2.374630e-04	-2.051066e-02	1.917600e-04	3.928158e-04
4.534740e+03	2.838345e-02	4.535285e-03	2.909569e-04	-2.857811e-02	3.261823e-04	1.910156e-04
4.547130e+03	1.235680e-02	2.551208e-02	-1.941542e-05	-1.245995e-02	1.225534e-04	-1.536778e-05
4.559520e+03	-1.324546e-02	2.659647e-02	3.095737e-04	1.425304e-02	2.934951e-04	-9.951060e-04
4.571910e+03	-2.861257e-02	2.453507e-03	-6.870224e-04	2.852623e-02	-5.378589e-04	1.724000e-04
4.584300e+03	-1.827694e-02	-2.331067e-02	1.611805e-04	1.726381e-02	-3.426771e-05	1.137132e-03
4.596690e+03	8.239270e-03	-2.714310e-02	3.263344e-04	-9.794712e-03	1.720361e-04	1.373837e-03
4.609080e+03	2.640947e-02	-7.766860e-03	3.769662e-05	-2.677842e-02	1.037430e-04	3.018537e-04
4.621470e+03	1.956420e-02	1.747499e-02	-3.621724e-04	-1.924783e-02	-1.520446e-04	-3.038584e-04
4.633860e+03	-4.944413e-03	2.864234e-02	1.344207e-04	6.622428e-03	2.011012e-04	-1.683346e-03
4.646250e+03	-2.512609e-02	1.116806e-02	-4.411029e-04	2.554840e-02	-3.370868e-04	-4.216551e-04
4.658640e+03	-2.143506e-02	-1.457041e-02	3.294257e-04	2.095844e-02	1.090680e-04	3.172243e-04
4.671030e+03	-1.203681e-03	-2.574453e-02	7.084127e-04	5.054614e-04	4.819903e-04	6.333828e-04
4.683420e+03	2.147482e-02	-1.445133e-02	4.987764e-05	-2.170250e-02	9.274502e-05	2.018739e-04
4.695810e+03	2.221430e-02	8.272059e-03	1.089358e-04	-2.320708e-02	1.812223e-04	9.258327e-04
4.708200e+03	6.066207e-03	2.591952e-02	-2.843660e-04	-4.874267e-03	-3.897628e-05	-1.197734e-03
4.720590e+03	-1.700094e-02	1.874823e-02	-1.477717e-04	1.711554e-02	-1.175693e-04	-1.989609e-04
4.732980e+03	-2.524602e-02	-2.799226e-03	-2.598470e-04	2.537697e-02	-2.775293e-04	-1.717312e-04
4.745370e+03	-1.261588e-02	-2.404371e-02	-1.353834e-04	1.126151e-02	-2.418959e-04	1.325048e-03
4.757760e+03	1.149702e-02	-2.254923e-02	4.156001e-04	-1.249941e-02	2.137147e-04	1.013087e-03
4.770150e+03	2.429999e-02	-1.712792e-03	-4.199924e-04	-2.469999e-02	-1.699973e-04	3.639967e-04
4.782540e+03	1.528245e-02	2.207873e-02	3.458491e-04	-1.344305e-02	3.532812e-04	-1.755466e-03
4.794930e+03	-9.524772e-03	2.419792e-02	-3.244195e-04	1.062359e-02	-1.600990e-04	-1.107229e-03
4.807320e+03	-2.632825e-02	4.991185e-03	-6.102708e-05	2.638192e-02	-7.731375e-05	2.300818e-05
4.819710e+03	-1.709600e-02	-1.767620e-02	-6.174791e-04	1.692487e-02	-5.700716e-04	1.995660e-04
4.832100e+03	5.573772e-03	-2.437021e-02	3.284570e-04	-6.053516e-03	1.504231e-04	4.754243e-04
4.844490e+03	2.392571e-02	-8.916181e-03	1.166066e-04	-2.377566e-02	1.157351e-04	-7.110589e-05
4.856880e+03	1.906585e-02	1.378302e-02	-3.668607e-04	-1.942322e-02	-1.289219e-04	1.676363e-04
4.869270e+03	1.198133e-03	2.516827e-02	1.201055e-04	5.275613e-05	2.128267e-04	-1.188433e-03
4.881660e+03	-2.041383e-02	1.381627e-02	3.619896e-04	2.038132e-02	2.344243e-04	5.647504e-05
4.894050e+03	-2.258002e-02	-8.516671e-03	-3.699911e-04	2.237893e-02	-3.569950e-04	2.030809e-04
4.906440e+03	-5.026195e-03	-2.209191e-02	1.536342e-04	5.354046e-03	2.151571e-05	-2.797711e-04
4.918830e+03	1.632458e-02	-1.910891e-02	6.263597e-04	-1.740078e-02	4.576587e-04	8.509167e-04
4.931220e+03	2.318509e-02	3.404483e-03	-1.630208e-04	-2.279909e-02	1.237970e-05	-2.732503e-04
4.943610e+03	9.825453e-03	2.217443e-02	-9.793763e-04	-8.862370e-03	-5.729898e-04	-9.652713e-04
4.956000e+03	-1.160484e-02	2.092242e-02	-2.203894e-04	1.286047e-02	-1.898259e-04	-1.277244e-03
4.968390e+03	-2.442415e-02	4.971091e-04	2.320244e-04	2.442935e-02	6.949777e-05	1.535700e-04
4.980780e+03	-1.250621e-02	-1.991523e-02	-2.637010e-04	1.165284e-02	-3.009972e-04	8.241143e-04
4.993170e+03	8.747028e-03	-2.079822e-02	7.167980e-04	-9.443974e-03	4.528512e-04	6.668617e-04
5.005560e+03	2.077690e-02	-4.189103e-03	5.288163e-04	-2.108049e-02	5.040679e-04	2.597978e-04
5.017950e+03	1.660590e-02	1.623805e-02	-6.639350e-04	-1.555404e-02	-4.169425e-04	-9.728179e-04
5.030340e+03	-3.793343e-03	2.240507e-02	-3.238400e-04	4.761447e-03	-1.672980e-04	-9.017318e-04
5.042730e+03	-2.137510e-02	7.477622e-03	1.311903e-04	2.048736e-02	8.273082e-05	8.635736e-04
5.055120e+03	-1.813085e-02	-1.176158e-02	-8.211062e-06	1.757379e-02	-8.167686e-05	7.719830e-04
5.067510e+03	-1.792889e-03	-2.139157e-02	3.754460e-04	1.097029e-03	1.846383e-04	7.001892e-04
5.079900e+03	1.704579e-02	-1.302822e-02	-1.728593e-04	-1.744990e-02	-1.246272e-04	1.557408e-04
5.092290e+03	1.990351e-02	7.515075e-03	-3.631778e-05	-1.907347e-02	4.654177e-05	-8.596686e-04
5.104680e+03	5.372327e-03	2.265600e-02	-2.680972e-04	-2.911920e-03	-1.446832e-04	-2.313663e-03
5.117070e+03	-1.396458e-02	1.526303e-02	1.972698e-04	1.498971e-02	1.313501e-04	-1.042595e-03
5.129460e+03	-2.111748e-02	-3.810640e-03	-4.870494e-04	2.094170e-02	-4.156787e-04	2.409621e-04
5.141850e+03	-7.100690e-03	-1.827233e-02	5.316969e-04	6.455075e-03	3.159899e-04	6.866927e-04
5.154240e+03	1.094397e-02	-1.534314e-02	-4.539468e-04	-1.151424e-02	-3.211777e-04	4.426078e-04
5.166630e+03	1.829182e-02	1.915933e-03	1.582577e-05	-1.772689e-02	5.720202e-05	-5.503927e-04
5.179020e+03	7.569318e-03	1.576395e-02	2.415323e-04	-7.538246e-03	2.235066e-04	-4.641800e-05
5.191410e+03	-9.689332e-03	1.664135e-02	-3.856306e-04	9.714845e-03	-2.458655e-04	2.625704e-05
5.203800e+03	-1.737110e-02	2.546660e-03	1.857209e-04	1.703441e-02	8.821825e-05	2.542060e-04
5.216190e+03	-1.317568e-02	-1.195756e-02	1.392606e-04	1.312617e-02	4.256350e-05	3.192109e-05
5.228580e+03	3.794665e-03	-1.678608e-02	-1.402314e-03	-3.662881e-03	-1.099627e-03	-3.283654e-05
5.240970e+03	1.707825e-02	-8.416219e-03	-9.324542e-05	-1.778819e-02	-1.202589e-04	7.448764e-04
5.253360e+03	1.614517e-02	1.074708e-02	6.059614e-04	-1.462313e-02	5.530452e-04	-1.414554e-03
5.265750e+03	7.781256e-05	1.669148e-02	-2.660918e-04	4.537448e-04	-1.271715e-04	-5.713488e-04
5.278140e+03	-1.452341e-02	9.639894e-03	-3.346828e-04	1.507917e-02	-2.579108e-04	-6.087134e-04
5.290530e+03	-1.644177e-02	-8.129457e-03	4.081450e-04	1.560742e-02	2.457432e-04	8.840101e-04
5.302920e+03	-1.201389e-03	-1.696795e-02	-2.361994e-04	2.090891e-04	-1.912641e-04	1.006982e-03
5.315310e+03	1.263787e-02	-8.061789e-03	7.230475e-04	-1.205927e-02	5.581608e-04	-5.434200e-04
5.327700e+03	1.354370e-02	4.613981e-03	2.149028e-04	-1.427336e-02	2.010595e-04	3.599475e-04
5.340090e+03	3.481988e-03	1.450112e-02	-4.229684e-04	-3.209186e-03	-2.373730e-04	-2.755720e-04
5.352480e+03	-9.869525e-03	1.145467e-02	4.808394e-04	1.023933e-02	3.092981e-04	-3.666930e-04
5.364870e+03	-1.569929e-02	-1.055482e-03	1.003854e-04	1.569928e-02	8.409827e-05	-7.785321e-05
5.377260e+03	-7.825944e-03	-1.278075e-02	1.155712e-04	7.498652e-03	8.497792e-05	3.349925e-04
5.389650e+03	6.979226e-03	-1.248355e-02	-7.035371e-04	-7.011231e-03	-5.572568e-04	-5.093610e-05
5.402040e+03	1.353425e-02	-2.006136e-03	5.435505e-05	-1.344865e-02	8.001662e-05	-7.973015e-05
5.414430e+03	7.697945e-03	1.052837e-02	3.933906e-04	-7.229430e-03	3.048501e-04	-4.972587e-04
5.426820e+03	-5.384426e-03	1.181388e-02	-2.962186e-04	5.161719e-03	-1.636328e-04	2.188154e-04
5.439210e+03	-1.236814e-02	3.939448e-03	3.021033e-05	1.279537e-02	-3.808221e-05	-5.207433e-04
5.451600e+03	-1.002219e-02	-9.859280e-03	-4.243272e-05	9.033223e-03	-6.311813e-05	9.403781e-04
5.463990e+03	1.507389e-03	-1.215077e-02	-9.715905e-04	-2.183910e-03	-8.704243e-04	6.204295e-04
5.476380e+03	1.066307e-02	-4.897181e-03	3.284924e-04	-1.125145e-02	2.612530e-04	5.799305e-04
5.488770e+03	8.998478e-03	7.310537e-03	-1.013392e-04	-8.582000e-03	-2.175964e-06	-3.701498e-04
5.501160e+03	-7.835456e-05	1.130109e-02	-1.615131e-04	4.625644e-04	-1.012894e-04	-4.659687e-04
5.513550e+03	-9.486222e-03	5.777520e-03	-1.441072e-04	9.557734e-03	-1.334873e-04	-1.964656e-05
5.525940e+03	-1.150361e-02	-4.752437e-03	2.185394e-04	1.096363e-02	8.172905e-05	6.173021e-04
5.538330e+03	-3.884252e-03	-1.001210e-02	-6.292162e-04	3.632186e-03	-5.195738e-04	3.314267e-04
5.550720e+03	7.932437e-03	-6.675600e-03	1.037948e-03	-6.979202e-03	7.645485e-04	-6.782900e-04
5.563110e+03	1.034258e-02	2.128916e-03	-6.038823e-04	-9.423737e-03	-3.852691e-04	-8.857785e-04
5.575500e+03	2.740238e-03	7.413011e-03	1.790883e-04	-2.989387e-03	1.705677e-04	3.226812e-04
5.587890e+03	-6.108487e-03	7.504138e-03	-4.770924e-04	5.964643e-03	-3.963334e-04	-5.685003e-05
5.600280e+03	-8.582489e-03	-7.135173e-04	-7.725087e-04	8.357874e-03	-7.307939e-04	1.841166e-04
5.612670e+03	-3.806339e-03	-9.188652e-03	7.518517e-04	2.536289e-03	5.229576e-04	1.383975e-03
5.625060e+03	3.765647e-03	-7.559657e-03	5.021671e-04	-4.551037e-03	4.068032e-04	5.814096e-04
5.637450e+03	6.839470e-03	2.472458e-06	-5.901567e-05	-6.968896e-03	-5.143934e-05	2.324606e-04
5.649840e+03	4.121057e-03	6.651868e-03	-3.120610e-04	-3.698108e-03	-1.528678e-04	-4.199598e-04
5.662230e+03	-2.366399e-03	7.171650e-03	1.007545e-04	2.895897e-03	4.352758e-05	-5.398663e-04
5.674620e+03	-6.758004e-03	1.565457e-03	-1.976247e-04	6.842757e-03	-1.716529e-04	-3.781702e-06
5.687010e+03	-7.301101e-03	-5.011537e-03	2.965385e-04	6.681314e-03	2.026248e-04	5.991514e-04
5.699400e+03	1.247536e-03	-6.031762e-03	3.532589e-04	-7.797369e-04	3.289648e-04	-3.871009e-04
5.711790e+03	4.363111e-03	-3.352606e-03	4.572394e-04	-4.172136e-03	3.925746e-04	-1.812232e-04
5.724180e+03	5.015809e-03	1.441444e-03	4.749464e-04	-5.021200e-03	4.162499e-04	-2.674630e-05
5.736570e+03	4.779382e-04	5.043295e-03	1.332189e-04	-3.098374e-04	1.315694e-04	-9.587254e-05
5.748960e+03	-3.507254e-03	2.625352e-03	6.039707e-05	3.241146e-03	1.043711e-04	3.380876e-04
5.761350e+03	-7.172110e-03	-2.307394e-03	5.610793e-06	6.189729e-03	-1.783431e-05	9.851674e-04
5.773740e+03	-1.234469e-03	-3.955974e-03	2.869846e-04	1.229160e-03	2.129357e-04	1.367602e-06
5.786130e+03	3.336874e-03	-2.361730e-03	-4.744806e-04	-3.129698e-03	-3.649021e-04	-1.850662e-04
5.798520e+03	3.688956e-03	2.142389e-03	-7.706390e-04	-3.060837e-03	-6.668292e-04	-6.098235e-04
5.810910e+03	-6.786186e-04	2.324845e-03	-8.561710e-05	1.299653e-04	-1.255545e-04	6.507590e-04
5.823300e+03	-2.381872e-03	2.768934e-03	2.460112e-04	2.663417e-03	2.010313e-04	-2.706973e-04
5.835690e+03	-3.872980e-03	-9.612520e-04	-4.128836e-04	3.369609e-03	-3.280330e-04	5.131191e-04
5.848080e+03	-2.221912e-03	-2.127812e-03	-1.583213e-04	2.226482e-03	-1.660700e-04	-2.913825e-06
5.860470e+03	1.110889e-03	-1.936491e-03	2.827015e-04	-5.062916e-04	2.791986e-04	-6.143838e-04
5.872860e+03	1.360702e-03	-2.126960e-03	1.093625e-04	-1.464350e-03	1.091297e-04	1.194679e-04
5.885250e+03	1.483055e-03	9.866794e-04	-4.246472e-04	-1.042895e-03	-3.309537e-04	-4.238669e-04
5.897640e+03	-3.507264e-04	1.459010e-03	-1.211034e-04	3.021102e-04	-1.661751e-04	3.338099e-05
5.910030e+03	-2.003443e-03	4.963856e-04	4.033111e-04	1.583121e-03	3.264696e-04	4.315325e-04
5.922420e+03	-1.455912e-03	-7.614088e-04	1.091070e-04	1.003799e-03	1.296524e-04	3.668370e-04
5.934810e+03	9.280314e-04	-5.429559e-04	-1.549452e-04	-8.197728e-04	-7.401034e-05	-1.506465e-04
5.947200e+03	5.133256e-04	6.366353e-04	4.832755e-05	-2.410655e-04	8.894673e-05	-2.723187e-04
5.959590e+03	2.294220e-04	1.293368e-04	1.794839e-04	-4.054714e-04	1.780411e-04	1.845781e-04
5.971980e+03	-6.403213e-04	7.037574e-04	-3.710232e-04	9.669143e-04	-3.461615e-04	-3.786033e-04
5.984370e+03	-9.972604e-04	2.566210e-05	5.899096e-04	9.697155e-04	4.327557e-04	5.855395e-06
5.996760e+03	1.525653e-03	3.683442e-04	-2.343618e-04	-1.216199e-03	-1.903254e-04	-2.988443e-04
6.009150e+03	-1.139131e-03	1.069851e-03	-4.214346e-04	1.533675e-03	-3.994207e-04	-4.003772e-04
6.021540e+03	-2.109401e-03	-6.033852e-04	-4.707557e-04	2.086097e-03	-4.058893e-04	4.142908e-06
6.033930e+03	-1.344464e-03	-9.627750e-04	-2.084370e-04	1.745310e-03	-1.784494e-04	-4.003185e-04
6.046320e+03	-3.933273e-04	-2.480485e-03	-9.717802e-05	-1.477873e-04	-1.132370e-04	4.875656e-04
6.058710e+03	1.466870e-03	-9.223618e-04	-1.384737e-04	-1.564465e-03	-1.616374e-04	1.100858e-04
6.071100e+03	2.224864e-03	-5.418148e-05	-1.024941e-04	-2.760414e-03	-1.158366e-04	5.044064e-04
6.083490e+03	-1.302610e-03	1.120395e-03	-1.017882e-04	7.862836e-04	-1.227310e-04	5.359230e-04
6.095880e+03	-4.964590e-04	2.254401e-03	2.277439e-04	9.810725e-04	2.052803e-04	-4.519668e-04
6.108270e+03	-2.100157e-03	-1.580297e-04	-2.046536e-04	1.760787e-03	-1.251024e-04	3.457663e-04
6.120660e+03	-2.294529e-03	-1.564614e-03	-3.962337e-04	2.164848e-03	-3.573160e-04	1.329684e-04
6.133050e+03	5.240110e-04	-1.401133e-03	2.933975e-04	3.098221e-05	2.632615e-04	-4.564136e-04
6.145440e+03	5.645604e-04	-5.942349e-04	-5.760676e-04	-7.352243e-04	-4.940435e-04	6.269841e-05
6.157830e+03	2.291935e-03	2.445171e-03	6.628500e-04	-1.710128e-03	5.154192e-04	-7.410389e-04
6.170220e+03	-3.351970e-03	1.464323e-03	-7.404754e-04	2.949421e-03	-6.416043e-04	3.965701e-04
6.182610e+03	-3.598358e-03	-3.190964e-04	1.346107e-04	3.596269e-03	5.985217e-05	7.529576e-05
6.195000e+03	-3.581735e-03	-3.224239e-03	5.624593e-04	3.369640e-03	4.481232e-04	3.162081e-04
6.207390e+03	-6.447218e-04	-3.120945e-03	-3.805979e-05	7.697172e-04	-1.109851e-06	-1.407127e-04
6.219780e+03	2.283788e-03	-1.806692e-03	-6.179555e-04	-2.656384e-03	-5.082905e-04	4.298790e-04
6.232170e+03	3.067038e-03	1.601188e-03	-3.208205e-04	-3.168328e-03	-2.680399e-04	1.084132e-04
6.244560e+03	4.435974e-04	4.439135e-03	9.362083e-04	1.800496e-04	7.710412e-04	-6.104954e-04
6.256950e+03	-2.987051e-03	1.451317e-03	-6.421781e-04	2.431944e-03	-5.548582e-04	5.604883e-04
6.269340e+03	-4.786299e-03	-8.449180e-04	8.158332e-04	4.675219e-03	6.223038e-04	1.196509e-04
6.281730e+03	-1.599169e-03	-3.222655e-03	5.627445e-05	1.724446e-03	6.784365e-06	-1.558756e-05
6.294120e+03	1.403463e-03	-2.072805e-03	5.740178e-04	-1.168045e-03	4.678083e-04	-3.664388e-04
6.306510e+03	1.712221e-03	-1.682568e-04	-9.147805e-05	-2.081049e-03	-1.483238e-06	3.670320e-04
6.318900e+03	1.156289e-03	3.833571e-03	-9.859424e-04	-6.204948e-04	-8.264508e-04	-5.458394e-04
6.331290e+03	-2.325346e-03	2.910950e-03	2.691086e-05	2.768760e-03	-1.905636e-05	-3.716706e-04
6.343680e+03	-4.651014e-03	-1.496251e-03	3.094860e-04	4.490120e-03	2.470220e-04	1.656100e-04
6.356070e+03	-4.249751e-03	-5.089468e-03	1.079561e-03	3.470347e-03	9.076013e-04	7.837452e-04
6.368460e+03	3.470157e-03	-3.972603e-03	-1.048112e-04	-3.512732e-03	-3.423857e-05	9.132915e-05
6.380850e+03	3.273392e-03	8.818570e-04	-1.491243e-04	-2.663933e-03	-1.055143e-04	-5.258141e-04
6.393240e+03	3.345308e-03	3.662726e-03	-4.837681e-04	-3.382852e-03	-3.459340e-04	-2.935312e-04
6.405630e+03	-3.790218e-04	4.928256e-03	-6.281014e-04	9.985834e-04	-5.784226e-04	-6.522856e-04
6.418020e+03	-4.359044e-03	8.411004e-04	-2.850798e-05	3.929096e-03	-5.503815e-05	3.816479e-04
6.430410e+03	-4.512697e-03	-2.434620e-03	3.644315e-04	4.337543e-03	2.756492e-04	1.509272e-04
6.442800e+03	-9.863834e-04	-4.200977e-03	3.663759e-05	7.338252e-04	1.382246e-05	1.528509e-04
6.455190e+03	2.429192e-03	-2.704721e-03	-5.823987e-04	-2.904726e-03	-5.743323e-04	5.446093e-04
6.467580e+03	2.352255e-03	1.990188e-03	1.803090e-04	-2.300236e-03	1.249573e-04	-3.360342e-05
6.479970e+03	-3.240340e-05	5.700751e-03	1.729096e-04	1.229874e-03	1.786528e-04	-1.345468e-03
6.492360e+03	-4.561883e-03	2.709946e-03	1.272182e-05	5.297555e-03	7.803185e-06	-5.793669e-04
6.504750e+03	-4.964993e-03	-3.180483e-03	1.456850e-04	4.614863e-03	1.205788e-04	3.433335e-04
6.517140e+03	4.855202e-04	-4.827683e-03	2.048220e-04	-5.667901e-04	1.751379e-04	7.578520e-05
6.529530e+03	2.589657e-03	-2.622482e-03	-6.366765e-04	-2.585052e-03	-5.693324e-04	-9.324734e-06
6.541920e+03	3.710778e-03	8.175947e-04	3.566092e-04	-4.063890e-03	3.295706e-04	4.086400e-04
6.554310e+03	2.166094e-03	5.935138e-03	8.767751e-05	-1.206545e-03	1.370145e-04	-1.082125e-03
6.566700e+03	-4.156792e-03	3.049744e-03	-4.431818e-04	3.899400e-03	-4.161887e-04	2.493467e-04
6.579090e+03	-4.597495e-03	-2.639426e-04	1.480402e-04	4.464284e-03	1.042866e-04	1.357408e-04
6.591480e+03	-2.356021e-03	-4.046901e-03	-3.509170e-04	2.071406e-03	-3.263453e-04	2.965812e-04
6.603870e+03	6.624499e-04	-3.518771e-03	3.083703e-04	-6.851097e-04	2.433198e-04	1.105954e-05
6.616260e+03	3.510125e-03	-3.603108e-04	3.036211e-04	-3.411963e-03	2.913429e-04	-1.023317e-04
6.628650e+03	7.746622e-04	3.279610e-03	-1.030525e-04	-5.537973e-04	-4.508123e-05	-2.090889e-04
6.641040e+03	-1.291584e-03	3.605331e-03	-4.792700e-04	1.521347e-03	-4.307840e-04	-2.576444e-04
6.653430e+03	-5.154635e-03	-5.858288e-04	5.315109e-04	4.673894e-03	3.822518e-04	4.692886e-04
6.665820e+03	-4.098802e-03	-2.435581e-03	-6.104309e-04	4.887227e-03	-6.108589e-04	-5.976320e-04
6.678210e+03	-2.214661e-04	-4.648320e-03	7.874882e-05	-2.414112e-05	3.013986e-05	2.785583e-04
6.690600e+03	4.054626e-03	-1.494564e-03	4.627390e-04	-4.259252e-03	4.335136e-04	1.744960e-04
6.702990e+03	2.866899e-03	3.422656e-03	4.925368e-04	-2.509033e-03	5.235757e-04	-3.645079e-04
6.715380e+03	3.461354e-04	3.367124e-03	-5.596599e-04	-7.208472e-04	-4.233549e-04	4.000247e-04
6.727770e+03	-4.612943e-03	1.301939e-03	-4.306133e-05	4.293710e-03	-7.006784e-05	2.632422e-04
6.740160e+03	-4.112322e-03	-2.802037e-03	-1.444430e-04	3.398013e-03	-1.590901e-04	7.146546e-04
6.752550e+03	-6.483905e-04	-3.343267e-03	2.923094e-04	8.816561e-04	2.085383e-04	-2.356441e-04
6.764940e+03	3.197555e-03	-3.594704e-03	4.206704e-04	-3.845968e-03	4.219058e-04	7.379394e-04
6.777330e+03	2.748858e-03	1.114576e-03	1.232001e-04	-2.710000e-03	7.655811e-05	-4.514085e-05
6.789720e+03	2.314951e-03	5.802033e-03	-9.451391e-04	-6.587635e-04	-8.743151e-04	-1.655191e-03
6.802110e+03	-3.650415e-03	2.582305e-03	-2.931837e-04	3.890827e-03	-3.445556e-04	-2.584119e-04
6.814500e+03	-4.405190e-03	-6.897712e-04	-1.243828e-04	4.947891e-03	-1.327651e-04	-5.435955e-04
6.826890e+03	-1.158076e-03	-3.859860e-03	-4.677982e-04	1.263419e-03	-5.508076e-04	-2.264235e-04
6.839280e+03	1.624077e-03	-3.591436e-03	1.814851e-04	-2.020971e-03	1.413594e-04	3.722452e-04
6.851670e+03	3.861931e-03	1.516692e-03	4.045466e-04	-3.489662e-03	3.852761e-04	-4.249229e-04
6.864060e+03	1.864431e-03	2.552955e-03	2.194612e-04	-2.380679e-03	2.736307e-04	5.863444e-04
6.876450e+03	-2.987534e-03	3.976086e-03	-5.049829e-04	3.449980e-03	-4.539867e-04	-4.588929e-04
6.888840e+03	-3.722945e-03	4.565801e-04	-8.253631e-06	3.939531e-03	-9.744162e-06	-2.233907e-04
6.901230e+03	-2.743084e-03	-3.659072e-03	-7.402230e-05	2.250574e-03	-8.390979e-05	5.296244e-04
6.913620e+03	-1.679146e-03	-3.078398e-03	-2.945996e-04	1.679546e-03	-2.903256e-04	-6.426322e-05
6.926010e+03	3.216802e-03	-2.087226e-03	1.424376e-04	-3.703938e-03	1.277753e-04	5.388765e-04
6.938400e+03	1.928753e-03	1.689118e-03	5.119856e-04	-2.321052e-03	5.162464e-04	2.729703e-04
6.950790e+03	-2.978553e-03	3.201606e-03	6.425052e-05	3.128970e-03	1.039848e-04	-1.476369e-04
6.963180e+03	-4.099298e-03	1.758270e-03	-3.875724e-05	4.845204e-03	-8.112289e-06	-8.164550e-04
6.975570e+03	-3.750111e-03	-3.853169e-03	-1.687870e-04	3.206157e-03	-2.258904e-04	6.006123e-04
6.987960e+03	-7.310154e-04	-3.733760e-03	-2.362678e-04	7.570070e-04	-2.676096e-04	-2.694325e-05
7.000350e+03	3.892699e-03	-1.494792e-03	6.029648e-04	-3.871880e-03	5.850371e-04	-6.979161e-05
7.012740e+03	2.401790e-03	1.535254e-03	-2.183790e-04	-2.671362e-03	-2.077263e-04	1.944500e-04
7.025130e+03	-5.824687e-04	3.886661e-03	-4.158376e-04	1.015343e-03	-4.375483e-04	-4.044459e-04
7.037520e+03	-3.795519e-03	3.204579e-03	7.542208e-04	4.754518e-03	7.159346e-04	-9.610193e-04
7.049910e+03	-4.235401e-03	-1.214082e-03	3.794645e-05	4.366909e-03	1.262604e-05	-9.606790e-05
7.062300e+03	-5.985754e-04	-4.436216e-03	2.139360e-04	-3.357922e-04	1.879387e-04	7.506897e-04
7.074690e+03	1.876889e-03	-2.909313e-03	1.515354e-04	-2.343696e-03	1.536660e-04	4.677182e-04
7.087080e+03	3.569343e-03	1.456783e-03	7.244998e-05	-2.842728e-03	7.296628e-05	-8.052053e-04
7.099470e+03	4.545917e-04	3.046121e-03	-5.789778e-05	4.312586e-06	-7.844198e-05	-3.610823e-04
7.111860e+03	-1.854059e-03	2.303694e-03	1.513280e-04	1.994982e-03	1.548219e-04	-1.555464e-04
7.124250e+03	-2.505035e-03	4.607649e-04	-1.044703e-04	3.101587e-03	-1.054014e-04	-5.955721e-04
7.136640e+03	-3.233243e-03	-4.108439e-03	3.398563e-04	2.614513e-03	3.291103e-04	6.458386e-04
7.149030e+03	1.488421e-03	-2.035745e-03	-6.159307e-04	-1.052529e-03	-6.367557e-04	-4.515309e-04
7.161420e+03	3.835635e-03	5.275742e-04	-7.506092e-05	-3.336922e-03	-1.317920e-04	-4.937143e-04
7.173810e+03	2.106985e-03	2.394105e-03	-2.175502e-04	-2.132976e-03	-2.161999e-04	3.781550e-06
7.186200e+03	-5.983340e-04	3.507698e-03	-1.854749e-04	1.211884e-03	-1.905011e-04	-6.145481e-04
7.198590e+03	-4.367322e-03	5.647583e-04	4.725120e-04	4.395812e-03	3.653753e-04	-1.884697e-05
7.210980e+03	-3.764904e-03	-2.921972e-03	-6.383990e-04	3.178415e-03	-6.327075e-04	6.004130e-04
7.223370e+03	-1.244774e-03	-3.449433e-03	-2.711524e-06	9.949572e-04	-1.879580e-05	4.479147e-04
7.235760e+03	2.460000e-03	-8.854713e-04	6.045573e-04	-2.206219e-03	6.728732e-04	-2.742555e-04
7.248150e+03	1.914236e-03	2.604017e-03	2.087281e-04	-8.060414e-04	3.155300e-04	-1.132885e-03
7.260540e+03	-8.067911e-04	1.692248e-03	5.842776e-04	7.017599e-04	6.048868e-04	1.521208e-04
7.272930e+03	-3.337549e-03	1.326513e-03	-3.423355e-04	3.510481e-03	-3.620461e-04	-1.636107e-04
7.285320e+03	-2.960398e-03	-1.049756e-03	2.799968e-04	3.204246e-03	2.309863e-04	-2.530145e-04
7.297710e+03	-3.434829e-04	-4.194033e-03	7.715964e-04	-5.922846e-04	7.465260e-04	9.403972e-04
7.310100e+03	1.986053e-03	-1.854123e-03	5.776419e-05	-1.967108e-03	7.967894e-05	2.196325e-05
7.322490e+03	6.981607e-04	-4.264867e-04	-1.115840e-05	-1.347452e-03	5.831702e-06	5.678201e-04
7.334880e+03	2.045803e-03	2.809633e-03	-7.313270e-06	-1.466240e-03	2.804446e-05	-5.933827e-04
7.347270e+03	-1.785569e-03	1.632068e-03	-5.362269e-04	1.840514e-03	-4.833404e-04	-6.041967e-05
7.359660e+03	-2.760981e-03	5.142065e-04	-4.270188e-04	3.286911e-03	-4.560329e-04	-6.408049e-04
7.372050e+03	-2.839203e-03	-2.224901e-03	3.588715e-04	2.709203e-03	3.128931e-04	1.360446e-04
7.384440e+03	5.522352e-04	-3.314960e-03	-3.302049e-04	-1.351183e-03	-3.935490e-04	8.131002e-04
7.396830e+03	1.255091e-03	5.806411e-05	9.321008e-05	-8.814638e-04	8.535830e-05	-4.103769e-04
7.409220e+03	1.658843e-03	7.946735e-04	-2.123120e-05	-1.759126e-03	-2.009177e-05	1.000673e-04
7.421610e+03	1.277606e-05	2.180741e-03	1.514872e-04	5.216747e-04	1.940343e-04	-5.128745e-04
7.434000e+03	-2.797523e-03	3.305347e-05	-2.028167e-04	2.770245e-03	-2.409589e-04	4.830352e-05
7.446390e+03	-6.846423e-04	-1.940604e-03	1.687472e-04	3.619490e-04	1.891512e-04	3.246430e-04
7.458780e+03	-8.719627e-04	-1.540230e-03	4.581587e-04	1.177551e-03	4.472451e-04	-2.796603e-04
7.471170e+03	2.029198e-03	-7.109592e-04	-3.399500e-04	-1.910144e-03	-3.531107e-04	-1.112189e-04
7.483560e+03	1.352423e-03	4.836267e-04	-9.337960e-05	-1.395293e-03	-1.020794e-04	1.058499e-04
7.495950e+03	-1.777782e-03	-4.044974e-04	6.483183e-04	7.664639e-04	6.832936e-04	9.923401e-04
7.508340e+03	-1.144722e-03	7.984313e-04	-4.633505e-04	1.343494e-03	-4.533191e-04	-1.367210e-04
7.520730e+03	-1.657477e-03	-9.916278e-04	4.748658e-04	1.541222e-03	5.131824e-04	1.168085e-04
7.533120e+03	2.568904e-04	-2.395438e-03	-4.622293e-04	-8.879466e-04	-4.371987e-04	6.306042e-04
7.545510e+03	-1.459256e-03	-5.635855e-04	-3.984784e-04	1.904127e-03	-4.746055e-04	-4.539350e-04
7.557900e+03	5.551722e-04	-5.006663e-04	3.088471e-04	-6.402188e-04	2.880101e-04	5.622502e-04
7.570290e+03	9.571933e-04	1.712260e-03	-1.440283e-04	-1.095268e-04	-1.920273e-04	-7.518130e-04
7.582680e+03	-2.439109e-03	-7.350020e-05	-6.131592e-04	2.143038e-03	-7.276154e-04	2.982207e-04
7.595070e+03	-2.425861e-03	-1.247911e-04	9.422770e-05	2.664028e-03	3.890377e-05	-2.641490e-04
7.607460e+03	-1.035836e-03	-9.348503e-05	-2.640782e-04	1.674235e-03	-3.481251e-04	-6.350000e-04
7.619850e+03	-1.286763e-03	-1.361508e-03	7.526488e-05	1.368202e-03	1.853258e-06	-7.693090e-05
7.632240e+03	8.579745e-04	-1.869966e-03	-1.501328e-04	-1.633191e-03	-1.248111e-04	7.878556e-04
7.644630e+03	4.366685e-04	1.541323e-03	1.075019e-04	4.315026e-04	8.667373e-05	-8.055138e-04
7.657020e+03	1.148622e-03	5.343914e-04	-2.203021e-04	-1.054249e-03	-2.199476e-04	-1.914482e-06
7.669410e+03	-2.135705e-03	-7.430072e-04	1.565504e-04	1.663164e-03	1.337703e-04	4.822008e-04
7.681800e+03	-1.826778e-03	-3.010827e-04	4.288485e-05	2.181734e-03	1.128109e-05	-2.502786e-04
7.694190e+03	-1.892223e-04	-5.943464e-05	-2.238097e-04	9.076068e-04	-2.673228e-04	-6.101089e-04
7.706580e+03	2.286104e-04	-4.245138e-05	-6.280297e-04	2.761677e-04	-7.688393e-04	-4.968945e-04
7.718970e+03	-3.105858e-04	-4.196767e-04	-1.566428e-04	2.505104e-04	-2.279560e-04	3.320125e-05
7.731360e+03	-1.737860e-03	-5.018812e-04	3.181271e-04	1.577897e-03	3.149657e-04	1.670134e-04
7.743750e+03	-3.707363e-04	1.999874e-04	2.649727e-04	6.064883e-04	3.353143e-04	-2.356983e-04
7.756140e+03	-2.889565e-04	-8.822520e-04	-2.782656e-04	2.714107e-05	-2.917057e-04	2.969437e-04
7.768530e+03	-2.485547e-04	-3.846001e-04	8.562658e-06	4.173383e-04	5.186208e-06	-1.706543e-04
7.780920e+03	-1.200464e-03	-1.050205e-03	1.953917e-04	9.963034e-04	1.972016e-04	2.006836e-04
7.793310e+03	-2.507905e-05	-1.129298e-03	-2.664923e-04	-3.740661e-04	-2.875307e-04	3.942172e-04
7.805700e+03	-3.651412e-04	1.919926e-04	1.125643e-04	7.160573e-04	1.161799e-04	-3.473989e-04
7.818090e+03	-5.967875e-04	2.762900e-04	-8.318340e-06	1.161204e-03	-1.559318e-05	-4.702925e-04
7.830480e+03	8.270480e-04	3.533057e-04	4.129592e-04	-4.555625e-04	4.690524e-04	-3.948747e-04
7.842870e+03	-2.019636e-04	-4.939304e-04	3.003861e-04	2.146747e-04	3.503893e-04	6.606278e-05
7.855260e+03	-1.723535e-04	8.778683e-04	-4.926570e-04	1.108900e-03	-4.972134e-04	-9.342475e-04
7.867650e+03	-1.647054e-03	-1.520475e-03	1.051527e-04	1.177945e-03	4.699948e-05	4.596883e-04
7.880040e+03	-1.010362e-04	1.829239e-04	-2.088011e-04	6.162558e-04	-2.905605e-04	-4.994397e-04
7.892430e+03	-1.213356e-03	-4.715443e-04	1.268969e-04	1.392219e-03	1.201096e-04	-1.788063e-04
7.904820e+03	-3.466456e-05	-3.527078e-04	2.262183e-04	1.163587e-04	2.900713e-04	-1.057442e-04
7.917210e+03	-7.094564e-04	-2.167761e-04	3.056963e-04	8.987366e-04	4.085833e-04	-1.903319e-04
7.929600e+03	-2.861001e-04	-6.301478e-04	-1.291736e-04	1.349072e-04	-1.046941e-04	1.512583e-04
7.941990e+03	-1.198512e-03	1.658912e-04	2.660650e-04	1.605878e-03	2.797942e-04	-4.128105e-04
7.954380e+03	-7.975234e-04	-5.454955e-04	5.678111e-04	9.219482e-04	6.584152e-04	-1.343934e-04
7.966770e+03	-9.457888e-04	-4.485507e-04	1.502503e-04	1.131657e-03	1.441630e-04	-1.541440e-04
7.979160e+03	1.576758e-03	-5.174430e-04	1.326699e-04	-1.762101e-03	1.725948e-04	1.480024e-04
7.991550e+03	-1.312819e-03	1.332463e-03	-1.198758e-04	2.462390e-03	-1.368317e-04	-1.139707e-03
8.003940e+03	-3.258545e-04	9.502288e-04	2.711755e-04	9.602753e-04	3.147058e-04	-8.042733e-04
8.016330e+03	-6.746970e-04	-5.033649e-04	-1.160178e-04	5.875797e-04	-7.913690e-05	1.018905e-04
8.028720e+03	-7.163157e-04	-1.143734e-03	5.712220e-05	3.584118e-04	1.300282e-04	3.515928e-04
8.041110e+03	-1.333986e-03	-8.337027e-05	1.636311e-04	1.863577e-03	1.820271e-04	-5.241595e-04
8.053500e+03	-4.361444e-04	-2.483230e-04	-1.383777e-04	7.689508e-04	-1.953173e-04	-3.827212e-04
8.065890e+03	2.948783e-04	-1.224066e-03	4.957776e-04	-7.692030e-04	5.902079e-04	4.467598e-04
8.078280e+03	-7.660381e-04	-7.809723e-04	-3.191284e-04	5.269787e-04	-3.701495e-04	2.273058e-04
8.090670e+03	-5.110066e-04	6.670475e-05	3.305217e-04	6.782780e-04	3.327028e-04	-2.240097e-04
8.103060e+03	-1.032461e-03	-1.577920e-04	-5.898580e-04	1.309069e-03	-6.928291e-04	-2.207446e-04
8.115450e+03	-1.562216e-03	-8.261160e-04	-1.971773e-04	1.614966e-03	-2.731480e-04	-2.585606e-05
8.127840e+03	-6.763003e-05	-9.962364e-04	5.822496e-04	-8.720229e-05	7.066007e-04	1.525539e-04
8.140230e+03	-2.033123e-04	-1.173496e-03	5.509611e-04	-9.880946e-05	6.972093e-04	3.398050e-04
8.152620e+03	-9.869208e-04	4.964443e-04	-3.216037e-05	1.706540e-03	7.024087e-05	-7.216178e-04
8.165010e+03	-9.213304e-04	6.883893e-05	3.551373e-04	1.224818e-03	4.405360e-04	-2.994650e-04
8.177400e+03	-8.015052e-04	-1.400329e-04	1.602624e-04	8.685834e-04	2.209565e-04	-1.718060e-04
