1.300950e+03	1.030411e-01	1.190936e-01	-4.666167e-04	-1.030411e-01	1.495102e-03	2.478026e-04
1.313340e+03	1.061995e-01	2.748669e-02	-5.551558e-07	-1.061983e-01	-5.345454e-06	3.856384e-04
1.325730e+03	9.445003e-02	5.430974e-02	-3.228316e-05	-9.453016e-02	3.750693e-06	8.908555e-05
1.338120e+03	7.611484e-02	7.725269e-02	-1.180273e-05	-7.601469e-02	1.798217e-05	-1.089527e-04
1.350510e+03	5.267783e-02	9.454476e-02	-4.313316e-05	-5.262886e-02	8.077459e-06	-3.277448e-05
1.362900e+03	2.550504e-02	1.049795e-01	-2.754295e-05	-2.573077e-02	-1.682200e-05	1.851787e-04
1.375290e+03	-3.535064e-03	1.080000e-01	-3.169894e-05	3.179200e-03	-2.719414e-05	3.651372e-04
1.387680e+03	-3.252864e-02	1.034688e-01	-2.569036e-05	3.212653e-02	-6.732985e-05	3.831991e-04
1.400070e+03	-5.894225e-02	9.078816e-02	1.168764e-05	5.853080e-02	-2.960971e-05	3.305839e-04
1.412460e+03	-8.065107e-02	7.162399e-02	4.074293e-06	8.046972e-02	-6.872813e-05	1.898515e-04
1.424850e+03	-9.703287e-02	4.783783e-02	8.378852e-05	9.673154e-02	-6.539911e-05	3.090811e-04
1.437240e+03	-1.075111e-01	2.001395e-02	6.992271e-05	1.068653e-01	-2.841520e-05	6.342149e-04
1.449630e+03	-1.089512e-01	-9.979965e-03	2.963432e-05	1.079502e-01	-1.112490e-05	6.940664e-04
1.462020e+03	-1.016255e-01	-3.870793e-02	1.134411e-04	1.010080e-01	3.489799e-05	4.927698e-04
1.474410e+03	-8.688930e-02	-6.445625e-02	3.545538e-05	8.659763e-02	2.212981e-05	3.266833e-04
1.486800e+03	-6.631917e-02	-8.548390e-02	3.247249e-05	6.603088e-02	5.374651e-05	3.539572e-04
1.499190e+03	-4.116975e-02	-1.004894e-01	2.172470e-05	4.062549e-02	3.302282e-05	4.758192e-04
1.511580e+03	-1.246002e-02	-1.079569e-01	1.338137e-05	1.180334e-02	4.030080e-05	6.552291e-04
1.523970e+03	1.743218e-02	-1.071489e-01	-1.034800e-05	-1.806514e-02	1.804194e-05	6.528664e-04
1.536360e+03	4.618737e-02	-9.867378e-02	-2.335473e-05	-4.678646e-02	1.711753e-06	5.664359e-04
1.548750e+03	7.155899e-02	-8.205416e-02	-8.136761e-06	-7.193123e-02	-3.538779e-06	3.371057e-04
1.561140e+03	9.173335e-02	-5.955948e-02	4.011799e-06	-9.211165e-02	1.971566e-05	3.652059e-04
1.573530e+03	1.052198e-01	-3.206694e-02	4.919263e-06	-1.063662e-01	5.262793e-06	5.722850e-04
1.585920e+03	1.109201e-01	-1.032724e-03	1.627188e-05	-1.109201e-01	2.379257e-05	7.025782e-04
1.598310e+03	1.070527e-01	3.073884e-02	-1.527088e-05	-1.070448e-01	4.198857e-05	5.213527e-04
1.610700e+03	9.369618e-02	5.968704e-02	-9.771961e-06	-9.399464e-02	9.187094e-05	2.559917e-04
1.623090e+03	7.334935e-02	8.389646e-02	-5.277692e-05	-7.355171e-02	6.256556e-05	1.925247e-04
1.635480e+03	4.661434e-02	1.016822e-01	-6.418805e-05	-4.679483e-02	5.012598e-05	1.854450e-04
1.647870e+03	1.534516e-02	1.120613e-01	-5.793153e-05	-1.574770e-02	5.723154e-07	4.135211e-04
1.660260e+03	-1.786632e-02	1.116749e-01	-9.010351e-05	1.743394e-02	-3.791634e-06	3.969715e-04
1.672650e+03	-4.984081e-02	1.027641e-01	-6.635244e-05	4.967316e-02	-3.101017e-05	1.641831e-04
1.685040e+03	-7.806225e-02	8.369761e-02	-5.343687e-05	7.798187e-02	-7.322441e-05	5.252716e-05
1.697430e+03	-1.000747e-01	5.714232e-02	-2.506761e-05	9.977814e-02	-4.056755e-05	2.216201e-05
1.709820e+03	-1.132859e-01	2.477370e-02	3.522904e-05	1.132022e-01	-7.907976e-05	1.028871e-04
1.722210e+03	-1.166143e-01	-1.100884e-02	5.310212e-06	1.163461e-01	-5.399736e-05	1.128501e-04
1.734600e+03	-1.074389e-01	-4.648809e-02	1.103275e-04	1.083697e-01	-3.068997e-05	-2.865555e-05
1.746990e+03	-8.851049e-02	-7.778773e-02	1.621045e-05	8.858370e-02	-3.077917e-05	-1.474118e-04
1.759380e+03	-6.021114e-02	-1.020536e-01	1.101438e-04	6.052077e-02	-1.828236e-06	-3.085011e-04
1.771770e+03	-2.566632e-02	-1.162922e-01	2.523692e-05	2.601555e-02	-3.940808e-05	-3.247833e-04
1.784160e+03	1.210096e-02	-1.196816e-01	3.944671e-05	-1.203286e-02	-3.092715e-05	-8.114249e-05
1.796550e+03	4.984441e-02	-1.099866e-01	4.128088e-05	-4.986738e-02	-7.870625e-06	-6.393308e-05
1.808940e+03	8.317214e-02	-8.844278e-02	6.251254e-05	-8.289151e-02	2.799871e-05	-2.587086e-04
1.821330e+03	1.084790e-01	-5.691572e-02	2.334715e-05	-1.074615e-01	4.258006e-05	-3.346255e-04
1.833720e+03	1.215328e-01	-1.878407e-02	4.069160e-05	-1.215600e-01	3.959306e-05	-3.496786e-04
1.846110e+03	1.216901e-01	2.253086e-02	3.360971e-05	-1.216556e-01	2.975433e-06	-4.156722e-04
1.858500e+03	1.080916e-01	6.236278e-02	-2.621372e-05	-1.070052e-01	1.534612e-04	-3.424633e-04
1.870890e+03	8.087406e-02	9.522303e-02	-2.823596e-05	-8.061698e-02	5.479963e-05	-3.320775e-04
1.883280e+03	4.409982e-02	1.169588e-01	-1.380352e-04	-4.360796e-02	1.152200e-04	-4.072503e-04
1.895670e+03	1.826140e-03	1.246725e-01	-1.444253e-04	-1.275063e-03	6.056316e-05	-5.137916e-04
1.908060e+03	-4.116488e-02	1.185822e-01	-1.332321e-04	4.165979e-02	-3.363382e-05	-4.415053e-04
1.920450e+03	-8.017940e-02	9.793749e-02	-1.343456e-04	8.036655e-02	-7.022215e-05	-3.252800e-04
1.932840e+03	-1.094883e-01	6.443250e-02	-2.823975e-05	1.103223e-01	-1.205064e-04	-2.346186e-04
1.945230e+03	-1.263536e-01	2.170526e-02	-3.660398e-06	1.263463e-01	-1.156346e-04	-1.722743e-04
1.957620e+03	-1.264838e-01	-2.439977e-02	3.655096e-05	1.264838e-01	-1.040000e-04	-2.049345e-04
1.970010e+03	-1.093678e-01	-6.737749e-02	1.059184e-04	1.093648e-01	-7.647339e-05	-4.297687e-04
1.982400e+03	-7.813196e-02	-1.017774e-01	1.026314e-04	7.856447e-02	-1.345124e-05	-3.637562e-04
1.994790e+03	-3.703765e-02	-1.234706e-01	2.318535e-05	3.730948e-02	-4.277435e-05	-2.866785e-04
2.007180e+03	9.917834e-03	-1.284093e-01	1.200814e-04	-9.736272e-03	4.656248e-06	-1.316022e-04
2.019570e+03	5.582588e-02	-1.172130e-01	6.106848e-05	-5.570195e-02	-1.263626e-05	-1.891402e-04
2.031960e+03	9.472560e-02	-8.898410e-02	9.488252e-05	-9.451700e-02	5.963597e-05	-2.292498e-04
2.044350e+03	1.211063e-01	-4.882258e-02	7.921301e-05	-1.211142e-01	5.428392e-05	-1.064477e-04
2.056740e+03	1.309507e-01	-1.401408e-03	6.668883e-05	-1.309507e-01	1.353303e-05	2.135585e-05
2.069130e+03	1.224694e-01	4.717505e-02	1.595862e-05	-1.224694e-01	1.652578e-04	6.418539e-05
2.081520e+03	9.639257e-02	8.903497e-02	-6.722775e-05	-9.639032e-02	2.058541e-04	1.539629e-04
2.093910e+03	5.636804e-02	1.182154e-01	-9.506894e-05	-5.645740e-02	6.941704e-05	7.137210e-05
2.106300e+03	8.680856e-03	1.302776e-01	-2.158742e-04	-8.719120e-03	1.151630e-04	-3.433661e-06
2.118690e+03	-4.079982e-02	1.257681e-01	-1.701864e-04	4.079940e-02	-4.119334e-05	6.057963e-05
2.131080e+03	-8.515490e-02	1.009314e-01	-1.526141e-04	8.500297e-02	-1.145714e-04	1.245463e-04
2.143470e+03	-1.173597e-01	6.202494e-02	-1.082350e-04	1.171429e-01	-1.546998e-04	2.032316e-04
2.155860e+03	-1.326837e-01	1.276941e-02	-9.202230e-07	1.325982e-01	-2.286233e-04	3.023992e-04
2.168250e+03	-1.282342e-01	-3.912888e-02	2.293548e-05	1.272992e-01	-1.822445e-04	2.724995e-04
2.180640e+03	-1.027614e-01	-8.505717e-02	1.383324e-04	1.027664e-01	-1.324489e-04	3.003869e-04
2.193030e+03	-6.286096e-02	-1.188586e-01	1.729163e-04	6.254679e-02	-8.408264e-05	2.958753e-04
2.205420e+03	-1.240942e-02	-1.332284e-01	1.972042e-04	1.200413e-02	-9.542131e-06	4.252254e-04
2.217810e+03	4.109544e-02	-1.284502e-01	1.613682e-04	-4.148749e-02	3.757086e-05	4.276878e-04
2.230200e+03	8.865450e-02	-1.027750e-01	1.334069e-04	-8.902295e-02	-2.577797e-06	4.568154e-04
2.242590e+03	1.232760e-01	-5.903340e-02	1.595735e-04	-1.232736e-01	1.532809e-04	3.612380e-04
2.254980e+03	1.363398e-01	-5.056101e-03	1.065094e-04	-1.363398e-01	2.249596e-04	4.170061e-04
2.267370e+03	1.284257e-01	5.101068e-02	7.727759e-06	-1.284252e-01	2.809944e-04	4.763087e-04
2.279760e+03	9.665602e-02	9.983149e-02	-1.109052e-04	-9.702868e-02	2.599224e-04	5.643259e-04
2.292150e+03	4.692560e-02	1.319039e-01	-2.472658e-04	-4.763135e-02	1.860077e-04	6.500812e-04
2.304540e+03	-1.238308e-02	1.399542e-01	-3.198547e-04	1.157849e-02	8.464986e-05	7.399617e-04
2.316930e+03	-7.081786e-02	1.227086e-01	-2.454777e-04	7.032206e-02	-1.388089e-04	5.556385e-04
2.329320e+03	-1.184423e-01	8.168519e-02	-3.665958e-04	1.174459e-01	-1.880477e-04	7.407417e-04
2.341710e+03	-1.439158e-01	2.251607e-02	-1.081766e-04	1.429158e-01	-3.083040e-04	8.965369e-04
2.354100e+03	-1.408080e-01	-4.457501e-02	-3.738678e-06	1.398090e-01	-3.268770e-04	9.697509e-04
2.366490e+03	-1.059042e-01	-1.042835e-01	2.308749e-04	1.047537e-01	-2.276162e-04	1.112763e-03
2.378880e+03	-4.622795e-02	-1.429461e-01	2.382653e-04	4.511805e-02	-1.854740e-04	1.121953e-03
2.391270e+03	2.754224e-02	-1.484019e-01	2.562099e-04	-2.892299e-02	-8.412022e-05	1.387930e-03
2.403660e+03	9.748124e-02	-1.181537e-01	3.076728e-04	-9.923079e-02	7.204900e-05	1.495481e-03
2.416050e+03	1.458086e-01	-5.313339e-02	3.063502e-04	-1.478086e-01	3.593913e-04	1.830000e-03
2.428440e+03	1.523825e-01	3.170849e-02	1.321917e-04	-1.543825e-01	3.446531e-04	1.999879e-03
2.440830e+03	1.127939e-01	1.111695e-01	-1.612628e-04	-1.147964e-01	6.278367e-04	2.013641e-03
2.453220e+03	2.733574e-02	1.574719e-01	-4.690602e-04	-2.917002e-02	3.892501e-04	1.859282e-03
2.465610e+03	-7.094205e-02	1.413842e-01	-5.584145e-04	6.948566e-02	-3.228749e-05	1.398685e-03
2.478000e+03	-1.411126e-01	6.513506e-02	-2.957031e-04	1.408503e-01	-4.720163e-04	7.093038e-04
2.490390e+03	-1.420250e-01	-4.203960e-02	1.874317e-04	1.426867e-01	-6.053762e-04	-4.896322e-04
2.502780e+03	-6.870084e-02	-1.205360e-01	3.935054e-04	7.041696e-02	-4.046321e-04	-1.742408e-03
2.515170e+03	3.621803e-02	-1.207255e-01	4.861187e-04	-3.315827e-02	-2.278673e-05	-3.067172e-03
2.527560e+03	1.003340e-01	-4.714624e-02	3.322665e-04	-9.634226e-02	3.082697e-04	-4.025325e-03
2.539950e+03	8.340792e-02	3.845119e-02	-3.663589e-05	-7.896331e-02	4.815836e-04	-4.480236e-03
2.552340e+03	1.492095e-02	6.781739e-02	-3.338636e-04	-9.902264e-03	2.497423e-04	-4.990000e-03
2.564730e+03	-3.271754e-02	3.279830e-02	-3.714795e-04	3.704722e-02	-1.530784e-04	-4.364076e-03
2.577120e+03	-2.494366e-02	-9.971642e-03	-5.065006e-05	2.934198e-02	-3.169843e-04	-4.389863e-03
2.589510e+03	3.930147e-03	-1.429508e-02	1.578555e-04	4.018637e-04	-2.571601e-04	-4.310985e-03
2.601900e+03	1.002172e-02	4.658519e-03	1.920738e-04	-5.954839e-03	-7.147660e-05	-4.042296e-03
2.614290e+03	-6.311606e-03	1.119860e-02	5.508791e-05	9.911375e-03	1.267372e-04	-3.589235e-03
2.626680e+03	-1.899792e-02	-4.521941e-03	-5.697528e-05	2.119840e-02	9.702101e-05	-2.137864e-03
2.639070e+03	-9.309779e-03	-2.517583e-02	-6.224405e-05	9.056098e-03	8.644378e-05	2.504150e-04
2.651460e+03	1.690701e-02	-2.651139e-02	-1.434386e-07	-2.006131e-02	-1.747558e-05	3.086830e-03
2.663850e+03	3.553732e-02	-1.992258e-03	-1.279266e-05	-4.118668e-02	7.179920e-05	5.539085e-03
2.676240e+03	2.645043e-02	3.383968e-02	-6.098489e-05	-3.279609e-02	1.032275e-04	6.207734e-03
2.688630e+03	-1.248315e-02	4.972067e-02	-1.815162e-04	7.225012e-03	8.552776e-05	5.232394e-03
2.701020e+03	-5.373171e-02	2.685770e-02	-1.461049e-04	5.121649e-02	-1.076655e-04	2.470895e-03
2.713410e+03	-5.852548e-02	-2.787545e-02	8.417974e-05	5.919578e-02	-2.660541e-04	-7.303265e-04
2.725800e+03	-1.238034e-02	-6.981965e-02	2.571319e-04	1.580896e-02	-2.147949e-04	-3.395181e-03
2.738190e+03	5.445025e-02	-5.637913e-02	3.312326e-04	-4.962912e-02	1.214132e-04	-4.782986e-03
2.750580e+03	8.114269e-02	1.212569e-02	7.330315e-05	-7.599481e-02	3.180591e-04	-5.144208e-03
2.762970e+03	3.815356e-02	7.535838e-02	-1.993182e-04	-3.380432e-02	1.877059e-04	-4.359766e-03
2.775360e+03	-4.190921e-02	7.409227e-02	-3.542214e-04	4.481339e-02	-7.912184e-05	-2.947121e-03
2.787750e+03	-8.566257e-02	6.247819e-03	-1.175556e-04	8.664679e-02	-3.522236e-04	-1.061180e-03
2.800140e+03	-5.708260e-02	-6.790077e-02	1.599489e-04	5.614264e-02	-2.959706e-04	9.309046e-04
2.812530e+03	1.851861e-02	-8.758703e-02	3.315823e-04	-2.103022e-02	-1.415086e-04	2.470816e-03
2.824920e+03	8.012496e-02	-3.936785e-02	3.038490e-04	-8.332439e-02	1.929196e-04	3.149905e-03
2.837310e+03	8.063595e-02	3.826561e-02	3.636968e-05	-8.359931e-02	4.161227e-04	2.991386e-03
2.849700e+03	2.181316e-02	8.774774e-02	-3.651716e-04	-2.432047e-02	3.647624e-04	2.500253e-03
2.862090e+03	-5.255974e-02	7.364996e-02	-3.572035e-04	5.083126e-02	5.488039e-06	1.737661e-03
2.874480e+03	-8.642938e-02	6.779058e-03	-3.269463e-04	8.534917e-02	-2.778608e-04	1.012407e-03
2.886870e+03	-5.663962e-02	-6.156240e-02	1.501317e-04	5.626196e-02	-3.629861e-04	4.512997e-04
2.899260e+03	1.394847e-02	-7.716011e-02	2.938325e-04	-1.404383e-02	-2.118617e-04	1.174685e-04
2.911650e+03	6.403193e-02	-2.982446e-02	3.739516e-04	-6.378727e-02	1.055896e-04	-2.294492e-04
2.924040e+03	4.971695e-02	3.675844e-02	1.305492e-04	-4.872318e-02	3.624419e-04	-9.008350e-04
2.936430e+03	-7.200202e-04	5.445040e-02	-2.345953e-04	1.911140e-03	3.045525e-04	-1.191866e-03
2.948820e+03	-4.199999e-02	1.994643e-02	-3.126961e-04	4.358842e-02	-3.047530e-05	-1.638549e-03
2.961210e+03	-2.992565e-02	-2.716320e-02	-1.570659e-04	3.186338e-02	-2.428626e-04	-1.870348e-03
2.973600e+03	1.435948e-02	-3.534004e-02	9.828926e-05	-1.246323e-02	-2.303387e-04	-1.898034e-03
2.985990e+03	3.721872e-02	5.131485e-04	2.130813e-04	-3.547359e-02	-4.201622e-05	-1.630882e-03
2.998380e+03	1.448070e-02	3.491735e-02	1.429656e-04	-1.332259e-02	1.150390e-04	-1.194108e-03
3.010770e+03	-2.661691e-02	2.785964e-02	-2.378438e-05	2.713667e-02	8.332858e-05	-4.942415e-04
3.023160e+03	-3.811264e-02	-1.160021e-02	-7.506162e-05	3.795208e-02	5.076581e-05	1.829671e-04
3.035550e+03	-7.433814e-03	-4.012841e-02	-1.505387e-05	6.600642e-03	3.870394e-05	8.351624e-04
3.047940e+03	3.305553e-02	-2.590916e-02	-1.795433e-05	-3.459005e-02	6.079668e-05	1.555230e-03
3.060330e+03	4.047830e-02	1.772894e-02	-4.867547e-05	-4.227830e-02	4.180294e-06	1.785288e-03
3.072720e+03	4.273177e-03	4.746062e-02	-9.346366e-05	-5.826694e-03	-5.693904e-05	1.551986e-03
3.085110e+03	-4.149083e-02	3.032691e-02	-6.231785e-05	4.053011e-02	-1.482090e-04	9.250358e-04
3.097500e+03	-5.032886e-02	-2.089323e-02	1.505928e-04	5.049115e-02	-1.447296e-04	-1.270435e-04
3.109890e+03	-7.782181e-03	-5.721042e-02	2.425675e-04	8.733917e-03	2.955557e-06	-9.728710e-04
3.122280e+03	4.741293e-02	-3.844089e-02	1.319053e-04	-4.567789e-02	2.595171e-04	-1.766270e-03
3.134670e+03	5.955513e-02	2.061861e-02	-1.384984e-04	-5.737858e-02	2.728599e-04	-2.127139e-03
3.147060e+03	1.389145e-02	6.213866e-02	-3.344090e-04	-1.206204e-02	7.036464e-05	-1.826066e-03
3.159450e+03	-4.641813e-02	4.420426e-02	-2.291411e-04	4.755447e-02	-2.492448e-04	-1.095711e-03
3.171840e+03	-6.246757e-02	-1.679914e-02	2.053354e-05	6.260940e-02	-3.946865e-04	-1.405029e-04
3.184230e+03	-2.000420e-02	-6.292237e-02	3.653361e-04	1.913468e-02	-1.502058e-04	8.776689e-04
3.196620e+03	4.099011e-02	-5.116185e-02	3.712164e-04	-4.238908e-02	1.684104e-04	1.408479e-03
3.209010e+03	6.527850e-02	6.010130e-03	7.553027e-05	-6.677811e-02	4.238740e-04	1.476813e-03
3.221400e+03	3.204860e-02	5.811779e-02	-2.935692e-04	-3.311107e-02	3.505189e-04	1.075789e-03
3.233790e+03	-2.911775e-02	5.973487e-02	-4.035362e-04	2.854363e-02	-3.363374e-05	5.901064e-04
3.246180e+03	-6.472384e-02	9.704325e-03	-1.797833e-04	6.471400e-02	-3.312727e-04	-9.383540e-06
3.258570e+03	-4.370262e-02	-4.681136e-02	1.978216e-04	4.384643e-02	-3.439197e-04	-1.362820e-04
3.270960e+03	1.414541e-02	-6.035361e-02	4.259730e-04	-1.384600e-02	-4.055385e-05	-2.789833e-04
3.283350e+03	5.635286e-02	-2.039418e-02	2.795236e-04	-5.597432e-02	2.830501e-04	-3.773665e-04
3.295740e+03	4.494647e-02	3.457886e-02	-1.212934e-04	-4.453937e-02	3.577566e-04	-4.214337e-04
3.308130e+03	-5.480429e-03	5.299810e-02	-3.399879e-04	6.078898e-03	1.216442e-04	-5.950054e-04
3.320520e+03	-4.616912e-02	2.103389e-02	-2.620817e-04	4.683268e-02	-2.288401e-04	-6.755552e-04
3.332910e+03	-3.938330e-02	-2.815434e-02	4.853638e-05	3.998342e-02	-3.860723e-04	-6.541304e-04
3.345300e+03	4.888318e-03	-4.580096e-02	2.710069e-04	-4.376921e-03	-1.276376e-04	-4.811890e-04
3.357690e+03	4.109489e-02	-1.850889e-02	2.402850e-04	-4.091058e-02	1.274702e-04	-2.272029e-04
3.370080e+03	3.545865e-02	2.597318e-02	-1.281542e-05	-3.559764e-02	2.774218e-04	9.129119e-05
3.382470e+03	-4.343011e-03	4.261890e-02	-1.913574e-04	4.024774e-03	1.252666e-04	3.104703e-04
3.394860e+03	-3.832222e-02	1.780921e-02	-2.042829e-04	3.783678e-02	-1.392561e-04	4.303233e-04
3.407250e+03	-3.419274e-02	-2.270219e-02	1.328701e-05	3.380351e-02	-2.088735e-04	4.214105e-04
3.419640e+03	2.262292e-03	-3.901164e-02	2.191633e-04	-2.573283e-03	-7.097406e-05	3.121976e-04
3.432030e+03	3.446048e-02	-1.743774e-02	2.222036e-04	-3.464771e-02	1.407918e-04	2.144713e-04
3.444420e+03	3.171056e-02	2.128304e-02	-1.441898e-05	-3.170305e-02	2.597944e-04	-5.563783e-06
3.456810e+03	-2.745469e-03	3.747072e-02	-2.041997e-04	2.928274e-03	1.868208e-04	-1.838106e-04
3.469200e+03	-3.414765e-02	1.547309e-02	-2.162826e-04	3.448984e-02	-1.198974e-04	-4.055153e-04
3.481590e+03	-2.987206e-02	-2.238758e-02	-3.371765e-05	3.047520e-02	-1.762657e-04	-5.485682e-04
3.493980e+03	9.375843e-03	-3.574044e-02	2.423219e-04	-8.723423e-03	-1.136094e-04	-7.231617e-04
3.506370e+03	3.567977e-02	-1.457323e-02	2.001367e-04	-3.502603e-02	5.941510e-05	-6.510008e-04
3.518760e+03	3.082838e-02	2.341522e-02	1.374362e-05	-3.037014e-02	1.795229e-04	-4.691652e-04
3.531150e+03	-4.703634e-03	3.799176e-02	-1.567638e-04	4.905806e-03	1.610246e-04	-2.072378e-04
3.543540e+03	-3.589856e-02	1.581221e-02	-1.719437e-04	3.584832e-02	-8.062258e-05	8.764687e-05
3.555930e+03	-3.279959e-02	-2.305606e-02	-3.334331e-05	3.248967e-02	-1.755649e-04	3.081128e-04
3.568320e+03	2.326044e-03	-4.029720e-02	1.130388e-04	-2.794611e-03	-1.341542e-04	4.642679e-04
3.580710e+03	3.590614e-02	-1.932731e-02	1.577834e-04	-3.638120e-02	8.286289e-05	4.410572e-04
3.593100e+03	3.569667e-02	2.062903e-02	2.913738e-05	-3.600015e-02	2.254633e-04	2.920122e-04
3.605490e+03	1.408025e-03	4.155781e-02	-1.130672e-04	-1.544240e-03	1.735123e-04	1.304512e-04
3.617880e+03	-3.495445e-02	2.340054e-02	-1.883844e-04	3.510968e-02	-5.676569e-05	-1.199016e-04
3.630270e+03	-3.848728e-02	-1.738977e-02	7.995179e-06	3.878959e-02	-1.779623e-04	-3.136377e-04
3.642660e+03	-5.407180e-03	-4.178660e-02	1.394168e-04	5.742388e-03	-1.203930e-04	-3.554286e-04
3.655050e+03	3.270330e-02	-2.719106e-02	2.083827e-04	-3.230611e-02	5.676120e-05	-4.211044e-04
3.667440e+03	4.022780e-02	1.315247e-02	4.709205e-05	-3.988270e-02	1.594722e-04	-3.831355e-04
3.679830e+03	1.052473e-02	4.054671e-02	-1.192324e-04	-1.013050e-02	1.453923e-04	-3.334441e-04
3.692220e+03	-2.874385e-02	3.030919e-02	-1.839604e-04	2.899906e-02	1.006862e-05	-2.392963e-04
3.704610e+03	-4.044349e-02	-8.266455e-03	-2.935631e-05	4.054352e-02	-1.161796e-04	-5.637149e-05
3.717000e+03	-1.481564e-02	-3.844225e-02	9.235136e-05	1.470709e-02	-9.451201e-05	9.338215e-05
3.729390e+03	2.425491e-02	-3.281482e-02	1.550575e-04	-2.445610e-02	6.004839e-05	2.215157e-04
3.741780e+03	4.006087e-02	2.534259e-03	4.750153e-05	-4.036192e-02	1.617302e-04	2.700766e-04
3.754170e+03	1.946976e-02	3.508768e-02	-1.007242e-04	-1.962614e-02	1.148622e-04	1.969898e-04
3.766560e+03	-1.831942e-02	3.499302e-02	-2.214524e-04	1.822165e-02	-1.580891e-05	8.611477e-05
3.778950e+03	-3.796889e-02	3.570861e-03	-4.377289e-05	3.796932e-02	-1.159916e-04	8.522089e-07
3.791340e+03	-2.334664e-02	-3.003192e-02	8.008341e-05	2.344535e-02	-1.666032e-04	-1.009062e-04
3.803730e+03	1.226267e-02	-3.548471e-02	1.752347e-04	-1.207638e-02	-2.834965e-05	-2.020843e-04
3.816120e+03	3.555753e-02	-8.096310e-03	1.124962e-04	-3.535753e-02	1.812853e-04	-2.524853e-04
3.828510e+03	2.518433e-02	2.487550e-02	-8.072837e-05	-2.486238e-02	1.766188e-04	-3.085758e-04
3.840900e+03	-7.334964e-03	3.321724e-02	-1.659005e-04	7.640461e-03	4.978822e-05	-3.047944e-04
3.853290e+03	-3.117918e-02	1.109735e-02	-1.389852e-04	3.143835e-02	-1.148935e-04	-2.581335e-04
3.865680e+03	-2.528293e-02	-2.007429e-02	-2.718122e-06	2.548293e-02	-1.442924e-04	-1.603059e-04
3.878070e+03	3.382698e-03	-3.107209e-02	1.496111e-04	-3.284233e-03	-5.600689e-05	-7.941441e-05
3.890460e+03	2.736385e-02	-1.344618e-02	1.215576e-04	-2.734828e-02	1.062131e-04	-3.434139e-06
3.902850e+03	2.514853e-02	1.550831e-02	5.666659e-06	-2.523402e-02	1.360134e-04	9.244202e-05
3.915240e+03	8.237208e-05	2.859583e-02	-8.619578e-05	-1.783874e-04	5.161950e-05	9.619814e-05
3.927630e+03	-2.350724e-02	1.486231e-02	-1.287725e-04	2.339091e-02	-2.782053e-05	1.167755e-04
3.940020e+03	-2.410194e-02	-1.151842e-02	-1.280855e-05	2.410194e-02	-1.191349e-04	2.821652e-05
3.952410e+03	-2.815964e-03	-2.562165e-02	9.856932e-05	2.878991e-03	-7.178773e-05	-7.135942e-05
3.964800e+03	1.958882e-02	-1.530766e-02	1.149753e-04	-1.949817e-02	4.960124e-05	-1.335002e-04
3.977190e+03	2.258390e-02	8.342482e-03	3.098617e-05	-2.238629e-02	1.068422e-04	-2.111019e-04
3.989580e+03	4.445771e-03	2.266982e-02	-1.029637e-04	-4.186374e-03	1.002295e-04	-2.718520e-04
4.001970e+03	-1.645555e-02	1.498907e-02	-7.460581e-05	1.664584e-02	-4.869170e-05	-2.536312e-04
4.014360e+03	-2.055473e-02	-6.144449e-03	-4.422855e-05	2.075915e-02	-7.669688e-05	-2.177289e-04
4.026750e+03	-5.099169e-03	-2.021085e-02	4.907673e-05	5.256171e-03	-7.655041e-05	-1.579932e-04
4.039140e+03	1.418079e-02	-1.448605e-02	1.034654e-04	-1.408150e-02	-1.172519e-05	-9.432793e-05
4.051530e+03	1.911146e-02	4.433848e-03	2.381570e-05	-1.905269e-02	9.026805e-05	-6.469188e-05
4.063920e+03	5.807655e-03	1.801842e-02	-1.554332e-04	-5.762654e-03	4.540097e-05	-4.378745e-05
4.076310e+03	-1.232894e-02	1.395579e-02	-6.218532e-05	1.232261e-02	-2.010222e-05	-3.980623e-06
4.088700e+03	-1.798293e-02	-3.197678e-03	-3.629940e-05	1.796860e-02	-9.392895e-05	1.080473e-05
4.101090e+03	-6.353429e-03	-1.670894e-02	1.053626e-04	6.335756e-03	-7.905346e-05	1.923902e-05
4.113480e+03	1.071739e-02	-1.386415e-02	1.098492e-04	-1.070594e-02	1.966031e-05	-3.616746e-05
4.125870e+03	1.699692e-02	1.774744e-03	2.950929e-05	-1.689690e-02	1.198972e-04	-9.311728e-05
4.138260e+03	7.254490e-03	1.520527e-02	-4.873462e-05	-7.163426e-03	9.458692e-05	-9.710093e-05
4.150650e+03	-8.957925e-03	1.385309e-02	-1.248227e-04	9.104902e-03	2.762374e-05	-1.471237e-04
4.163040e+03	-1.590213e-02	-4.362530e-04	-3.256635e-05	1.610213e-02	-8.481888e-05	-1.605470e-04
4.175430e+03	-7.848416e-03	-1.378337e-02	9.460462e-05	8.042587e-03	-8.397080e-05	-1.891869e-04
4.187820e+03	7.378624e-03	-1.380232e-02	1.124376e-04	-7.219706e-03	-1.848647e-05	-1.418454e-04
4.200210e+03	1.512708e-02	-1.050826e-03	-1.038315e-04	-1.493797e-02	6.871886e-05	-1.819010e-04
4.212600e+03	8.869380e-03	1.210428e-02	-3.373824e-05	-8.766071e-03	6.977124e-05	-1.021599e-04
4.224990e+03	-5.483984e-03	1.356614e-02	-7.455282e-05	5.519329e-03	3.902396e-05	-3.908879e-05
4.237380e+03	-1.409996e-02	2.478974e-03	-5.854863e-05	1.409996e-02	-6.469655e-05	-4.128639e-05
4.249770e+03	-9.521624e-03	-1.039323e-02	2.044071e-05	9.522590e-03	-7.260829e-05	-2.590896e-05
4.262160e+03	3.552398e-03	-1.314711e-02	5.318185e-05	-3.528952e-03	-6.564663e-06	-1.837511e-05
4.274550e+03	1.263958e-02	-4.112792e-03	5.903728e-05	-1.255553e-02	2.713349e-05	-2.562467e-05
4.286940e+03	1.001609e-02	8.240692e-03	-1.199956e-05	-1.000549e-02	6.293351e-05	-4.495368e-05
4.299330e+03	-1.507126e-03	1.233473e-02	-4.209538e-05	1.578534e-03	4.856781e-05	-7.053999e-05
4.311720e+03	-1.091766e-02	5.282049e-03	-4.001613e-05	1.101818e-02	-3.175469e-05	-1.009419e-04
4.324110e+03	-1.008632e-02	-6.220948e-03	-2.149270e-05	1.019761e-02	-4.562992e-05	-1.013029e-04
4.336500e+03	-9.885168e-05	-1.136446e-02	1.303736e-05	2.220614e-04	-2.917946e-05	-1.186221e-04
4.348890e+03	9.168534e-03	-6.223136e-03	4.265020e-05	-9.040929e-03	-1.038488e-05	-1.295175e-04
4.361280e+03	9.934090e-03	4.179212e-03	3.325133e-05	-9.730583e-03	3.550472e-05	-1.326094e-04
4.373670e+03	1.765861e-03	9.996994e-03	-1.399672e-05	-1.646814e-03	5.017717e-05	-1.211167e-04
4.386060e+03	-7.193667e-03	6.551970e-03	-6.745671e-05	7.264828e-03	3.200776e-05	-7.732951e-05
4.398450e+03	-9.132188e-03	-2.449770e-03	-2.447698e-05	9.169728e-03	-2.467527e-05	-3.713747e-05
4.410840e+03	-2.789240e-03	-8.692995e-03	5.797818e-06	2.821963e-03	-4.047518e-05	-3.252867e-05
4.423230e+03	5.417960e-03	-6.796640e-03	5.835912e-05	-5.436059e-03	6.489225e-07	1.996510e-05
4.435620e+03	8.191497e-03	8.544392e-04	2.779117e-05	-8.194930e-03	4.920651e-05	1.752495e-06
4.448010e+03	3.659145e-03	7.033631e-03	1.543094e-05	-3.586197e-03	7.406617e-05	-7.184278e-05
4.460400e+03	-3.691030e-03	6.523043e-03	-4.472044e-05	3.752589e-03	1.858793e-05	-5.915986e-05
4.472790e+03	-6.993505e-03	4.135191e-04	-3.446494e-05	7.068652e-03	5.664891e-06	-7.450283e-05
4.485180e+03	-4.049138e-03	-5.590221e-03	7.082832e-07	4.108131e-03	-5.575457e-06	-5.870601e-05
4.497570e+03	2.312582e-03	-6.189415e-03	4.179828e-06	-2.237296e-03	-5.456794e-06	-7.157795e-05
4.509960e+03	6.084888e-03	-1.447086e-03	1.886565e-05	-6.022719e-03	3.416125e-05	-6.125627e-05
4.522350e+03	4.327853e-03	4.083670e-03	-5.057966e-06	-4.217886e-03	3.144022e-05	-1.109986e-04
4.534740e+03	-9.523554e-04	5.518949e-03	-1.950165e-05	1.063171e-03	2.806142e-05	-1.097760e-04
4.547130e+03	-4.856267e-03	1.784856e-03	-2.939446e-05	4.976109e-03	2.645912e-05	-1.258641e-04
4.559520e+03	-4.233840e-03	-2.927363e-03	-3.186504e-05	4.290198e-03	2.214220e-05	-6.799284e-05
4.571910e+03	1.011230e-04	-4.883030e-03	1.499660e-05	-4.378023e-05	-2.822960e-05	-5.493130e-05
4.584300e+03	3.940948e-03	-2.518931e-03	2.625320e-05	-3.912369e-03	7.795395e-06	-3.711949e-05
4.596690e+03	4.082456e-03	1.769295e-03	1.887522e-05	-4.056958e-03	1.704075e-05	-2.838221e-05
4.609080e+03	7.393299e-04	4.148962e-03	-5.257607e-06	-7.205358e-04	2.060924e-05	-1.883490e-05
4.621470e+03	-2.923165e-03	2.772277e-03	-2.232451e-05	2.964136e-03	2.944307e-06	-4.120333e-05
4.633860e+03	-3.765647e-03	-9.418718e-04	-1.011916e-05	3.791635e-03	-3.431290e-06	-2.313714e-05
4.646250e+03	-1.231881e-03	-3.521411e-03	1.118050e-05	1.280778e-03	1.803664e-06	-5.887280e-05
4.658640e+03	2.231591e-03	-2.929791e-03	9.204482e-06	-2.151243e-03	3.940530e-06	-7.789034e-05
4.671030e+03	3.528956e-03	1.978910e-04	-9.259289e-06	-3.428953e-03	-1.077982e-05	-9.565610e-05
4.683420e+03	1.745847e-03	2.908720e-03	1.308284e-05	-1.623288e-03	-4.665841e-06	-1.236668e-04
4.695810e+03	-1.426047e-03	2.869699e-03	3.475636e-06	1.530249e-03	-4.043388e-06	-1.076377e-04
4.708200e+03	-3.009810e-03	3.245905e-04	2.058392e-05	3.129706e-03	-2.460653e-07	-1.197949e-04
4.720590e+03	-1.911819e-03	-2.395108e-03	4.342724e-06	1.976262e-03	8.061026e-06	-6.382279e-05
4.732980e+03	9.280227e-04	-2.826089e-03	2.280569e-06	-8.719534e-04	3.082316e-05	-5.779673e-05
4.745370e+03	2.789219e-03	-7.833972e-04	-2.531574e-05	-2.753417e-03	1.909844e-05	-3.715160e-05
4.757760e+03	2.094621e-03	1.863539e-03	-2.272131e-05	-2.075392e-03	7.023211e-07	-2.466281e-05
4.770150e+03	-4.410876e-04	2.678553e-03	5.441597e-06	4.573537e-04	-1.017154e-05	-1.605051e-05
4.782540e+03	-2.463697e-03	1.040603e-03	-1.291978e-06	2.521183e-03	-3.914419e-05	-5.470406e-05
4.794930e+03	-2.181534e-03	-1.542323e-03	3.629140e-05	2.264478e-03	-2.084233e-06	-8.071247e-05
4.807320e+03	1.464966e-04	-2.589811e-03	-5.916400e-07	-5.382997e-05	9.891490e-06	-9.239491e-05
4.819710e+03	2.281004e-03	-1.359132e-03	-1.551848e-06	-2.197807e-03	3.041317e-05	-8.727091e-05
4.832100e+03	2.309822e-03	1.113928e-03	-4.110528e-06	-2.232639e-03	2.258278e-05	-7.710444e-05
4.844490e+03	2.582218e-04	2.489674e-03	-1.271599e-05	-1.994341e-04	1.237056e-05	-5.873656e-05
4.856880e+03	-1.948179e-03	1.443403e-03	-1.351425e-05	1.986494e-03	-7.036578e-06	-4.055448e-05
4.869270e+03	-2.224966e-03	-8.946396e-04	1.668492e-05	2.259142e-03	-1.556885e-05	-3.387569e-05
4.881660e+03	-4.131665e-04	-2.380000e-03	2.321484e-05	4.524715e-04	-2.341561e-05	-4.045086e-05
4.894050e+03	1.811370e-03	-1.659537e-03	2.872250e-05	-1.739528e-03	7.600565e-06	-7.135011e-05
4.906440e+03	2.280238e-03	6.302920e-04	-3.466228e-06	-2.212352e-03	3.809775e-05	-6.851503e-05
4.918830e+03	6.954525e-04	2.209755e-03	-1.335917e-05	-6.146732e-04	1.170998e-05	-8.212698e-05
4.931220e+03	-1.492582e-03	1.698316e-03	-4.968168e-06	1.570328e-03	1.341107e-06	-7.737776e-05
4.943610e+03	-2.218959e-03	-4.652359e-04	-5.142127e-06	2.287954e-03	-1.322465e-05	-7.077172e-05
4.956000e+03	-7.669028e-04	-2.181041e-03	4.615484e-06	8.453075e-04	-1.926179e-05	-7.701605e-05
4.968390e+03	1.433102e-03	-1.875887e-03	2.623403e-05	-1.358853e-03	1.581994e-06	-7.636662e-05
4.980780e+03	2.399930e-03	1.900552e-04	1.822819e-05	-2.319937e-03	3.176727e-05	-7.479549e-05
4.993170e+03	1.099429e-03	2.056104e-03	7.455014e-06	-1.055360e-03	3.204122e-05	-4.256394e-05
5.005560e+03	-1.174503e-03	1.965326e-03	-6.410990e-06	1.229637e-03	1.621493e-05	-5.597947e-05
5.017950e+03	-2.239971e-03	3.767180e-05	-1.230440e-05	2.279961e-03	-3.459159e-06	-4.068597e-05
5.030340e+03	-1.210567e-03	-1.921287e-03	1.117004e-05	1.253718e-03	3.380026e-06	-4.290864e-05
5.042730e+03	1.128369e-03	-2.008283e-03	2.696001e-06	-1.077403e-03	-1.552170e-05	-5.151097e-05
5.055120e+03	2.259907e-03	-3.060153e-04	1.313710e-05	-2.189862e-03	-5.770963e-06	-6.863094e-05
5.067510e+03	1.457588e-03	1.717414e-03	-1.870772e-05	-1.393878e-03	1.679132e-05	-7.049077e-05
5.079900e+03	-6.488464e-04	2.074486e-03	-1.080930e-05	7.318758e-04	1.626724e-05	-8.383229e-05
5.092290e+03	-2.084993e-03	4.759098e-04	-8.279053e-06	2.174954e-03	1.374698e-05	-8.728788e-05
5.104680e+03	-1.511704e-03	-1.564082e-03	5.438669e-06	1.569776e-03	-1.618824e-05	-6.463923e-05
5.117070e+03	5.496639e-04	-2.110504e-03	8.685039e-06	-4.631357e-04	-1.266520e-05	-8.366438e-05
5.129460e+03	2.066128e-03	-7.313910e-04	1.435618e-05	-2.005826e-03	1.286126e-05	-5.885058e-05
5.141850e+03	1.672343e-03	1.274586e-03	7.434829e-07	-1.618638e-03	3.979912e-05	-5.877376e-05
5.154240e+03	-1.894932e-04	2.049998e-03	-1.492472e-05	2.404248e-04	2.989620e-05	-5.140095e-05
5.166630e+03	-1.822557e-03	8.748250e-04	-1.397482e-05	1.876240e-03	-7.034001e-06	-5.499783e-05
5.179020e+03	-1.700062e-03	-1.134723e-03	-7.410310e-06	1.768451e-03	-2.288489e-05	-6.494094e-05
5.191410e+03	3.718921e-05	-2.037222e-03	1.147269e-05	2.354436e-05	-7.755834e-06	-6.028065e-05
5.203800e+03	1.746140e-03	-1.090670e-03	1.284761e-05	-1.702614e-03	1.611525e-06	-5.117942e-05
5.216190e+03	1.801261e-03	8.460039e-04	1.453380e-05	-1.750991e-03	1.791989e-05	-5.090695e-05
5.228580e+03	2.473170e-04	1.860802e-03	-5.677582e-06	-2.035071e-04	4.443951e-06	-4.633566e-05
5.240970e+03	-1.432892e-03	1.153325e-03	-1.145951e-05	1.522912e-03	-1.577901e-06	-8.099741e-05
5.253360e+03	-1.733662e-03	-5.997332e-04	4.797186e-07	1.783627e-03	-1.245641e-05	-4.826152e-05
5.265750e+03	-3.750744e-04	-1.784636e-03	2.000573e-05	4.384066e-04	-1.619255e-05	-6.460607e-05
5.278140e+03	1.328943e-03	-1.283549e-03	3.182603e-05	-1.258652e-03	1.547259e-06	-6.680649e-05
5.290530e+03	1.750029e-03	3.566128e-04	1.375834e-05	-1.674377e-03	5.485368e-06	-7.281669e-05
5.302920e+03	6.416752e-04	1.628310e-03	6.965876e-06	-5.655071e-04	2.607661e-05	-7.845830e-05
5.315310e+03	-1.001221e-03	1.343225e-03	-2.368328e-05	1.070311e-03	1.814835e-05	-6.877938e-05
5.327700e+03	-1.563309e-03	-1.655562e-04	-1.423477e-06	1.638878e-03	1.739907e-07	-7.452455e-05
5.340090e+03	-6.571924e-04	-1.401275e-03	-1.269786e-06	7.213284e-04	-8.617288e-06	-6.407198e-05
5.352480e+03	8.230987e-04	-1.352945e-03	4.199957e-06	-7.633098e-04	-2.865272e-06	-5.958154e-05
5.364870e+03	1.538644e-03	-4.119047e-05	1.485077e-05	-1.488222e-03	-1.340823e-06	-5.512550e-05
5.377260e+03	8.470810e-04	1.180104e-03	7.793238e-06	-8.012324e-04	1.401722e-05	-4.867151e-05
5.389650e+03	-5.396590e-04	1.293132e-03	-3.427304e-06	6.058571e-04	6.833892e-06	-6.656557e-05
5.402040e+03	-1.304802e-03	1.730103e-04	1.352368e-05	1.372726e-03	-3.056225e-06	-7.140517e-05
5.414430e+03	-8.505785e-04	-1.036923e-03	2.616821e-06	9.197157e-04	1.159219e-05	-6.682522e-05
5.426820e+03	3.888149e-04	-1.288375e-03	1.266600e-05	-3.168432e-04	1.178741e-05	-7.180050e-05
5.439210e+03	1.218585e-03	-4.076431e-04	9.691668e-06	-1.144076e-03	9.894346e-07	-7.749296e-05
5.451600e+03	9.579370e-04	7.728489e-04	1.963556e-05	-8.879370e-04	2.276713e-06	-6.947138e-05
5.463990e+03	-1.132574e-04	1.141493e-03	1.395473e-06	1.731773e-04	1.295903e-05	-6.026547e-05
5.476380e+03	-9.851050e-04	4.314530e-04	-3.467939e-07	1.057296e-03	2.473800e-06	-6.980781e-05
5.488770e+03	-8.747036e-04	-6.612258e-04	4.571080e-06	9.299472e-04	8.010896e-06	-5.500554e-05
5.501160e+03	7.586676e-05	-1.073519e-03	1.251383e-05	-3.312535e-05	1.197269e-05	-4.710242e-05
5.513550e+03	9.483236e-04	-5.620216e-04	1.958423e-06	-8.789025e-04	9.922796e-06	-6.949552e-05
5.525940e+03	9.684414e-04	4.059391e-04	-4.740708e-06	-8.896592e-04	1.287821e-05	-7.712776e-05
5.538330e+03	1.391639e-04	9.675376e-04	-4.257650e-06	-6.677037e-05	1.450675e-05	-7.177463e-05
5.550720e+03	-6.927552e-04	5.714798e-04	-1.081850e-05	7.680608e-04	-7.441409e-06	-7.592915e-05
5.563110e+03	-8.347584e-04	-2.849179e-04	-5.994946e-06	9.017100e-04	-5.364788e-06	-6.837294e-05
5.575500e+03	-2.088346e-04	-8.698874e-04	1.987670e-05	2.667232e-04	7.785017e-06	-5.866747e-05
5.587890e+03	5.877083e-04	-6.843808e-04	2.228475e-05	-5.278620e-04	1.560027e-05	-5.905115e-05
5.600280e+03	8.499853e-04	7.872883e-05	5.490068e-06	-7.799855e-04	6.373221e-06	-7.009976e-05
5.612670e+03	3.978635e-04	6.693542e-04	-3.465191e-06	-3.281299e-04	1.458027e-05	-6.983308e-05
5.625060e+03	-3.268713e-04	5.878733e-04	-1.137580e-05	3.899766e-04	1.658580e-05	-6.367522e-05
5.637450e+03	-6.423271e-04	2.682313e-05	-2.018838e-05	7.109585e-04	5.214957e-06	-6.803739e-05
5.649840e+03	-3.297302e-04	-5.625038e-04	2.453383e-06	3.908695e-04	-1.863230e-05	-5.988155e-05
5.662230e+03	2.250862e-04	-5.585355e-04	1.649119e-05	-1.641716e-04	-3.278105e-06	-6.164983e-05
5.674620e+03	5.952359e-04	-1.710572e-04	2.027795e-05	-5.205725e-04	2.262806e-06	-7.381902e-05
5.687010e+03	4.228290e-04	3.374711e-04	7.109602e-06	-3.545034e-04	1.276401e-05	-6.795373e-05
5.699400e+03	-4.954568e-05	4.618036e-04	-1.789659e-06	1.114766e-04	2.446404e-05	-6.457885e-05
5.711790e+03	-3.799293e-04	1.122417e-04	-2.649982e-05	4.409419e-04	2.059997e-05	-6.140009e-05
5.724180e+03	-3.609387e-04	-2.878415e-04	-2.327946e-05	4.218934e-04	-3.139319e-07	-6.242213e-05
5.736570e+03	4.760319e-05	-5.163179e-04	-7.350773e-06	8.876938e-06	-1.047347e-05	-5.639234e-05
5.748960e+03	4.037578e-04	-2.713094e-04	1.035473e-05	-3.443666e-04	-1.219979e-05	-6.099890e-05
5.761350e+03	4.471917e-04	1.218570e-04	1.033487e-05	-3.848776e-04	6.197268e-06	-6.443117e-05
5.773740e+03	1.198910e-04	3.601816e-04	1.919337e-05	-5.421868e-05	2.078546e-05	-6.547531e-05
5.786130e+03	-2.093334e-04	2.575338e-04	-5.319982e-07	2.730738e-04	2.687915e-05	-6.443243e-05
5.798520e+03	-3.285082e-04	-5.952348e-05	-8.290787e-06	4.052927e-04	1.258342e-05	-7.699532e-05
5.810910e+03	-1.486288e-04	-3.494010e-04	-1.305278e-05	2.273995e-04	9.970032e-06	-7.923325e-05
5.823300e+03	1.786977e-04	-3.993037e-04	-6.626254e-06	-1.003974e-04	2.748352e-06	-7.847785e-05
5.835690e+03	4.032055e-04	-1.452506e-04	-1.095398e-06	-3.227184e-04	-5.792803e-06	-7.992150e-05
5.848080e+03	3.210536e-04	1.808437e-04	5.154499e-06	-2.476246e-04	-6.666687e-06	-7.389565e-05
5.860470e+03	5.336290e-05	3.022906e-04	1.111461e-05	1.126820e-05	9.334585e-06	-6.435987e-05
5.872860e+03	-2.404394e-04	1.728205e-04	-5.788457e-06	2.947739e-04	1.769013e-05	-5.421562e-05
5.885250e+03	-3.076245e-04	-1.030116e-04	-8.018706e-06	3.613903e-04	6.852783e-06	-5.240694e-05
5.897640e+03	-7.394505e-05	-3.336742e-04	-1.234869e-05	1.309832e-04	2.627462e-06	-5.634122e-05
5.910030e+03	1.726354e-04	-3.351517e-04	-9.775711e-06	-1.125049e-04	-8.445953e-06	-5.985876e-05
5.922420e+03	3.559803e-04	-1.123153e-04	1.208375e-05	-2.840566e-04	-4.093988e-06	-7.166402e-05
5.934810e+03	2.711982e-04	1.758228e-04	1.410267e-05	-1.985095e-04	5.529894e-06	-7.066949e-05
5.947200e+03	5.217868e-05	2.927992e-04	3.232680e-06	1.742044e-05	7.076643e-06	-6.959118e-05
5.959590e+03	-2.013290e-04	1.219232e-04	-1.595228e-06	2.814760e-04	1.971647e-05	-8.326386e-05
5.971980e+03	-1.956246e-04	-1.209793e-04	-2.170553e-05	2.886625e-04	2.427591e-06	-9.315672e-05
5.984370e+03	2.254846e-05	-3.036183e-04	-1.494882e-05	6.528350e-05	-7.083387e-06	-8.738328e-05
5.996760e+03	2.461755e-04	-2.092823e-04	-8.058199e-06	-1.723199e-04	-4.433810e-06	-7.353191e-05
6.009150e+03	3.264412e-04	6.041310e-06	1.133414e-05	-2.585572e-04	-9.705103e-08	-6.893806e-05
6.021540e+03	1.600660e-04	2.037451e-04	1.648820e-05	-9.948866e-05	1.906448e-05	-6.039722e-05
6.033930e+03	-9.291360e-05	2.566610e-04	-4.833411e-06	1.271942e-04	1.892469e-05	-3.834100e-05
6.046320e+03	-2.814137e-04	2.742069e-05	-1.715253e-05	3.268407e-04	1.665312e-05	-4.534053e-05
6.058710e+03	-1.680248e-04	-2.383661e-04	-2.498051e-05	2.199721e-04	8.197566e-06	-5.199264e-05
6.071100e+03	7.878431e-05	-3.115383e-04	2.744136e-06	-1.676305e-05	-7.192912e-06	-6.139357e-05
6.083490e+03	3.088815e-04	-1.166039e-04	1.382677e-05	-2.287495e-04	-4.096105e-06	-8.069457e-05
6.095880e+03	2.464073e-04	1.409224e-04	1.634521e-05	-1.506175e-04	-5.285676e-06	-9.732994e-05
6.108270e+03	2.271452e-05	2.082602e-04	2.469643e-05	8.202356e-05	1.504751e-05	-1.042195e-04
6.120660e+03	-1.389620e-04	9.506886e-05	2.723045e-06	2.364595e-04	2.480584e-05	-9.666171e-05
6.133050e+03	-1.592959e-04	-1.779354e-04	-7.453598e-06	2.423240e-04	2.312466e-05	-8.254685e-05
6.145440e+03	2.449620e-05	-2.955187e-04	-1.469610e-05	3.277205e-05	5.071373e-06	-5.812207e-05
6.157830e+03	2.403974e-04	-2.130321e-04	-1.367185e-05	-1.878277e-04	-7.116065e-06	-5.301681e-05
6.170220e+03	3.120726e-04	6.005201e-05	8.674891e-07	-2.729501e-04	-7.197085e-06	-3.720062e-05
6.182610e+03	1.209788e-04	2.478081e-04	8.764239e-06	-8.657544e-05	-1.383701e-06	-3.389171e-05
6.195000e+03	-1.388184e-04	1.838032e-04	1.585234e-05	1.955114e-04	8.873475e-06	-5.616639e-05
6.207390e+03	-2.576850e-04	-8.781184e-05	4.133934e-06	3.066884e-04	1.491680e-05	-4.900097e-05
6.219780e+03	-9.485333e-05	-2.396187e-04	-8.639072e-06	1.570732e-04	1.673937e-05	-6.245102e-05
6.232170e+03	2.124972e-04	-2.286716e-04	-1.665777e-05	-1.142878e-04	8.299572e-06	-9.551880e-05
6.244560e+03	2.961256e-04	-6.836008e-05	5.795223e-06	-2.074977e-04	-2.177562e-06	-8.796184e-05
6.256950e+03	2.132975e-04	1.642339e-04	5.023480e-06	-1.203369e-04	-6.921252e-06	-9.317045e-05
6.269340e+03	-1.702770e-05	2.339941e-04	1.406030e-05	1.154803e-04	3.301620e-06	-9.970054e-05
6.281730e+03	-1.809470e-04	3.345025e-05	-8.986590e-07	2.727234e-04	2.146321e-05	-9.357511e-05
