1.325730e+03	1.000289e-01	8.066399e-03	2.104994e-05	-1.003332e-01	-1.107815e-04	3.236137e-04
1.338120e+03	9.376875e-02	3.475610e-02	2.147069e-06	-9.396554e-02	5.199297e-05	1.007169e-04
1.350510e+03	8.098139e-02	5.799343e-02	6.603025e-06	-8.096416e-02	3.190271e-05	-6.424896e-05
1.362900e+03	6.286854e-02	7.756975e-02	-3.006487e-05	-6.299183e-02	3.551421e-05	1.410127e-04
1.375290e+03	4.001542e-02	9.150150e-02	-2.955667e-05	-4.030394e-02	4.832557e-05	3.217632e-04
1.387680e+03	1.425960e-02	9.893508e-02	-5.460492e-05	-1.460069e-02	1.886243e-05	3.844307e-04
1.400070e+03	-1.258808e-02	9.896747e-02	-3.490786e-05	1.229036e-02	-2.753843e-05	2.841080e-04
1.412460e+03	-3.823462e-02	9.202074e-02	-2.207262e-05	3.803081e-02	-3.882749e-05	1.493725e-04
1.424850e+03	-6.109661e-02	7.868158e-02	-4.504261e-05	6.100977e-02	-2.251394e-05	1.142834e-04
1.437240e+03	-8.041574e-02	5.996465e-02	1.764503e-06	8.005383e-02	-5.789060e-05	3.491673e-04
1.449630e+03	-9.410096e-02	3.631497e-02	-3.387654e-05	9.349879e-02	-4.270144e-05	5.714056e-04
1.462020e+03	-1.000439e-01	9.486579e-03	4.594483e-05	9.990574e-02	-2.954532e-05	5.204795e-04
1.474410e+03	-9.916144e-02	-1.794560e-02	5.815255e-05	9.861449e-02	-2.849985e-05	2.547185e-04
1.486800e+03	-9.027413e-02	-4.394931e-02	2.499525e-05	9.016849e-02	-2.806954e-05	1.473544e-04
1.499190e+03	-7.539613e-02	-6.654565e-02	7.723334e-05	7.520379e-02	6.496883e-06	2.309009e-04
1.511580e+03	-5.486374e-02	-8.484587e-02	3.352004e-05	5.444803e-02	-1.667631e-05	4.074589e-04
1.523970e+03	-2.961185e-02	-9.666252e-02	2.969099e-06	2.920988e-02	-4.457231e-06	4.230956e-04
1.536360e+03	-2.240808e-03	-1.008276e-01	2.977531e-05	1.817451e-03	-4.407770e-06	4.011249e-04
1.548750e+03	2.573692e-02	-9.790383e-02	1.608343e-05	-2.590928e-02	-3.180400e-05	2.076049e-04
1.561140e+03	5.147515e-02	-8.716365e-02	4.285064e-05	-5.147300e-02	3.634236e-05	5.996234e-05
1.573530e+03	7.399171e-02	-7.009630e-02	2.699255e-05	-7.418986e-02	1.392017e-05	2.149222e-04
1.585920e+03	9.104855e-02	-4.717549e-02	5.565427e-05	-9.145068e-02	5.516383e-05	4.309971e-04
1.598310e+03	1.010695e-01	-1.969462e-02	1.857591e-05	-1.021744e-01	-6.326141e-06	4.170140e-04
1.610700e+03	1.027162e-01	9.982055e-03	-1.696117e-06	-1.028334e-01	1.201134e-04	1.850208e-04
1.623090e+03	9.583658e-02	3.875608e-02	-1.096204e-06	-9.599637e-02	4.293998e-05	5.567428e-05
1.635480e+03	8.128549e-02	6.438494e-02	-5.509734e-05	-8.121859e-02	9.314863e-05	-6.310905e-05
1.647870e+03	5.988992e-02	8.537344e-02	-7.655379e-05	-5.989291e-02	7.207308e-05	6.565152e-05
1.660260e+03	3.284188e-02	1.000627e-01	-1.081484e-04	-3.301397e-02	4.688687e-05	2.143544e-04
1.672650e+03	2.766895e-03	1.050000e-01	-6.270147e-05	-2.934638e-03	-1.477656e-05	1.884258e-04
1.685040e+03	-2.806884e-02	1.017814e-01	-9.932243e-05	2.805941e-02	-1.673284e-05	8.125531e-06
1.697430e+03	-5.649808e-02	8.943356e-02	-8.109904e-05	5.671689e-02	-4.862689e-05	-1.587403e-04
1.709820e+03	-8.085800e-02	6.926759e-02	-8.367803e-05	8.095121e-02	-7.141335e-05	-9.553081e-05
1.722210e+03	-9.839737e-02	4.252334e-02	1.764481e-05	9.839470e-02	-8.675607e-05	4.283314e-05
1.734600e+03	-1.074167e-01	1.111506e-02	4.069998e-05	1.074167e-01	-4.762535e-05	9.784106e-05
1.746990e+03	-1.064322e-01	-2.215292e-02	-7.802035e-06	1.064303e-01	-9.971246e-05	-5.407128e-05
1.759380e+03	-9.407978e-02	-5.349266e-02	8.573688e-05	9.433908e-02	-2.995895e-05	-2.556955e-04
1.771770e+03	-7.372059e-02	-7.974510e-02	1.195141e-04	7.402080e-02	1.279335e-05	-3.218397e-04
1.784160e+03	-4.624121e-02	-9.925773e-02	7.082537e-05	4.647703e-02	1.626847e-05	-2.456198e-04
1.796550e+03	-1.365674e-02	-1.088296e-01	1.331761e-06	1.374111e-02	-5.828352e-05	-8.020699e-05
1.808940e+03	2.132142e-02	-1.083555e-01	3.899602e-05	-2.122382e-02	-7.185141e-06	-9.704404e-05
1.821330e+03	5.422195e-02	-9.632897e-02	3.414992e-05	-5.408626e-02	4.334966e-05	-1.740558e-04
1.833720e+03	8.206457e-02	-7.495702e-02	4.761673e-05	-8.166919e-02	5.607308e-06	-3.416303e-04
1.846110e+03	1.024336e-01	-4.551870e-02	6.651649e-05	-1.014677e-01	6.103879e-05	-2.425940e-04
1.858500e+03	1.119483e-01	-1.075530e-02	-2.688996e-06	-1.115112e-01	2.617545e-05	-1.885723e-04
1.870890e+03	1.102861e-01	2.622946e-02	1.477469e-06	-1.102115e-01	4.842898e-05	-3.472016e-05
1.883280e+03	9.584155e-02	6.031633e-02	-1.327112e-05	-9.523108e-02	1.224684e-04	-1.408937e-04
1.895670e+03	7.090921e-02	8.824506e-02	-4.658312e-05	-7.058659e-02	1.835834e-05	-2.581543e-04
1.908060e+03	3.859147e-02	1.063068e-01	-1.118832e-04	-3.827590e-02	8.489858e-05	-3.086544e-04
1.920450e+03	1.942713e-03	1.130000e-01	-8.835846e-05	-1.605749e-03	1.161141e-05	-3.641882e-04
1.932840e+03	-3.557661e-02	1.080067e-01	-1.790013e-05	3.577661e-02	-3.799990e-05	-2.200222e-04
1.945230e+03	-6.992978e-02	9.096480e-02	-8.744350e-05	7.006392e-02	-5.137052e-05	-1.340655e-04
1.957620e+03	-9.607221e-02	6.248556e-02	-1.495195e-05	9.615194e-02	-5.735949e-05	-3.764683e-05
1.970010e+03	-1.123010e-01	2.663987e-02	-3.285319e-05	1.123003e-01	-6.836815e-05	-1.539237e-04
1.982400e+03	-1.141420e-01	-1.217870e-02	1.829754e-05	1.144743e-01	-7.717496e-05	-2.773033e-04
1.994790e+03	-1.041532e-01	-5.020343e-02	2.533751e-05	1.040946e-01	-9.032501e-05	-1.155685e-04
2.007180e+03	-8.091594e-02	-8.254333e-02	-1.717664e-05	8.107412e-02	-5.916369e-05	-1.647940e-04
2.019570e+03	-4.856854e-02	-1.053733e-01	1.055507e-04	4.857993e-02	-4.690205e-06	-1.770536e-05
2.031960e+03	-9.570507e-03	-1.159630e-01	7.534111e-05	9.631174e-03	-9.490060e-06	-5.642541e-05
2.044350e+03	3.055324e-02	-1.124024e-01	5.345448e-05	-3.040106e-02	-6.064228e-05	-1.246989e-04
2.056740e+03	6.670531e-02	-9.516066e-02	1.008040e-04	-6.642633e-02	8.367669e-05	-2.360679e-04
2.069130e+03	9.564301e-02	-6.672052e-02	8.760976e-05	-9.563262e-02	4.263062e-05	-8.550395e-05
2.081520e+03	1.132172e-01	-2.977108e-02	6.759336e-05	-1.138866e-01	9.405191e-05	2.288525e-04
2.093910e+03	1.169924e-01	1.189532e-02	1.781945e-05	-1.169924e-01	-2.196158e-06	1.342619e-04
2.106300e+03	1.055750e-01	5.191116e-02	3.082612e-06	-1.055750e-01	9.864518e-05	9.071038e-05
2.118690e+03	8.051445e-02	8.535032e-02	-9.912278e-05	-8.051869e-02	1.831440e-04	4.105597e-06
2.131080e+03	4.585360e-02	1.089311e-01	-9.462755e-05	-4.565715e-02	5.994027e-05	-2.031149e-04
2.143470e+03	4.773998e-03	1.177314e-01	-1.873928e-04	-4.841218e-03	5.502340e-05	4.904528e-05
2.155860e+03	-3.725365e-02	1.131114e-01	-1.573181e-04	3.715112e-02	3.532122e-05	5.368772e-05
2.168250e+03	-7.516747e-02	9.208398e-02	-1.495545e-04	7.488843e-02	-1.108472e-04	3.087576e-04
2.180640e+03	-1.031909e-01	5.959381e-02	-4.965934e-05	1.031399e-01	-1.474949e-04	1.157342e-04
2.193030e+03	-1.179839e-01	1.863496e-02	7.118504e-05	1.179908e-01	-1.240035e-04	1.350009e-04
2.205420e+03	-1.176145e-01	-2.524894e-02	1.067354e-04	1.171452e-01	-1.203661e-04	2.715452e-04
2.217810e+03	-1.006682e-01	-6.637148e-02	5.107870e-05	1.006186e-01	-1.180200e-04	3.782227e-04
2.230200e+03	-6.994798e-02	-9.863830e-02	1.547162e-04	6.974157e-02	7.433919e-07	1.356396e-04
2.242590e+03	-2.896213e-02	-1.177653e-01	1.114549e-04	2.859255e-02	-5.733711e-05	3.830306e-04
2.254980e+03	1.663304e-02	-1.199321e-01	1.054224e-04	-1.692164e-02	3.778641e-05	2.113536e-04
2.267370e+03	6.032936e-02	-1.060376e-01	7.469139e-05	-6.056891e-02	-1.532524e-05	2.536840e-04
2.279760e+03	9.576513e-02	-7.681603e-02	1.059617e-04	-9.598653e-02	7.186371e-05	4.198023e-04
2.292150e+03	1.187050e-01	-3.483693e-02	1.088430e-04	-1.197359e-01	7.914372e-05	5.730786e-04
2.304540e+03	1.232368e-01	1.329430e-02	4.317649e-05	-1.232368e-01	1.434832e-04	4.801606e-04
2.316930e+03	1.092977e-01	6.050031e-02	-5.905469e-05	-1.093478e-01	2.652593e-04	3.165499e-04
2.329320e+03	7.757511e-02	9.890155e-02	-2.159739e-05	-7.789459e-02	7.022059e-05	2.835698e-04
2.341710e+03	3.337994e-02	1.225734e-01	-1.593139e-04	-3.362376e-02	1.363269e-04	2.889227e-04
2.354100e+03	-1.793662e-02	1.259093e-01	-2.578514e-04	1.753614e-02	-1.779795e-05	3.843230e-04
2.366490e+03	-6.766667e-02	1.098695e-01	-1.431475e-04	6.719515e-02	-7.994609e-05	3.938124e-04
2.378880e+03	-1.076117e-01	7.310353e-02	-1.912435e-04	1.070661e-01	-1.626707e-04	4.707756e-04
2.391270e+03	-1.289565e-01	2.221563e-02	-8.928392e-05	1.279408e-01	-2.509638e-04	6.429836e-04
2.403660e+03	-1.276104e-01	-3.408625e-02	4.235024e-05	1.270582e-01	-2.065246e-04	6.682936e-04
2.416050e+03	-1.023438e-01	-8.594997e-02	1.174260e-04	1.013799e-01	-1.734036e-04	7.086507e-04
2.428440e+03	-5.583238e-02	-1.235872e-01	2.352198e-04	5.513310e-02	-4.548091e-05	7.720665e-04
2.440830e+03	4.563106e-03	-1.350000e-01	1.029266e-04	-5.508270e-03	-7.056218e-05	9.896165e-04
2.453220e+03	6.629677e-02	-1.207073e-01	1.686927e-04	-6.760297e-02	-5.760254e-06	1.254119e-03
2.465610e+03	1.157827e-01	-7.699599e-02	1.906998e-04	-1.177848e-01	1.635069e-04	1.442934e-03
2.478000e+03	1.387601e-01	-1.161979e-02	1.315442e-04	-1.397525e-01	2.111952e-04	1.326809e-03
2.490390e+03	1.284761e-01	5.887377e-02	4.660265e-05	-1.304987e-01	3.309829e-04	1.659304e-03
2.502780e+03	8.039003e-02	1.186512e-01	-2.117444e-04	-8.156742e-02	3.407971e-04	1.247947e-03
2.515170e+03	5.444523e-03	1.421982e-01	-3.161954e-04	-6.475356e-03	1.659632e-04	1.029324e-03
2.527560e+03	-7.271696e-02	1.231586e-01	-3.461985e-04	7.190725e-02	-1.236130e-04	6.941125e-04
2.539950e+03	-1.289242e-01	5.888437e-02	-2.585367e-04	1.288514e-01	-4.259034e-04	-5.123011e-05
2.552340e+03	-1.348776e-01	-2.759766e-02	2.528639e-05	1.354210e-01	-3.513465e-04	-2.956165e-04
2.564730e+03	-8.551817e-02	-9.802734e-02	1.133466e-04	8.624738e-02	-4.419084e-04	-7.393613e-04
2.577120e+03	-6.320935e-03	-1.236417e-01	3.476265e-04	8.002850e-03	-1.227157e-04	-1.703585e-03
2.589510e+03	6.948605e-02	-8.937561e-02	-3.944769e-05	-6.798992e-02	-5.554295e-04	-1.522353e-03
2.601900e+03	9.772377e-02	-1.594676e-02	-4.255764e-05	-9.445686e-02	-3.096494e-05	-3.269475e-03
2.614290e+03	6.888821e-02	3.999027e-02	-1.484020e-04	-6.685434e-02	5.606998e-04	-2.269019e-03
2.626680e+03	1.843223e-02	6.169695e-02	-6.787324e-04	-1.536820e-02	-3.365024e-04	-3.112346e-03
2.639070e+03	-2.220330e-02	3.930572e-02	-5.848952e-04	2.637331e-02	-5.895465e-04	-4.183100e-03
2.651460e+03	-2.046382e-02	4.770476e-03	-3.683661e-04	2.193868e-02	-8.879343e-04	-1.712415e-03
2.663850e+03	-1.933113e-03	-4.132381e-03	4.208218e-04	2.828027e-03	-1.448767e-05	-1.226288e-03
2.676240e+03	3.646572e-03	9.125263e-03	2.107021e-04	-1.694640e-03	7.198053e-05	-1.576386e-03
2.688630e+03	-1.348630e-02	2.351334e-02	-2.131293e-04	1.505598e-02	-7.397893e-05	-1.725235e-03
2.701020e+03	-3.710007e-02	1.220159e-02	1.785659e-05	3.858406e-02	3.806780e-04	-1.258694e-03
2.713410e+03	-4.322904e-02	-2.434984e-02	-4.357718e-04	4.580381e-02	-4.769986e-04	-2.977796e-03
2.725800e+03	-1.029053e-02	-5.847333e-02	1.788933e-04	1.020327e-02	1.863447e-05	7.060317e-05
2.738190e+03	3.889456e-02	-5.215347e-02	1.250154e-04	-3.889689e-02	-2.750878e-04	-9.566564e-06
2.750580e+03	6.981829e-02	-5.390691e-03	2.020757e-04	-7.020836e-02	-1.092533e-04	5.230387e-04
2.762970e+03	5.389136e-02	5.287842e-02	-2.497977e-05	-5.346805e-02	-1.062075e-04	-2.759692e-04
2.775360e+03	-4.733523e-03	7.779797e-02	1.480717e-04	6.102483e-03	8.076087e-04	-1.281088e-03
2.787750e+03	-6.392938e-02	4.512358e-02	-2.699899e-04	6.215176e-02	2.599042e-04	1.699800e-03
2.800140e+03	-7.898512e-02	-1.938616e-02	-3.448942e-04	7.822340e-02	-1.296698e-04	2.617374e-04
2.812530e+03	-3.722617e-02	-7.866753e-02	-2.486838e-04	3.631575e-02	-5.645856e-04	9.456487e-04
2.824920e+03	3.541829e-02	-7.993693e-02	3.184957e-04	-3.712203e-02	-7.604967e-05	1.632935e-03
2.837310e+03	8.671747e-02	-2.122694e-02	4.341310e-04	-8.816798e-02	6.160613e-05	1.415656e-03
2.849700e+03	6.877960e-02	5.410606e-02	6.662296e-05	-6.768208e-02	-2.803310e-04	-1.077287e-03
2.862090e+03	1.698486e-03	8.475507e-02	9.797841e-05	4.595388e-04	3.653051e-04	-2.161925e-03
2.874480e+03	-6.384924e-02	5.079733e-02	-1.430826e-04	6.641112e-02	3.790896e-04	-2.763278e-03
2.886870e+03	-7.578827e-02	-2.034556e-02	-2.909528e-04	7.753354e-02	2.324990e-05	-1.723425e-03
2.899260e+03	-2.673574e-02	-6.788208e-02	-1.932557e-04	2.636007e-02	-4.102193e-05	2.986469e-04
2.911650e+03	3.442549e-02	-5.621920e-02	1.032489e-06	-3.455985e-02	-2.299924e-04	9.953924e-05
2.924040e+03	5.992508e-02	-2.205844e-03	4.756705e-04	-5.917710e-02	3.773451e-04	-6.498709e-04
2.936430e+03	3.570337e-02	4.349801e-02	6.559999e-04	-3.620337e-02	9.829998e-04	4.990001e-04
2.948820e+03	-1.255696e-02	5.046961e-02	4.242665e-04	1.170807e-02	9.427161e-04	9.030560e-04
2.961210e+03	-4.661847e-02	1.426753e-02	-9.120716e-05	4.738665e-02	8.017533e-05	-8.726980e-04
2.973600e+03	-3.620385e-02	-3.048735e-02	2.027185e-04	3.691318e-02	6.569519e-04	-6.163682e-04
2.985990e+03	7.848794e-03	-4.188691e-02	-9.433619e-05	-8.367975e-03	-2.186582e-04	4.995197e-04
2.998380e+03	3.660924e-02	-1.442518e-02	2.340712e-05	-3.655454e-02	-2.405772e-04	1.636108e-06
3.010770e+03	2.935515e-02	2.578020e-02	3.105610e-04	-2.851220e-02	2.054266e-04	-7.832817e-04
3.023160e+03	-5.215376e-03	3.343345e-02	1.600571e-04	3.575295e-03	1.648677e-04	1.240465e-03
3.035550e+03	-3.322724e-02	1.288577e-02	2.692794e-04	3.374000e-02	6.070354e-04	-9.739050e-04
3.047940e+03	-2.958946e-02	-2.268227e-02	-1.697528e-04	3.127907e-02	1.273232e-04	-1.830044e-03
3.060330e+03	6.071352e-03	-3.644677e-02	-2.399707e-04	-5.595127e-03	-4.245603e-05	-4.015682e-04
3.072720e+03	3.394209e-02	-1.387552e-02	-3.750123e-04	-3.367321e-02	-3.026547e-04	-1.209783e-04
3.085110e+03	3.010433e-02	2.060345e-02	1.602980e-05	-3.083460e-02	-1.214589e-04	3.778224e-04
3.097500e+03	-5.220301e-04	3.578034e-02	1.250109e-04	3.908893e-04	-5.309355e-05	1.163530e-04
3.109890e+03	-3.000351e-02	2.080537e-02	6.686874e-06	2.977710e-02	-5.726532e-04	4.264616e-04
3.122280e+03	-3.402816e-02	-1.252013e-02	3.911946e-04	3.325073e-02	3.117935e-04	8.546868e-04
3.134670e+03	-9.688217e-03	-3.414756e-02	1.990376e-04	8.408472e-03	3.852740e-04	1.262371e-03
3.147060e+03	2.200913e-02	-2.638828e-02	-1.154406e-04	-2.302812e-02	2.563866e-04	1.054525e-03
3.159450e+03	3.286985e-02	2.911728e-03	-3.262363e-04	-3.320241e-02	1.016993e-04	4.290596e-04
3.171840e+03	1.736676e-02	2.923879e-02	-2.378073e-04	-1.789945e-02	4.931308e-05	5.774149e-04
3.184230e+03	-1.411892e-02	2.949771e-02	-3.312404e-04	1.379071e-02	-4.948078e-04	4.551192e-04
3.196620e+03	-3.079977e-02	7.551583e-03	2.370731e-04	3.124497e-02	-1.177157e-04	-3.348557e-04
3.209010e+03	-2.479040e-02	-2.166332e-02	5.239213e-04	2.482368e-02	2.218903e-04	-1.978324e-04
3.221400e+03	2.362377e-03	-2.982600e-02	2.064047e-04	-2.206893e-03	-9.884845e-05	-1.744984e-04
3.233790e+03	2.305140e-02	-1.281300e-02	2.355073e-04	-2.175264e-02	5.093577e-04	-1.382205e-03
3.246180e+03	2.417332e-02	1.067803e-02	-2.674083e-04	-2.419055e-02	1.617132e-04	-2.313492e-05
3.258570e+03	3.880511e-03	2.378843e-02	-2.993659e-04	-3.709413e-03	1.631158e-04	-1.689594e-04
3.270960e+03	-1.641621e-02	1.537800e-02	-1.391774e-04	1.603428e-02	2.801322e-06	4.175875e-04
3.283350e+03	-2.134244e-02	-2.542868e-03	2.408113e-04	2.127379e-02	1.622512e-04	-2.215907e-05
3.295740e+03	-8.639196e-03	-1.850000e-02	3.245719e-04	7.180358e-03	2.493764e-06	1.523434e-03
3.308130e+03	8.258553e-03	-1.576142e-02	7.295296e-04	-8.099784e-03	7.299434e-04	-1.750852e-04
3.320520e+03	1.564156e-02	-2.839420e-03	-1.184762e-04	-1.557956e-02	-3.858557e-04	-8.252197e-05
3.332910e+03	1.255123e-02	1.062810e-02	-4.465544e-05	-1.397988e-02	2.562405e-04	1.218499e-03
3.345300e+03	-3.262055e-03	1.577980e-02	-3.771913e-04	3.710519e-03	-1.248348e-04	-4.405823e-04
3.357690e+03	-1.335130e-02	6.605951e-03	-2.888941e-04	1.379389e-02	-1.275031e-04	-4.046369e-04
3.370080e+03	-1.188729e-02	-7.042975e-03	-2.773888e-04	1.172914e-02	-5.449504e-04	2.735266e-04
3.382470e+03	-2.294313e-03	-1.170698e-02	5.786234e-04	3.221252e-03	6.323771e-04	-9.655163e-04
3.394860e+03	6.886261e-03	-1.023914e-02	-1.469210e-04	-7.179350e-03	-6.123590e-04	3.891668e-04
3.407250e+03	1.170010e-02	1.516339e-04	-5.872543e-05	-1.187290e-02	-3.178701e-04	1.766148e-04
3.419640e+03	7.117743e-03	5.578124e-03	8.586553e-05	-7.722708e-03	2.311225e-04	5.547578e-04
3.432030e+03	-1.005353e-03	4.948689e-03	-2.320507e-04	6.493639e-04	4.275540e-05	1.461273e-04
3.444420e+03	-2.366457e-03	4.543781e-03	-1.485185e-04	3.267238e-03	-1.687654e-05	-8.633777e-04
3.456810e+03	-2.279341e-03	2.777794e-03	1.002936e-04	2.766569e-03	2.252133e-04	-5.827986e-04
3.469200e+03	-3.002047e-03	1.406071e-03	1.813847e-04	2.978790e-03	1.094360e-04	1.010420e-05
3.481590e+03	-6.083391e-03	-1.904703e-03	1.820446e-04	5.533662e-03	-3.114988e-05	5.471049e-04
3.493980e+03	-4.352013e-03	-3.108880e-03	3.705572e-04	5.023136e-03	3.838891e-04	-6.115793e-04
3.506370e+03	-1.527179e-03	-8.413752e-03	-1.133251e-05	1.482191e-03	1.715017e-05	7.753325e-05
3.518760e+03	5.206050e-03	-8.161304e-03	5.329483e-05	-5.379933e-03	4.524872e-04	2.320048e-04
3.531150e+03	1.086995e-02	-3.526614e-04	-1.591951e-04	-1.067377e-02	7.991392e-05	-2.341338e-04
3.543540e+03	8.439610e-03	9.500243e-03	-1.736798e-04	-7.661022e-03	-5.729588e-05	-8.033532e-04
3.555930e+03	-2.014929e-03	1.013057e-02	-1.361197e-04	9.373431e-04	-2.721459e-04	1.124133e-03
3.568320e+03	-1.080308e-02	8.192090e-03	2.091239e-04	1.120413e-02	1.995512e-04	-3.747541e-04
3.580710e+03	-1.325743e-02	-4.867698e-03	1.370844e-05	1.290000e-02	-1.569156e-04	3.333126e-04
3.593100e+03	-5.284675e-03	-1.399166e-02	9.026719e-05	5.613811e-03	-2.223212e-05	-3.143272e-04
3.605490e+03	8.968529e-03	-1.265184e-02	1.919140e-04	-8.807780e-03	4.156264e-04	-9.644144e-05
3.617880e+03	1.658159e-02	-1.317094e-04	-1.599624e-04	-1.651062e-02	-5.231993e-05	1.844311e-05
3.630270e+03	9.269141e-03	1.210318e-02	8.995798e-05	-9.311297e-03	4.018410e-04	3.383091e-05
3.642660e+03	-4.057444e-03	1.634523e-02	-9.323768e-05	4.457140e-03	-8.429675e-05	-3.905497e-04
3.655050e+03	-1.682999e-02	7.056512e-03	-3.091558e-05	1.721606e-02	-2.657461e-04	-3.857881e-04
3.667440e+03	-1.569217e-02	-7.853319e-03	1.375596e-04	1.589220e-02	-7.681744e-05	-1.444644e-04
3.679830e+03	-3.738005e-03	-1.651407e-02	-2.429811e-04	3.784020e-03	-7.435546e-04	-5.244681e-05
3.692220e+03	9.129243e-03	-1.380511e-02	2.265600e-04	-8.897742e-03	2.986597e-04	-2.352914e-04
3.704610e+03	1.639790e-02	-2.271812e-04	-3.752890e-04	-1.559869e-02	-4.048933e-04	-7.896252e-04
3.717000e+03	1.007082e-02	9.788503e-03	1.309059e-04	-1.026071e-02	3.922715e-04	1.829438e-04
3.729390e+03	-2.226860e-03	1.336397e-02	2.969555e-04	2.415370e-03	5.638721e-04	-2.594469e-04
3.741780e+03	-1.022722e-02	7.448065e-03	3.291657e-05	1.095476e-02	1.110200e-04	-7.855088e-04
3.754170e+03	-1.198499e-02	-4.304905e-03	6.504770e-04	1.299524e-02	9.023778e-04	-1.020867e-03
3.766560e+03	-1.504898e-03	-9.668848e-03	-4.337466e-05	1.799110e-03	-1.972103e-04	-2.708410e-04
3.778950e+03	6.841886e-03	-4.894155e-03	2.539940e-04	-6.254042e-03	3.599259e-04	-6.528019e-04
3.791340e+03	8.006838e-03	1.397818e-03	-5.876161e-05	-8.483721e-03	1.088135e-05	5.164772e-04
3.803730e+03	1.841631e-03	7.727598e-03	-1.528083e-04	-1.553289e-03	-1.271587e-04	-2.879870e-04
3.816120e+03	-4.546032e-03	6.740937e-03	3.830897e-04	4.812241e-03	8.419544e-04	-2.620492e-04
3.828510e+03	-8.661905e-03	-6.953800e-04	6.058757e-05	8.877533e-03	2.234130e-04	-1.900728e-04
3.840900e+03	-6.150600e-03	-6.877868e-03	-2.749994e-04	6.490457e-03	-6.719988e-04	-3.369996e-04
3.853290e+03	2.953865e-03	-6.517270e-03	-1.207831e-04	-2.504370e-03	-5.156592e-04	-4.548110e-04
3.865680e+03	6.338323e-03	-3.448502e-03	2.578245e-04	-6.347228e-03	2.447651e-04	1.760387e-05
3.878070e+03	5.434347e-03	6.646200e-04	-8.904332e-05	-6.243465e-03	-1.697477e-04	8.671663e-04
3.890460e+03	2.717707e-03	5.504911e-03	1.563631e-04	-2.681212e-03	3.809935e-04	1.333598e-04
3.902850e+03	-2.976393e-03	3.627440e-03	1.944513e-05	2.429343e-03	1.609230e-04	4.400008e-04
3.915240e+03	-3.906428e-03	2.584480e-04	-3.677780e-04	3.666491e-03	-5.143764e-04	2.191088e-04
3.927630e+03	-1.335862e-03	-3.109208e-03	-3.406223e-04	3.624210e-04	-6.410743e-04	8.896047e-04
3.940020e+03	-7.001154e-05	-1.364519e-03	1.164257e-04	7.710512e-04	-3.308963e-05	-6.924243e-04
3.952410e+03	1.331007e-03	-6.023325e-04	1.113046e-04	-1.542858e-03	9.782765e-05	2.322241e-04
3.964800e+03	5.324712e-04	1.857604e-03	3.832774e-04	-7.692009e-04	6.859023e-04	2.057522e-04
3.977190e+03	-2.304774e-03	2.670558e-03	-6.673952e-05	2.718739e-03	-8.135904e-05	-2.625155e-04
3.989580e+03	-4.568424e-03	-4.292244e-04	-8.008997e-05	4.208130e-03	-1.181829e-04	2.138031e-04
4.001970e+03	-2.901588e-03	-3.350519e-03	2.220071e-04	2.692493e-03	4.060657e-04	1.510325e-04
4.014360e+03	-6.161563e-04	-4.172674e-03	-1.437502e-06	1.280863e-03	7.712036e-05	-6.449736e-04
4.026750e+03	3.417809e-03	-4.290680e-03	1.033974e-05	-3.546739e-03	7.874443e-06	1.197197e-04
4.039140e+03	5.296293e-03	-1.297259e-03	1.981360e-04	-6.326513e-03	3.735844e-04	1.030219e-03
4.051530e+03	2.945038e-03	3.349293e-03	-2.937875e-04	-3.199234e-03	-4.341206e-04	2.541464e-04
4.063920e+03	-8.956444e-04	4.460875e-03	3.718425e-05	7.546931e-04	1.351699e-05	1.334303e-04
4.076310e+03	-3.211207e-03	2.783816e-03	2.419790e-04	3.411097e-03	4.589515e-04	-1.998716e-04
4.088700e+03	-5.404358e-03	-2.437114e-03	-2.298325e-04	5.533257e-03	-2.895253e-04	-1.348387e-04
4.101090e+03	5.392664e-04	-4.495049e-03	-4.113819e-05	-8.401177e-04	-3.846160e-05	3.007884e-04
4.113480e+03	3.783567e-03	-3.096744e-03	1.372044e-04	-4.269859e-03	2.808651e-04	4.889712e-04
4.125870e+03	5.242992e-03	1.827481e-03	-2.015042e-04	-5.664046e-03	-3.216448e-04	4.360067e-04
4.138260e+03	3.043042e-04	6.742371e-03	8.033486e-05	3.983325e-04	1.286411e-04	-7.388226e-04
4.150650e+03	-5.939867e-03	4.531661e-03	-2.264054e-04	6.283025e-03	-3.639390e-04	-3.615951e-04
4.163040e+03	-6.722687e-03	-7.477359e-04	4.749210e-05	6.631694e-03	1.192466e-05	1.119994e-04
4.175430e+03	-5.372960e-03	-7.139349e-03	2.324053e-04	5.850091e-03	3.430592e-04	-3.583719e-04
4.187820e+03	2.435613e-03	-9.432147e-03	3.598522e-04	-2.825981e-03	5.666704e-04	2.467829e-04
4.200210e+03	8.251060e-03	-4.202383e-03	-1.145434e-04	-8.132786e-03	-7.864435e-05	-5.314390e-05
4.212600e+03	8.662034e-03	3.358301e-03	-3.141686e-05	-9.297920e-03	7.345823e-05	5.272856e-04
4.224990e+03	2.470988e-03	1.066991e-02	9.088496e-05	-2.128504e-03	1.741925e-04	-3.680494e-04
4.237380e+03	-6.099181e-03	8.417244e-03	-2.902246e-04	6.437076e-03	-4.006680e-04	-3.634507e-04
4.249770e+03	-8.738559e-03	-2.344681e-04	5.189647e-04	8.277118e-03	7.179042e-04	4.684962e-04
4.262160e+03	-5.230784e-03	-8.452774e-03	3.237870e-04	4.519117e-03	5.242022e-04	7.156581e-04
4.274550e+03	1.812317e-03	-9.534122e-03	2.814894e-04	-2.332156e-03	4.205884e-04	5.322326e-04
4.286940e+03	8.025060e-03	-2.444436e-03	-1.061513e-04	-8.543928e-03	-1.214506e-04	5.194916e-04
4.299330e+03	6.101021e-03	6.618824e-03	-2.011687e-05	-6.343931e-03	3.335639e-05	1.254887e-04
4.311720e+03	-2.601040e-03	9.771759e-03	-1.559116e-05	3.292941e-03	1.583090e-05	-6.851531e-04
4.324110e+03	-8.281005e-03	3.355840e-03	-6.057740e-05	8.308414e-03	-9.399110e-05	-9.636828e-05
4.336500e+03	-8.550440e-03	-6.907122e-03	-1.338997e-04	8.230032e-03	-3.041408e-04	2.456775e-04
4.348890e+03	-6.063050e-04	-1.096029e-02	3.429734e-04	4.968435e-04	4.849439e-04	1.022848e-04
4.361280e+03	8.404636e-03	-6.863903e-03	-1.696088e-04	-8.334755e-03	-2.788851e-04	-3.214263e-05
4.373670e+03	1.024124e-02	1.040723e-03	1.787187e-04	-1.106393e-02	3.338717e-04	8.336302e-04
4.386060e+03	4.410574e-03	9.157916e-03	3.080507e-04	-4.872290e-03	6.099013e-04	5.279267e-04
4.398450e+03	-5.260717e-03	1.012539e-02	4.521163e-05	5.774661e-03	1.952432e-04	-5.027494e-04
4.410840e+03	-1.008337e-02	3.281063e-03	-6.218737e-04	1.119897e-02	-9.472734e-04	-1.079534e-03
4.423230e+03	-7.393398e-03	-6.304341e-03	2.989887e-04	7.866457e-03	3.305235e-04	-4.147399e-04
4.435620e+03	-1.545567e-03	-1.179502e-02	-3.161565e-04	3.062297e-04	-6.153501e-04	1.124339e-03
4.448010e+03	7.782121e-03	-2.715189e-03	1.535668e-04	-7.603830e-03	1.436060e-04	-1.118618e-04
4.460400e+03	5.334882e-03	6.355040e-03	2.063417e-04	-4.379035e-03	3.308332e-04	-1.075126e-03
4.472790e+03	-3.995024e-04	7.547315e-03	-3.634458e-04	-8.026056e-05	-5.247863e-04	4.074320e-04
4.485180e+03	-7.476471e-03	4.361037e-03	2.343032e-04	7.932121e-03	3.777382e-04	-4.259270e-04
4.497570e+03	-9.709114e-03	-4.660707e-03	-4.803427e-04	1.040748e-02	-7.989486e-04	-7.417015e-04
4.509960e+03	-1.443874e-03	-1.107712e-02	6.595324e-04	7.596148e-04	9.130286e-04	6.316042e-04
4.522350e+03	7.829638e-03	-7.784275e-03	-3.908373e-04	-8.738960e-03	-5.426765e-04	7.806834e-04
4.534740e+03	9.928083e-03	1.661640e-03	-9.620507e-05	-9.847711e-03	-1.384504e-04	-7.496017e-05
4.547130e+03	4.287061e-03	8.686331e-03	-2.264995e-04	-4.230618e-03	-3.981860e-04	-5.807040e-05
4.559520e+03	-4.427166e-03	7.875948e-03	6.292583e-05	3.772492e-03	5.065622e-05	6.196943e-04
4.571910e+03	-8.238699e-03	3.278156e-03	-1.688617e-04	8.606802e-03	-2.939109e-04	-3.837951e-04
4.584300e+03	-7.979257e-03	-7.396471e-03	2.095952e-04	7.749417e-03	2.681840e-04	2.749432e-04
4.596690e+03	1.715486e-03	-8.471482e-03	-4.413805e-04	-1.925412e-03	-8.057356e-04	2.373495e-04
4.609080e+03	6.811023e-03	-2.896195e-03	5.609403e-04	-6.384507e-03	8.740090e-04	-4.502137e-04
4.621470e+03	7.355356e-03	3.853634e-03	4.626086e-04	-8.016210e-03	8.501156e-04	6.493795e-04
4.633860e+03	1.734786e-04	8.119021e-03	8.906920e-05	-1.902957e-04	3.759445e-04	-6.730704e-06
4.646250e+03	-7.599774e-03	4.762794e-03	2.315684e-04	8.384281e-03	4.430842e-04	-8.064132e-04
4.658640e+03	-9.098069e-03	-5.041686e-03	2.648736e-05	8.823158e-03	1.973318e-06	1.591618e-04
4.671030e+03	-2.232604e-03	-1.028085e-02	2.525540e-04	1.701264e-03	3.559266e-04	4.189640e-04
4.683420e+03	6.815927e-03	-7.667372e-03	-1.090318e-04	-7.487047e-03	-1.990677e-04	4.881547e-04
4.695810e+03	1.020082e-02	2.691811e-03	1.987552e-04	-9.814189e-03	3.461999e-04	-3.884865e-04
4.708200e+03	4.874698e-03	8.494635e-03	-8.364797e-06	-5.275155e-03	7.398493e-05	3.391767e-04
4.720590e+03	-6.089251e-03	9.840198e-03	-3.184741e-06	7.130630e-03	2.468689e-05	-1.038552e-03
4.732980e+03	-1.088331e-02	1.626972e-03	-4.197731e-05	1.125093e-02	2.082375e-05	-3.677118e-04
4.745370e+03	-7.320575e-03	-7.792187e-03	-2.120714e-04	6.640784e-03	-3.648811e-04	6.436141e-04
4.757760e+03	1.707242e-03	-8.009683e-03	-3.271893e-04	-1.613717e-03	-6.152451e-04	2.903059e-05
4.770150e+03	7.336688e-03	-2.600159e-03	1.780667e-04	-7.058917e-03	2.412789e-04	-3.619213e-04
4.782540e+03	6.838309e-03	3.871467e-03	1.693055e-04	-7.571709e-03	3.016151e-04	7.436639e-04
4.794930e+03	-1.022597e-03	8.668291e-03	4.123839e-04	1.836875e-03	7.761718e-04	-8.077441e-04
4.807320e+03	-8.115644e-03	1.879068e-03	2.265788e-04	7.708760e-03	4.196329e-04	3.550473e-04
4.819710e+03	-6.927607e-03	-4.911288e-03	1.886722e-04	6.956816e-03	3.593854e-04	-3.444901e-05
4.832100e+03	2.344059e-04	-9.519090e-03	3.024766e-04	-6.047520e-04	5.272717e-04	3.991038e-04
4.844490e+03	6.050403e-03	-7.229715e-03	3.094439e-04	-6.598749e-03	5.642086e-04	4.976239e-04
4.856880e+03	9.351593e-03	2.171964e-03	-2.653489e-04	-9.788830e-03	-3.113592e-04	4.432581e-04
4.869270e+03	3.782211e-03	1.087581e-02	6.930331e-05	-2.884854e-03	2.238772e-04	-7.485096e-04
4.881660e+03	-6.136219e-03	8.181670e-03	-1.714706e-04	6.899273e-03	-1.728683e-04	-5.751030e-04
4.894050e+03	-1.142741e-02	6.963693e-04	3.455076e-04	1.235889e-02	5.156273e-04	-9.768738e-04
4.906440e+03	-5.798302e-03	-8.130297e-03	2.358461e-04	5.359841e-03	3.543046e-04	3.989022e-04
4.918830e+03	1.896564e-03	-8.842361e-03	-3.658725e-05	-2.380593e-03	-8.384280e-05	4.765484e-04
4.931220e+03	8.480460e-03	-1.630693e-03	-4.228941e-04	-8.760481e-03	-6.974499e-04	2.700404e-04
4.943610e+03	6.766640e-03	6.818410e-03	6.628461e-04	-6.402518e-03	1.192705e-03	-4.043040e-04
4.956000e+03	-4.075106e-03	7.690379e-03	2.769655e-05	5.066612e-03	1.105582e-04	-1.087537e-03
4.968390e+03	-8.554362e-03	1.945340e-03	-2.126391e-04	9.466982e-03	-3.397805e-04	-9.207620e-04
4.980780e+03	-6.286328e-03	-7.882823e-03	2.435134e-04	5.513180e-03	3.037917e-04	6.596181e-04
4.993170e+03	2.062806e-03	-8.285210e-03	-1.192579e-04	-1.798353e-03	-2.468084e-04	-1.082748e-04
5.005560e+03	8.524905e-03	-4.494473e-03	5.799331e-05	-9.154462e-03	8.225716e-05	5.938306e-04
5.017950e+03	8.207545e-03	4.842672e-03	-1.498531e-04	-8.266628e-03	-1.550418e-04	6.483579e-05
5.030340e+03	1.836955e-03	1.010767e-02	6.120252e-05	-1.580737e-03	1.681078e-04	-2.071430e-04
5.042730e+03	-8.547599e-03	6.386391e-03	-3.194703e-05	9.011972e-03	-5.126554e-05	-4.629103e-04
5.055120e+03	-1.017348e-02	-2.868820e-03	-1.548230e-04	9.990508e-03	-2.743045e-04	2.056839e-04
5.067510e+03	-2.810467e-03	-6.521856e-03	-8.143790e-05	3.736737e-03	-2.110718e-04	-8.165980e-04
5.079900e+03	6.647099e-03	-6.378406e-03	-1.626246e-04	-7.240116e-03	-3.531222e-04	5.977038e-04
5.092290e+03	8.719384e-03	1.301766e-03	3.319601e-04	-8.472060e-03	4.971579e-04	-2.449601e-04
5.104680e+03	3.303740e-03	7.859060e-03	-2.686938e-04	-2.061888e-03	-3.901453e-04	-1.229289e-03
5.117070e+03	-3.449015e-03	7.606190e-03	-3.133969e-04	4.381477e-03	-5.554005e-04	-8.854096e-04
5.129460e+03	-8.870243e-03	-1.674238e-03	-1.872142e-04	8.429564e-03	-2.861521e-04	3.409503e-04
5.141850e+03	-5.378850e-03	-7.933053e-03	-2.129211e-04	5.401515e-03	-3.463190e-04	-2.590068e-05
5.154240e+03	3.582037e-03	-8.151973e-03	4.292040e-04	-3.738309e-03	6.013710e-04	1.449302e-04
5.166630e+03	9.768741e-03	-1.865641e-03	4.730399e-05	-1.036704e-02	4.566018e-05	7.029297e-04
5.179020e+03	5.926494e-03	7.944700e-03	-2.051437e-04	-4.905691e-03	-3.425073e-04	-9.827814e-04
5.191410e+03	-6.746460e-04	8.299979e-03	1.224288e-04	1.633866e-05	2.146451e-04	6.043661e-04
5.203800e+03	-1.056243e-02	4.968284e-03	-2.632117e-04	1.212848e-02	-4.808971e-04	-1.550384e-03
5.216190e+03	-8.638056e-03	-6.420604e-03	1.262173e-04	7.836744e-03	1.677157e-04	7.794219e-04
5.228580e+03	-6.117554e-04	-8.453999e-03	9.744933e-05	4.185724e-04	1.587498e-04	2.269901e-04
5.240970e+03	7.293810e-03	-4.201069e-03	4.493552e-05	-7.019254e-03	4.282724e-05	-8.004693e-05
5.253360e+03	7.154572e-03	1.511464e-03	3.975819e-04	-7.766061e-03	6.103405e-04	6.004502e-04
5.265750e+03	4.552023e-04	9.401769e-03	-2.879628e-05	1.517651e-03	-6.704942e-05	-1.937181e-03
5.278140e+03	-6.451883e-03	3.388952e-03	-9.501134e-05	6.136180e-03	-2.656424e-04	2.850260e-04
5.290530e+03	-8.347290e-03	-2.977590e-03	-2.755781e-04	8.797053e-03	-4.777884e-04	-4.477640e-04
5.302920e+03	-2.316711e-03	-9.117513e-03	7.276599e-04	2.056537e-03	1.173802e-03	2.548594e-04
5.315310e+03	6.430619e-03	-7.218530e-03	-2.489256e-04	-7.058542e-03	-3.126293e-04	5.414654e-04
5.327700e+03	8.751834e-03	1.207318e-03	-8.179804e-05	-8.638621e-03	-1.831987e-04	4.951010e-05
5.340090e+03	4.702919e-03	8.312271e-03	1.792380e-05	-4.868050e-03	2.654334e-05	3.938051e-05
5.352480e+03	-4.006071e-03	8.909826e-03	-1.464859e-05	4.320936e-03	-5.113806e-05	-1.767740e-04
5.364870e+03	-1.091371e-02	4.223024e-04	1.919659e-04	1.099095e-02	2.783363e-04	-1.542618e-04
5.377260e+03	-7.183394e-03	-7.293044e-03	3.806797e-04	7.405309e-03	6.623574e-04	-2.585750e-04
5.389650e+03	3.972567e-03	-6.928046e-03	-2.498774e-04	-3.683902e-03	-3.957999e-04	-2.159193e-04
5.402040e+03	6.608080e-03	-3.348714e-03	5.599863e-05	-6.700049e-03	7.271228e-05	9.299033e-05
5.414430e+03	6.820443e-03	4.742306e-03	1.617214e-04	-7.177122e-03	3.133865e-04	3.293699e-04
5.426820e+03	-1.951412e-03	9.501665e-03	-1.766999e-05	3.453556e-03	-1.281294e-05	-1.679226e-03
5.439210e+03	-8.543771e-03	2.815732e-03	1.753418e-04	9.288773e-03	1.946787e-04	-7.909560e-04
5.451600e+03	-6.233152e-03	-4.344661e-03	1.640967e-04	6.866372e-03	2.304328e-04	-7.634025e-04
5.463990e+03	3.356696e-04	-1.057958e-02	5.200712e-06	-1.267981e-03	-3.768966e-05	8.794108e-04
5.476380e+03	9.266795e-03	-4.583718e-03	-2.997553e-04	-9.900393e-03	-5.336088e-04	5.745853e-04
5.488770e+03	8.186672e-03	4.640109e-03	2.376817e-05	-8.061674e-03	5.411434e-05	-1.062542e-04
5.501160e+03	1.906761e-03	1.132779e-02	-2.516604e-04	-1.154238e-03	-3.552047e-04	-7.499863e-04
5.513550e+03	-7.251130e-03	7.547542e-03	3.456268e-04	8.079789e-03	5.551003e-04	-8.802126e-04
5.525940e+03	-9.315319e-03	-1.638031e-03	-3.548680e-04	9.554737e-03	-6.534887e-04	-2.107022e-04
5.538330e+03	-3.946116e-03	-8.689348e-03	1.919998e-04	3.955942e-03	2.769992e-04	-4.277093e-06
5.550720e+03	4.487445e-03	-7.354575e-03	2.028498e-05	-4.343197e-03	-1.889765e-06	-8.859078e-05
5.563110e+03	8.105128e-03	-2.139175e-03	-1.627348e-04	-9.162858e-03	-3.029406e-04	1.054789e-03
5.575500e+03	4.624865e-03	7.883914e-03	2.881036e-04	-3.518480e-03	5.261886e-04	-9.613125e-04
5.587890e+03	-4.666928e-03	6.539032e-03	-3.224754e-04	5.265531e-03	-5.900581e-04	-5.843468e-04
5.600280e+03	-8.422566e-03	5.378863e-05	2.021745e-04	8.874534e-03	2.197152e-04	-4.322860e-04
5.612670e+03	-5.198884e-03	-6.255524e-03	1.641640e-04	6.235206e-03	1.906323e-04	-7.135178e-04
5.625060e+03	1.996918e-03	-1.068378e-02	-5.714646e-06	-3.192792e-03	-1.055693e-04	9.676013e-04
5.637450e+03	1.089537e-02	-2.970925e-03	-3.472883e-05	-1.237307e-02	-8.777637e-05	1.462702e-03
5.649840e+03	6.451194e-03	8.250058e-03	2.052524e-05	-5.585754e-03	1.252327e-04	-8.007487e-04
5.662230e+03	-1.828754e-03	1.035938e-02	3.079850e-04	2.934985e-03	6.745661e-04	-1.052857e-03
5.674620e+03	-1.044455e-02	2.538498e-03	-1.940354e-04	1.059050e-02	-3.848512e-04	-1.759037e-04
5.687010e+03	-7.504984e-03	-4.881584e-03	2.876727e-05	7.580993e-03	-8.054321e-05	-7.425831e-05
5.699400e+03	6.052313e-04	-8.579193e-03	2.800323e-05	-1.161598e-03	-2.876466e-05	5.453499e-04
5.711790e+03	5.553180e-03	-6.866141e-03	-1.378437e-04	-6.579932e-03	-3.803757e-04	1.057954e-03
5.724180e+03	8.185854e-03	3.680960e-03	1.433322e-04	-7.877965e-03	2.010164e-04	-2.914344e-04
5.736570e+03	-3.187932e-04	6.643979e-03	-3.475986e-04	8.914303e-04	-6.497044e-04	-5.808630e-04
5.748960e+03	-5.363879e-03	5.305356e-03	1.320410e-04	6.108071e-03	2.617904e-04	-8.267152e-04
5.761350e+03	-8.183693e-03	-1.725914e-03	-4.280569e-05	9.473622e-03	-8.624610e-05	-1.320098e-03
5.773740e+03	-2.021342e-03	-9.306234e-03	-1.167694e-04	1.258828e-03	-3.417823e-04	7.040807e-04
5.786130e+03	6.097959e-03	-5.772665e-03	3.871165e-04	-6.311040e-03	5.483294e-04	2.234354e-04
5.798520e+03	8.959425e-03	2.814961e-03	1.194930e-04	-8.788184e-03	2.859560e-04	-1.047892e-04
5.810910e+03	3.081367e-03	7.862464e-03	4.857733e-05	-3.319278e-03	1.958458e-04	7.236891e-05
5.823300e+03	-6.214812e-03	7.511952e-03	-1.157910e-04	7.352561e-03	-9.192232e-05	-8.416472e-04
5.835690e+03	-7.841911e-03	2.199522e-04	-1.404902e-05	8.104518e-03	8.825552e-05	-2.326251e-04
5.848080e+03	-4.011310e-03	-7.329845e-03	-3.080707e-04	3.313156e-03	-6.641896e-04	6.052510e-04
5.860470e+03	1.366032e-03	-8.000629e-03	-4.849463e-05	-1.216526e-03	-2.792740e-04	-1.817408e-04
5.872860e+03	7.296916e-03	-2.150034e-03	-2.045463e-04	-7.750810e-03	-5.448594e-04	4.478966e-04
5.885250e+03	6.147136e-03	5.738661e-03	4.587938e-04	-6.355460e-03	8.886757e-04	2.003244e-04
5.897640e+03	-2.222605e-03	6.991466e-03	-3.709483e-05	2.899249e-03	1.195067e-04	-6.743172e-04
5.910030e+03	-7.201039e-03	-5.017609e-04	5.353376e-04	6.573435e-03	1.109701e-03	6.244212e-04
5.922420e+03	-5.302294e-03	-4.968359e-03	1.370024e-04	6.176742e-03	2.928592e-04	-8.795056e-04
5.934810e+03	1.076258e-03	-9.765766e-03	1.840511e-04	-2.074664e-03	3.163001e-04	9.342586e-04
5.947200e+03	7.750316e-03	-1.854534e-03	-2.896059e-04	-7.418733e-03	-5.842090e-04	-2.077665e-04
5.959590e+03	7.311692e-03	4.461875e-03	1.626502e-04	-8.004712e-03	2.408508e-04	6.733959e-04
5.971980e+03	-7.244551e-04	9.740081e-03	1.361266e-04	2.025416e-03	3.705448e-04	-1.155075e-03
5.984370e+03	-9.495953e-03	2.129773e-03	-3.675293e-04	9.999370e-03	-8.283697e-04	-5.427313e-04
5.996760e+03	-7.146578e-03	-1.500439e-03	4.672815e-04	8.816557e-03	9.136366e-04	-1.494766e-03
6.009150e+03	-9.653463e-04	-8.179464e-03	-3.565436e-04	5.713573e-04	-6.878606e-04	3.140552e-04
6.021540e+03	5.627312e-03	-4.349822e-03	4.238884e-04	-5.645560e-03	7.425143e-04	2.529185e-05
6.033930e+03	7.765243e-03	2.052928e-03	-2.982230e-04	-8.648136e-03	-5.061309e-04	8.582946e-04
6.046320e+03	8.627391e-05	7.352869e-03	2.656728e-04	1.105015e-03	4.323573e-04	-1.156705e-03
6.058710e+03	-5.308284e-03	3.810479e-03	-4.791504e-05	5.451117e-03	-1.148585e-04	-1.470732e-04
6.071100e+03	-7.130583e-03	-2.132492e-03	1.206054e-04	7.929911e-03	1.650016e-04	-7.889865e-04
6.083490e+03	-1.368687e-03	-7.914468e-03	-1.050000e-04	9.318619e-04	-2.120224e-04	4.301192e-04
6.095880e+03	7.837331e-03	-4.939273e-03	2.729777e-04	-8.565166e-03	6.012235e-04	7.263639e-04
6.108270e+03	6.331347e-03	1.420565e-04	1.336917e-04	-6.701125e-03	3.189576e-04	3.709387e-04
6.120660e+03	4.385139e-03	7.653357e-03	1.541621e-04	-4.704341e-03	4.119733e-04	2.824877e-04
6.133050e+03	-5.205432e-03	8.443730e-03	1.032653e-04	6.279524e-03	2.576863e-04	-1.114064e-03
6.145440e+03	-9.462954e-03	1.445731e-04	-1.516636e-07	1.013058e-02	-6.703389e-05	-6.402486e-04
6.157830e+03	-4.253332e-03	-6.703773e-03	-1.425305e-04	4.007433e-03	-2.967622e-04	2.322654e-04
6.170220e+03	3.209909e-03	-8.017406e-03	2.828028e-05	-4.146839e-03	-1.401995e-06	8.561371e-04
6.182610e+03	6.989811e-03	-2.080303e-03	-2.619143e-04	-7.565031e-03	-5.310783e-04	5.817592e-04
6.195000e+03	4.133588e-03	5.291074e-03	-3.074027e-05	-3.589763e-03	-1.689076e-04	-4.656103e-04
6.207390e+03	-2.344942e-03	5.723921e-03	-9.142482e-05	2.365640e-03	-2.085878e-04	-7.402670e-05
6.219780e+03	-6.628408e-03	1.527339e-03	9.740116e-05	6.942363e-03	1.896745e-04	-2.124437e-04
6.232170e+03	-4.479240e-03	-4.371950e-03	5.813169e-04	4.999296e-03	1.149259e-03	-4.972015e-04
6.244560e+03	9.532813e-04	-8.963516e-03	2.028404e-04	-1.767512e-03	4.842583e-04	8.098434e-04
6.256950e+03	7.544003e-03	-1.971350e-03	-4.374095e-04	-7.445528e-03	-7.695687e-04	-2.091039e-04
6.269340e+03	7.717313e-03	3.622809e-03	-3.158333e-04	-8.872135e-03	-6.939757e-04	1.122909e-03
6.281730e+03	-1.568759e-04	7.979925e-03	-2.103702e-04	-1.485726e-04	-4.434880e-04	1.492537e-04
6.294120e+03	-7.707149e-03	4.781259e-03	2.222050e-04	8.495309e-03	3.840828e-04	-7.821833e-04
6.306510e+03	-8.966440e-03	-4.273629e-03	-3.172119e-04	9.480562e-03	-7.395360e-04	-3.698022e-04
6.318900e+03	-6.360186e-04	-8.851355e-03	-4.332064e-06	-9.588326e-04	-5.676534e-05	1.144063e-03
6.331290e+03	6.325342e-03	-5.024906e-03	-1.353556e-05	-6.826146e-03	-6.102354e-05	6.327552e-04
6.343680e+03	6.598389e-03	1.409090e-03	-3.801873e-04	-7.005905e-03	-8.135490e-04	4.136435e-04
6.356070e+03	2.077361e-03	6.107461e-03	3.360542e-04	-2.247487e-03	6.930729e-04	1.664901e-04
6.368460e+03	-4.638192e-03	5.820499e-03	7.667475e-05	5.550707e-03	1.884157e-04	-9.082354e-04
6.380850e+03	-7.123640e-03	-1.745423e-03	1.888953e-04	7.311700e-03	3.707894e-04	-2.270384e-04
6.393240e+03	-2.841911e-03	-7.607996e-03	3.031067e-05	2.556208e-03	3.022483e-05	2.897007e-04
6.405630e+03	5.151298e-03	-7.850400e-03	2.455495e-04	-6.722886e-03	4.849619e-04	1.473333e-03
6.418020e+03	7.639814e-03	2.546712e-03	2.523383e-05	-6.509453e-03	1.746571e-04	-8.644852e-04
6.430410e+03	3.614305e-03	5.487195e-03	4.445529e-05	-4.463486e-03	1.184611e-04	5.245579e-04
6.442800e+03	-3.220511e-03	7.496688e-03	-1.321514e-04	3.509384e-03	-2.335632e-04	-3.321803e-04
6.455190e+03	-7.908644e-03	2.303749e-03	1.897673e-04	8.811678e-03	3.123233e-04	-9.064061e-04
6.467580e+03	-6.502775e-03	-7.071350e-03	-2.451035e-04	6.186692e-03	-5.547169e-04	2.385708e-04
6.479970e+03	3.301986e-03	-6.462927e-03	-2.187371e-05	-3.583917e-03	-1.372312e-04	2.522412e-04
6.492360e+03	5.998226e-03	-2.102203e-03	2.097298e-04	-5.808817e-03	3.949818e-04	-1.271750e-04
6.504750e+03	5.384896e-03	4.473668e-03	-4.422299e-05	-5.457929e-03	3.391632e-05	7.275640e-05
6.517140e+03	-2.102258e-03	6.633069e-03	-5.623326e-05	3.002339e-03	-5.499543e-05	-8.705891e-04
6.529530e+03	-5.473966e-03	2.263900e-03	-3.824714e-04	5.515458e-03	-7.432777e-04	-2.040665e-05
6.541920e+03	-5.913268e-03	-5.827984e-03	2.169913e-04	5.289947e-03	2.480310e-04	6.250479e-04
6.554310e+03	-7.610365e-04	-1.045937e-02	5.621351e-04	-7.763670e-04	1.016589e-03	1.496480e-03
6.566700e+03	6.845290e-03	-5.133725e-03	-1.643685e-04	-7.981263e-03	-2.051595e-04	1.225514e-03
6.579090e+03	6.764094e-03	3.253381e-03	1.139676e-05	-7.191942e-03	2.635772e-05	3.796909e-04
6.591480e+03	3.438353e-04	9.425910e-03	1.051289e-04	9.635408e-04	2.567308e-04	-1.614979e-03
6.603870e+03	-5.982544e-03	5.324038e-03	-4.090626e-05	6.639396e-03	-7.976722e-05	-4.704381e-04
6.616260e+03	-6.734950e-03	-1.114964e-03	-1.734358e-04	7.254267e-03	-3.178834e-04	-5.350423e-04
6.628650e+03	-3.405363e-03	-7.515595e-03	-3.550618e-05	3.409367e-03	-1.504343e-04	-1.010311e-05
6.641040e+03	5.786429e-03	-5.180179e-03	-1.140567e-05	-6.354108e-03	5.806106e-06	6.456236e-04
6.653430e+03	5.990856e-03	-7.194255e-04	1.024713e-03	-7.141961e-03	2.096973e-03	1.170273e-03
6.665820e+03	2.033229e-03	6.832475e-03	-2.611687e-04	-9.191030e-04	-3.399217e-04	-1.095246e-03
6.678210e+03	-3.479529e-03	5.832791e-03	-2.609587e-04	4.517189e-03	-5.545523e-04	-8.581401e-04
6.690600e+03	-6.562452e-03	-1.861521e-03	1.505959e-04	6.275155e-03	2.453658e-04	2.103818e-04
6.702990e+03	-3.508700e-03	-7.075618e-03	1.139357e-05	3.147058e-03	-1.559962e-05	3.636149e-04
6.715380e+03	3.777906e-03	-5.651099e-03	1.535720e-04	-3.865400e-03	2.147750e-04	1.757258e-04
6.727770e+03	7.070122e-03	-1.826687e-03	-1.467888e-04	-8.270152e-03	-2.688449e-04	1.200339e-03
6.740160e+03	3.936379e-03	6.128453e-03	-1.871902e-04	-3.455761e-03	-2.761686e-04	-4.323032e-04
6.752550e+03	-1.157311e-03	7.488219e-03	3.358339e-04	1.466023e-03	7.463016e-04	-2.130376e-04
6.764940e+03	-7.980802e-03	5.747814e-04	-9.434881e-06	7.942024e-03	1.696617e-06	2.411305e-05
6.777330e+03	-5.330614e-03	-5.469620e-03	1.538384e-04	5.011752e-03	2.096647e-04	3.175821e-04
6.789720e+03	1.782083e-03	-6.159000e-03	-3.918528e-04	-2.249827e-03	-7.387367e-04	4.667972e-04
6.802110e+03	7.037829e-03	-3.704876e-03	3.924634e-05	-8.854977e-03	6.928798e-05	1.817148e-03
6.814500e+03	5.188445e-03	2.394898e-03	2.215194e-04	-5.951554e-03	4.722440e-04	7.604150e-04
6.826890e+03	-3.211472e-05	7.402407e-03	3.511127e-04	9.704882e-04	8.724937e-04	-9.741851e-04
6.839280e+03	-5.586688e-03	3.528365e-03	-1.247673e-04	6.178948e-03	-1.870154e-04	-7.788228e-04
6.851670e+03	-6.054500e-03	-2.440564e-03	4.099377e-04	6.986024e-03	7.852572e-04	-9.083076e-04
6.864060e+03	-8.138897e-04	-7.411186e-03	-1.519741e-04	7.261581e-05	-3.275170e-04	5.357915e-04
6.876450e+03	4.543181e-03	-4.344647e-03	-2.993356e-05	-4.917080e-03	-1.530630e-04	3.801647e-04
6.888840e+03	6.515501e-03	3.242373e-03	-9.902326e-05	-6.526051e-03	-1.598065e-04	-7.365233e-05
6.901230e+03	8.723173e-04	6.644493e-03	1.680293e-04	-3.474789e-04	3.579780e-04	-5.394203e-04
6.913620e+03	-5.222842e-03	4.602340e-03	2.157892e-05	6.019902e-03	8.266268e-05	-7.312504e-04
6.926010e+03	-7.012590e-03	-2.281706e-03	-1.523952e-04	6.988791e-03	-3.691188e-04	1.122621e-05
6.938400e+03	-2.600895e-03	-6.804476e-03	2.198195e-04	1.965148e-03	3.708644e-04	5.998375e-04
6.950790e+03	2.510916e-03	-5.428198e-03	-3.163132e-04	-2.825423e-03	-7.638599e-04	3.372466e-04
6.963180e+03	5.198804e-03	1.101827e-03	1.763144e-04	-4.490016e-03	2.274284e-04	-7.129740e-04
6.975570e+03	3.032972e-03	5.823348e-03	-2.500129e-05	-2.358219e-03	-3.488091e-05	-6.117595e-04
6.987960e+03	-3.743911e-03	4.574984e-03	-1.075901e-04	4.395065e-03	-2.782832e-04	-6.447664e-04
7.000350e+03	-5.226857e-03	-5.799898e-04	1.342251e-04	5.012054e-03	2.478271e-04	1.860108e-04
7.012740e+03	-4.664509e-03	-4.749211e-03	-7.719182e-05	5.456663e-03	-1.930549e-04	-7.967015e-04
7.025130e+03	2.852962e-03	-6.075465e-03	2.760691e-05	-3.528889e-03	4.105714e-05	7.468890e-04
7.037520e+03	5.336720e-03	-7.886741e-04	2.169575e-04	-5.197457e-03	4.732882e-04	-1.212098e-05
7.049910e+03	4.324086e-03	4.381131e-03	7.351757e-05	-4.739878e-03	1.718485e-04	1.867860e-04
7.062300e+03	-2.893694e-03	5.128380e-03	-3.070855e-04	3.210655e-03	-6.685961e-04	-3.740208e-04
7.074690e+03	-4.975806e-03	2.721081e-03	2.218398e-04	5.345627e-03	3.465675e-04	-3.522391e-04
7.087080e+03	-5.252243e-03	-4.161057e-03	2.220138e-05	5.108429e-03	-4.837490e-05	1.528619e-04
7.099470e+03	2.466299e-04	-4.877136e-03	-4.814995e-05	-2.049619e-06	-3.355775e-05	-2.223270e-04
7.111860e+03	4.755728e-03	-2.688880e-03	2.107552e-04	-5.041027e-03	4.742022e-04	2.409145e-04
7.124250e+03	5.051630e-03	6.952878e-04	-7.667014e-05	-6.427938e-03	-1.099556e-04	1.369067e-03
7.136640e+03	-4.968174e-04	6.403150e-03	-1.973569e-04	1.906924e-03	-4.950633e-04	-1.485733e-03
7.149030e+03	-4.379098e-03	3.213569e-03	1.234192e-05	4.956144e-03	2.236545e-05	-5.999079e-04
7.161420e+03	-4.996841e-03	-2.470463e-03	-4.590036e-05	5.018636e-03	-1.413618e-04	-6.822851e-05
7.173810e+03	-1.149253e-03	-4.046960e-03	-6.033853e-05	2.172840e-03	-8.515849e-05	-8.008986e-04
7.186200e+03	3.261502e-03	-4.754324e-03	1.663920e-04	-3.697135e-03	3.463378e-04	4.317201e-04
7.198590e+03	6.105859e-03	2.552864e-03	1.209219e-05	-5.725936e-03	1.617091e-04	-2.650313e-04
7.210980e+03	1.798999e-03	3.913791e-03	-9.929562e-05	-2.284369e-03	-1.520026e-04	4.871700e-04
7.223370e+03	-3.916574e-03	4.645965e-03	1.338088e-04	4.538688e-03	2.258848e-04	-6.147531e-04
7.235760e+03	-6.221134e-03	-2.061560e-04	-9.519830e-05	7.010944e-03	-2.258936e-04	-7.434045e-04
7.248150e+03	-3.251627e-03	-5.111810e-03	5.073829e-04	3.234437e-03	9.735840e-04	-6.380574e-05
7.260540e+03	1.289776e-03	-5.105273e-03	1.763484e-04	-1.369929e-03	4.139420e-04	7.438719e-05
7.272930e+03	4.401337e-03	-5.354429e-04	5.180096e-04	-4.259799e-03	1.228304e-03	-1.707687e-04
7.285320e+03	3.300893e-03	4.039636e-03	-9.265912e-05	-3.089779e-03	3.287408e-05	-2.161266e-04
7.297710e+03	-2.492507e-03	4.232260e-03	4.261468e-04	3.221897e-03	9.682914e-04	-7.175610e-04
7.310100e+03	-4.466858e-03	1.246780e-03	8.267342e-05	4.757222e-03	2.289547e-04	-2.951899e-04
7.322490e+03	-2.495728e-03	-3.031556e-03	-8.708697e-05	2.279906e-03	-1.766824e-04	2.173754e-04
7.334880e+03	-1.188866e-04	-5.575092e-03	1.553242e-04	-6.713713e-05	2.551154e-04	1.429866e-04
7.347270e+03	4.199749e-03	-2.191381e-03	1.452901e-04	-4.356460e-03	3.614911e-04	1.485777e-04
7.359660e+03	3.283376e-03	3.330525e-03	1.302423e-04	-2.459028e-03	4.029087e-04	-8.551729e-04
7.372050e+03	-1.842834e-04	4.456918e-03	3.506716e-04	3.525060e-04	8.256042e-04	-1.659676e-04
7.384440e+03	-3.653655e-03	3.086364e-03	-4.171044e-04	4.056110e-03	-8.039499e-04	-3.143531e-04
7.396830e+03	-4.859225e-03	-2.220731e-03	1.573138e-04	4.873644e-03	1.462746e-04	-7.158051e-05
7.409220e+03	-1.644798e-03	-5.038874e-03	2.040058e-04	1.616381e-03	4.517543e-04	1.475452e-04
7.421610e+03	2.889533e-03	-2.064693e-03	-1.438276e-04	-2.636020e-03	-2.659176e-04	-3.879204e-04
7.434000e+03	3.950422e-03	5.284146e-04	1.876942e-04	-4.223804e-03	4.636801e-04	2.677428e-04
7.446390e+03	8.386923e-04	3.740407e-03	-1.529919e-04	-4.213884e-04	-2.683420e-04	-3.974157e-04
7.458780e+03	-3.275567e-03	2.496508e-03	1.894992e-04	3.653275e-03	4.296006e-04	-3.719345e-04
7.471170e+03	-3.762713e-03	-7.347195e-04	-4.024746e-04	3.732592e-03	-8.454532e-04	2.119557e-05
7.483560e+03	-2.505541e-03	-4.018718e-03	4.840353e-04	2.663871e-03	9.125987e-04	-1.470013e-04
7.495950e+03	2.447204e-03	-4.024125e-03	-2.943447e-04	-3.193786e-03	-6.181455e-04	7.333375e-04
7.508340e+03	3.106085e-03	2.306303e-04	3.668522e-04	-2.443542e-03	6.982590e-04	-6.643980e-04
7.520730e+03	1.624488e-03	1.502577e-03	1.447735e-04	-1.989469e-03	3.792582e-04	3.723680e-04
7.533120e+03	-1.016550e-04	2.669967e-03	-2.131259e-04	-6.668507e-04	-3.794386e-04	7.437612e-04
7.545510e+03	-3.339585e-03	1.549988e-03	2.006536e-04	3.756174e-03	4.602388e-04	-4.243205e-04
7.557900e+03	-4.304148e-03	-2.831908e-03	-1.783507e-04	4.735657e-03	-4.004226e-04	-4.482177e-04
7.570290e+03	-2.440378e-04	-3.756819e-03	-1.134877e-04	2.405324e-04	-3.321361e-04	-2.224056e-05
7.582680e+03	2.930519e-03	-1.565242e-03	3.085442e-05	-3.280874e-03	3.081609e-05	3.526085e-04
7.595070e+03	2.170848e-03	1.163404e-03	7.571276e-05	-2.123684e-03	1.340234e-04	-6.363680e-05
7.607460e+03	-5.032733e-05	2.886195e-03	-1.163617e-05	5.719379e-04	-8.152437e-06	-4.529897e-04
7.619850e+03	-2.451710e-03	7.357796e-04	6.351401e-05	2.293095e-03	1.708811e-04	7.608004e-05
7.632240e+03	-2.984893e-03	-2.415243e-03	-2.911946e-04	2.764060e-03	-6.357244e-04	2.979454e-04
7.644630e+03	-4.744151e-04	-2.667377e-03	3.829847e-04	6.796962e-04	8.089279e-04	-1.912518e-04
7.657020e+03	1.413347e-03	-1.937025e-03	-6.023017e-04	-1.332351e-03	-1.224633e-03	-1.138805e-04
7.669410e+03	2.108531e-03	1.955054e-03	3.114887e-04	-9.576303e-04	5.338410e-04	-1.020266e-03
7.681800e+03	1.142867e-03	2.678499e-03	1.578077e-04	-1.074447e-03	4.247226e-04	-5.954287e-05
7.694190e+03	-1.685194e-03	2.218003e-03	-1.549459e-04	2.059560e-03	-3.179470e-04	-3.754161e-04
7.706580e+03	-2.186268e-03	-1.870846e-03	-8.645976e-05	1.278386e-03	-2.147118e-04	9.032787e-04
7.718970e+03	-1.814315e-03	-7.866443e-04	-6.729439e-05	2.853832e-03	-1.453138e-04	-1.025973e-03
7.731360e+03	-3.886671e-04	-1.847807e-03	-3.041966e-04	7.841800e-04	-7.541361e-04	-4.411142e-04
7.743750e+03	2.350084e-03	-1.030000e-03	3.020673e-04	-3.019643e-03	6.795725e-04	6.906937e-04
7.756140e+03	1.319193e-03	2.043293e-03	2.889131e-04	-8.755743e-04	6.708591e-04	-4.385866e-04
7.768530e+03	-6.959604e-04	1.908493e-03	-2.668473e-04	1.037964e-03	-4.822615e-04	-3.438135e-04
7.780920e+03	-3.030552e-03	-4.274308e-04	1.074484e-04	3.739853e-03	6.533102e-05	-6.096896e-04
7.793310e+03	-1.069248e-03	-1.883591e-03	5.656889e-05	8.296977e-04	8.783931e-05	2.210999e-04
7.805700e+03	1.338543e-04	-9.817093e-04	-9.541178e-05	3.639161e-04	-2.549290e-04	-5.657307e-04
7.818090e+03	9.357558e-04	-8.557893e-04	-5.174976e-05	-7.178739e-04	-1.445842e-04	-2.185308e-04
7.830480e+03	1.192796e-03	5.808002e-04	9.013038e-05	-1.260264e-03	1.274602e-04	2.018080e-04
7.842870e+03	-6.130435e-04	8.382460e-04	2.401107e-04	5.451745e-04	5.362381e-04	6.921144e-05
7.855260e+03	-1.554428e-03	3.353002e-04	8.940608e-05	1.735372e-03	2.107472e-04	-1.854719e-04
7.867650e+03	-1.288028e-03	-2.116803e-03	3.454685e-05	7.280448e-04	4.234713e-05	5.891032e-04
7.880040e+03	-7.537863e-04	-2.656054e-04	1.957661e-04	1.753181e-03	4.185899e-04	-9.942332e-04
7.892430e+03	1.383343e-03	-1.298033e-03	-3.178234e-04	-2.099801e-03	-6.366148e-04	7.235676e-04
7.904820e+03	-8.274458e-04	-2.207550e-04	-8.421510e-05	1.223064e-03	-2.871385e-04	-3.975371e-04
7.917210e+03	1.069194e-03	1.103291e-03	-2.817556e-05	-1.268958e-03	-7.784579e-05	2.001594e-04
7.929600e+03	-1.152898e-03	-3.449026e-04	-2.646439e-04	8.828614e-04	-6.704705e-04	2.147693e-04
