1.313340e+03	1.622254e-02	-8.134534e-02	-2.016340e-05	-1.642876e-02	-7.403045e-05	2.069396e-04
1.325730e+03	3.629900e-02	-7.400786e-02	1.442522e-05	-3.631158e-02	-2.017834e-05	-4.881646e-05
1.338120e+03	5.366363e-02	-6.258978e-02	1.342222e-05	-5.366081e-02	-3.734290e-05	-4.788037e-05
1.350510e+03	6.797276e-02	-4.716301e-02	2.023037e-05	-6.808371e-02	-1.416818e-05	1.109538e-04
1.362900e+03	7.780419e-02	-2.856961e-02	4.739693e-05	-7.810215e-02	3.006334e-05	2.830780e-04
1.375290e+03	8.233273e-02	-7.694855e-03	2.946289e-05	-8.258881e-02	1.033498e-05	2.856393e-04
1.387680e+03	8.150920e-02	1.369786e-02	2.964770e-05	-8.164089e-02	4.597088e-05	1.472912e-04
1.400070e+03	7.526079e-02	3.394375e-02	3.541843e-05	-7.546217e-02	6.743748e-05	1.315302e-04
1.412460e+03	6.424301e-02	5.168825e-02	2.113532e-05	-6.432507e-02	4.027451e-05	1.200889e-04
1.424850e+03	4.902419e-02	6.635007e-02	8.036777e-06	-4.929880e-02	5.630171e-05	2.419074e-04
1.437240e+03	3.056210e-02	7.687390e-02	-4.479968e-05	-3.099265e-02	1.018786e-04	3.974844e-04
1.449630e+03	9.907344e-03	8.219101e-02	-1.535789e-05	-1.028956e-02	3.128297e-05	3.641121e-04
1.462020e+03	-1.118202e-02	8.179272e-02	-2.777805e-05	1.098257e-02	2.240130e-05	1.642835e-04
1.474410e+03	-3.143257e-02	7.621951e-02	-9.325575e-05	3.130719e-02	5.716387e-05	6.211102e-05
1.486800e+03	-4.996297e-02	6.615872e-02	-3.785918e-05	4.967784e-02	8.233998e-06	2.234257e-04
1.499190e+03	-6.567272e-02	5.143858e-02	-6.914196e-05	6.536009e-02	8.977442e-06	3.609807e-04
1.511580e+03	-7.703009e-02	3.284282e-02	-7.082081e-05	7.661536e-02	-5.710732e-06	4.108122e-04
1.523970e+03	-8.301654e-02	1.175771e-02	-9.584374e-05	8.270285e-02	-1.587160e-05	3.559727e-04
1.536360e+03	-8.306668e-02	-1.009799e-02	-1.714532e-05	8.288404e-02	-3.849364e-05	1.729246e-04
1.548750e+03	-7.765584e-02	-3.121243e-02	-3.230000e-05	7.749879e-02	-5.611041e-05	1.505455e-04
1.561140e+03	-6.721431e-02	-5.057052e-02	-4.990551e-05	6.691038e-02	-6.589563e-05	2.665017e-04
1.573530e+03	-5.188287e-02	-6.662111e-02	-9.059997e-07	5.153556e-02	-6.891112e-05	3.836238e-04
1.585920e+03	-3.257687e-02	-7.797367e-02	1.467797e-05	3.225267e-02	-7.603689e-05	3.135052e-04
1.598310e+03	-1.073132e-02	-8.343305e-02	2.143584e-05	1.066057e-02	-7.145051e-05	7.717668e-05
1.610700e+03	1.157287e-02	-8.352186e-02	5.518398e-05	-1.157230e-02	-4.903260e-05	1.297189e-06
1.623090e+03	3.314882e-02	-7.808172e-02	-9.157870e-06	-3.314916e-02	-9.619765e-05	5.959226e-05
1.635480e+03	5.313712e-02	-6.693040e-02	7.409031e-05	-5.338787e-02	-2.475760e-05	2.643129e-04
1.647870e+03	6.957109e-02	-5.021987e-02	6.016474e-05	-6.988181e-02	-3.622846e-05	2.611716e-04
1.660260e+03	8.072838e-02	-2.964719e-02	9.158147e-05	-8.089752e-02	-1.808439e-08	1.116849e-04
1.672650e+03	8.585811e-02	-6.549239e-03	8.105258e-05	-8.578534e-02	3.661300e-05	-8.095941e-05
1.685040e+03	8.472911e-02	1.714228e-02	6.711409e-05	-8.472264e-02	7.950047e-05	-5.836951e-05
1.697430e+03	7.737847e-02	3.982034e-02	6.530232e-05	-7.749047e-02	6.394147e-05	3.454138e-05
1.709820e+03	6.357655e-02	6.009655e-02	3.055803e-05	-6.368226e-02	7.333824e-05	1.298129e-04
1.722210e+03	4.460660e-02	7.528067e-02	-1.019769e-05	-4.460252e-02	1.241737e-04	-4.445906e-06
1.734600e+03	2.191731e-02	8.489816e-02	-4.186730e-05	-2.181500e-02	8.700612e-05	-1.585356e-04
1.746990e+03	-2.456066e-03	8.778736e-02	-5.690482e-05	2.656783e-03	6.746549e-05	-2.019588e-04
1.759380e+03	-2.693527e-02	8.416184e-02	-1.153267e-04	2.711118e-02	6.824662e-05	-1.872147e-04
1.771770e+03	-4.982276e-02	7.370146e-02	-8.229989e-05	4.984380e-02	2.582090e-06	-4.412550e-05
1.784160e+03	-6.933394e-02	5.656428e-02	-9.705571e-05	6.934126e-02	-5.834086e-06	-4.427765e-05
1.796550e+03	-8.271855e-02	3.450299e-02	-6.853739e-05	8.286775e-02	-3.530733e-05	-1.184716e-04
1.808940e+03	-8.934557e-02	9.206914e-03	-8.269908e-05	8.964387e-02	-5.240913e-05	-2.977966e-04
1.821330e+03	-8.845719e-02	-1.699694e-02	1.054608e-05	8.875874e-02	-6.917601e-05	-3.338656e-04
1.833720e+03	-8.005585e-02	-4.216652e-02	-3.764787e-05	8.028984e-02	-7.232626e-05	-1.938467e-04
1.846110e+03	-6.464115e-02	-6.384025e-02	-3.332776e-06	6.473511e-02	-9.645092e-05	-1.339657e-04
1.858500e+03	-4.293111e-02	-8.015745e-02	4.756395e-05	4.307506e-02	-6.277722e-05	-2.139349e-04
1.870890e+03	-1.763912e-02	-8.927887e-02	1.506766e-05	1.792972e-02	-1.018281e-04	-2.847719e-04
1.883280e+03	9.433100e-03	-9.047471e-02	5.229172e-05	-9.038650e-03	-7.722444e-05	-4.000127e-04
1.895670e+03	3.547167e-02	-8.426810e-02	6.739173e-05	-3.516702e-02	-6.104251e-05	-2.808884e-04
1.908060e+03	5.905196e-02	-7.029709e-02	8.847660e-05	-5.886625e-02	-3.435570e-05	-2.045087e-04
1.920450e+03	7.761589e-02	-4.961993e-02	9.657152e-05	-7.753947e-02	-2.515535e-05	-9.345105e-05
1.932840e+03	8.912188e-02	-2.412939e-02	1.245642e-04	-8.881980e-02	1.278384e-04	-2.489539e-04
1.945230e+03	9.197343e-02	3.714013e-03	1.004564e-04	-9.173661e-02	5.038171e-05	-2.743541e-04
1.957620e+03	8.691148e-02	3.112189e-02	6.210012e-05	-8.657064e-02	1.225654e-04	-3.164820e-04
1.970010e+03	7.376195e-02	5.566180e-02	2.296523e-05	-7.356868e-02	1.646800e-04	-1.718378e-04
1.982400e+03	5.358061e-02	7.541841e-02	-7.555703e-06	-5.343625e-02	1.085249e-04	-1.350293e-04
1.994790e+03	2.821915e-02	8.800398e-02	-9.612572e-05	-2.812086e-02	1.508021e-04	-8.874616e-05
2.007180e+03	4.567019e-04	9.180825e-02	-1.362943e-04	-2.112354e-04	1.014856e-04	-2.071435e-04
2.019570e+03	-2.720694e-02	8.789763e-02	-1.165752e-04	2.743301e-02	2.679110e-05	-2.456220e-04
2.031960e+03	-5.248847e-02	7.601863e-02	-1.512688e-04	5.258640e-02	-1.341295e-05	-1.004018e-04
2.044350e+03	-7.343142e-02	5.663536e-02	-1.397405e-04	7.340355e-02	-5.221882e-05	8.103045e-05
2.056740e+03	-8.731951e-02	3.154783e-02	-1.599994e-04	8.721950e-02	-7.538539e-05	1.180972e-04
2.069130e+03	-9.208397e-02	3.324661e-03	-4.287267e-05	9.200000e-02	-1.154548e-04	-4.425672e-06
2.081520e+03	-8.897579e-02	-2.495627e-02	2.137501e-06	8.898155e-02	-1.236375e-04	-6.730957e-05
2.093910e+03	-7.718025e-02	-5.071276e-02	-2.529457e-05	7.718171e-02	-1.396838e-04	-6.704963e-05
2.106300e+03	-5.832339e-02	-7.181564e-02	5.041739e-05	5.826568e-02	-1.218515e-04	5.659399e-05
2.118690e+03	-3.368474e-02	-8.622707e-02	1.438066e-04	3.348307e-02	-6.049854e-05	1.508073e-04
2.131080e+03	-5.820728e-03	-9.197269e-02	9.034209e-05	5.623858e-03	-9.911467e-05	1.644300e-04
2.143470e+03	2.261368e-02	-8.943672e-02	6.520892e-05	-2.263272e-02	-1.366911e-04	3.141111e-05
2.155860e+03	4.881234e-02	-7.842888e-02	1.965352e-04	-4.883359e-02	5.675277e-05	4.931661e-05
2.168250e+03	7.041809e-02	-5.991075e-02	1.490551e-04	-7.050250e-02	2.543222e-05	1.190662e-04
2.180640e+03	8.573205e-02	-3.554500e-02	1.456111e-04	-8.603999e-02	7.884635e-05	3.004162e-04
2.193030e+03	9.237770e-02	-7.243702e-03	1.161837e-04	-9.271749e-02	1.545324e-04	3.377611e-04
2.205420e+03	9.023852e-02	2.207102e-02	6.050633e-05	-9.045354e-02	1.914578e-04	2.207482e-04
2.217810e+03	7.896804e-02	4.882183e-02	2.576309e-06	-7.914763e-02	1.675189e-04	1.090919e-04
2.230200e+03	6.023342e-02	7.076664e-02	-7.272944e-05	-6.032321e-02	1.686011e-04	7.967606e-05
2.242590e+03	3.560889e-02	8.614246e-02	-1.685092e-04	-3.581980e-02	2.314035e-04	2.493992e-04
2.254980e+03	6.829845e-03	9.299714e-02	-1.512583e-04	-7.143029e-03	4.821570e-05	2.769116e-04
2.267370e+03	-2.251631e-02	9.081088e-02	-1.988265e-04	2.240979e-02	3.224275e-05	2.040924e-04
2.279760e+03	-4.993972e-02	7.936188e-02	-2.357875e-04	4.975811e-02	-2.678693e-05	1.403470e-04
2.292150e+03	-7.236628e-02	5.983153e-02	-1.083044e-04	7.235717e-02	-1.359283e-04	1.001933e-04
2.304540e+03	-8.795784e-02	3.434998e-02	-1.334370e-04	8.784483e-02	-1.352214e-04	1.839184e-04
2.316930e+03	-9.457405e-02	4.581548e-03	-6.647383e-05	9.430336e-02	-1.703823e-04	2.766932e-04
2.329320e+03	-9.175829e-02	-2.632803e-02	7.680590e-05	9.136368e-02	-1.485490e-04	3.466771e-04
2.341710e+03	-7.843689e-02	-5.429679e-02	1.740445e-05	7.828149e-02	-1.611857e-04	1.864472e-04
2.354100e+03	-5.676550e-02	-7.664966e-02	1.387752e-04	5.674613e-02	-1.018571e-04	2.165710e-05
2.366490e+03	-2.918746e-02	-9.104917e-02	1.420798e-04	2.918746e-02	-7.015031e-05	3.750851e-05
2.378880e+03	1.951795e-03	-9.546136e-02	1.234248e-04	-1.937527e-03	-7.862450e-05	5.302975e-05
2.391270e+03	3.320307e-02	-9.075576e-02	1.739920e-04	-3.340072e-02	1.734764e-05	2.067719e-04
2.403660e+03	6.159492e-02	-7.503935e-02	1.504449e-04	-6.180075e-02	1.842721e-05	1.660981e-04
2.416050e+03	8.336994e-02	-5.038935e-02	1.428184e-04	-8.349204e-02	6.953868e-05	8.354389e-05
2.428440e+03	9.558749e-02	-2.002481e-02	1.180306e-04	-9.558525e-02	1.196162e-04	3.145255e-06
2.440830e+03	9.710256e-02	1.320915e-02	7.896668e-05	-9.715271e-02	1.277288e-04	8.730435e-05
2.453220e+03	8.767697e-02	4.568828e-02	-9.921842e-06	-8.777807e-02	2.598039e-04	1.181711e-04
2.465610e+03	6.713537e-02	7.312579e-02	-9.127271e-05	-6.730524e-02	2.302904e-04	1.397786e-04
2.478000e+03	3.813245e-02	9.213800e-02	-1.664267e-04	-3.823615e-02	1.848770e-04	9.959172e-05
2.490390e+03	4.199357e-03	9.929254e-02	-2.481770e-04	-4.169684e-03	9.324946e-05	-3.570406e-05
2.502780e+03	-3.063456e-02	9.568101e-02	-2.392760e-04	3.075389e-02	-4.359207e-06	-5.364377e-05
2.515170e+03	-6.241913e-02	7.968512e-02	-1.880303e-04	6.231210e-02	-1.271300e-04	4.233807e-05
2.527560e+03	-8.715386e-02	5.297878e-02	-1.486444e-04	8.704321e-02	-2.002806e-04	7.897874e-05
2.539950e+03	-1.008226e-01	1.866673e-02	-9.648483e-05	1.008214e-01	-2.280740e-04	7.733338e-05
2.552340e+03	-1.010995e-01	-1.921216e-02	8.014906e-05	1.010995e-01	-2.532295e-04	4.555970e-05
2.564730e+03	-8.780417e-02	-5.470830e-02	1.666232e-04	8.780417e-02	-1.853879e-04	6.365463e-05
2.577120e+03	-6.254444e-02	-8.298310e-02	1.380774e-04	6.253276e-02	-1.806346e-04	3.376770e-05
2.589510e+03	-2.802994e-02	-1.006509e-01	2.237467e-04	2.793092e-02	-4.735531e-05	1.013557e-04
2.601900e+03	1.131380e-02	-1.050000e-01	1.380028e-04	-1.151381e-02	-1.119973e-04	2.429956e-04
2.614290e+03	4.999069e-02	-9.357776e-02	2.418129e-04	-5.009015e-02	1.360537e-04	1.384795e-04
2.626680e+03	8.209863e-02	-6.795939e-02	1.399014e-04	-8.210955e-02	7.112407e-05	1.870019e-05
2.639070e+03	1.023776e-01	-3.212512e-02	1.450211e-04	-1.026506e-01	3.050968e-04	1.489477e-04
2.651460e+03	1.070000e-01	9.952809e-03	5.638624e-05	-1.075361e-01	2.099712e-04	1.991981e-04
2.663850e+03	9.631102e-02	5.168275e-02	-8.930015e-05	-9.652336e-02	3.859776e-04	2.387758e-04
2.676240e+03	6.860521e-02	8.636529e-02	-1.679855e-04	-6.891413e-02	2.335130e-04	3.505141e-04
2.688630e+03	2.865693e-02	1.071733e-01	-2.616703e-04	-2.895101e-02	1.168854e-04	3.565663e-04
2.701020e+03	-1.696446e-02	1.111196e-01	-3.826093e-04	1.652769e-02	3.732342e-05	4.433701e-04
2.713410e+03	-6.138994e-02	9.495120e-02	-3.182830e-04	6.094022e-02	-1.557257e-04	4.956281e-04
2.725800e+03	-9.664635e-02	6.208985e-02	-1.495473e-04	9.581604e-02	-3.149108e-04	7.276147e-04
2.738190e+03	-1.152729e-01	1.556252e-02	-8.099872e-05	1.142696e-01	-3.431638e-04	7.778305e-04
2.750580e+03	-1.116622e-01	-3.613974e-02	1.094511e-04	1.106622e-01	-3.488413e-04	9.826329e-04
2.762970e+03	-8.610465e-02	-8.253848e-02	2.603509e-04	8.505617e-02	-2.271265e-04	1.051497e-03
2.775360e+03	-4.007906e-02	-1.139954e-01	2.177113e-04	3.888464e-02	-1.745039e-04	1.219915e-03
2.787750e+03	1.634431e-02	-1.208101e-01	3.632951e-04	-1.776667e-02	5.678553e-05	1.417380e-03
2.800140e+03	7.266469e-02	-9.945959e-02	2.866164e-04	-7.424252e-02	1.247639e-04	1.586237e-03
2.812530e+03	1.137653e-01	-5.102644e-02	2.288714e-04	-1.157431e-01	2.934308e-04	1.686767e-03
2.824920e+03	1.242110e-01	1.438588e-02	9.064702e-05	-1.262141e-01	4.066172e-04	1.659811e-03
2.837310e+03	9.683271e-02	8.110000e-02	-1.521574e-04	-9.847993e-02	4.977090e-04	1.512091e-03
2.849700e+03	3.404840e-02	1.211713e-01	-4.162774e-04	-3.518911e-02	3.113293e-04	1.119044e-03
2.862090e+03	-4.264319e-02	1.182291e-01	-5.448124e-04	4.223872e-02	-2.104528e-05	4.927614e-04
2.874480e+03	-1.019313e-01	6.476884e-02	-3.243808e-04	1.023838e-01	-4.287024e-04	-4.266806e-04
2.886870e+03	-1.131911e-01	-1.285830e-02	8.491924e-06	1.148637e-01	-5.021055e-04	-1.435658e-03
2.899260e+03	-7.223550e-02	-7.782942e-02	2.728187e-04	7.456675e-02	-3.836939e-04	-2.302161e-03
2.911650e+03	-8.278509e-05	-9.544315e-02	3.290780e-04	3.398545e-03	-1.347543e-04	-3.349469e-03
2.924040e+03	5.877482e-02	-6.143099e-02	3.422706e-04	-5.486725e-02	1.342836e-04	-3.842544e-03
2.936430e+03	7.145682e-02	-2.948787e-03	1.081990e-04	-6.739016e-02	3.231433e-04	-4.085431e-03
2.948820e+03	4.182163e-02	3.716554e-02	-1.302922e-04	-3.808950e-02	4.505277e-04	-3.729721e-03
2.961210e+03	4.007028e-03	3.965674e-02	-3.186730e-04	-8.582951e-04	6.207880e-06	-3.150263e-03
2.973600e+03	-1.428201e-02	2.131797e-02	-2.582202e-04	1.677280e-02	-1.990666e-04	-2.559413e-03
2.985990e+03	-1.298182e-02	6.787597e-03	-2.736339e-05	1.492157e-02	-2.414166e-04	-1.925304e-03
2.998380e+03	-9.564509e-03	4.917620e-03	1.689033e-04	1.086683e-02	-8.954474e-05	-1.306286e-03
3.010770e+03	-1.474002e-02	5.991889e-03	3.515185e-05	1.499423e-02	-1.681641e-05	-2.736047e-04
3.023160e+03	-2.435978e-02	-3.747795e-03	3.076440e-05	2.357912e-02	5.665795e-06	7.785391e-04
3.035550e+03	-2.261253e-02	-2.493535e-02	7.744183e-05	2.096241e-02	2.808225e-06	1.644066e-03
3.047940e+03	3.132866e-04	-4.211695e-02	1.325648e-04	-2.482680e-03	-6.797314e-05	2.175801e-03
3.060330e+03	3.536562e-02	-3.535962e-02	1.578440e-04	-3.732656e-02	1.000345e-04	1.887062e-03
3.072720e+03	5.746229e-02	6.827129e-04	6.570914e-05	-5.840609e-02	3.011267e-04	1.072150e-03
3.085110e+03	4.596313e-02	4.758393e-02	-2.182692e-04	-4.571279e-02	3.271977e-04	-2.805484e-04
3.097500e+03	-9.817938e-04	7.118679e-02	-4.220977e-04	2.609264e-03	8.890874e-05	-1.633574e-03
3.109890e+03	-5.482249e-02	5.237898e-02	-4.589070e-04	5.732286e-02	-2.792110e-04	-2.550330e-03
3.122280e+03	-7.738073e-02	-2.450950e-03	-1.982045e-04	8.009754e-02	-6.182951e-04	-2.776256e-03
3.134670e+03	-5.578172e-02	-6.015969e-02	3.730147e-04	5.783024e-02	-5.577852e-04	-2.059311e-03
3.147060e+03	3.437375e-03	-8.309027e-02	6.413828e-04	-2.680422e-03	-3.430474e-04	-7.575724e-04
3.159450e+03	6.139380e-02	-5.774616e-02	7.075856e-04	-6.230474e-02	2.749354e-04	8.880293e-04
3.171840e+03	8.279996e-02	2.815712e-03	3.475434e-04	-8.519996e-02	7.911435e-04	2.430906e-03
3.184230e+03	5.563247e-02	6.089091e-02	-2.482257e-04	-5.881400e-02	8.455735e-04	3.111020e-03
3.196620e+03	-2.918275e-03	8.156990e-02	-6.838980e-04	-9.134466e-06	4.936209e-04	2.955542e-03
3.209010e+03	-5.889701e-02	5.545383e-02	-9.009878e-04	5.704627e-02	-1.435895e-04	1.891137e-03
3.221400e+03	-7.657242e-02	-2.048659e-03	-5.449785e-04	7.585366e-02	-7.158979e-04	5.637326e-04
3.233790e+03	-4.821841e-02	-5.477098e-02	1.573729e-04	4.863652e-02	-8.812543e-04	-4.299377e-04
3.246180e+03	8.089121e-03	-6.649327e-02	6.940871e-04	-7.146535e-03	-6.165911e-04	-9.280100e-04
3.258570e+03	5.090973e-02	-3.403391e-02	8.926307e-04	-4.992782e-02	4.566717e-05	-9.344836e-04
3.270960e+03	5.079555e-02	1.704675e-02	5.793435e-04	-5.009117e-02	6.701191e-04	-7.556840e-04
3.283350e+03	1.356204e-02	4.346950e-02	-3.383822e-05	-1.276789e-02	8.806965e-04	-7.706955e-04
3.295740e+03	-2.370341e-02	2.849547e-02	-6.000543e-04	2.480348e-02	5.619189e-04	-1.060057e-03
3.308130e+03	-3.000853e-02	-6.438372e-03	-8.369415e-04	3.142677e-02	6.617553e-05	-1.502089e-03
3.320520e+03	-4.800819e-03	-2.616950e-02	-5.456843e-04	6.451030e-03	-4.979111e-04	-1.648062e-03
3.332910e+03	2.255484e-02	-1.436797e-02	-2.287440e-05	-2.124021e-02	-7.105588e-04	-1.346405e-03
3.345300e+03	2.401572e-02	1.536565e-02	3.498749e-04	-2.334180e-02	-4.150106e-04	-6.675257e-04
3.357690e+03	-3.179232e-03	3.066660e-02	4.838002e-04	3.071070e-03	-4.545452e-05	8.520482e-05
3.370080e+03	-3.227047e-02	1.581947e-02	3.430223e-04	3.170939e-02	2.171546e-04	6.030092e-04
3.382470e+03	-3.570162e-02	-1.901331e-02	1.350295e-04	3.479963e-02	3.319562e-04	8.778345e-04
3.394860e+03	-6.936691e-03	-4.245128e-02	-7.926223e-05	6.142419e-03	3.204549e-04	8.108526e-04
3.407250e+03	3.212716e-02	-3.446911e-02	-2.497709e-04	-3.270195e-02	1.818681e-04	5.701061e-04
3.419640e+03	4.991660e-02	4.333905e-03	-2.961064e-04	-5.031450e-02	7.646007e-06	3.884062e-04
3.432030e+03	2.929565e-02	4.454001e-02	-2.884858e-04	-2.959530e-02	-1.770107e-04	2.420836e-04
3.444420e+03	-1.753823e-02	5.321373e-02	-1.135144e-04	1.733764e-02	-3.205761e-04	2.273623e-04
3.456810e+03	-5.493429e-02	2.022791e-02	1.875205e-04	5.483313e-02	-3.632309e-04	9.686466e-05
3.469200e+03	-5.169216e-02	-3.089866e-02	4.155034e-04	5.188246e-02	-1.935222e-04	-1.366287e-04
3.481590e+03	-7.274904e-03	-6.172218e-02	4.549600e-04	7.737085e-03	9.571999e-05	-4.599458e-04
3.493980e+03	4.279822e-02	-4.650487e-02	2.895425e-04	-4.218756e-02	3.920798e-04	-6.495481e-04
3.506370e+03	6.340965e-02	3.196547e-03	-9.336740e-05	-6.270824e-02	5.050303e-04	-6.274090e-04
3.518760e+03	3.861937e-02	5.115884e-02	-4.388926e-04	-3.827084e-02	3.406261e-04	-3.529918e-04
3.531150e+03	-1.467519e-02	6.160259e-02	-5.409984e-04	1.447652e-02	-9.209915e-05	1.636855e-04
3.543540e+03	-5.661296e-02	2.754848e-02	-3.212830e-04	5.586418e-02	-4.065520e-04	7.417003e-04
3.555930e+03	-5.600444e-02	-2.424605e-02	1.307546e-04	5.489073e-02	-4.536504e-04	1.135588e-03
3.568320e+03	-1.701318e-02	-5.591937e-02	4.197002e-04	1.572434e-02	-1.727613e-04	1.261888e-03
3.580710e+03	3.126431e-02	-4.712403e-02	4.113013e-04	-3.231318e-02	1.334251e-04	1.031931e-03
3.593100e+03	5.320117e-02	-4.624821e-03	1.291641e-04	-5.379481e-02	4.140475e-04	6.332228e-04
3.605490e+03	3.512024e-02	3.734804e-02	-2.222181e-04	-3.532338e-02	3.198075e-04	2.764210e-04
3.617880e+03	-7.444263e-03	4.721233e-02	-4.060970e-04	7.512640e-03	7.347280e-05	-7.694261e-05
3.630270e+03	-4.024888e-02	2.119287e-02	-2.010933e-04	4.061338e-02	-2.643757e-04	-3.438348e-04
3.642660e+03	-3.740910e-02	-1.853977e-02	4.243593e-05	3.790529e-02	-3.437855e-04	-5.382927e-04
3.655050e+03	-5.317825e-03	-3.734625e-02	3.380392e-04	5.984026e-03	-1.629727e-04	-6.623178e-04
3.667440e+03	2.715156e-02	-2.388446e-02	3.165318e-04	-2.645156e-02	1.390807e-04	-6.485561e-04
3.679830e+03	3.247240e-02	9.184364e-03	7.610729e-05	-3.183146e-02	3.184545e-04	-6.149655e-04
3.692220e+03	8.849912e-03	3.016622e-02	-2.435974e-04	-8.409691e-03	3.230187e-04	-3.870113e-04
3.704610e+03	-2.113487e-02	2.305067e-02	-3.933386e-04	2.121742e-02	-4.323679e-06	-1.258531e-04
3.717000e+03	-3.104931e-02	-5.971418e-03	-2.012072e-04	3.084950e-02	-2.815636e-04	1.830531e-04
3.729390e+03	-1.207865e-02	-2.977783e-02	7.995557e-05	1.169259e-02	-3.455444e-04	3.773966e-04
3.741780e+03	1.834614e-02	-2.706022e-02	3.386151e-04	-1.885083e-02	-1.675210e-04	5.037574e-04
3.754170e+03	3.298536e-02	-1.167974e-04	3.103145e-04	-3.338501e-02	9.089395e-05	4.394638e-04
3.766560e+03	2.044715e-02	2.886742e-02	1.237253e-04	-2.070697e-02	3.330717e-04	2.713327e-04
3.778950e+03	-1.214042e-02	3.514846e-02	-1.820175e-04	1.206888e-02	3.002991e-04	6.907312e-05
3.791340e+03	-3.632674e-02	1.070118e-02	-3.093856e-04	3.654032e-02	7.630600e-05	-1.568383e-04
3.803730e+03	-3.117144e-02	-2.416570e-02	-2.232407e-04	3.156504e-02	-2.087112e-04	-3.794486e-04
3.816120e+03	1.203677e-03	-4.071242e-02	1.648828e-05	-6.901282e-04	-2.856487e-04	-5.032430e-04
3.828510e+03	3.501897e-02	-2.455786e-02	1.778547e-04	-3.441669e-02	-1.955713e-04	-5.501645e-04
3.840900e+03	4.159352e-02	1.317828e-02	2.186088e-04	-4.098957e-02	5.035640e-05	-5.576205e-04
3.853290e+03	1.526339e-02	4.152292e-02	6.153390e-05	-1.488917e-02	2.245117e-04	-3.858449e-04
3.865680e+03	-2.425872e-02	3.847918e-02	-1.064129e-04	2.442831e-02	1.481095e-04	-1.876937e-04
3.878070e+03	-4.588151e-02	4.469616e-03	-1.649703e-04	4.578176e-02	1.516378e-05	8.335314e-05
3.890460e+03	-3.251563e-02	-3.368838e-02	-9.643935e-05	3.216002e-02	-1.562826e-04	3.300474e-04
3.902850e+03	5.553512e-03	-4.547299e-02	3.231127e-05	-6.029501e-03	-1.392960e-04	4.849704e-04
3.915240e+03	3.968031e-02	-2.479219e-02	1.392990e-04	-4.018031e-02	-6.862368e-05	4.952550e-04
3.927630e+03	4.425410e-02	1.534404e-02	1.057087e-04	-4.463862e-02	8.674265e-05	4.136523e-04
3.940020e+03	1.520622e-02	4.417358e-02	-4.192920e-05	-1.541420e-02	1.708772e-04	1.703288e-04
3.952410e+03	-2.438996e-02	3.880336e-02	-1.179635e-04	2.441389e-02	5.320768e-05	-4.189359e-05
3.964800e+03	-4.344531e-02	4.740951e-03	-9.848638e-05	4.368142e-02	-7.237341e-05	-1.811931e-04
3.977190e+03	-3.067842e-02	-3.165145e-02	4.359558e-05	3.097696e-02	-1.306529e-04	-3.012271e-04
3.989580e+03	6.557796e-03	-4.271784e-02	1.145171e-04	-6.191626e-03	-6.303213e-05	-3.631227e-04
4.001970e+03	3.677977e-02	-2.001480e-02	1.569928e-04	-3.637977e-02	7.583333e-05	-4.309924e-04
4.014360e+03	3.702094e-02	1.646204e-02	3.007283e-05	-3.661909e-02	1.734918e-04	-3.778444e-04
4.026750e+03	9.130996e-03	3.810014e-02	-1.343392e-04	-8.906886e-03	1.038876e-04	-2.102326e-04
4.039140e+03	-2.422875e-02	2.930455e-02	-1.414235e-04	2.434951e-02	4.113203e-06	-1.197493e-04
4.051530e+03	-3.615246e-02	-2.016958e-03	-1.060802e-04	3.603314e-02	-1.468660e-04	8.228306e-05
4.063920e+03	-1.996339e-02	-2.936652e-02	8.074937e-05	1.975341e-02	-1.733676e-04	1.855369e-04
4.076310e+03	1.151111e-02	-3.268856e-02	1.619935e-04	-1.181136e-02	-2.951984e-05	3.049435e-04
4.088700e+03	3.235457e-02	-9.750933e-03	1.275597e-04	-3.265457e-02	6.087194e-05	2.801114e-04
4.101090e+03	2.644128e-02	1.981667e-02	1.834608e-06	-2.656646e-02	1.491689e-04	1.622828e-04
4.113480e+03	-2.763415e-04	3.121784e-02	-1.326273e-04	2.388476e-04	1.231062e-04	4.029865e-05
4.125870e+03	-2.579051e-02	1.839189e-02	-1.238329e-04	2.587722e-02	-2.500455e-05	-8.057121e-05
4.138260e+03	-2.959548e-02	-9.880289e-03	-8.234019e-05	2.979441e-02	-1.367836e-04	-2.207255e-04
4.150650e+03	-8.701313e-03	-2.889775e-02	8.342018e-05	9.003031e-03	-9.745103e-05	-2.634995e-04
4.163040e+03	1.866621e-02	-2.379310e-02	1.296961e-04	-1.836743e-02	-3.332130e-05	-2.985038e-04
4.175430e+03	2.981005e-02	1.169440e-03	9.583830e-05	-2.960346e-02	1.391414e-04	-2.658490e-04
4.187820e+03	1.671428e-02	2.549598e-02	-2.031318e-05	-1.651083e-02	1.153471e-04	-1.947460e-04
4.200210e+03	-1.056117e-02	2.842436e-02	-1.277802e-04	1.068638e-02	9.567986e-05	-1.132515e-04
4.212600e+03	-2.898249e-02	8.406371e-03	-1.284033e-04	2.894377e-02	-6.230640e-05	-1.617835e-05
4.224990e+03	-2.457250e-02	-1.871656e-02	-3.716639e-05	2.447284e-02	-1.339428e-04	9.419848e-05
4.237380e+03	4.235609e-04	-3.095454e-02	1.105724e-04	-6.365981e-04	-6.712205e-05	2.204004e-04
4.249770e+03	2.539625e-02	-1.831508e-02	1.244142e-04	-2.557968e-02	3.727459e-05	2.071984e-04
4.262160e+03	2.976697e-02	9.102231e-03	4.216908e-05	-2.998606e-02	1.213566e-04	1.817603e-04
4.274550e+03	1.103809e-02	2.938203e-02	-9.596676e-05	-1.121651e-02	1.237543e-04	1.339481e-04
4.286940e+03	-1.699976e-02	2.689402e-02	-1.666003e-04	1.700242e-02	-6.341446e-06	3.921048e-05
4.299330e+03	-3.188492e-02	2.448119e-03	-7.963813e-05	3.188492e-02	-1.254304e-04	-3.483649e-05
4.311720e+03	-2.114860e-02	-2.413151e-02	6.327128e-05	2.133235e-02	-1.696411e-04	-1.352584e-04
4.324110e+03	6.392859e-03	-3.104902e-02	1.706449e-04	-6.200773e-03	-2.394759e-05	-2.061592e-04
4.336500e+03	2.914198e-02	-1.434535e-02	1.555713e-04	-2.894198e-02	8.776845e-05	-1.863277e-04
4.348890e+03	2.941327e-02	1.421520e-02	-1.152745e-05	-2.933617e-02	2.025954e-04	-1.660894e-04
4.361280e+03	6.500885e-03	3.120000e-02	-1.716700e-04	-6.406081e-03	1.149767e-04	-9.838669e-05
4.373670e+03	-2.098747e-02	2.413854e-02	-2.028496e-04	2.099291e-02	-3.764336e-05	1.015953e-05
4.386060e+03	-3.132612e-02	-1.758212e-03	-9.049016e-05	3.113507e-02	-2.047025e-04	1.175466e-04
4.398450e+03	-1.817487e-02	-2.623750e-02	7.842756e-05	1.803166e-02	-2.195503e-04	1.336793e-04
4.410840e+03	9.228635e-03	-3.021451e-02	2.145415e-04	-9.442832e-03	-8.082613e-05	2.111891e-04
4.423230e+03	2.880473e-02	-1.105879e-02	2.093713e-04	-2.900473e-02	1.229866e-04	1.378972e-04
4.435620e+03	2.625471e-02	1.617349e-02	1.148862e-05	-2.635984e-02	2.543647e-04	1.227381e-04
4.448010e+03	3.429339e-03	3.023370e-02	-1.811996e-04	-3.466210e-03	1.819583e-04	3.531918e-05
4.460400e+03	-2.160893e-02	2.126047e-02	-2.353257e-04	2.160971e-02	1.517009e-05	-1.912661e-05
4.472790e+03	-2.917905e-02	-5.243716e-03	-1.405445e-04	2.920182e-02	-1.727998e-04	-1.146225e-04
4.485180e+03	-1.485576e-02	-2.517309e-02	2.029028e-05	1.496276e-02	-2.266475e-04	-1.032185e-04
4.497570e+03	1.096827e-02	-2.668152e-02	2.112581e-04	-1.086803e-02	-1.435982e-04	-1.630258e-04
4.509960e+03	2.754859e-02	-7.629817e-03	2.124642e-04	-2.744023e-02	7.644246e-05	-1.398476e-04
4.522350e+03	2.257858e-02	1.668221e-02	9.839435e-05	-2.253663e-02	1.794816e-04	-8.522428e-05
4.534740e+03	5.738013e-04	2.677952e-02	-1.140341e-04	-5.604787e-04	2.214312e-04	-2.511027e-05
4.547130e+03	-2.103113e-02	1.695288e-02	-1.889259e-04	2.101024e-02	5.798404e-05	6.668254e-05
4.559520e+03	-2.590000e-02	-6.142127e-03	-2.069983e-04	2.580000e-02	-1.579965e-04	9.672420e-05
4.571910e+03	-1.077197e-02	-2.408409e-02	-1.726755e-06	1.065489e-02	-1.633452e-04	1.189036e-04
4.584300e+03	1.200462e-02	-2.272054e-02	1.385293e-04	-1.210762e-02	-1.210180e-04	8.834275e-05
4.596690e+03	2.428872e-02	-4.293117e-03	1.536279e-04	-2.433147e-02	1.758733e-05	6.755738e-05
4.609080e+03	1.826919e-02	1.679774e-02	5.245232e-05	-1.836832e-02	1.680465e-04	5.225578e-05
4.621470e+03	-2.270355e-03	2.429872e-02	-6.965441e-05	2.250367e-03	1.529723e-04	1.887812e-05
4.633860e+03	-2.057081e-02	1.264314e-02	-1.371717e-04	2.067778e-02	3.711583e-05	-5.543128e-05
4.646250e+03	-2.189163e-02	-8.441330e-03	-9.287589e-05	2.194657e-02	-7.879775e-05	-7.460722e-05
4.658640e+03	-6.442839e-03	-2.223512e-02	2.285015e-05	6.544250e-03	-1.143056e-04	-1.128106e-04
4.671030e+03	1.381369e-02	-1.855625e-02	1.001015e-04	-1.371384e-02	-5.641720e-05	-1.060210e-04
4.683420e+03	2.253907e-02	-1.299804e-04	9.100466e-05	-2.243907e-02	3.710268e-05	-1.094657e-04
4.695810e+03	1.357080e-02	1.778668e-02	-2.747225e-06	-1.347041e-02	6.544825e-05	-6.017144e-05
4.708200e+03	-5.963086e-03	2.091021e-02	-9.249278e-05	5.957726e-03	7.425381e-05	-1.956154e-07
4.720590e+03	-2.023680e-02	7.999113e-03	-7.125652e-05	2.023699e-02	-3.342233e-05	1.393464e-05
4.732980e+03	-1.863019e-02	-1.112583e-02	-1.799601e-05	1.850766e-02	-6.383507e-05	8.956076e-05
4.745370e+03	-2.186597e-03	-2.056908e-02	6.802550e-05	2.100139e-03	-4.739444e-05	8.726787e-05
4.757760e+03	1.521511e-02	-1.426825e-02	6.093184e-05	-1.530869e-02	4.500797e-06	8.025358e-05
4.770150e+03	2.000000e-02	3.672002e-03	3.956533e-05	-2.000000e-02	1.076082e-04	1.870739e-05
4.782540e+03	9.252045e-03	1.839274e-02	-5.289441e-05	-9.252676e-03	8.338512e-05	1.377960e-06
4.794930e+03	-8.796442e-03	1.828868e-02	-1.020000e-04	8.864328e-03	5.342542e-06	-3.510818e-05
4.807320e+03	-1.913931e-02	3.899439e-03	-7.571426e-05	1.913875e-02	-5.021256e-05	-4.407621e-05
4.819710e+03	-1.478971e-02	-1.307008e-02	4.756943e-06	1.489709e-02	-1.322936e-04	-7.699153e-05
4.832100e+03	1.552536e-03	-1.929220e-02	1.026269e-04	-1.509669e-03	-7.817682e-05	-4.530055e-05
4.844490e+03	1.640795e-02	-1.028350e-02	1.025044e-04	-1.640857e-02	4.910482e-05	-6.081387e-05
4.856880e+03	1.775345e-02	6.628766e-03	2.498379e-05	-1.770693e-02	1.221725e-04	-6.441510e-05
4.869270e+03	5.357670e-03	1.780576e-02	-8.316105e-05	-5.326718e-03	1.079413e-04	-3.585671e-05
4.881660e+03	-1.098509e-02	1.493709e-02	-1.417132e-04	1.100142e-02	-5.756625e-06	-2.157873e-05
4.894050e+03	-1.839987e-02	1.820594e-04	-8.959969e-05	1.839987e-02	-7.802637e-05	3.208068e-05
4.906440e+03	-1.121672e-02	-1.456431e-02	1.927354e-05	1.111143e-02	-1.062621e-04	9.325748e-05
4.918830e+03	4.619547e-03	-1.722627e-02	9.420883e-05	-4.675790e-03	-6.304788e-05	5.851201e-05
4.931220e+03	1.640542e-02	-6.919366e-03	1.260444e-04	-1.640413e-02	3.058545e-05	5.090340e-05
4.943610e+03	1.543627e-02	8.839520e-03	4.552890e-05	-1.554303e-02	1.334782e-04	3.169083e-05
4.956000e+03	2.163745e-03	1.739812e-02	-6.887116e-05	-2.174052e-03	1.239850e-04	9.219068e-06
4.968390e+03	-1.250405e-02	1.200131e-02	-1.434749e-04	1.251012e-02	1.133805e-05	-1.903930e-05
4.980780e+03	-1.663758e-02	-2.558147e-03	-7.594060e-05	1.663758e-02	-8.796422e-05	-4.136380e-05
4.993170e+03	-8.240032e-03	-1.500514e-02	1.659054e-05	8.248059e-03	-1.076990e-04	-2.397697e-05
5.005560e+03	6.927791e-03	-1.575925e-02	9.794147e-05	-6.870401e-03	-6.646174e-05	-4.517695e-05
5.017950e+03	1.658296e-02	-3.893245e-03	1.008994e-04	-1.648293e-02	3.734302e-05	-3.821804e-05
5.030340e+03	1.310048e-02	1.067026e-02	3.532403e-05	-1.299647e-02	1.034977e-04	-6.775793e-05
5.042730e+03	-4.300061e-04	1.617128e-02	-5.232774e-05	4.604896e-04	1.060336e-04	-3.569829e-05
5.055120e+03	-1.339918e-02	9.825084e-03	-1.133875e-04	1.339670e-02	3.420777e-06	4.856249e-06
5.067510e+03	-1.591804e-02	-4.649986e-03	-7.738647e-05	1.591515e-02	-6.691760e-05	8.594153e-06
5.079900e+03	-5.862226e-03	-1.538378e-02	2.541018e-05	5.819046e-03	-1.019426e-04	3.416701e-05
5.092290e+03	8.427985e-03	-1.387971e-02	7.050226e-05	-8.533309e-03	-3.197909e-05	7.072425e-05
5.104680e+03	1.574635e-02	-1.876403e-03	7.112406e-05	-1.581661e-02	4.110831e-05	2.072453e-05
5.117070e+03	1.133469e-02	1.144807e-02	3.144461e-05	-1.132419e-02	6.166951e-05	1.285924e-05
5.129460e+03	-2.011315e-03	1.579779e-02	-7.778931e-05	2.010229e-03	6.975796e-05	1.642029e-06
5.141850e+03	-1.359396e-02	7.983182e-03	-1.079993e-04	1.359375e-02	5.556493e-06	-2.420001e-05
5.154240e+03	-1.442639e-02	-5.780291e-03	-3.422134e-05	1.444800e-02	-5.346921e-05	-9.513755e-06
5.166630e+03	-4.363284e-03	-1.482497e-02	3.262255e-05	4.409002e-03	-4.355701e-05	-4.675740e-05
5.179020e+03	8.849438e-03	-1.253681e-02	4.362687e-05	-8.768558e-03	-3.828070e-05	-4.553215e-05
5.191410e+03	1.476729e-02	-8.583797e-04	4.361807e-05	-1.475519e-02	2.451290e-05	-4.094086e-05
5.203800e+03	9.911338e-03	1.114346e-02	-1.505291e-06	-9.818200e-03	6.449804e-05	-1.272324e-05
5.216190e+03	-2.546032e-03	1.439966e-02	-4.928297e-05	2.565842e-03	3.581388e-05	-1.766633e-05
5.228580e+03	-1.279597e-02	6.839071e-03	-4.033390e-05	1.279484e-02	-1.225001e-05	1.631190e-05
5.240970e+03	-1.290954e-02	-5.611622e-03	8.343943e-06	1.290981e-02	-3.528392e-05	3.125289e-05
5.253360e+03	-3.691053e-03	-1.326905e-02	5.128074e-06	3.674443e-03	-5.515662e-05	1.498046e-05
5.265750e+03	7.944985e-03	-1.105116e-02	4.845874e-05	-7.964999e-03	8.732393e-06	1.330249e-05
5.278140e+03	1.293998e-02	-6.628663e-04	2.869758e-05	-1.285331e-02	2.466837e-05	-1.315703e-05
5.290530e+03	8.607867e-03	9.537082e-03	2.468582e-06	-8.616926e-03	4.811014e-05	7.721357e-06
5.302920e+03	-1.999268e-03	1.239531e-02	-3.651209e-05	2.019215e-03	2.924984e-05	-2.006181e-05
5.315310e+03	-1.057190e-02	5.881551e-03	-6.253063e-05	1.057224e-02	-2.462024e-05	-2.657105e-05
5.327700e+03	-1.077252e-02	-4.354714e-03	-1.655984e-05	1.077122e-02	-5.231918e-05	-2.450763e-05
5.340090e+03	-3.316724e-03	-1.077113e-02	3.215554e-05	3.346948e-03	-5.133930e-05	-2.996407e-05
5.352480e+03	6.141895e-03	-9.056855e-03	7.246464e-05	-6.084077e-03	-3.028990e-06	-4.917769e-05
5.364870e+03	1.025336e-02	-3.249533e-04	2.239236e-05	-1.025350e-02	3.789205e-05	-2.946052e-05
5.377260e+03	7.114000e-03	7.201063e-03	-1.963699e-05	-7.089379e-03	4.839377e-05	-1.846274e-05
5.389650e+03	-1.156001e-03	9.552159e-03	-4.441771e-05	1.159821e-03	3.146070e-05	-5.075439e-06
5.402040e+03	-7.812622e-03	4.936571e-03	-4.956212e-05	7.809951e-03	-2.761790e-05	5.335580e-06
5.414430e+03	-8.357201e-03	-2.899947e-03	1.247872e-05	8.337000e-03	-5.035556e-05	1.707017e-05
5.426820e+03	-2.871393e-03	-8.039073e-03	4.583502e-05	2.827038e-03	-2.308261e-05	4.504001e-05
5.439210e+03	4.307133e-03	-6.869141e-03	2.879540e-05	-4.291821e-03	1.630576e-05	-1.604508e-05
5.451600e+03	7.493021e-03	-1.008879e-03	3.124850e-05	-7.475399e-03	1.863743e-05	-9.610796e-06
5.463990e+03	5.394023e-03	5.078587e-03	-1.685578e-05	-5.375598e-03	5.079213e-05	-1.673617e-05
5.476380e+03	-5.111077e-04	7.026647e-03	-3.573946e-05	5.410263e-04	2.195158e-05	-3.083548e-05
5.488770e+03	-5.515001e-03	3.819700e-03	-3.514092e-05	5.565106e-03	-2.270291e-05	-5.619981e-05
5.501160e+03	-6.129897e-03	-1.749118e-03	1.805055e-05	6.165003e-03	-4.594810e-05	-3.691713e-05
5.513550e+03	-2.441275e-03	-5.698021e-03	2.856713e-05	2.454904e-03	-2.494184e-05	-1.575984e-05
5.525940e+03	2.747004e-03	-5.344359e-03	3.893112e-05	-2.726077e-03	3.461245e-05	-2.467789e-05
5.538330e+03	5.378550e-03	-1.221048e-03	1.817534e-05	-5.358527e-03	3.898082e-05	-2.067891e-05
5.550720e+03	4.296540e-03	3.310994e-03	-2.194366e-05	-4.266420e-03	1.683396e-05	-3.587655e-05
5.563110e+03	1.664316e-04	5.150885e-03	-2.786874e-05	-1.592116e-04	5.327859e-06	-6.469083e-06
5.575500e+03	-3.735880e-03	3.283746e-03	-4.387249e-05	3.761476e-03	-3.639620e-05	-1.703473e-05
5.587890e+03	-4.714238e-03	-7.711174e-04	1.415412e-05	4.721888e-03	-4.939151e-05	-6.021770e-06
5.600280e+03	-2.379715e-03	-4.005381e-03	4.479847e-05	2.414774e-03	-1.102259e-05	-3.523713e-05
5.612670e+03	1.511623e-03	-4.294810e-03	7.708741e-05	-1.491481e-03	3.599597e-05	-2.268196e-05
5.625060e+03	4.245188e-03	-1.666013e-03	1.697430e-05	-4.194252e-03	6.987360e-05	-4.884508e-05
5.637450e+03	3.959071e-03	2.037223e-03	-5.142363e-05	-3.936380e-03	6.531783e-05	-2.150260e-05
5.649840e+03	1.012941e-03	4.186751e-03	-4.842988e-05	-9.814175e-04	1.546332e-05	-3.032708e-05
5.662230e+03	-2.500146e-03	3.498821e-03	-7.152764e-05	2.528790e-03	-2.576662e-05	-2.006021e-05
5.674620e+03	-4.189357e-03	2.946022e-04	7.427635e-06	4.199402e-03	-6.259832e-05	-1.223743e-05
5.687010e+03	-2.918076e-03	-3.020757e-03	3.958217e-05	2.949054e-03	-4.464485e-05	-2.969610e-05
5.699400e+03	4.650755e-04	-4.124250e-03	5.886736e-05	-4.484310e-04	1.652055e-05	-1.362711e-05
5.711790e+03	3.576413e-03	-2.422656e-03	3.248387e-05	-3.567672e-03	4.381803e-05	-1.537291e-05
5.724180e+03	4.245651e-03	1.197123e-03	-1.630264e-05	-4.216612e-03	7.666504e-05	-3.358776e-05
5.736570e+03	1.820813e-03	4.040017e-03	-6.127092e-05	-1.821010e-03	2.601112e-05	1.324394e-06
5.748960e+03	-1.961171e-03	4.030640e-03	-6.990365e-05	1.980977e-03	-1.853927e-05	-1.909586e-05
5.761350e+03	-4.442490e-03	1.160788e-03	-5.447845e-05	4.446463e-03	-4.798444e-05	-6.293791e-06
5.773740e+03	-3.815262e-03	-2.772705e-03	3.710469e-05	3.822861e-03	-5.691903e-05	-1.361532e-05
5.786130e+03	-2.647229e-04	-4.607046e-03	6.242472e-05	2.802235e-04	-1.609154e-05	-1.403904e-05
5.798520e+03	3.532846e-03	-3.291186e-03	4.555457e-05	-3.482457e-03	4.208181e-05	-4.858749e-05
5.810910e+03	4.848161e-03	7.373601e-04	2.225512e-05	-4.798161e-03	7.351603e-05	-5.633480e-05
5.823300e+03	2.565327e-03	4.436131e-03	-2.804032e-05	-2.512875e-03	5.188636e-05	-4.742433e-05
5.835690e+03	-1.856024e-03	4.781911e-03	-8.059248e-05	1.886609e-03	4.603313e-07	-2.715846e-05
5.848080e+03	-4.959082e-03	1.618591e-03	-4.310738e-05	4.985342e-03	-2.656673e-05	-1.804597e-05
5.860470e+03	-4.536666e-03	-2.967563e-03	-1.675038e-05	4.539934e-03	-6.250000e-05	-7.382895e-06
5.872860e+03	-4.813339e-04	-5.509518e-03	5.578341e-05	5.082461e-04	-4.710331e-05	-2.697005e-05
5.885250e+03	4.059045e-03	-3.842588e-03	5.329571e-05	-4.063625e-03	2.440860e-05	4.230369e-06
5.897640e+03	5.466186e-03	8.165720e-04	9.617235e-06	-5.445517e-03	5.162323e-05	-1.364960e-05
5.910030e+03	2.846816e-03	5.040461e-03	-7.397892e-07	-2.831556e-03	3.981626e-05	-1.363290e-05
5.922420e+03	-2.175577e-03	5.383567e-03	-6.675731e-05	2.198084e-03	3.778276e-05	-2.558214e-05
5.934810e+03	-5.591022e-03	1.620722e-03	-3.397812e-05	5.570909e-03	-4.209586e-06	1.686090e-05
5.947200e+03	-4.769999e-03	-3.568745e-03	-5.280679e-05	4.770263e-03	-7.471630e-05	1.845203e-06
5.959590e+03	-1.205150e-04	-6.044590e-03	4.054707e-05	1.139652e-04	-4.204060e-05	5.181307e-06
5.971980e+03	4.788306e-03	-3.831853e-03	4.025371e-05	-4.773423e-03	-1.118468e-05	-1.155927e-05
5.984370e+03	5.952419e-03	1.411027e-03	4.235255e-05	-5.909606e-03	3.584757e-05	-4.486430e-05
5.996760e+03	2.574673e-03	5.637390e-03	-5.784522e-06	-2.546273e-03	5.573941e-05	-2.969127e-05
6.009150e+03	-2.872143e-03	5.519554e-03	-4.941377e-05	2.911580e-03	3.327812e-05	-4.400861e-05
6.021540e+03	-6.099232e-03	9.699693e-04	-5.395376e-05	6.129233e-03	-2.574535e-05	-2.699719e-05
6.033930e+03	-4.443297e-03	-4.335777e-03	-9.081744e-06	4.464017e-03	-2.987702e-05	-1.656359e-05
6.046320e+03	7.948299e-04	-6.057064e-03	1.952086e-05	-8.180753e-04	-5.624010e-05	2.474415e-05
6.058710e+03	5.429206e-03	-3.143700e-03	5.127016e-05	-5.414778e-03	-1.442830e-06	-9.640815e-06
6.071100e+03	5.791202e-03	2.449415e-03	3.316589e-05	-5.815364e-03	4.338965e-05	2.892066e-05
6.083490e+03	1.549153e-03	5.973417e-03	-1.089623e-05	-1.540654e-03	3.947793e-05	-9.358111e-06
6.095880e+03	-3.942426e-03	4.888184e-03	-4.611781e-05	3.925210e-03	3.462296e-05	1.678287e-05
6.108270e+03	-6.218509e-03	-2.298505e-04	-4.275470e-05	6.228514e-03	-1.289919e-05	-3.741786e-06
6.120660e+03	-3.585025e-03	-5.211626e-03	-8.577550e-06	3.580215e-03	-4.875228e-05	2.261490e-06
6.133050e+03	1.976749e-03	-5.828231e-03	1.683866e-05	-1.974857e-03	-3.457121e-05	-3.883573e-06
6.145440e+03	5.857497e-03	-1.974361e-03	4.370478e-05	-5.865962e-03	-2.107631e-07	1.005979e-05
6.157830e+03	5.108307e-03	3.503960e-03	8.263572e-06	-5.077799e-03	4.088986e-05	-1.855953e-05
6.170220e+03	2.325566e-04	6.038660e-03	-5.900512e-07	-2.021105e-04	4.682048e-05	-3.010120e-05
6.182610e+03	-4.867228e-03	3.761215e-03	-4.405119e-05	4.845877e-03	7.050166e-06	1.086284e-05
6.195000e+03	-5.716752e-03	-1.640961e-03	-5.837613e-05	5.718368e-03	-1.836123e-05	7.536652e-06
6.207390e+03	-2.153575e-03	-5.644783e-03	-7.973825e-06	2.138460e-03	-2.454755e-05	1.586126e-05
6.219780e+03	3.186467e-03	-5.090031e-03	2.919284e-06	-3.189306e-03	-2.754093e-05	3.568298e-07
6.232170e+03	5.833670e-03	-5.182874e-04	2.144282e-05	-5.843517e-03	2.186754e-06	1.368156e-05
6.244560e+03	3.761207e-03	4.466990e-03	2.710991e-05	-3.777807e-03	1.426925e-05	1.677899e-05
6.256950e+03	-1.416349e-03	5.662141e-03	1.467228e-05	1.401316e-03	3.802393e-05	1.480876e-05
6.269340e+03	-5.272370e-03	2.184460e-03	-1.389081e-05	5.254414e-03	3.030845e-05	1.785197e-05
6.281730e+03	-4.797842e-03	-3.035085e-03	-1.659069e-05	4.828305e-03	8.318953e-06	-2.656245e-05
6.294120e+03	-3.959694e-04	-5.539464e-03	-1.761999e-05	4.035002e-04	-2.038461e-05	-1.088290e-05
6.306510e+03	4.334980e-03	-3.677123e-03	6.068710e-06	-4.335697e-03	-2.661123e-05	-1.321807e-06
6.318900e+03	5.430940e-03	1.296191e-03	2.398769e-05	-5.432627e-03	7.562767e-07	-3.437959e-07
6.331290e+03	2.138115e-03	5.064202e-03	2.265409e-05	-2.149925e-03	1.096094e-05	8.698237e-06
6.343680e+03	-2.836988e-03	4.639702e-03	-6.662327e-06	2.817029e-03	2.842978e-05	1.619504e-05
6.356070e+03	-5.410537e-03	4.463368e-04	-3.047750e-05	5.398577e-03	1.944199e-05	1.863172e-05
6.368460e+03	-3.507074e-03	-4.124369e-03	-1.316604e-05	3.493068e-03	4.246502e-06	9.106812e-06
6.380850e+03	1.202344e-03	-5.179124e-03	-2.699853e-05	-1.228756e-03	-1.424171e-05	2.574831e-05
6.393240e+03	4.820952e-03	-2.028152e-03	-6.337866e-06	-4.836522e-03	-2.948132e-05	1.908134e-05
6.405630e+03	4.418821e-03	2.692208e-03	-1.958641e-06	-4.428825e-03	-5.181862e-06	1.129992e-05
6.418020e+03	4.120121e-04	5.112578e-03	1.963355e-05	-4.010797e-04	1.040304e-06	-9.993833e-06
6.430410e+03	-3.905997e-03	3.280511e-03	1.659039e-05	3.895478e-03	-5.511775e-06	7.177567e-06
6.442800e+03	-4.852106e-03	-1.235129e-03	-7.368009e-06	4.845027e-03	1.963155e-05	3.666533e-06
6.455190e+03	-1.852634e-03	-4.589339e-03	1.242271e-05	1.861097e-03	1.191481e-05	-5.087584e-06
6.467580e+03	2.659276e-03	-4.209868e-03	3.800690e-06	-2.659047e-03	6.892647e-06	6.862069e-07
6.479970e+03	4.873732e-03	-3.318323e-04	-1.884167e-05	-4.893488e-03	3.182338e-05	1.600178e-05
6.492360e+03	3.081357e-03	3.721982e-03	-4.008547e-05	-3.100522e-03	8.947261e-06	2.738819e-05
6.504750e+03	-1.209681e-03	4.569783e-03	-1.065755e-05	1.189923e-03	-2.775152e-05	2.377497e-05
6.517140e+03	-4.351417e-03	1.711670e-03	-3.887947e-06	4.336217e-03	-2.604470e-05	1.792501e-05
6.529530e+03	-3.904989e-03	-2.547199e-03	2.623231e-05	3.874523e-03	1.240265e-06	2.659725e-05
6.541920e+03	-1.917217e-04	-4.599975e-03	1.483429e-05	1.577833e-04	1.400113e-05	3.479571e-05
6.554310e+03	3.628155e-03	-2.856877e-03	3.732260e-06	-3.620101e-03	2.179458e-05	-1.017408e-05
6.566700e+03	4.310548e-03	1.256482e-03	-3.642732e-05	-4.291525e-03	2.876977e-05	-1.322773e-05
6.579090e+03	1.544929e-03	4.171173e-03	-4.376440e-05	-1.524759e-03	8.867447e-06	-2.060980e-05
6.591480e+03	-2.487152e-03	3.700286e-03	-7.466989e-06	2.476377e-03	-3.463365e-05	1.017506e-05
6.603870e+03	-4.372478e-03	1.270652e-04	6.554002e-06	4.352491e-03	-3.976157e-05	1.921260e-05
6.616260e+03	-2.637731e-03	-3.463866e-03	3.298722e-05	2.607981e-03	-3.262528e-05	3.375045e-05
6.628650e+03	1.290961e-03	-4.023350e-03	3.579913e-05	-1.319255e-03	1.090305e-05	3.154440e-05
6.641040e+03	4.037166e-03	-1.306741e-03	9.055546e-06	-4.054072e-03	4.550881e-05	1.605376e-05
6.653430e+03	3.406039e-03	2.464280e-03	-3.333330e-05	-3.403223e-03	3.229040e-05	-2.257785e-06
6.665820e+03	-1.297048e-05	4.057196e-03	-3.538918e-05	2.358572e-05	1.364519e-06	-1.010951e-05
6.678210e+03	-3.306966e-03	2.420183e-03	-4.281112e-05	3.308200e-03	-2.808071e-05	-5.008272e-06
6.690600e+03	-3.835132e-03	-1.285346e-03	6.311926e-06	3.845120e-03	-2.717895e-05	-6.471793e-06
6.702990e+03	-1.192427e-03	-3.903608e-03	2.835499e-05	1.172803e-03	-2.428675e-05	2.269654e-05
6.715380e+03	2.389698e-03	-3.203098e-03	3.332054e-05	-2.401397e-03	-2.489622e-06	1.440732e-05
6.727770e+03	3.815088e-03	-1.387164e-05	1.566083e-05	-3.835111e-03	3.978497e-05	1.604340e-05
6.740160e+03	2.275881e-03	3.139539e-03	-9.656533e-06	-2.282032e-03	3.081865e-05	6.340705e-06
6.752550e+03	-1.191502e-03	3.546342e-03	-3.836426e-05	1.191604e-03	1.722749e-05	-1.044401e-06
6.764940e+03	-3.569794e-03	1.079530e-03	-4.244365e-05	3.589387e-03	-2.949368e-06	-1.861038e-05
6.777330e+03	-2.912668e-03	-2.266465e-03	8.852908e-06	2.926753e-03	-3.581110e-05	-1.003786e-05
6.789720e+03	1.129633e-04	-3.568695e-03	5.531705e-07	-1.118056e-04	-2.464426e-05	-2.715210e-06
6.802110e+03	3.006179e-03	-2.033454e-03	3.280280e-05	-3.013068e-03	-3.810381e-06	1.181050e-05
6.814500e+03	3.353892e-03	1.207810e-03	9.163275e-06	-3.376713e-03	8.366348e-07	1.955432e-05
6.826890e+03	9.612229e-04	3.383593e-03	-1.044222e-05	-9.572581e-04	2.504776e-05	-4.164335e-06
6.839280e+03	-2.125439e-03	2.664007e-03	-2.400798e-05	2.121917e-03	-1.954708e-06	3.399482e-06
6.851670e+03	-3.254483e-03	-2.220754e-04	-1.196855e-05	3.254483e-03	1.702954e-07	-1.387953e-06
6.864060e+03	-1.742244e-03	-2.842961e-03	-2.823701e-06	1.746236e-03	-3.186499e-05	-3.159448e-06
6.876450e+03	1.296318e-03	-3.076863e-03	1.696926e-05	-1.294345e-03	-4.143965e-06	-3.573487e-06
6.888840e+03	3.149947e-03	-6.743595e-04	1.649262e-05	-3.149947e-03	3.866565e-06	8.902551e-07
6.901230e+03	2.422424e-03	2.190082e-03	-3.748742e-06	-2.421956e-03	1.047476e-05	-5.615232e-06
6.913620e+03	-3.419610e-04	3.069641e-03	-5.001342e-06	3.477742e-04	2.817299e-05	-6.590054e-06
6.926010e+03	-2.778656e-03	1.544804e-03	-1.933376e-05	2.769237e-03	-7.986090e-07	1.396832e-06
6.938400e+03	-2.832226e-03	-1.292083e-03	-2.010736e-05	2.855129e-03	-2.409569e-05	-1.442954e-05
6.950790e+03	-5.235495e-04	-2.956845e-03	1.939932e-05	5.545778e-04	-2.798000e-05	-3.028074e-05
6.963180e+03	2.140980e-03	-2.169292e-03	9.626787e-06	-2.140864e-03	-2.435697e-05	-5.663775e-06
6.975570e+03	2.958581e-03	5.218337e-04	9.961335e-06	-2.938802e-03	2.025525e-05	-2.027834e-05
6.987960e+03	1.314376e-03	2.701935e-03	-5.425158e-06	-1.332175e-03	3.035339e-05	1.627000e-05
7.000350e+03	-1.379506e-03	2.629575e-03	-6.140577e-06	1.359533e-03	1.026623e-05	1.950201e-05
7.012740e+03	-2.820070e-03	4.177272e-04	-2.308351e-05	2.795530e-03	-5.228804e-06	2.230314e-05
7.025130e+03	-1.974388e-03	-2.059168e-03	-1.383420e-05	1.976983e-03	-1.817798e-05	6.561461e-07
7.037520e+03	5.629007e-04	-2.809841e-03	1.569771e-05	-5.478884e-04	-3.028905e-05	-1.479979e-05
7.049910e+03	2.616700e-03	-1.150232e-03	2.868875e-05	-2.587850e-03	-1.099894e-05	-2.473276e-05
7.062300e+03	2.515988e-03	1.298840e-03	8.452017e-07	-2.477711e-03	1.901463e-05	-3.219404e-05
7.074690e+03	2.728223e-04	2.716399e-03	9.517898e-06	-2.203646e-04	2.014322e-05	-4.048352e-05
7.087080e+03	-2.045491e-03	1.836473e-03	-9.632317e-06	2.078378e-03	1.958716e-05	-3.030363e-05
7.099470e+03	-2.689488e-03	-6.205419e-04	-1.445209e-05	2.709493e-03	-2.009018e-05	-1.522077e-05
7.111860e+03	-1.065466e-03	-2.535127e-03	-8.745978e-06	1.052187e-03	1.603213e-06	1.526553e-05
7.124250e+03	1.396390e-03	-2.301108e-03	2.411292e-05	-1.415414e-03	-1.738955e-05	2.272679e-05
7.136640e+03	2.580846e-03	-2.363795e-04	1.074248e-05	-2.590801e-03	7.285194e-06	1.003922e-05
7.149030e+03	1.712631e-03	2.020123e-03	4.691341e-06	-1.734808e-03	2.088991e-05	1.850000e-05
7.161420e+03	-6.156918e-04	2.541407e-03	1.401763e-06	6.203142e-04	2.949837e-07	-3.622492e-06
7.173810e+03	-2.377623e-03	9.831657e-04	5.303531e-06	2.380442e-03	-3.255510e-06	-3.096426e-06
7.186200e+03	-2.129203e-03	-1.359119e-03	1.619972e-05	2.139254e-03	-1.931885e-05	-1.263615e-05
7.198590e+03	-1.944673e-04	-2.529179e-03	5.507480e-06	2.316796e-04	3.100685e-06	-3.557523e-05
7.210980e+03	1.963884e-03	-1.649371e-03	-2.754981e-06	-1.964685e-03	-3.980799e-06	-3.292423e-06
7.223370e+03	2.418393e-03	6.014964e-04	5.140489e-06	-2.392040e-03	1.025866e-05	-2.713298e-05
7.235760e+03	9.362230e-04	2.243233e-03	3.539979e-06	-9.368881e-04	-1.259810e-05	-2.970058e-06
7.248150e+03	-1.215916e-03	2.075297e-03	-1.561161e-05	1.226078e-03	1.011597e-05	-1.040968e-05
7.260540e+03	-2.317959e-03	2.020462e-04	-1.241599e-05	2.327715e-03	1.733633e-05	-1.057343e-05
7.272930e+03	-1.532611e-03	-1.741846e-03	2.240256e-05	1.542475e-03	5.758077e-06	-1.108040e-05
7.285320e+03	4.790697e-04	-2.207311e-03	2.107921e-06	-4.802531e-04	1.062478e-05	1.266917e-06
7.297710e+03	2.060989e-03	-9.013251e-04	7.801209e-06	-2.049645e-03	2.046527e-05	-2.378582e-06
7.310100e+03	1.929127e-03	1.089742e-03	-2.123176e-05	-1.939759e-03	2.453708e-05	4.575941e-06
7.322490e+03	2.151813e-04	2.068767e-03	-1.869111e-05	-2.041958e-04	-3.859533e-06	-1.018601e-05
7.334880e+03	-1.565572e-03	1.392878e-03	-1.377157e-05	1.578333e-03	-1.537377e-05	-1.509836e-05
7.347270e+03	-2.048277e-03	-4.468937e-04	1.896067e-05	2.048405e-03	-1.782915e-05	-5.378347e-06
7.359660e+03	-7.612213e-04	-1.885703e-03	2.875018e-05	7.880145e-04	-1.344116e-05	-2.679292e-05
7.372050e+03	1.012564e-03	-1.706560e-03	4.643996e-05	-9.986672e-04	9.926228e-06	-1.705869e-05
7.384440e+03	1.896536e-03	-1.837669e-04	5.202187e-06	-1.887608e-03	4.395321e-05	-1.499833e-05
7.396830e+03	1.265396e-03	1.381774e-03	-1.556846e-05	-1.259954e-03	2.357583e-05	-6.672877e-06
7.409220e+03	-3.924081e-04	1.775233e-03	-2.642589e-05	3.836214e-04	1.337697e-05	9.388204e-06
7.421610e+03	-1.619536e-03	6.632233e-04	-1.325773e-05	1.611075e-03	-3.148534e-06	5.594072e-06
7.434000e+03	-1.464142e-03	-8.949958e-04	-2.659004e-05	1.464194e-03	-3.311490e-05	-2.218005e-06
7.446390e+03	-1.389574e-04	-1.719684e-03	7.077549e-06	1.350862e-04	-1.393378e-06	3.713381e-06
7.458780e+03	1.331029e-03	-1.110559e-03	2.556999e-05	-1.329910e-03	2.051228e-06	-2.512125e-06
7.471170e+03	1.593550e-03	3.685752e-04	8.207779e-06	-1.597721e-03	2.953352e-05	4.413663e-06
7.483560e+03	6.572310e-04	1.462133e-03	-1.783647e-05	-6.323639e-04	2.238439e-05	-2.334461e-05
7.495950e+03	-7.721482e-04	1.347383e-03	-1.541518e-05	8.108972e-04	2.575274e-05	-4.067198e-05
7.508340e+03	-1.499821e-03	9.051917e-05	-1.808666e-05	1.529822e-03	-2.122834e-05	-2.490856e-05
7.520730e+03	-9.151355e-04	-1.141955e-03	-1.829159e-05	9.342156e-04	-1.519206e-05	-1.878306e-05
7.533120e+03	3.577533e-04	-1.413683e-03	2.104899e-05	-3.549680e-04	-4.008401e-06	-4.752156e-06
7.545510e+03	1.325298e-03	-5.679297e-04	5.612605e-06	-1.308650e-03	-4.559288e-06	-1.942703e-05
7.557900e+03	1.263430e-03	7.026295e-04	4.313933e-06	-1.280324e-03	1.701825e-05	1.242222e-05
7.570290e+03	1.595427e-04	1.305513e-03	3.945865e-06	-1.637350e-04	1.984924e-05	4.259371e-06
7.582680e+03	-9.123701e-04	9.035055e-04	-2.998038e-05	9.189547e-04	8.288992e-06	-7.787038e-06
7.595070e+03	-1.165292e-03	-2.198050e-04	-3.006252e-05	1.170000e-03	1.252192e-05	-2.978068e-06
7.607460e+03	-4.516095e-04	-1.088212e-03	1.783652e-06	4.590051e-04	-1.986640e-05	-6.454479e-06
7.619850e+03	5.849224e-04	-9.928493e-04	9.845642e-07	-5.638714e-04	1.829673e-06	-2.041616e-05
7.632240e+03	1.098095e-03	-1.367222e-04	5.473092e-06	-1.075991e-03	1.129160e-05	-2.539465e-05
7.644630e+03	8.040834e-04	7.943918e-04	4.403483e-07	-7.798253e-04	-2.966353e-06	-2.469659e-05
7.657020e+03	-1.186503e-04	1.006682e-03	1.330140e-06	1.422443e-04	8.356150e-06	-2.351767e-05
7.669410e+03	-8.407692e-04	4.702411e-04	-2.016214e-05	8.622777e-04	-8.279356e-06	-2.133877e-05
7.681800e+03	-7.879238e-04	-4.203745e-04	-4.162187e-06	7.956715e-04	3.217855e-06	-7.422906e-06
7.694190e+03	-1.473756e-04	-8.428947e-04	6.010478e-06	1.533023e-04	-5.109125e-06	-5.300711e-06
7.706580e+03	5.914720e-04	-6.400933e-04	8.187416e-06	-5.974465e-04	8.197989e-06	4.558053e-06
7.718970e+03	8.180838e-04	9.355579e-05	3.115274e-06	-8.364029e-04	7.670184e-06	1.731227e-05
7.731360e+03	4.021862e-04	6.690195e-04	-1.867039e-07	-4.185659e-04	1.728847e-05	1.463535e-05
7.743750e+03	-2.419270e-04	6.615459e-04	-3.710428e-06	2.279365e-04	1.749999e-05	1.409964e-05
7.756140e+03	-6.810489e-04	1.964213e-04	-1.416504e-05	6.772730e-04	-1.504853e-05	3.768252e-06
7.768530e+03	-4.600419e-04	-4.286129e-04	-1.119290e-05	4.867795e-04	2.448301e-06	-2.547163e-05
7.780920e+03	6.621620e-05	-5.781140e-04	-5.575776e-06	-3.954111e-05	-1.621218e-05	-2.677093e-05
