1.523970e+03	-3.461846e-02	-1.000000e-01	1.467356e-04	3.415679e-02	1.762555e-04	3.186687e-04
1.536360e+03	-7.301484e-03	-1.000000e-01	-1.358199e-05	7.353531e-03	-4.828966e-05	-7.598544e-05
1.548750e+03	1.934031e-02	-9.867066e-02	-1.766391e-06	-1.920789e-02	-3.821974e-05	-9.790542e-05
1.561140e+03	4.465818e-02	-9.069774e-02	2.376704e-05	-4.476494e-02	-2.312074e-05	1.518496e-04
1.573530e+03	6.710580e-02	-7.578344e-02	2.036893e-05	-6.741354e-02	-5.546720e-05	3.217611e-04
1.585920e+03	8.500482e-02	-5.531733e-02	6.027915e-05	-8.540560e-02	2.168326e-05	3.903079e-04
1.598310e+03	9.674092e-02	-3.035184e-02	6.400284e-05	-9.711853e-02	3.802591e-05	3.684443e-04
1.610700e+03	1.009959e-01	-3.568236e-03	4.273370e-05	-1.009959e-01	-4.100711e-05	1.165886e-04
1.623090e+03	9.826319e-02	2.337124e-02	4.459829e-05	-9.834570e-02	3.390104e-05	1.062908e-04
1.635480e+03	8.878895e-02	4.882127e-02	1.650013e-05	-8.918918e-02	1.119996e-04	4.230613e-04
1.647870e+03	7.244108e-02	7.098691e-02	2.566950e-05	-7.295428e-02	3.454271e-05	4.870756e-04
1.660260e+03	5.075280e-02	8.782613e-02	-5.776943e-05	-5.116463e-02	1.193069e-04	4.434357e-04
1.672650e+03	2.541650e-02	9.774812e-02	-1.249942e-05	-2.549182e-02	4.193471e-05	1.180836e-04
1.685040e+03	-1.428519e-03	1.009759e-01	-5.482209e-05	1.289480e-03	2.969149e-05	1.411639e-04
1.697430e+03	-2.840387e-02	9.758907e-02	-8.196559e-05	2.806066e-02	5.325269e-05	3.093224e-04
1.709820e+03	-5.388451e-02	8.661797e-02	-3.785990e-05	5.349008e-02	1.283978e-05	4.231854e-04
1.722210e+03	-7.563665e-02	6.917042e-02	-3.959852e-05	7.512680e-02	-1.199027e-05	5.011985e-04
1.734600e+03	-9.178642e-02	4.595783e-02	-1.191090e-05	9.135922e-02	-2.107334e-05	4.178414e-04
1.746990e+03	-1.009265e-01	1.940509e-02	-2.855261e-05	1.004466e-01	-2.346132e-05	3.106595e-04
1.759380e+03	-1.024594e-01	-9.130059e-03	1.493808e-05	1.020000e-01	-3.889506e-05	2.305851e-04
1.771770e+03	-9.624064e-02	-3.680934e-02	-5.710334e-06	9.600415e-02	-3.502343e-05	1.896887e-04
1.784160e+03	-8.305774e-02	-6.240567e-02	2.562859e-05	8.257640e-02	-3.688286e-05	4.728898e-04
1.796550e+03	-6.244747e-02	-8.314213e-02	-6.028934e-05	6.205763e-02	-6.370422e-05	3.929513e-04
1.808940e+03	-3.646635e-02	-9.725276e-02	3.600996e-05	3.635905e-02	-3.041000e-05	1.847685e-04
1.821330e+03	-8.314727e-03	-1.030000e-01	-3.950929e-05	8.199136e-03	-7.550777e-05	1.137550e-04
1.833720e+03	2.097052e-02	-1.019008e-01	3.429625e-05	-2.096089e-02	-8.750328e-06	8.155496e-05
1.846110e+03	4.906086e-02	-9.272366e-02	1.400787e-05	-4.926223e-02	-4.499415e-05	1.833502e-04
1.858500e+03	7.404943e-02	-7.535582e-02	2.439392e-05	-7.446749e-02	-5.696961e-05	3.597631e-04
1.870890e+03	9.315741e-02	-5.107913e-02	7.593159e-05	-9.347001e-02	5.776504e-05	3.368322e-04
1.883280e+03	1.042917e-01	-2.199761e-02	6.609957e-05	-1.042826e-01	-7.381634e-06	7.196511e-05
1.895670e+03	1.060000e-01	9.144339e-03	3.286971e-05	-1.060000e-01	8.088981e-05	-8.302593e-05
1.908060e+03	9.949466e-02	3.999148e-02	3.507104e-05	-9.952701e-02	5.486985e-05	2.550501e-05
1.920450e+03	8.388929e-02	6.806042e-02	-4.064075e-06	-8.389358e-02	6.488035e-05	4.067841e-05
1.932840e+03	6.008129e-02	9.022915e-02	7.521472e-06	-6.023459e-02	3.069516e-05	9.560471e-05
1.945230e+03	3.054513e-02	1.040796e-01	-4.419259e-05	-3.063977e-02	7.268132e-05	4.285940e-05
1.957620e+03	-2.106135e-03	1.088594e-01	-7.001995e-05	2.258736e-03	3.835013e-05	-1.228461e-04
1.970010e+03	-3.469472e-02	1.039785e-01	-1.063516e-04	3.500813e-02	5.738637e-05	-3.274959e-04
1.982400e+03	-6.504526e-02	8.898638e-02	-2.735181e-05	6.514216e-02	-4.200250e-05	-1.215108e-04
1.994790e+03	-9.017759e-02	6.517661e-02	-7.902095e-06	9.008387e-02	-4.907583e-05	7.064213e-05
2.007180e+03	-1.065058e-01	3.421021e-02	-6.100036e-05	1.065100e-01	-3.209573e-05	9.243748e-06
2.019570e+03	-1.119954e-01	-1.253620e-03	2.007273e-05	1.119954e-01	-7.378837e-05	-1.608084e-04
2.031960e+03	-1.059855e-01	-3.628893e-02	2.451289e-05	1.066722e-01	-4.635912e-05	-4.254589e-04
2.044350e+03	-8.975940e-02	-6.821687e-02	4.659188e-05	9.007173e-02	-4.629771e-05	-3.545084e-04
2.056740e+03	-6.386182e-02	-9.358381e-02	2.776275e-05	6.417456e-02	-3.027812e-05	-3.149693e-04
2.069130e+03	-3.084245e-02	-1.095486e-01	-1.306161e-05	3.094299e-02	-7.866468e-05	-1.175812e-04
2.081520e+03	6.218008e-03	-1.140000e-01	8.211263e-05	-6.022832e-03	-1.926910e-05	-2.078159e-04
2.093910e+03	4.290685e-02	-1.064553e-01	3.124214e-05	-4.257126e-02	-4.996434e-05	-3.706533e-04
2.106300e+03	7.516248e-02	-8.695750e-02	5.439375e-05	-7.476204e-02	1.276965e-05	-4.245900e-04
2.118690e+03	1.000327e-01	-5.804663e-02	7.892216e-05	-9.983698e-02	3.789885e-05	-3.429362e-04
2.131080e+03	1.142521e-01	-2.190958e-02	5.186011e-05	-1.141829e-01	2.497807e-05	-1.030973e-04
2.143470e+03	1.155695e-01	1.720319e-02	4.934796e-05	-1.150998e-01	1.640185e-04	-1.438368e-04
2.155860e+03	1.037568e-01	5.496645e-02	-5.888990e-06	-1.027319e-01	1.151983e-04	-2.589556e-04
2.168250e+03	7.878810e-02	8.621584e-02	-4.066942e-05	-7.840837e-02	1.514039e-04	-4.007252e-04
2.180640e+03	4.593642e-02	1.077099e-01	-1.017269e-04	-4.545491e-02	8.162552e-05	-4.646106e-04
2.193030e+03	7.253723e-03	1.169611e-01	-1.162201e-04	-6.949147e-03	5.209247e-05	-3.002022e-04
2.205420e+03	-3.284246e-02	1.134933e-01	-1.285234e-04	3.298726e-02	-2.938355e-05	-9.845266e-05
2.217810e+03	-6.929995e-02	9.521694e-02	-1.375808e-04	6.940572e-02	-5.907151e-05	-1.179920e-04
2.230200e+03	-9.792644e-02	6.599458e-02	-3.662242e-05	9.799067e-02	-1.271123e-04	-1.394848e-04
2.242590e+03	-1.143724e-01	2.870339e-02	-4.298478e-05	1.143724e-01	-9.027794e-05	-2.643788e-04
2.254980e+03	-1.173505e-01	-1.224954e-02	-2.165720e-05	1.173505e-01	-8.863922e-05	4.057975e-05
2.267370e+03	-1.063698e-01	-5.212772e-02	3.229988e-05	1.063413e-01	-1.114280e-04	-4.637787e-05
2.279760e+03	-8.216696e-02	-8.580170e-02	4.258528e-05	8.206667e-02	-7.702499e-05	9.343357e-05
2.292150e+03	-4.733264e-02	-1.088904e-01	7.591371e-05	4.728383e-02	-4.791618e-05	3.005333e-05
2.304540e+03	-6.889739e-03	-1.179845e-01	9.515269e-05	6.896322e-03	-1.531020e-05	9.375980e-07
2.316930e+03	3.415832e-02	-1.133601e-01	1.152344e-04	-3.396553e-02	-4.534558e-06	-2.005130e-04
2.329320e+03	7.171709e-02	-9.477550e-02	1.260866e-04	-7.172929e-02	2.506923e-05	-4.358527e-05
2.341710e+03	1.005069e-01	-6.405647e-02	1.090131e-04	-1.004473e-01	-1.442727e-05	8.903890e-05
2.354100e+03	1.169256e-01	-2.489107e-02	1.143952e-04	-1.179554e-01	1.226547e-04	3.271167e-04
2.366490e+03	1.189133e-01	1.829696e-02	7.155821e-05	-1.187882e-01	2.182888e-04	3.583475e-04
2.378880e+03	1.041283e-01	5.876958e-02	-2.631810e-05	-1.041233e-01	2.460154e-04	2.206318e-04
2.391270e+03	7.664833e-02	9.161415e-02	-1.014683e-04	-7.678073e-02	1.644385e-04	1.345062e-04
2.403660e+03	3.961986e-02	1.135406e-01	-1.009019e-04	-3.991863e-02	7.427321e-06	2.379759e-04
2.416050e+03	-3.273508e-03	1.197601e-01	-2.363703e-04	2.896782e-03	7.405904e-05	3.568522e-04
2.428440e+03	-4.613959e-02	1.115586e-01	-3.190531e-04	4.584751e-02	2.482754e-05	3.042152e-04
2.440830e+03	-8.310280e-02	8.783138e-02	-2.828621e-04	8.295751e-02	-1.203242e-04	1.383945e-04
2.453220e+03	-1.095141e-01	5.196731e-02	-2.381244e-05	1.095905e-01	-2.148471e-04	1.888022e-04
2.465610e+03	-1.219644e-01	9.088710e-03	-5.908243e-06	1.209717e-01	-2.455998e-04	2.469998e-04
2.478000e+03	-1.177998e-01	-3.622116e-02	1.111503e-04	1.167831e-01	-2.075281e-04	3.679533e-04
2.490390e+03	-9.621828e-02	-7.691069e-02	7.800356e-05	9.575648e-02	-1.999000e-04	4.518733e-04
2.502780e+03	-6.074085e-02	-1.080033e-01	1.790072e-04	6.026456e-02	-1.305333e-04	4.489560e-04
2.515170e+03	-1.628380e-02	-1.223095e-01	2.580709e-04	1.588510e-02	-2.002053e-05	3.850302e-04
2.527560e+03	3.081791e-02	-1.205499e-01	2.128660e-04	-3.102547e-02	5.462517e-05	2.574832e-04
2.539950e+03	7.468584e-02	-1.005263e-01	1.828038e-04	-7.507792e-02	4.692094e-05	3.655758e-04
2.552340e+03	1.083733e-01	-6.463241e-02	1.543215e-04	-1.083591e-01	1.855728e-04	3.788178e-04
2.564730e+03	1.264086e-01	-1.770861e-02	8.279334e-05	-1.264086e-01	3.222574e-04	4.456385e-04
2.577120e+03	1.238339e-01	3.353197e-02	-8.222437e-06	-1.238339e-01	2.506368e-04	3.892995e-04
2.589510e+03	1.009777e-01	8.012946e-02	-1.020354e-04	-1.009778e-01	2.109250e-04	3.729993e-04
2.601900e+03	6.068761e-02	1.145800e-01	-1.991923e-04	-6.103133e-02	2.012028e-04	2.986030e-04
2.614290e+03	9.854100e-03	1.293822e-01	-3.072636e-04	-1.016074e-02	1.413635e-04	3.538288e-04
2.626680e+03	-4.540650e-02	1.239049e-01	-1.992810e-04	4.482234e-02	-1.103807e-04	5.674213e-04
2.639070e+03	-9.366869e-02	9.533442e-02	-3.411873e-04	9.346392e-02	-1.495456e-04	5.879938e-04
2.651460e+03	-1.271633e-01	4.704105e-02	-1.919063e-04	1.261605e-01	-3.061391e-04	7.489383e-04
2.663850e+03	-1.351850e-01	-1.255762e-02	-2.040203e-06	1.346116e-01	-3.345436e-04	6.124515e-04
2.676240e+03	-1.184686e-01	-7.147910e-02	3.981432e-05	1.183796e-01	-3.290475e-04	8.418176e-04
2.688630e+03	-7.487011e-02	-1.183218e-01	1.941403e-04	7.397955e-02	-2.151369e-04	9.255569e-04
2.701020e+03	-1.300051e-02	-1.400672e-01	2.649913e-04	1.189160e-02	-9.974390e-05	1.093826e-03
2.713410e+03	5.589630e-02	-1.317342e-01	3.868857e-04	-5.718760e-02	2.004666e-04	1.287268e-03
2.725800e+03	1.143360e-01	-9.006364e-02	2.662742e-04	-1.153480e-01	1.449232e-04	1.543683e-03
2.738190e+03	1.449707e-01	-2.031524e-02	2.104104e-04	-1.469682e-01	2.658922e-04	1.670035e-03
2.750580e+03	1.366284e-01	5.882589e-02	2.492626e-05	-1.386284e-01	4.740345e-04	1.897314e-03
2.762970e+03	8.065286e-02	1.254322e-01	-2.281582e-04	-8.265794e-02	4.999637e-04	1.993732e-03
2.775360e+03	-5.994457e-03	1.497628e-01	-6.675623e-04	4.258760e-03	4.592603e-04	1.747061e-03
2.787750e+03	-9.221522e-02	1.165103e-01	-5.026203e-04	9.079131e-02	-2.170118e-04	1.446985e-03
2.800140e+03	-1.391466e-01	3.496651e-02	-1.574411e-04	1.391589e-01	-6.003976e-04	4.947506e-04
2.812530e+03	-1.229415e-01	-6.289504e-02	3.041698e-04	1.234900e-01	-6.029983e-04	-4.456144e-04
2.824920e+03	-4.311399e-02	-1.209074e-01	4.611559e-04	4.479812e-02	-3.483248e-04	-1.703424e-03
2.837310e+03	4.948894e-02	-1.053842e-01	4.304962e-04	-4.664847e-02	1.588117e-05	-2.794851e-03
2.849700e+03	9.609637e-02	-3.108536e-02	1.984505e-04	-9.199474e-02	3.016135e-04	-4.148611e-03
2.862090e+03	7.169148e-02	4.158245e-02	-1.307943e-04	-6.679586e-02	4.188070e-04	-4.889700e-03
2.874480e+03	9.952575e-03	6.120903e-02	-3.845289e-04	-5.191661e-03	1.871167e-04	-4.767283e-03
2.886870e+03	-2.816787e-02	2.705047e-02	-2.280821e-04	3.295109e-02	-1.928302e-04	-5.016046e-03
2.899260e+03	-1.840068e-02	-6.870332e-03	3.021322e-05	2.296884e-02	-3.697027e-04	-4.572426e-03
2.911650e+03	4.305469e-03	-5.295571e-03	1.232172e-04	-2.729886e-04	-2.094368e-04	-4.069146e-03
2.924040e+03	7.697076e-04	1.183565e-02	1.855650e-04	2.350268e-03	-6.100637e-05	-3.101763e-03
2.936430e+03	-2.036709e-02	8.918955e-03	1.012342e-04	2.281242e-02	2.942896e-05	-2.458614e-03
2.948820e+03	-2.773422e-02	-1.934712e-02	4.268165e-05	2.901050e-02	1.096357e-05	-1.266770e-03
2.961210e+03	-2.547553e-03	-4.391553e-02	1.118984e-04	1.811542e-03	-5.796581e-05	7.183987e-04
2.973600e+03	3.741369e-02	-3.521480e-02	2.002609e-04	-4.051481e-02	7.290244e-05	3.135459e-03
2.985990e+03	5.711152e-02	7.558107e-03	8.183801e-06	-6.189296e-02	3.496447e-04	4.648530e-03
2.998380e+03	3.486292e-02	5.862680e-02	-2.841789e-04	-4.005644e-02	3.341367e-04	5.135867e-03
3.010770e+03	-2.557740e-02	7.329609e-02	-6.142498e-04	2.165821e-02	2.826416e-05	3.982935e-03
3.023160e+03	-8.043282e-02	3.140105e-02	-3.417804e-04	7.874954e-02	-5.743121e-04	1.665192e-03
3.035550e+03	-7.981361e-02	-4.473190e-02	1.483927e-04	8.133902e-02	-7.715066e-04	-1.390686e-03
3.047940e+03	-1.406935e-02	-9.478228e-02	6.889466e-04	1.776077e-02	-4.857001e-04	-3.724298e-03
3.060330e+03	7.137177e-02	-7.358494e-02	6.845878e-04	-6.677166e-02	1.615935e-04	-4.648326e-03
3.072720e+03	1.029457e-01	1.070564e-02	3.487536e-04	-9.900322e-02	8.334048e-04	-4.452516e-03
3.085110e+03	5.317689e-02	8.842774e-02	-4.477472e-04	-5.013265e-02	8.733057e-04	-3.022520e-03
3.097500e+03	-4.070065e-02	9.322884e-02	-8.778661e-04	4.099023e-02	2.745773e-04	-3.158493e-04
3.109890e+03	-9.695200e-02	2.278462e-02	-6.099827e-04	9.522085e-02	-4.075578e-04	1.582168e-03
3.122280e+03	-7.638892e-02	-5.915455e-02	-2.574594e-04	7.354445e-02	-9.340825e-04	2.788857e-03
3.134670e+03	-2.552403e-03	-9.123629e-02	4.186243e-04	-1.720619e-04	-7.312761e-04	2.788275e-03
3.147060e+03	6.670481e-02	-5.705844e-02	7.982059e-04	-6.868292e-02	-2.646028e-04	2.007038e-03
3.159450e+03	8.151964e-02	1.481649e-02	7.519247e-04	-8.291091e-02	3.867856e-04	1.295554e-03
3.171840e+03	3.833047e-02	6.969168e-02	-6.697682e-05	-3.917112e-02	9.428805e-04	7.794772e-04
3.184230e+03	-2.742859e-02	6.881473e-02	-5.516909e-04	2.682819e-02	6.461057e-04	6.160176e-04
3.196620e+03	-6.470672e-02	1.968998e-02	-7.650628e-04	6.437357e-02	5.134285e-05	3.013041e-04
3.209010e+03	-4.984162e-02	-3.643829e-02	-3.779832e-04	4.969961e-02	-5.499862e-04	1.429489e-04
3.221400e+03	1.298250e-03	-5.439492e-02	2.231687e-04	-6.804491e-04	-7.598025e-04	-6.178508e-04
3.233790e+03	4.090667e-02	-2.383594e-02	5.972187e-04	-3.976738e-02	-3.146705e-04	-1.170517e-03
3.246180e+03	3.420011e-02	2.089106e-02	5.348380e-04	-3.259156e-02	2.484593e-04	-1.652657e-03
3.258570e+03	-4.808379e-03	3.382688e-02	1.992905e-04	6.388997e-03	6.547649e-04	-1.589674e-03
3.270960e+03	-3.116348e-02	6.178892e-03	-3.536465e-04	3.222598e-02	3.815453e-04	-1.079905e-03
3.283350e+03	-1.860987e-02	-2.831348e-02	-5.523958e-04	1.927892e-02	2.886348e-05	-6.559065e-04
3.295740e+03	1.986648e-02	-3.265271e-02	-4.042746e-04	-1.943283e-02	-3.123007e-04	-4.194447e-04
3.308130e+03	4.307994e-02	1.109867e-03	8.835677e-06	-4.267944e-02	-5.309427e-04	-3.938964e-04
3.320520e+03	2.452953e-02	4.044184e-02	2.970271e-04	-2.401357e-02	-3.645747e-04	-4.530688e-04
3.332910e+03	-2.222953e-02	4.604850e-02	3.284843e-04	2.226593e-02	-1.383717e-04	-8.827274e-05
3.345300e+03	-5.404123e-02	8.705529e-03	2.359158e-04	5.364863e-02	1.275681e-04	3.595653e-04
3.357690e+03	-4.009396e-02	-4.161648e-02	1.563338e-04	3.903710e-02	3.043545e-04	1.015373e-03
3.370080e+03	1.152451e-02	-5.821763e-02	-3.050137e-05	-1.295299e-02	3.673088e-04	1.434412e-03
3.382470e+03	5.644015e-02	-2.433113e-02	-2.616227e-04	-5.804600e-02	2.267292e-04	1.575347e-03
3.394860e+03	5.274081e-02	3.523362e-02	-4.588232e-04	-5.387814e-02	-2.943593e-05	1.173533e-03
3.407250e+03	-3.341263e-04	6.448314e-02	-3.685236e-04	-3.319668e-05	-2.905570e-04	4.291922e-04
3.419640e+03	-5.563836e-02	3.649315e-02	5.741744e-05	5.622086e-02	-4.053599e-04	-5.727737e-04
3.432030e+03	-6.220721e-02	-2.723530e-02	4.626621e-04	6.354067e-02	-2.814714e-04	-1.307572e-03
3.444420e+03	-1.008153e-02	-6.756528e-02	5.056702e-04	1.175766e-02	4.569405e-05	-1.678166e-03
3.456810e+03	5.134983e-02	-4.627487e-02	3.015965e-04	-4.966088e-02	4.260195e-04	-1.646459e-03
3.469200e+03	6.642835e-02	1.680812e-02	-1.921491e-04	-6.520121e-02	5.700301e-04	-1.204450e-03
3.481590e+03	2.227856e-02	6.363086e-02	-5.854261e-04	-2.176750e-02	2.219474e-04	-4.824231e-04
3.493980e+03	-3.921575e-02	5.243782e-02	-4.882004e-04	3.901817e-02	-3.446940e-04	2.006314e-04
3.506370e+03	-6.383244e-02	-2.654269e-03	-1.351005e-04	6.311547e-02	-5.082241e-04	7.403969e-04
3.518760e+03	-3.328883e-02	-5.297513e-02	3.597732e-04	3.224267e-02	-4.593320e-04	1.063258e-03
3.531150e+03	2.392215e-02	-5.495434e-02	5.224823e-04	-2.504269e-02	-8.487826e-07	1.127344e-03
3.543540e+03	5.673451e-02	-1.028833e-02	3.168039e-04	-5.773659e-02	3.388728e-04	9.773422e-04
3.555930e+03	3.864538e-02	4.007041e-02	-1.823339e-04	-3.932024e-02	6.045087e-04	6.655941e-04
3.568320e+03	-1.193337e-02	5.227590e-02	-4.845277e-04	1.166200e-02	2.437445e-04	2.533020e-04
3.580710e+03	-4.850128e-02	1.756533e-02	-4.322054e-04	4.870886e-02	-2.867964e-04	-2.535931e-04
3.593100e+03	-3.831695e-02	-3.042295e-02	-2.583650e-05	3.899675e-02	-4.607942e-04	-6.646115e-04
3.605490e+03	6.103027e-03	-4.690131e-02	3.555495e-04	-5.145127e-03	-3.031514e-04	-9.517875e-04
3.617880e+03	4.184604e-02	-1.844284e-02	3.858048e-04	-4.078227e-02	-1.278343e-05	-1.050361e-03
3.630270e+03	3.609126e-02	2.620056e-02	1.857094e-04	-3.495830e-02	3.313105e-04	-1.069241e-03
3.642660e+03	-4.415313e-03	4.218633e-02	-9.452266e-05	5.307705e-03	3.336893e-04	-8.729098e-04
3.655050e+03	-3.874554e-02	1.717603e-02	-3.544186e-04	3.933569e-02	8.027820e-05	-5.332568e-04
3.667440e+03	-3.515649e-02	-2.489675e-02	-2.644186e-04	3.512066e-02	-1.183985e-04	-5.106828e-05
3.679830e+03	3.040037e-03	-4.217385e-02	1.386406e-05	-3.458129e-03	-2.756841e-04	4.036094e-04
3.692220e+03	3.851682e-02	-2.071425e-02	2.607267e-04	-3.918608e-02	-1.615495e-04	6.721062e-04
3.704610e+03	3.854936e-02	2.177538e-02	2.129417e-04	-3.934640e-02	7.984201e-05	7.857006e-04
3.717000e+03	2.946639e-03	4.427399e-02	3.851683e-05	-3.718462e-03	2.243654e-04	8.070642e-04
3.729390e+03	-3.677902e-02	2.826361e-02	-1.587434e-04	3.613340e-02	1.304776e-04	6.268555e-04
3.741780e+03	-4.428215e-02	-1.503268e-02	-1.253788e-04	4.401083e-02	8.499358e-06	2.266426e-04
3.754170e+03	-1.222799e-02	-4.578865e-02	1.346414e-05	1.223537e-02	-7.416252e-05	-5.591906e-06
3.766560e+03	3.226016e-02	-3.604715e-02	8.051428e-05	-3.193491e-02	-3.648232e-05	-2.879601e-04
3.778950e+03	4.768962e-02	7.176132e-03	1.879662e-05	-4.712690e-02	4.399997e-05	-5.733658e-04
3.791340e+03	2.062190e-02	4.511202e-02	3.428898e-05	-1.999784e-02	2.663655e-05	-6.259019e-04
3.803730e+03	-2.605946e-02	4.137280e-02	-1.597622e-04	2.676173e-02	1.566740e-04	-7.419120e-04
3.816120e+03	-4.867801e-02	4.579208e-04	-1.300663e-04	4.917801e-02	-7.020667e-05	-5.752386e-04
3.828510e+03	-2.740703e-02	-4.086812e-02	5.483371e-05	2.782268e-02	-3.257072e-05	-4.556432e-04
3.840900e+03	1.909790e-02	-4.551611e-02	3.940343e-05	-1.897583e-02	-5.114833e-05	-6.975122e-05
3.853290e+03	4.812498e-02	-9.303771e-03	7.502525e-05	-4.841369e-02	6.588426e-05	2.340821e-04
3.865680e+03	3.430626e-02	3.452416e-02	-9.498367e-06	-3.470476e-02	1.093774e-04	4.060635e-04
3.878070e+03	-9.219449e-03	4.780196e-02	-1.000361e-04	8.567569e-03	2.677362e-05	6.553092e-04
3.890460e+03	-4.433646e-02	1.932075e-02	-1.636000e-04	4.369955e-02	-2.923664e-05	6.698214e-04
3.902850e+03	-4.063056e-02	-2.577825e-02	2.105323e-05	4.012666e-02	-1.414908e-04	5.238096e-04
3.915240e+03	-1.061291e-03	-4.630660e-02	7.411410e-05	6.909588e-04	-7.355713e-05	3.452013e-04
3.927630e+03	3.774695e-02	-2.632680e-02	3.557995e-05	-3.775786e-02	3.564565e-05	2.798069e-05
3.940020e+03	4.207647e-02	1.681394e-02	-5.342584e-05	-4.187007e-02	8.522754e-05	-3.012628e-04
3.952410e+03	8.415345e-03	4.255681e-02	-1.087574e-04	-7.875605e-03	2.529299e-05	-5.299860e-04
3.964800e+03	-3.128384e-02	2.887068e-02	-9.192779e-05	3.196648e-02	-7.585266e-05	-6.285604e-04
3.977190e+03	-4.001384e-02	-1.106648e-02	3.178679e-05	4.051627e-02	-2.639810e-04	-5.360264e-04
3.989580e+03	-1.127101e-02	-3.890189e-02	2.003786e-04	1.168119e-02	-8.174525e-05	-4.702841e-04
4.001970e+03	2.732522e-02	-2.997927e-02	1.734642e-04	-2.698032e-02	8.239653e-05	-3.152286e-04
4.014360e+03	3.884835e-02	6.829842e-03	-4.339756e-05	-3.871888e-02	1.942949e-04	-1.376468e-04
4.026750e+03	1.489520e-02	3.641589e-02	-2.074674e-04	-1.509909e-02	1.910245e-04	1.203810e-04
4.039140e+03	-2.290358e-02	3.242829e-02	-2.322000e-04	2.251669e-02	-1.104594e-04	3.393557e-04
4.051530e+03	-3.858128e-02	-1.564560e-03	-6.484838e-05	3.822785e-02	-2.099832e-04	4.183482e-04
4.063920e+03	-2.023275e-02	-3.380649e-02	1.348631e-04	1.972599e-02	-1.586514e-04	4.407380e-04
4.076310e+03	1.709394e-02	-3.485461e-02	2.062398e-04	-1.749208e-02	-7.561641e-05	4.504908e-04
4.088700e+03	3.819467e-02	-4.432525e-03	1.001275e-04	-3.849382e-02	2.124156e-04	2.277896e-04
4.101090e+03	2.462863e-02	2.976718e-02	-8.354027e-05	-2.469444e-02	1.944594e-04	6.623442e-05
4.113480e+03	-1.182005e-02	3.658875e-02	-1.694067e-04	1.202027e-02	6.444720e-05	-2.167379e-04
4.125870e+03	-3.720237e-02	9.531412e-03	-2.189094e-04	3.752055e-02	-1.636751e-04	-3.496164e-04
4.138260e+03	-2.761260e-02	-2.616748e-02	-3.578762e-06	2.821096e-02	-1.853332e-04	-5.443940e-04
4.150650e+03	7.595170e-03	-3.794829e-02	2.487087e-04	-7.098942e-03	-1.472103e-04	-5.039638e-04
4.163040e+03	3.577697e-02	-1.438429e-02	2.036593e-04	-3.543914e-02	1.107049e-04	-3.584077e-04
4.175430e+03	2.711810e-02	2.201134e-02	7.986623e-05	-2.688721e-02	2.657914e-04	-3.254351e-04
4.187820e+03	-7.499960e-04	3.788135e-02	-1.870826e-04	8.335594e-04	1.661846e-04	-1.019124e-04
4.200210e+03	-3.309842e-02	1.966218e-02	-1.461246e-04	3.312110e-02	2.012996e-05	1.820733e-05
4.212600e+03	-3.479577e-02	-1.678132e-02	-1.164369e-04	3.470830e-02	-1.804149e-04	1.643317e-04
4.224990e+03	-5.478281e-03	-3.746043e-02	1.072717e-04	5.165531e-03	-1.404605e-04	3.310122e-04
4.237380e+03	2.869622e-02	-2.515658e-02	1.999653e-04	-2.905849e-02	-5.688266e-05	3.475238e-04
4.249770e+03	3.616701e-02	9.990608e-03	1.054726e-04	-3.641577e-02	2.060376e-04	2.868757e-04
4.262160e+03	1.200938e-02	3.557039e-02	-6.891551e-05	-1.220305e-02	2.094247e-04	1.594594e-04
4.274550e+03	-2.320611e-02	2.940000e-02	-1.718873e-04	2.324636e-02	4.619058e-05	-6.417070e-05
4.286940e+03	-3.627995e-02	-3.340239e-03	-6.473275e-05	3.647997e-02	-5.300577e-05	-2.182588e-04
4.299330e+03	-1.702316e-02	-3.247304e-02	4.199211e-07	1.742531e-02	-1.032143e-04	-3.568482e-04
4.311720e+03	1.788359e-02	-3.190366e-02	9.981558e-05	-1.748073e-02	-5.112660e-05	-4.028457e-04
4.324110e+03	3.593166e-02	-2.298529e-03	9.656372e-05	-3.553166e-02	6.390874e-05	-4.306643e-04
4.336500e+03	2.144573e-02	2.840111e-02	-4.304242e-05	-2.124580e-02	1.049525e-04	-2.497460e-04
4.348890e+03	-1.193801e-02	3.292334e-02	-1.087054e-04	1.213854e-02	1.187554e-05	-1.628897e-04
4.361280e+03	-3.374903e-02	8.103432e-03	-1.780111e-04	3.384891e-02	-1.132864e-04	-8.479670e-05
4.373670e+03	-2.516569e-02	-2.352198e-02	-1.217037e-05	2.495511e-02	-1.157346e-04	1.782404e-04
4.386060e+03	5.770943e-03	-3.309564e-02	1.045334e-04	-5.979353e-03	-5.159501e-05	2.422240e-04
4.398450e+03	3.096858e-02	-1.322892e-02	9.344952e-05	-3.115932e-02	1.516192e-04	2.677555e-04
4.410840e+03	2.756121e-02	1.792321e-02	9.124080e-06	-2.775841e-02	2.203560e-05	1.911132e-04
4.423230e+03	-4.243372e-05	3.213066e-02	-1.041787e-04	-6.440697e-05	6.175053e-05	1.092300e-04
4.435620e+03	-2.701437e-02	1.780075e-02	-1.345963e-04	2.698670e-02	-4.222033e-05	3.345659e-05
4.448010e+03	-2.890406e-02	-1.291485e-02	4.282175e-05	2.908241e-02	-7.113870e-05	-1.277995e-04
4.460400e+03	-4.944304e-03	-3.070000e-02	1.004431e-04	5.115838e-03	-1.066457e-04	-1.761740e-04
4.472790e+03	2.340484e-02	-2.077403e-02	8.821420e-05	-2.321636e-02	1.476321e-05	-2.598963e-04
4.485180e+03	2.947527e-02	8.181588e-03	7.469001e-05	-2.917715e-02	1.131507e-04	-2.998941e-04
4.497570e+03	9.105075e-03	2.916494e-02	-1.019883e-04	-8.833676e-03	6.578560e-05	-2.640636e-04
4.509960e+03	-1.934916e-02	2.333788e-02	-1.687398e-04	1.957630e-02	3.274954e-05	-2.397348e-04
4.522350e+03	-2.949082e-02	-3.851614e-03	6.322230e-06	2.959175e-02	-9.497591e-05	-1.075105e-04
4.534740e+03	-1.297871e-02	-2.739340e-02	1.462113e-05	1.296325e-02	-5.836054e-05	5.515985e-06
4.547130e+03	1.543716e-02	-2.552479e-02	7.691339e-05	-1.553810e-02	-9.548549e-06	1.125352e-04
4.559520e+03	2.931562e-02	-1.040602e-03	6.280740e-05	-2.951562e-02	5.498212e-05	2.447705e-04
4.571910e+03	1.701215e-02	2.434237e-02	-5.716479e-05	-1.725966e-02	8.440732e-05	2.476252e-04
4.584300e+03	-1.105567e-02	2.743886e-02	-1.148817e-04	1.093422e-02	-5.156937e-05	1.655181e-04
4.596690e+03	-2.913514e-02	5.887967e-03	-8.583792e-05	2.903514e-02	-1.085142e-04	1.847599e-04
4.609080e+03	-2.092680e-02	-2.090863e-02	7.264453e-05	2.093954e-02	-1.250009e-04	1.054196e-05
4.621470e+03	6.302424e-03	-2.877922e-02	1.110369e-04	-6.219639e-03	-6.214523e-06	-7.276824e-05
4.633860e+03	2.756172e-02	-1.024650e-02	5.722562e-05	-2.732840e-02	9.205169e-05	-2.082389e-04
4.646250e+03	2.351075e-02	1.755028e-02	-7.367209e-05	-2.323427e-02	9.089557e-05	-2.931672e-04
4.658640e+03	-1.796604e-03	2.899056e-02	-1.094254e-04	2.009025e-03	5.864115e-05	-2.084570e-04
4.671030e+03	-2.520360e-02	1.407101e-02	-1.606212e-04	2.539989e-02	-5.125961e-05	-2.151685e-04
4.683420e+03	-2.545295e-02	-1.360280e-02	3.848587e-05	2.572795e-02	-1.476452e-04	-1.985997e-04
4.695810e+03	-2.451826e-03	-2.857929e-02	1.804852e-04	2.410724e-03	-7.219656e-05	3.911234e-05
4.708200e+03	2.251623e-02	-1.768634e-02	1.520193e-04	-2.262020e-02	7.837368e-06	6.041459e-05
4.720590e+03	2.715913e-02	9.005354e-03	3.790526e-05	-2.728554e-02	1.278110e-04	1.284412e-04
4.732980e+03	7.075321e-03	2.740080e-02	-1.554630e-04	-7.200247e-03	1.265062e-04	1.566236e-04
4.745370e+03	-1.886718e-02	2.090096e-02	-1.407252e-04	1.866683e-02	-2.484073e-06	1.354024e-04
4.757760e+03	-2.777900e-02	-4.102333e-03	-5.698762e-05	2.767900e-02	-1.140555e-04	1.076807e-04
4.770150e+03	-1.149852e-02	-2.545148e-02	8.596986e-05	1.139380e-02	-8.975670e-05	7.489845e-05
4.782540e+03	1.464559e-02	-2.315059e-02	9.361698e-05	-1.454641e-02	-7.172920e-05	-7.359726e-05
4.794930e+03	2.711157e-02	-3.966905e-04	6.038315e-05	-2.700286e-02	4.427442e-05	-1.356680e-04
4.807320e+03	1.508354e-02	2.263589e-02	-3.259969e-05	-1.488377e-02	1.319125e-04	-2.352727e-04
4.819710e+03	-1.053047e-02	2.449234e-02	-1.266792e-04	1.073064e-02	7.237778e-05	-2.197347e-04
4.832100e+03	-2.565714e-02	4.482341e-03	-1.501590e-05	2.591680e-02	-9.332402e-05	-2.270060e-04
4.844490e+03	-1.782459e-02	-1.965714e-02	2.110750e-05	1.785310e-02	-1.113886e-04	-9.037391e-05
4.856880e+03	6.745646e-03	-2.539754e-02	6.033332e-05	-6.674712e-03	-4.179472e-05	-7.895278e-05
4.869270e+03	2.435490e-02	-8.490028e-03	5.897163e-05	-2.442889e-02	9.729795e-06	2.776602e-05
4.881660e+03	2.029932e-02	1.600983e-02	-3.553166e-05	-2.034906e-02	7.651463e-05	7.813590e-05
4.894050e+03	-2.405197e-03	2.508771e-02	-6.526087e-05	2.302168e-03	5.567332e-05	1.081081e-04
4.906440e+03	-2.239466e-02	1.191155e-02	-1.007311e-04	2.229466e-02	-5.182416e-05	8.662883e-05
4.918830e+03	-2.217025e-02	-1.222828e-02	7.027105e-05	2.207056e-02	-7.693759e-05	1.009707e-04
4.931220e+03	-1.887172e-03	-2.469738e-02	9.067914e-05	1.808706e-03	-7.186808e-05	8.541343e-05
4.943610e+03	1.967775e-02	-1.500091e-02	9.656140e-05	-1.967902e-02	1.292897e-04	1.432380e-05
4.956000e+03	2.313016e-02	8.323651e-03	-2.591428e-05	-2.298626e-02	1.284491e-04	-8.087683e-05
4.968390e+03	5.555913e-03	2.377397e-02	-1.184640e-04	-5.399519e-03	4.840140e-05	-1.631763e-04
4.980780e+03	-1.672095e-02	1.719973e-02	-1.659546e-04	1.691487e-02	-1.453872e-06	-1.554379e-04
4.993170e+03	-2.333099e-02	-4.775959e-03	-3.570167e-05	2.350946e-02	-1.382826e-04	-1.832657e-04
5.005560e+03	-8.553776e-03	-2.239535e-02	1.168682e-04	8.706016e-03	-9.155066e-05	-1.303062e-04
5.017950e+03	1.391728e-02	-1.909671e-02	1.147158e-04	-1.390621e-02	-1.031738e-05	-9.363999e-05
5.030340e+03	2.352217e-02	1.088653e-03	1.257736e-04	-2.342187e-02	2.105340e-05	-6.094723e-05
5.042730e+03	1.174856e-02	2.035872e-02	-6.693540e-05	-1.174894e-02	5.835794e-05	-7.577763e-06
5.055120e+03	-1.060389e-02	2.069671e-02	-1.387692e-04	1.067421e-02	2.851365e-05	-6.882479e-06
5.067510e+03	-2.316301e-02	2.474301e-03	-4.346673e-05	2.306436e-02	-7.301306e-05	8.857916e-05
5.079900e+03	-1.451062e-02	-1.790503e-02	7.718180e-05	1.440623e-02	-1.205932e-04	9.717820e-05
5.092290e+03	6.902199e-03	-2.186267e-02	9.338290e-05	-6.997711e-03	-3.862110e-05	6.941426e-05
5.104680e+03	2.194533e-02	-5.918117e-03	7.104915e-05	-2.202162e-02	6.635603e-05	5.971006e-05
5.117070e+03	1.680028e-02	1.507230e-02	-2.146508e-05	-1.678475e-02	8.784537e-05	-1.255215e-05
5.129460e+03	-3.294195e-03	2.225437e-02	-1.182020e-04	3.338254e-03	2.164158e-05	-4.019874e-05
5.141850e+03	-2.022602e-02	9.226350e-03	-1.025979e-04	2.032602e-02	-6.155634e-05	-1.337000e-04
5.154240e+03	-1.867969e-02	-1.205425e-02	-1.990512e-05	1.877850e-02	-1.137769e-04	-1.133675e-04
5.166630e+03	-7.309334e-05	-2.183233e-02	1.186171e-04	2.327517e-04	-7.898907e-05	-1.578530e-04
5.179020e+03	1.830624e-02	-1.202065e-02	1.208463e-04	-1.820624e-02	5.839825e-05	-1.139738e-04
5.191410e+03	2.002186e-02	8.723938e-03	6.360059e-05	-1.993504e-02	7.628175e-05	-5.924826e-05
5.203800e+03	3.448224e-03	2.092733e-02	-9.536694e-05	-3.412013e-03	6.712172e-05	-3.334570e-05
5.216190e+03	-1.577674e-02	1.443348e-02	-1.190405e-04	1.577650e-02	-2.181847e-05	-8.400961e-07
5.228580e+03	-2.031241e-02	-5.321140e-03	-5.328803e-05	2.031277e-02	-6.977820e-05	2.775046e-05
5.240970e+03	-6.791425e-03	-1.981582e-02	1.057012e-04	6.738426e-03	-4.109415e-05	5.382878e-05
5.253360e+03	1.284091e-02	-1.638765e-02	1.203244e-04	-1.295238e-02	1.647140e-05	4.797570e-05
5.265750e+03	2.017562e-02	1.859579e-03	4.736506e-05	-2.017562e-02	1.231574e-04	2.338008e-05
5.278140e+03	9.482299e-03	1.807029e-02	-5.934227e-05	-9.448474e-03	5.453852e-05	-3.636466e-05
5.290530e+03	-9.752714e-03	1.765178e-02	-9.892944e-05	9.843736e-03	2.057483e-05	-8.938012e-05
5.302920e+03	-1.966790e-02	1.424319e-03	-6.592138e-05	1.976790e-02	-8.296213e-05	-1.140000e-04
5.315310e+03	-1.197790e-02	-1.595273e-02	4.995761e-05	1.205547e-02	-9.031480e-05	-8.940308e-05
5.327700e+03	6.843774e-03	-1.844479e-02	8.041745e-05	-6.716771e-03	-5.211316e-05	-1.318315e-04
5.340090e+03	1.909994e-02	-4.572964e-03	1.089129e-04	-1.899997e-02	2.903297e-05	-9.029790e-05
5.352480e+03	1.401650e-02	1.326142e-02	-1.487991e-05	-1.401346e-02	7.957089e-05	-4.650597e-05
5.364870e+03	-3.659363e-03	1.846745e-02	-8.537462e-05	3.685033e-03	3.152027e-05	-2.513301e-05
5.377260e+03	-1.739229e-02	7.042563e-03	-5.947494e-05	1.739229e-02	-3.748723e-05	-1.432322e-05
5.389650e+03	-1.527741e-02	-1.055271e-02	4.532411e-05	1.527802e-02	-6.985716e-05	1.449142e-05
5.402040e+03	4.666540e-04	-1.795682e-02	4.233763e-05	-4.944494e-04	-3.768587e-05	2.361976e-05
5.414430e+03	1.569918e-02	-9.383530e-03	5.592029e-05	-1.568060e-02	2.557447e-05	5.564605e-06
5.426820e+03	1.606961e-02	7.755463e-03	-2.458768e-05	-1.606845e-02	7.926286e-05	-1.979857e-05
5.439210e+03	2.307867e-03	1.720159e-02	-7.138625e-05	-2.320777e-03	2.617656e-05	5.087750e-06
5.451600e+03	-1.322306e-02	1.125956e-02	-6.577496e-05	1.322634e-02	-2.924640e-05	-2.141838e-05
5.463990e+03	-1.622178e-02	-4.829558e-03	-3.217994e-05	1.632178e-02	-8.318495e-05	-8.142227e-05
5.476380e+03	-4.793177e-03	-1.599987e-02	7.094278e-05	4.866708e-03	-3.456505e-05	-7.852971e-05
5.488770e+03	1.084559e-02	-1.271409e-02	2.905993e-05	-1.073192e-02	1.803680e-05	-1.123134e-04
5.501160e+03	1.610000e-02	2.083356e-03	4.361984e-06	-1.600000e-02	4.017732e-05	-8.458800e-05
5.513550e+03	7.102785e-03	1.450561e-02	-4.448417e-05	-7.054784e-03	2.853741e-05	-5.528040e-05
5.525940e+03	-8.247851e-03	1.355650e-02	-5.099560e-05	8.244330e-03	-2.535163e-05	-6.925644e-06
5.538330e+03	-1.542460e-02	3.845045e-04	-1.166331e-05	1.542460e-02	-7.018334e-05	-1.184007e-05
5.550720e+03	-8.756009e-03	-1.251378e-02	8.316069e-05	8.727873e-03	-4.251644e-05	2.933145e-05
5.563110e+03	5.715311e-03	-1.411495e-02	6.340620e-05	-5.704497e-03	1.560441e-05	-1.083828e-05
5.575500e+03	1.447240e-02	-2.812186e-03	2.818847e-05	-1.447229e-02	4.790822e-05	5.488481e-06
5.587890e+03	1.011446e-02	1.045635e-02	-5.696686e-05	-1.006275e-02	8.543463e-05	-5.170112e-05
5.600280e+03	-3.147404e-03	1.404347e-02	-6.548875e-05	3.198871e-03	-2.531552e-05	-5.763870e-05
5.612670e+03	-1.318062e-02	4.779362e-03	-3.428480e-05	1.321004e-02	-6.882472e-05	-7.523929e-05
5.625060e+03	-1.087944e-02	-8.232874e-03	1.217784e-05	1.097271e-02	-1.095499e-04	-7.503461e-05
5.637450e+03	8.409558e-04	-1.342400e-02	7.990103e-05	-8.070762e-04	-3.086317e-05	-3.207568e-05
5.649840e+03	1.147491e-02	-6.495893e-03	6.560000e-05	-1.138952e-02	2.232680e-05	-2.589066e-05
5.662230e+03	1.130671e-02	5.835670e-03	2.224268e-05	-1.123216e-02	5.866872e-05	-8.931420e-05
5.674620e+03	1.336999e-03	1.229916e-02	-3.158718e-06	-1.265205e-03	2.417446e-05	-7.318202e-05
5.687010e+03	-9.424399e-03	7.652317e-03	-8.985374e-05	9.510209e-03	-7.517252e-05	-9.540576e-05
5.699400e+03	-1.103826e-02	-3.718126e-03	-1.125475e-05	1.113831e-02	-5.073199e-05	-6.782117e-05
5.711790e+03	-2.939426e-03	-1.093227e-02	1.848371e-05	2.969377e-03	-3.639150e-05	-3.346035e-05
5.724180e+03	7.551889e-03	-8.153920e-03	3.588873e-05	-7.533502e-03	-3.236720e-06	-2.289877e-05
5.736570e+03	1.048083e-02	1.914563e-03	3.351600e-05	-1.048080e-02	5.192462e-05	7.007480e-06
5.748960e+03	3.900983e-03	9.571693e-03	-2.616245e-05	-3.930799e-03	5.471205e-05	2.443261e-05
5.761350e+03	-5.731081e-03	8.323131e-03	-4.731271e-05	5.738760e-03	-2.953723e-05	-9.165544e-06
5.773740e+03	-9.544021e-03	-3.904138e-04	-1.903179e-05	9.587041e-03	-1.768734e-05	-5.422518e-05
5.786130e+03	-4.693363e-03	-8.252148e-03	1.919407e-05	4.778551e-03	-3.400598e-05	-9.013332e-05
5.798520e+03	4.198211e-03	-8.207129e-03	3.750696e-05	-4.093806e-03	1.050165e-05	-1.116675e-04
5.810910e+03	8.680000e-03	-8.581790e-04	3.810130e-05	-8.606041e-03	4.182584e-05	-7.859968e-05
5.823300e+03	5.260178e-03	6.851038e-03	-1.205794e-05	-5.198759e-03	2.968781e-05	-6.475794e-05
5.835690e+03	-2.917087e-03	7.698851e-03	-6.619439e-05	2.970604e-03	-1.552035e-06	-5.682655e-05
5.848080e+03	-7.728748e-03	1.671120e-03	-5.818749e-05	7.791872e-03	5.002549e-06	-6.437423e-05
5.860470e+03	-5.449161e-03	-5.623665e-03	9.956237e-07	5.513139e-03	-3.583546e-05	-6.055445e-05
5.872860e+03	1.816389e-03	-7.336583e-03	1.915735e-05	-1.755403e-03	-2.001591e-05	-5.319107e-05
5.885250e+03	7.029880e-03	-2.403915e-03	1.339695e-05	-6.976170e-03	4.379085e-05	-4.592067e-05
5.897640e+03	5.567606e-03	4.335586e-03	-3.170327e-05	-5.515549e-03	1.948423e-06	-4.831494e-05
5.910030e+03	-7.850309e-04	6.738428e-03	-4.589616e-05	7.664917e-04	1.117959e-05	1.509649e-05
5.922420e+03	-6.054669e-03	2.807885e-03	-3.789226e-06	6.061961e-03	-2.008228e-05	-4.635273e-06
5.934810e+03	-5.236164e-03	-3.426858e-03	4.504039e-05	5.272736e-03	-3.615557e-05	-4.590632e-05
5.947200e+03	1.282622e-04	-6.139472e-03	5.755927e-05	-1.467378e-04	-4.315783e-06	1.934632e-05
5.959590e+03	5.133367e-03	-3.124262e-03	-6.431347e-06	-5.099194e-03	1.335929e-05	-4.088504e-05
5.971980e+03	5.235537e-03	2.609745e-03	-4.633918e-05	-5.168914e-03	2.509196e-05	-6.114472e-05
5.984370e+03	5.117564e-04	5.507576e-03	-7.782955e-06	-4.708166e-04	-1.823905e-05	-4.739960e-05
5.996760e+03	-4.251565e-03	3.075143e-03	-3.095985e-05	4.342716e-03	-4.715337e-05	-9.040303e-05
6.009150e+03	-4.771003e-03	-1.997071e-03	3.476036e-05	4.926556e-03	-3.260868e-05	-1.521696e-04
6.021540e+03	-7.560465e-04	-4.925826e-03	5.656017e-05	8.234197e-04	-1.874868e-05	-6.737201e-05
6.033930e+03	3.695953e-03	-3.301308e-03	1.526081e-05	-3.654756e-03	2.669165e-05	-4.607184e-05
6.046320e+03	4.489828e-03	1.311351e-03	-3.081831e-05	-4.463039e-03	2.113332e-05	-2.924287e-05
6.058710e+03	1.171908e-03	4.336111e-03	-2.193325e-05	-1.191524e-03	1.453002e-06	2.040597e-05
6.071100e+03	-3.048813e-03	3.176297e-03	-1.127677e-05	3.022084e-03	-4.529713e-06	2.073571e-05
6.083490e+03	-4.102871e-03	-8.959284e-04	-2.484575e-06	4.117230e-03	-1.909993e-05	-2.177345e-05
6.095880e+03	-1.293585e-03	-3.926760e-03	8.389235e-06	1.291887e-03	3.625005e-06	2.153468e-06
6.108270e+03	2.439271e-03	-3.124806e-03	-1.899501e-05	-2.429108e-03	3.306322e-05	-6.006999e-06
6.120660e+03	3.774372e-03	4.502433e-04	3.181811e-05	-3.751124e-03	2.515872e-05	-2.904928e-05
6.133050e+03	1.485294e-03	3.368482e-03	-2.178198e-05	-1.436024e-03	1.145866e-05	-5.544340e-05
6.145440e+03	-1.992617e-03	2.839944e-03	-2.566292e-05	2.059511e-03	-1.770805e-05	-6.750443e-05
6.157830e+03	-3.399986e-03	-2.795117e-04	-6.039343e-05	3.489979e-03	5.635231e-06	-8.639032e-05
6.170220e+03	-1.375523e-03	-2.920642e-03	3.581567e-05	1.425599e-03	-4.017297e-05	-3.897528e-05
6.182610e+03	1.685203e-03	-2.693680e-03	-7.573550e-06	-1.673487e-03	1.553685e-07	-1.850585e-05
6.195000e+03	2.987080e-03	9.578537e-05	2.486011e-05	-2.942822e-03	-1.704045e-05	-4.792488e-05
6.207390e+03	1.354622e-03	2.528279e-03	-2.488824e-05	-1.334638e-03	4.749954e-05	-1.320175e-05
6.219780e+03	-1.400400e-03	2.335934e-03	9.716339e-06	1.441656e-03	-7.951486e-07	-3.960290e-05
6.232170e+03	-2.543233e-03	-6.349307e-05	1.320985e-05	2.548895e-03	-6.128263e-06	-2.194342e-05
6.244560e+03	-1.252704e-03	-2.304965e-03	5.042885e-06	1.236888e-03	-6.941939e-06	1.250113e-05
6.256950e+03	1.287323e-03	-2.051132e-03	2.069887e-05	-1.307412e-03	-1.319858e-05	1.369821e-05
6.269340e+03	2.295987e-03	7.176319e-05	-2.391370e-05	-2.256904e-03	3.626741e-05	-3.356003e-05
6.281730e+03	9.759235e-04	1.996700e-03	-5.399924e-06	-9.434732e-04	8.005664e-06	-3.315642e-05
6.294120e+03	-1.225237e-03	1.766329e-03	-1.151166e-05	1.277717e-03	-1.020139e-05	-4.664447e-05
6.306510e+03	-2.129993e-03	-2.737762e-04	1.719223e-05	2.179990e-03	-1.763403e-05	-5.389227e-05
6.318900e+03	-8.013998e-04	-2.045108e-03	2.237071e-05	8.564433e-04	-2.700462e-05	-5.489877e-05
6.331290e+03	1.422839e-03	-1.739354e-03	-4.808788e-06	-1.361694e-03	1.116106e-05	-5.665338e-05
6.343680e+03	2.154574e-03	3.192017e-04	-1.765593e-05	-2.131120e-03	4.966431e-05	-2.620497e-05
6.356070e+03	8.218196e-04	2.040322e-03	-2.407411e-05	-7.999655e-04	3.359980e-06	-2.147572e-05
6.368460e+03	-1.376892e-03	1.696976e-03	-2.048846e-05	1.409029e-03	-2.196451e-05	-3.533423e-05
6.380850e+03	-2.127353e-03	-3.805716e-04	7.936081e-06	2.135402e-03	-4.039475e-05	-1.464756e-05
6.393240e+03	-6.622013e-04	-2.126799e-03	1.990558e-05	6.965317e-04	-6.566489e-06	-3.439788e-05
6.405630e+03	1.445957e-03	-1.809603e-03	-1.018065e-05	-1.431240e-03	2.154604e-05	1.296147e-06
6.418020e+03	2.202841e-03	4.198453e-04	9.230911e-06	-2.180793e-03	-8.661173e-08	-1.793879e-05
6.430410e+03	7.448780e-04	2.101647e-03	-1.717543e-05	-7.028450e-04	4.025339e-06	-4.378314e-05
6.442800e+03	-1.472228e-03	1.745307e-03	-1.049586e-05	1.509112e-03	-1.722374e-05	-4.197122e-05
6.455190e+03	-2.299986e-03	-5.497371e-04	-8.121766e-06	2.349986e-03	-2.937736e-05	-4.729969e-05
6.467580e+03	-7.290271e-04	-2.319394e-03	-9.365218e-06	7.913012e-04	-2.383077e-05	-5.823335e-05
6.479970e+03	1.733264e-03	-1.924085e-03	4.862393e-05	-1.660757e-03	2.083378e-05	-6.154979e-05
6.492360e+03	2.538268e-03	3.849341e-04	2.129092e-05	-2.518541e-03	9.835004e-06	-2.433270e-05
6.504750e+03	9.453220e-04	2.525986e-03	1.156802e-05	-9.259515e-04	2.523873e-05	-2.078122e-05
6.517140e+03	-1.607104e-03	2.134964e-03	-2.195327e-05	1.643874e-03	2.525210e-05	-3.598869e-05
6.529530e+03	-2.770000e-03	-3.190572e-04	-2.992155e-05	2.799206e-03	-2.105806e-05	-1.886912e-05
6.541920e+03	-1.199549e-03	-2.653006e-03	-3.353500e-05	1.237551e-03	-7.959249e-06	-3.943349e-05
6.554310e+03	1.582141e-03	-2.537384e-03	-1.852930e-05	-1.541881e-03	-1.425534e-05	-3.784731e-05
6.566700e+03	3.012092e-03	9.466100e-05	-3.286825e-06	-2.963316e-03	1.770498e-05	-4.096214e-05
6.579090e+03	1.650906e-03	2.546555e-03	-1.800342e-05	-1.620797e-03	5.170621e-06	-3.448274e-05
6.591480e+03	-1.379628e-03	2.878589e-03	-9.117883e-07	1.397231e-03	2.583908e-05	-1.887061e-05
6.603870e+03	-3.091147e-03	3.111786e-04	9.001194e-06	3.103238e-03	-5.795604e-06	-1.711872e-05
6.616260e+03	-1.984685e-03	-2.570699e-03	-1.417398e-05	1.997518e-03	-4.651953e-05	-1.692773e-05
6.628650e+03	1.102834e-03	-3.062327e-03	8.893864e-06	-1.058285e-03	-2.877086e-05	-4.175485e-05
6.641040e+03	3.238208e-03	-7.793831e-04	2.579793e-05	-3.195341e-03	-1.016121e-05	-4.743394e-05
6.653430e+03	2.320496e-03	2.366395e-03	5.903497e-05	-2.280262e-03	2.328172e-05	-4.172382e-05
6.665820e+03	-7.397513e-04	3.272920e-03	-1.782446e-05	7.770858e-04	1.400956e-06	-3.750986e-05
6.678210e+03	-3.161854e-03	1.058874e-03	2.293680e-07	3.196777e-03	-9.380482e-06	-3.414081e-05
6.690600e+03	-2.618429e-03	-2.245427e-03	3.243054e-07	2.625620e-03	-2.856129e-05	-4.711442e-06
6.702990e+03	4.875450e-04	-3.469735e-03	-1.170372e-08	-4.768341e-04	2.649407e-05	-1.082707e-05
6.715380e+03	3.168365e-03	-1.443262e-03	-3.023831e-05	-3.168365e-03	-1.724638e-05	1.687658e-06
6.727770e+03	2.993160e-03	1.910856e-03	-8.144699e-06	-2.970487e-03	1.534739e-05	-1.289742e-05
6.740160e+03	-1.961777e-05	3.497352e-03	1.242794e-05	2.857551e-05	-1.770571e-05	-1.086313e-05
6.752550e+03	-3.018353e-03	1.885685e-03	-1.843195e-06	3.061252e-03	-1.653303e-05	-4.293966e-05
6.764940e+03	-3.217721e-03	-1.558259e-03	-1.067636e-05	3.282206e-03	-5.279161e-06	-4.955970e-05
6.777330e+03	-3.547846e-04	-3.619823e-03	-1.456254e-05	3.933052e-04	7.189456e-06	-3.704169e-05
6.789720e+03	2.843797e-03	-2.335557e-03	2.127899e-05	-2.793676e-03	2.007626e-05	-4.429572e-05
6.802110e+03	3.516722e-03	1.124574e-03	6.486361e-06	-3.508247e-03	7.728758e-06	-1.484126e-05
6.814500e+03	9.388157e-04	3.568809e-03	-3.650763e-05	-8.931175e-04	2.529921e-05	-4.275686e-05
6.826890e+03	-2.451544e-03	2.588887e-03	-2.024386e-05	2.482468e-03	-1.269122e-05	-2.579271e-05
6.839280e+03	-3.598203e-03	-7.656692e-04	-8.988870e-06	3.611361e-03	-4.115381e-05	-9.895533e-06
6.851670e+03	-1.252247e-03	-3.467550e-03	1.892070e-05	1.264840e-03	-7.059975e-06	-1.704704e-05
6.864060e+03	2.237173e-03	-2.937333e-03	4.158469e-06	-2.243828e-03	2.264244e-05	1.093634e-05
6.876450e+03	3.764567e-03	3.056392e-04	2.903493e-06	-3.715355e-03	2.917204e-06	-4.730307e-05
6.888840e+03	1.683127e-03	3.229127e-03	-3.587274e-05	-1.674548e-03	1.266884e-05	-6.693183e-06
6.901230e+03	-1.775541e-03	3.232383e-03	-3.659302e-05	1.810314e-03	-2.292745e-05	-3.372698e-05
6.913620e+03	-3.679139e-03	1.964155e-04	-1.816032e-05	3.699314e-03	-3.582260e-06	-1.677538e-05
6.926010e+03	-2.139676e-03	-3.101786e-03	3.688415e-05	2.184102e-03	-1.518924e-05	-4.317176e-05
6.938400e+03	1.426700e-03	-3.503245e-03	1.407505e-05	-1.389613e-03	-7.185876e-06	-3.316537e-05
6.950790e+03	3.674447e-03	-6.398296e-04	-1.462151e-06	-3.663817e-03	1.287703e-05	-1.321267e-05
6.963180e+03	2.558946e-03	2.750951e-03	-2.343759e-05	-2.521502e-03	3.700793e-05	-3.723640e-05
6.975570e+03	-1.007969e-03	3.528573e-03	-3.715166e-05	1.054713e-03	3.040039e-05	-4.456622e-05
6.987960e+03	-3.558260e-03	1.017348e-03	-5.411577e-05	3.594339e-03	-4.012945e-05	-3.217495e-05
7.000350e+03	-2.761549e-03	-2.471104e-03	1.113950e-05	2.810859e-03	-3.231068e-05	-4.131717e-05
7.012740e+03	6.104349e-04	-3.687207e-03	2.390432e-05	-5.933504e-04	-2.646289e-05	-1.839560e-05
7.025130e+03	3.475017e-03	-1.481302e-03	3.908639e-05	-3.444353e-03	-1.060500e-05	-3.700851e-05
7.037520e+03	3.011934e-03	2.070140e-03	6.621629e-06	-3.010943e-03	1.145483e-05	6.352504e-06
7.049910e+03	-6.567079e-05	3.634819e-03	-1.721095e-05	8.686216e-05	2.413469e-05	-2.136587e-05
7.062300e+03	-3.169694e-03	1.876649e-03	-1.464904e-05	3.174525e-03	-5.969092e-07	-5.432582e-06
7.074690e+03	-3.231039e-03	-1.671748e-03	-4.705911e-05	3.254230e-03	-2.762786e-05	-2.286508e-05
7.087080e+03	-2.250714e-04	-3.588187e-03	-1.463332e-05	2.301735e-04	-8.314889e-06	-6.154220e-06
7.099470e+03	2.864890e-03	-2.142777e-03	-2.645585e-05	-2.837160e-03	-2.664607e-05	-1.936572e-05
7.111860e+03	3.372335e-03	1.249178e-03	2.177867e-06	-3.355937e-03	-1.819581e-06	-2.477899e-05
7.124250e+03	5.320939e-04	3.315842e-03	-9.170568e-06	-4.793770e-04	6.868097e-06	-4.371468e-05
7.136640e+03	-2.595403e-03	2.442612e-03	4.035239e-05	2.621822e-03	6.062922e-06	-2.617873e-05
7.149030e+03	-3.480897e-03	-9.176462e-04	3.874042e-06	3.489890e-03	-1.068244e-05	-1.455486e-05
7.161420e+03	-1.084393e-03	-3.483962e-03	-9.025800e-07	1.117989e-03	-1.944158e-06	-3.552845e-05
7.173810e+03	2.314370e-03	-2.792866e-03	-1.373800e-05	-2.254193e-03	2.379017e-05	-6.317307e-05
7.186200e+03	3.622923e-03	4.494220e-04	9.040290e-07	-3.600475e-03	-5.300987e-06	-3.240320e-05
7.198590e+03	1.543147e-03	3.282934e-03	-2.677989e-05	-1.516326e-03	-1.968925e-05	-2.488388e-05
7.210980e+03	-2.044432e-03	3.033305e-03	2.350230e-06	2.054915e-03	-1.350586e-05	-1.202403e-05
7.223370e+03	-3.584695e-03	-7.610338e-05	3.703454e-05	3.614859e-03	-2.698311e-05	-2.961747e-05
7.235760e+03	-1.861046e-03	-3.018038e-03	1.511186e-05	1.906508e-03	-8.396588e-06	-4.339228e-05
7.248150e+03	1.552071e-03	-3.276646e-03	1.462082e-05	-1.510689e-03	1.215273e-05	-3.900286e-05
7.260540e+03	3.533031e-03	-3.811012e-04	2.167129e-05	-3.503482e-03	1.903409e-05	-3.360844e-05
7.272930e+03	2.254155e-03	2.728749e-03	-2.958176e-05	-2.241890e-03	-1.918437e-05	-6.553123e-06
7.285320e+03	-1.188010e-03	3.296152e-03	-2.003888e-05	1.192937e-03	-3.445399e-05	-5.277572e-06
7.297710e+03	-3.437300e-03	7.627966e-04	7.534942e-06	3.450727e-03	-1.343858e-05	-1.404500e-05
7.310100e+03	-2.527362e-03	-2.562042e-03	-1.557489e-06	2.529453e-03	-9.032806e-06	-6.371538e-06
7.322490e+03	7.855831e-04	-3.507562e-03	9.611471e-06	-7.358142e-04	1.997215e-05	-5.095452e-05
7.334880e+03	3.380769e-03	-1.207862e-03	-7.322565e-07	-3.353164e-03	1.707950e-05	-2.006709e-05
7.347270e+03	2.844485e-03	2.224015e-03	-2.414541e-05	-2.812918e-03	4.563703e-06	-2.918871e-05
7.359660e+03	-3.113201e-04	3.529722e-03	-1.980816e-05	3.480090e-04	1.046758e-05	-3.707157e-05
7.372050e+03	-3.120478e-03	1.605206e-03	-1.356166e-05	3.154707e-03	-1.837545e-05	-3.642944e-05
7.384440e+03	-3.009824e-03	-1.808505e-03	9.410730e-06	3.040289e-03	-3.192999e-05	-2.730168e-05
7.396830e+03	-1.950714e-05	-3.522263e-03	3.004792e-05	5.296737e-05	-1.771562e-05	-3.288368e-05
7.409220e+03	2.951704e-03	-1.994628e-03	2.595400e-05	-2.947626e-03	-1.757965e-05	-4.734995e-06
7.421610e+03	3.297848e-03	1.421214e-03	1.538457e-05	-3.275494e-03	3.019474e-05	-2.279929e-05
7.434000e+03	5.219220e-04	3.464955e-03	-3.935661e-06	-4.812558e-04	2.291979e-05	-3.775332e-05
7.446390e+03	-2.634598e-03	2.270159e-03	4.793418e-06	2.693375e-03	-8.370667e-06	-6.286259e-05
7.458780e+03	-3.392852e-03	-1.002613e-03	8.047724e-06	3.423230e-03	-1.424182e-05	-3.048083e-05
7.471170e+03	-9.253904e-04	-3.417456e-03	1.258302e-05	9.539413e-04	-1.270882e-05	-3.128463e-05
7.483560e+03	2.359386e-03	-2.612576e-03	1.704576e-05	-2.341018e-03	-3.329142e-06	-1.293524e-05
7.495950e+03	3.499732e-03	5.793873e-04	4.274036e-06	-3.470834e-03	8.145698e-06	-2.288216e-05
7.508340e+03	1.457455e-03	3.222205e-03	-4.788257e-06	-1.417365e-03	-8.904039e-06	-4.196636e-05
7.520730e+03	-1.963470e-03	2.860476e-03	-4.359386e-06	2.010686e-03	1.090170e-05	-4.691185e-05
7.533120e+03	-3.470908e-03	-1.073635e-04	-1.088027e-05	3.500030e-03	-1.553519e-05	-3.484454e-05
7.545510e+03	-1.739498e-03	-3.059258e-03	9.538056e-06	1.771707e-03	-2.764497e-05	-2.477185e-05
7.557900e+03	1.625530e-03	-3.070383e-03	-2.790557e-06	-1.587967e-03	1.794030e-05	-4.303419e-05
7.570290e+03	3.437565e-03	-3.118553e-04	7.821498e-06	-3.407361e-03	-2.181507e-05	-2.143676e-05
7.582680e+03	2.166188e-03	2.725914e-03	-1.998827e-05	-2.140632e-03	2.022664e-05	-2.595688e-05
7.595070e+03	-1.146776e-03	3.225910e-03	-2.017212e-05	1.182858e-03	3.410586e-06	-3.080884e-05
7.607460e+03	-3.339861e-03	7.153073e-04	1.627490e-05	3.369933e-03	-3.389887e-05	-2.695608e-05
7.619850e+03	-2.433216e-03	-2.434238e-03	-8.850533e-06	2.469881e-03	6.537974e-06	-4.169376e-05
7.632240e+03	7.555739e-04	-3.326615e-03	1.531182e-05	-7.243053e-04	-3.045230e-06	-2.823501e-05
7.644630e+03	3.181395e-03	-1.232559e-03	-7.766402e-06	-3.152847e-03	1.342930e-05	-3.236107e-05
7.657020e+03	2.746143e-03	2.008647e-03	-2.493568e-05	-2.719594e-03	2.865684e-05	-2.968870e-05
7.669410e+03	-2.798027e-04	3.267964e-03	-7.821884e-06	2.779913e-04	-2.080519e-05	2.377272e-07
7.681800e+03	-2.894802e-03	1.539724e-03	6.486664e-06	2.917676e-03	-9.719620e-06	-2.048690e-05
7.694190e+03	-2.874094e-03	-1.658093e-03	7.574176e-06	2.875346e-03	-2.741846e-05	-1.329497e-05
7.706580e+03	-1.097940e-04	-3.318791e-03	-2.631962e-06	1.227573e-04	2.158018e-05	-1.405209e-05
7.718970e+03	2.708594e-03	-1.908702e-03	1.934386e-05	-2.662728e-03	2.842376e-05	-4.428077e-05
7.731360e+03	3.088487e-03	1.245933e-03	-3.603971e-05	-3.047001e-03	-5.888995e-07	-3.785466e-05
7.743750e+03	5.717322e-04	3.200504e-03	-4.179064e-05	-5.340845e-04	-1.563359e-05	-3.763615e-05
7.756140e+03	-2.375574e-03	2.182015e-03	-1.515655e-05	2.387323e-03	-2.759500e-05	-1.175375e-05
7.768530e+03	-3.116929e-03	-8.641978e-04	7.998240e-06	3.142879e-03	-1.711887e-05	-2.182645e-05
7.780920e+03	-1.021153e-03	-3.107593e-03	1.650356e-05	1.017850e-03	-2.312748e-05	4.212721e-06
7.793310e+03	2.016545e-03	-2.575867e-03	2.376436e-05	-1.998248e-03	1.282307e-05	-2.187361e-05
7.805700e+03	3.205544e-03	1.280507e-04	-3.018064e-05	-3.176022e-03	2.446366e-05	-2.695516e-05
7.818090e+03	1.492589e-03	2.771525e-03	-4.649864e-05	-1.452318e-03	2.424778e-05	-4.060706e-05
7.830480e+03	-1.573334e-03	2.635274e-03	-2.912591e-05	1.604295e-03	-2.623058e-05	-2.449655e-05
7.842870e+03	-2.970084e-03	9.794389e-05	-1.639371e-05	3.011912e-03	-5.107658e-05	-4.693305e-05
7.855260e+03	-1.671670e-03	-2.608925e-03	3.833343e-05	1.708688e-03	-1.596986e-05	-4.227866e-05
7.867650e+03	1.273644e-03	-2.786550e-03	4.312281e-05	-1.243980e-03	1.153936e-06	-3.751741e-05
7.880040e+03	2.992776e-03	-4.006000e-04	-2.944124e-05	-2.978090e-03	3.073819e-05	-2.314798e-05
7.892430e+03	1.976632e-03	2.362290e-03	-1.545024e-05	-1.948911e-03	1.202882e-05	-3.109210e-05
7.904820e+03	-8.880141e-04	2.891897e-03	-1.401431e-05	9.404735e-04	-1.041779e-05	-5.159358e-05
7.917210e+03	-2.873187e-03	7.784334e-04	-4.299727e-07	2.902831e-03	-3.487216e-05	-3.245666e-05
7.929600e+03	-2.212275e-03	-2.042615e-03	1.156788e-05	2.241176e-03	-4.705791e-05	-3.169407e-05
7.941990e+03	5.062031e-04	-3.051116e-03	3.965124e-05	-4.879464e-04	-1.244558e-05	-1.840416e-05
7.954380e+03	2.783413e-03	-1.204290e-03	2.441965e-05	-2.774300e-03	1.799591e-05	-6.160540e-06
7.966770e+03	2.471066e-03	1.644386e-03	7.861339e-06	-2.470771e-03	3.110424e-05	8.389661e-09
7.979160e+03	-3.868370e-05	2.942415e-03	-3.536389e-05	5.308810e-05	-1.470619e-05	-1.300099e-05
7.991550e+03	-2.465110e-03	1.522167e-03	-4.127822e-05	2.508096e-03	-1.994187e-05	-3.622087e-05
8.003940e+03	-2.576861e-03	-1.306447e-03	1.603458e-07	2.624548e-03	-2.527180e-05	-5.400819e-05
8.016330e+03	-2.578382e-04	-2.795917e-03	-9.436875e-06	3.046285e-04	-3.056662e-05	-4.712023e-05
8.028720e+03	2.210387e-03	-1.744140e-03	2.194336e-05	-2.188815e-03	1.060773e-05	-2.252669e-05
8.041110e+03	2.615703e-03	9.872782e-04	-2.243794e-05	-2.607631e-03	2.010624e-05	-3.366427e-06
8.053500e+03	6.045655e-04	2.700042e-03	-1.218358e-05	-5.986693e-04	2.114992e-05	-6.826381e-06
8.065890e+03	-2.012838e-03	2.022607e-03	-3.343154e-05	2.030533e-03	-2.335582e-05	-1.942258e-05
8.078280e+03	-2.718775e-03	-5.835809e-04	-1.343692e-05	2.754391e-03	-3.749846e-05	-4.294931e-05
8.090670e+03	-1.065534e-03	-2.583020e-03	2.084481e-05	1.093000e-03	-2.784974e-05	-3.217718e-05
8.103060e+03	1.618166e-03	-2.320630e-03	-2.619649e-06	-1.569685e-03	7.382040e-06	-4.674255e-05
8.115450e+03	2.698821e-03	4.027908e-05	3.841371e-05	-2.628952e-03	-1.277579e-05	-6.769759e-05
8.127840e+03	1.377767e-03	2.228215e-03	-4.556194e-06	-1.349874e-03	1.152260e-05	-3.782437e-05
8.140230e+03	-1.168825e-03	2.273338e-03	-2.551483e-05	1.180325e-03	-8.618469e-06	-1.611099e-05
8.152620e+03	-2.535009e-03	1.831066e-04	-4.671089e-05	2.525787e-03	-3.331442e-05	5.144566e-06
8.165010e+03	-1.456927e-03	-2.109301e-03	1.013235e-05	1.466542e-03	-1.575898e-05	-1.663858e-05
8.177400e+03	9.598808e-04	-2.338235e-03	4.526683e-06	-9.663105e-04	4.425401e-06	1.860912e-06
8.189790e+03	2.535112e-03	-4.757386e-04	-5.854178e-07	-2.505877e-03	-1.132915e-05	-2.616083e-05
8.202180e+03	1.786412e-03	1.827078e-03	-1.821330e-05	-1.767799e-03	-6.256736e-06	-2.599699e-05
8.214570e+03	-6.258903e-04	2.363343e-03	-1.895575e-05	6.633638e-04	5.403708e-06	-4.144621e-05
8.226960e+03	-2.299568e-03	7.896652e-04	-1.344463e-05	2.398960e-03	-4.706205e-06	-8.575957e-05
8.239350e+03	-1.898597e-03	-1.539899e-03	-9.163020e-06	1.961170e-03	-3.379091e-05	-6.211030e-05
8.251740e+03	2.914283e-04	-2.377700e-03	1.275725e-05	-2.642696e-04	-3.323120e-05	-2.703876e-05
8.264130e+03	2.240950e-03	-1.033027e-03	1.115902e-05	-2.214639e-03	-2.023301e-05	-3.043097e-05
8.276520e+03	2.010347e-03	1.226490e-03	-1.895634e-05	-1.991933e-03	2.131624e-05	-1.676328e-05
8.288910e+03	4.403439e-05	2.267568e-03	-1.041088e-05	-2.368223e-05	8.487422e-06	-2.126220e-05
8.301300e+03	-1.997043e-03	1.235201e-03	-9.030035e-06	2.040726e-03	-8.626449e-06	-3.624950e-05
8.313690e+03	-2.136479e-03	-9.779275e-04	-1.428659e-05	2.181465e-03	-1.843198e-05	-3.919061e-05
8.326080e+03	-3.087787e-04	-2.250694e-03	1.593923e-06	3.513612e-04	9.845141e-06	-4.108681e-05
8.338470e+03	1.770147e-03	-1.530785e-03	1.918037e-05	-1.718559e-03	-9.915779e-06	-4.539830e-05
8.350860e+03	2.170946e-03	6.289651e-04	-1.570396e-05	-2.127961e-03	-2.313067e-05	-3.745561e-05
8.363250e+03	3.494977e-04	2.034003e-03	-3.456826e-05	-3.102160e-04	-5.520386e-06	-3.635637e-05
8.375640e+03	-1.416874e-03	1.553242e-03	5.823821e-06	1.436772e-03	4.415234e-06	-1.571600e-05
8.388030e+03	-2.139211e-03	-4.134637e-04	9.394126e-06	2.176884e-03	-8.909273e-06	-4.249852e-05
8.400420e+03	-8.283312e-04	-2.127389e-03	-1.882245e-05	8.707188e-04	6.032260e-06	-4.416650e-05
8.412810e+03	1.254879e-03	-1.836868e-03	-3.357248e-06	-1.220473e-03	-1.255796e-05	-3.162109e-05
8.425200e+03	2.107382e-03	5.501359e-05	5.935842e-06	-2.061782e-03	1.458004e-05	-5.171574e-05
8.437590e+03	1.097225e-03	1.782063e-03	-1.521355e-05	-1.065256e-03	5.390862e-06	-3.248626e-05
8.449980e+03	-8.987232e-04	1.828370e-03	5.207990e-06	9.135081e-04	-4.436925e-06	-1.514233e-05
8.462370e+03	-1.963197e-03	1.723278e-04	2.663352e-06	2.000061e-03	-9.253723e-06	-3.568063e-05
8.474760e+03	-1.208200e-03	-1.584210e-03	-1.964805e-05	1.227631e-03	2.136364e-06	-2.126196e-05
8.487150e+03	7.101250e-04	-1.856051e-03	1.671884e-06	-6.818639e-04	-2.481388e-05	-2.584581e-05
8.499540e+03	1.882922e-03	-4.392931e-04	5.648798e-06	-1.867131e-03	6.573890e-06	-2.356320e-05
8.511930e+03	1.342898e-03	1.327422e-03	5.704992e-06	-1.293208e-03	-7.090502e-06	-4.573660e-05
8.524320e+03	-4.050068e-04	1.794199e-03	-2.421583e-05	4.578058e-04	-7.256504e-06	-5.177943e-05
8.536710e+03	-1.727717e-03	5.767611e-04	-6.367827e-07	1.787650e-03	5.588809e-06	-5.420806e-05
8.549100e+03	-1.442232e-03	-1.183882e-03	-3.142981e-05	1.491467e-03	1.454391e-06	-5.205740e-05
8.561490e+03	2.604010e-04	-1.806635e-03	1.811101e-06	-2.235529e-04	-4.068640e-05	-3.665340e-05
8.573880e+03	1.604679e-03	-7.743478e-04	-9.887615e-06	-1.575110e-03	-1.831226e-05	-2.882486e-05
8.586270e+03	1.474721e-03	8.383649e-04	3.758618e-05	-1.454736e-03	-2.999628e-05	-2.809623e-05
8.598660e+03	-5.190670e-06	1.649992e-03	7.904782e-06	5.833973e-05	6.831443e-06	-5.169321e-05
8.611050e+03	-1.395815e-03	8.219865e-04	1.882734e-05	1.450247e-03	7.761346e-06	-5.451592e-05
8.623440e+03	-1.399636e-03	-8.537266e-04	-1.296292e-06	1.460811e-03	1.607573e-05	-5.250176e-05
8.635830e+03	-6.797731e-05	-1.697742e-03	-1.577951e-05	9.124524e-05	-1.296478e-05	-2.654795e-05
8.648220e+03	1.393663e-03	-1.001799e-03	-1.051955e-05	-1.365118e-03	2.143847e-05	-2.409424e-05
8.660610e+03	1.538751e-03	5.490197e-04	2.414810e-07	-1.551497e-03	6.935839e-07	6.460113e-06
8.673000e+03	3.316274e-04	1.542437e-03	1.344200e-05	-3.022992e-04	-1.347840e-05	-2.851132e-05
8.685390e+03	-1.141983e-03	1.048128e-03	9.008859e-06	1.158453e-03	-2.773891e-06	-1.497124e-05
8.697780e+03	-1.519031e-03	-4.740734e-04	1.730518e-05	1.532779e-03	7.889829e-06	-2.543071e-05
8.710170e+03	-3.439819e-04	-1.564069e-03	4.112974e-06	3.925212e-04	1.065552e-05	-4.848134e-05
8.722560e+03	1.140839e-03	-1.188014e-03	9.379414e-06	-1.072230e-03	1.641767e-05	-7.457604e-05
8.734950e+03	1.601209e-03	2.521859e-04	-8.834998e-07	-1.560492e-03	2.656494e-05	-4.083310e-05
8.747340e+03	6.354416e-04	1.481131e-03	-1.896732e-05	-5.834846e-04	6.959632e-06	-5.195126e-05
8.759730e+03	-9.206702e-04	1.300113e-03	-1.199717e-05	9.568268e-04	-9.491329e-06	-3.546745e-05
8.772120e+03	-1.535543e-03	-1.315410e-04	2.293872e-05	1.564283e-03	-1.462671e-05	-2.610132e-05
8.784510e+03	-7.097671e-04	-1.453223e-03	1.409682e-05	7.528932e-04	-5.434046e-08	-4.628556e-05
8.796900e+03	7.676570e-04	-1.359782e-03	1.890034e-06	-7.466346e-04	1.148632e-05	-2.140978e-05
8.809290e+03	1.541530e-03	-9.196956e-05	-1.092544e-05	-1.502077e-03	1.047092e-05	-2.930260e-05
8.821680e+03	9.111080e-04	1.225063e-03	-2.041422e-05	-8.623890e-04	9.999098e-06	-5.031215e-05
8.834070e+03	-5.564683e-04	1.377765e-03	1.681167e-06	5.784701e-04	-2.245952e-05	-2.219439e-05
8.846460e+03	-1.399391e-03	2.070658e-04	6.466333e-06	1.423612e-03	-1.485235e-07	-2.840925e-05
8.858850e+03	-9.075151e-04	-1.103253e-03	1.296384e-05	9.597737e-04	-1.156646e-05	-5.245654e-05
8.871240e+03	4.662414e-04	-1.442000e-03	3.421581e-05	-4.188805e-04	1.954667e-06	-4.529221e-05
8.883630e+03	1.434992e-03	-4.219567e-04	4.410791e-06	-1.383051e-03	1.333690e-05	-5.190567e-05
8.896020e+03	1.092271e-03	9.365775e-04	-2.453526e-05	-1.034681e-03	-9.143363e-06	-5.586737e-05
8.908410e+03	-2.005440e-04	1.333904e-03	2.115799e-06	2.467749e-04	-5.272124e-06	-4.908587e-05
8.920800e+03	-1.286877e-03	5.156773e-04	-1.742927e-05	1.309492e-03	-7.371535e-06	-3.152974e-05
8.933190e+03	-1.072979e-03	-8.412197e-04	1.114517e-05	1.093211e-03	-9.749087e-06	-1.612624e-05
8.945580e+03	1.396863e-04	-1.416239e-03	2.523357e-05	-1.266251e-04	-1.025097e-05	-1.405627e-05
8.957970e+03	1.316607e-03	-6.878994e-04	1.533762e-05	-1.277194e-03	1.957016e-05	-4.239554e-05
8.970360e+03	1.270387e-03	6.500265e-04	8.750374e-07	-1.229702e-03	1.118502e-06	-3.980626e-05
8.982750e+03	1.478439e-04	1.353331e-03	-4.733663e-06	-9.256865e-05	1.280709e-05	-5.430613e-05
8.995140e+03	-1.049147e-03	8.309304e-04	-5.659607e-06	1.090050e-03	6.445687e-06	-4.355542e-05
9.007530e+03	-1.185323e-03	-4.846574e-04	-5.915225e-07	1.237378e-03	-3.005147e-05	-4.906514e-05
9.019920e+03	-2.349426e-04	-1.283335e-03	-7.646507e-06	2.640936e-04	-3.016951e-07	-3.009746e-05
9.032310e+03	9.559797e-04	-8.653428e-04	-4.431566e-06	-9.322851e-04	-1.498096e-05	-2.659155e-05
9.044700e+03	1.232598e-03	3.204800e-04	2.279760e-05	-1.243757e-03	-8.106342e-06	9.228706e-06
9.057090e+03	4.077753e-04	1.231852e-03	5.102857e-06	-3.546068e-04	1.660867e-05	-4.988177e-05
9.069480e+03	-8.749900e-04	9.286449e-04	1.660341e-06	9.042324e-04	2.744459e-05	-3.133168e-05
9.081870e+03	-1.291084e-03	-2.059414e-04	7.676946e-06	1.324709e-03	1.124628e-05	-3.868788e-05
9.094260e+03	-4.666149e-04	-1.193197e-03	-1.584080e-05	5.160206e-04	-6.099236e-06	-5.145828e-05
9.106650e+03	7.381912e-04	-1.066538e-03	5.611646e-06	-6.833632e-04	1.064663e-06	-5.408462e-05
9.119040e+03	1.252757e-03	-3.375937e-05	-9.123487e-06	-1.226617e-03	-2.190817e-08	-2.830325e-05
9.131430e+03	6.846482e-04	1.009857e-03	-1.186619e-06	-6.371290e-04	-4.366028e-06	-4.721555e-05
9.143820e+03	-5.001234e-04	1.057200e-03	-4.930947e-06	5.056870e-04	3.339814e-06	-5.433353e-06
9.156210e+03	-1.056076e-03	9.583175e-05	-4.188876e-06	1.089300e-03	1.669442e-06	-3.297831e-05
9.168600e+03	-6.120435e-04	-9.100504e-04	1.261966e-05	6.488570e-04	6.723047e-06	-3.704200e-05
9.180990e+03	4.667342e-04	-9.568357e-04	-4.135499e-06	-4.359893e-04	-6.679758e-06	-2.798397e-05
9.193380e+03	1.037447e-03	-1.224805e-04	1.223507e-05	-1.010571e-03	-1.344975e-07	-2.272395e-05
9.205770e+03	6.555701e-04	9.206923e-04	-5.871998e-06	-6.016688e-04	-4.180115e-06	-5.386108e-05
9.218160e+03	-4.489548e-04	1.029024e-03	-1.144364e-05	4.732742e-04	-1.797705e-06	-2.845803e-05
9.230550e+03	-1.112486e-03	1.535970e-04	2.397610e-07	1.144258e-03	1.038738e-05	-3.574055e-05
9.242940e+03	-7.995749e-04	-8.830877e-04	-1.220180e-05	8.236834e-04	1.513428e-05	-2.645767e-05
9.255330e+03	2.883090e-04	-1.136255e-03	-8.029072e-06	-2.362860e-04	-1.306894e-05	-5.184508e-05
9.267720e+03	1.025275e-03	-4.134848e-04	4.702098e-06	-9.961814e-04	-1.784709e-05	-2.767776e-05
9.280110e+03	9.051811e-04	6.121551e-04	-1.470726e-05	-8.704297e-04	-1.914442e-05	-3.539183e-05
9.292500e+03	-9.411961e-05	1.018114e-03	2.017803e-05	1.159930e-04	-9.865831e-06	-2.220999e-05
9.304890e+03	-9.081304e-04	4.184056e-04	-1.156304e-06	9.610493e-04	5.370027e-06	-5.289979e-05
9.317280e+03	-9.045631e-04	-5.925099e-04	7.943081e-06	9.210072e-04	1.060297e-05	-1.663195e-05
9.329670e+03	4.209777e-05	-1.029329e-03	-1.371113e-05	-1.523678e-05	-1.714034e-06	-2.630724e-05
9.342060e+03	8.921001e-04	-5.329922e-04	-2.793370e-06	-8.634500e-04	-2.712104e-06	-2.990854e-05
9.354450e+03	9.482613e-04	4.702808e-04	-7.908679e-06	-9.089350e-04	-2.598177e-06	-4.103159e-05
9.366840e+03	6.998708e-05	1.017954e-03	-2.211820e-05	-2.842457e-05	-2.014521e-05	-4.220687e-05
9.379230e+03	-8.061869e-04	6.234308e-04	9.691298e-06	8.343810e-04	-1.254127e-05	-2.562784e-05
9.391620e+03	-9.420011e-04	-3.630521e-04	-2.752061e-06	9.889971e-04	-4.875406e-06	-5.014201e-05
9.404010e+03	-1.754612e-04	-9.846909e-04	3.158827e-05	2.065036e-04	1.359274e-05	-3.091334e-05
9.416400e+03	7.488006e-04	-7.509122e-04	1.160570e-05	-7.095569e-04	1.748518e-05	-3.777697e-05
9.428790e+03	1.013097e-03	2.509819e-04	-1.902842e-05	-9.925869e-04	3.172026e-05	-2.115502e-05
9.441180e+03	2.859398e-04	9.517049e-04	-6.716881e-06	-2.635450e-04	9.573341e-06	-2.301510e-05
9.453570e+03	-6.066827e-04	7.395198e-04	-1.592642e-05	6.505460e-04	-1.012790e-05	-4.236619e-05
9.465960e+03	-9.174691e-04	-1.306221e-04	-1.551630e-05	9.516816e-04	-2.220186e-06	-3.732088e-05
9.478350e+03	-3.837257e-04	-8.727124e-04	-1.907593e-05	4.077204e-04	-2.809378e-05	-2.402868e-05
