1.350510e+03	-1.280607e-01	5.629855e-02	2.682409e-04	1.280607e-01	3.107561e-05	1.245873e-05
1.362900e+03	-1.388707e-01	1.759655e-02	-1.769907e-05	1.388707e-01	-4.985197e-05	4.854333e-04
1.375290e+03	-1.388426e-01	-2.262645e-02	3.922061e-05	1.377623e-01	-1.925729e-05	6.110706e-04
1.387680e+03	-1.256001e-01	-6.057304e-02	1.685705e-05	1.254980e-01	-2.229981e-07	6.004643e-04
1.400070e+03	-1.030500e-01	-9.388863e-02	9.124841e-06	1.022351e-01	1.038580e-05	6.311821e-04
1.412460e+03	-7.198925e-02	-1.176581e-01	6.572815e-05	7.168623e-02	1.077826e-05	2.893011e-04
1.424850e+03	-3.613008e-02	-1.330429e-01	-4.156074e-05	3.569574e-02	1.456978e-05	3.587896e-04
1.437240e+03	2.812449e-03	-1.389905e-01	-1.279430e-05	-3.591417e-03	-4.230768e-05	7.760652e-04
1.449630e+03	4.196314e-02	-1.320002e-01	1.922474e-05	-4.297710e-02	8.387738e-06	1.038619e-03
1.462020e+03	7.761279e-02	-1.151767e-01	-1.948380e-05	-7.851157e-02	-3.778999e-05	8.811718e-04
1.474410e+03	1.076304e-01	-8.754385e-02	2.333200e-05	-1.078148e-01	-7.824895e-05	7.432172e-04
1.486800e+03	1.282935e-01	-5.308687e-02	6.662720e-05	-1.292945e-01	-6.601922e-06	7.313030e-04
1.499190e+03	1.387777e-01	-1.439583e-02	4.876231e-05	-1.386590e-01	-8.822375e-06	7.417073e-04
1.511580e+03	1.372069e-01	2.658111e-02	7.299034e-05	-1.382069e-01	-2.446804e-05	8.417636e-04
1.523970e+03	1.242682e-01	6.544912e-02	3.260786e-05	-1.255801e-01	1.123442e-04	1.133106e-03
1.536360e+03	9.889063e-02	9.934501e-02	4.445366e-06	-9.983896e-02	1.469259e-04	1.017922e-03
1.548750e+03	6.578522e-02	1.240565e-01	-4.021430e-05	-6.641607e-02	1.053372e-04	6.648838e-04
1.561140e+03	2.690910e-02	1.378644e-01	-2.473837e-05	-2.744468e-02	7.679709e-05	5.628649e-04
1.573530e+03	-1.498950e-02	1.404329e-01	-1.016685e-04	1.426628e-02	6.945674e-05	6.976866e-04
1.585920e+03	-5.643723e-02	1.308646e-01	-1.094462e-04	5.572222e-02	3.268254e-05	7.255327e-04
1.598310e+03	-9.366531e-02	1.094797e-01	-7.620946e-05	9.286133e-02	5.690763e-06	8.151223e-04
1.610700e+03	-1.236465e-01	7.580704e-02	4.811484e-06	1.226444e-01	-7.387827e-05	9.017447e-04
1.623090e+03	-1.410320e-01	3.424160e-02	-4.249379e-05	1.407219e-01	-2.283617e-05	5.714859e-04
1.635480e+03	-1.453841e-01	-1.113444e-02	-7.251165e-05	1.453841e-01	-7.969411e-05	1.776905e-04
1.647870e+03	-1.355581e-01	-5.666401e-02	3.757426e-05	1.355581e-01	-5.938698e-05	1.325168e-04
1.660260e+03	-1.117706e-01	-9.697613e-02	-4.950842e-05	1.117738e-01	-6.207511e-05	2.226001e-04
1.672650e+03	-7.534335e-02	-1.284871e-01	1.977742e-05	7.514377e-02	-3.703526e-05	2.798555e-04
1.685040e+03	-2.986752e-02	-1.468920e-01	-3.731556e-05	2.960715e-02	-8.543251e-05	2.486554e-04
1.697430e+03	1.999442e-02	-1.494638e-01	4.610349e-05	-2.009400e-02	-4.666272e-05	1.371219e-04
1.709820e+03	6.833304e-02	-1.358403e-01	3.455648e-05	-6.821584e-02	-8.353150e-05	-1.331943e-04
1.722210e+03	1.108312e-01	-1.051902e-01	1.104641e-04	-1.098236e-01	2.167635e-05	-3.991125e-04
1.734600e+03	1.411460e-01	-6.295844e-02	8.988283e-05	-1.411714e-01	-3.832078e-05	-1.987045e-04
1.746990e+03	1.559686e-01	-1.024461e-02	1.117993e-04	-1.559686e-01	7.468182e-05	-2.102598e-05
1.759380e+03	1.511057e-01	4.546209e-02	8.180634e-05	-1.511202e-01	8.096758e-05	-2.046510e-04
1.771770e+03	1.259679e-01	9.585070e-02	2.131514e-05	-1.249359e-01	1.459222e-04	-4.801801e-04
1.784160e+03	8.368151e-02	1.356792e-01	-4.842329e-05	-8.313221e-02	1.106503e-04	-5.811692e-04
1.796550e+03	3.024460e-02	1.573222e-01	-8.495031e-05	-2.964739e-02	1.129230e-04	-6.083633e-04
1.808940e+03	-2.926673e-02	1.582974e-01	-1.666708e-04	2.993443e-02	6.370041e-05	-6.200749e-04
1.821330e+03	-8.615569e-02	1.376923e-01	-1.117433e-04	8.678729e-02	-2.929144e-05	-4.735050e-04
1.833720e+03	-1.331558e-01	9.608335e-02	1.548926e-05	1.331358e-01	-1.056107e-04	-2.681040e-04
1.846110e+03	-1.600616e-01	3.851619e-02	-1.170256e-04	1.610091e-01	-1.034073e-04	-3.900509e-04
1.858500e+03	-1.628464e-01	-2.647708e-02	5.054835e-05	1.638661e-01	-1.224413e-04	-5.897498e-04
1.870890e+03	-1.416140e-01	-8.793883e-02	6.652269e-05	1.415158e-01	-1.023197e-04	-4.991057e-04
1.883280e+03	-9.598100e-02	-1.371971e-01	7.744582e-05	9.610402e-02	-7.772147e-05	-4.849991e-04
1.895670e+03	-3.453548e-02	-1.648819e-01	7.844478e-05	3.512586e-02	-5.744507e-05	-5.478062e-04
1.908060e+03	3.429448e-02	-1.663221e-01	4.352854e-05	-3.389149e-02	-1.268199e-04	-3.241321e-04
1.920450e+03	9.902356e-02	-1.387457e-01	1.424114e-04	-9.905369e-02	3.709589e-05	-3.278951e-04
1.932840e+03	1.477972e-01	-8.686276e-02	1.360826e-04	-1.474886e-01	-5.637489e-05	-2.838596e-04
1.945230e+03	1.706699e-01	-1.871996e-02	1.784183e-04	-1.701533e-01	2.117506e-04	-2.407677e-04
1.957620e+03	1.650987e-01	5.434072e-02	7.994723e-05	-1.650987e-01	1.987094e-04	1.379685e-04
1.970010e+03	1.270846e-01	1.189066e-01	-6.729844e-05	-1.270845e-01	2.632325e-04	3.289911e-04
1.982400e+03	6.462966e-02	1.622372e-01	-1.939489e-04	-6.472582e-02	3.039958e-04	1.015320e-04
1.994790e+03	-1.128562e-02	1.741640e-01	-3.072521e-04	1.108096e-02	1.962941e-04	2.180174e-04
2.007180e+03	-8.610866e-02	1.544431e-01	-1.705830e-04	8.605197e-02	-5.754200e-05	1.871014e-04
2.019570e+03	-1.464942e-01	1.013866e-01	-1.725613e-04	1.454103e-01	-1.407200e-04	3.770467e-04
2.031960e+03	-1.763131e-01	2.681162e-02	-1.747948e-04	1.763169e-01	-1.855985e-04	3.546004e-04
2.044350e+03	-1.705672e-01	-5.648073e-02	-2.934113e-05	1.705866e-01	-2.450623e-04	4.556923e-04
2.056740e+03	-1.282776e-01	-1.292611e-01	-3.550003e-05	1.272154e-01	-2.713195e-04	8.841759e-04
2.069130e+03	-5.473318e-02	-1.743619e-01	1.481430e-04	5.402266e-02	-2.252596e-04	7.323780e-04
2.081520e+03	3.274868e-02	-1.814358e-01	2.463232e-04	-3.381138e-02	-1.702029e-04	1.033612e-03
2.093910e+03	1.160991e-01	-1.441995e-01	1.695401e-04	-1.171030e-01	-2.604425e-04	1.117279e-03
2.106300e+03	1.729140e-01	-7.063772e-02	3.719965e-04	-1.739140e-01	1.551965e-04	1.287696e-03
2.118690e+03	1.858090e-01	2.549273e-02	3.083716e-04	-1.874185e-01	1.457681e-04	1.584494e-03
2.131080e+03	1.499743e-01	1.185940e-01	3.079317e-05	-1.514157e-01	5.853131e-04	1.724434e-03
2.143470e+03	6.670417e-02	1.810920e-01	-2.579436e-04	-6.844274e-02	4.824749e-04	1.776360e-03
2.155860e+03	-4.096220e-02	1.904304e-01	-4.759215e-04	3.907948e-02	2.228076e-04	1.825114e-03
2.168250e+03	-1.407848e-01	1.373002e-01	-7.466216e-04	1.388047e-01	-2.239703e-05	2.373256e-03
2.180640e+03	-1.961101e-01	3.205514e-02	-2.194182e-04	1.930995e-01	-4.580615e-04	2.575962e-03
2.193030e+03	-1.749630e-01	-9.213063e-02	-3.598388e-05	1.730592e-01	-5.300087e-04	2.280000e-03
2.205420e+03	-7.244280e-02	-1.811444e-01	2.873691e-04	7.094486e-02	-4.191361e-04	1.781104e-03
2.217810e+03	6.494794e-02	-1.762516e-01	3.562562e-04	-6.545267e-02	-2.503256e-04	5.522615e-04
2.230200e+03	1.627706e-01	-7.579004e-02	3.502598e-04	-1.620897e-01	1.354437e-04	-4.515748e-04
2.242590e+03	1.533024e-01	6.121327e-02	1.205552e-04	-1.515832e-01	5.607901e-04	-1.853336e-03
2.254980e+03	4.437786e-02	1.379649e-01	-2.765562e-04	-4.149300e-02	4.472288e-04	-2.910690e-03
2.267370e+03	-6.952076e-02	9.704118e-02	-4.862221e-04	7.269550e-02	4.021461e-05	-3.325988e-03
2.279760e+03	-8.783675e-02	-7.609091e-03	-2.653592e-04	9.270175e-02	-2.920365e-04	-4.912485e-03
2.292150e+03	-2.191643e-02	-5.523539e-02	1.527696e-04	2.639998e-02	-2.283130e-04	-4.501453e-03
2.304540e+03	2.450466e-02	-2.257629e-02	1.064128e-04	-2.103013e-02	-5.618703e-06	-3.524115e-03
2.316930e+03	7.141754e-03	8.336053e-03	9.341927e-06	-3.923014e-03	-7.917762e-05	-3.225058e-03
2.329320e+03	-7.609049e-03	-1.036597e-02	1.017847e-04	1.042452e-02	6.889082e-05	-2.847841e-03
2.341710e+03	1.961920e-02	-1.723791e-02	-1.821903e-04	-1.630527e-02	2.271391e-04	-3.353467e-03
2.354100e+03	2.802522e-02	1.891265e-02	-1.938722e-04	-2.436072e-02	-1.819354e-04	-3.644808e-03
2.366490e+03	-1.348744e-02	3.429974e-02	-5.921268e-05	1.847896e-02	-2.839827e-04	-5.011833e-03
2.378880e+03	-4.067670e-02	-8.415914e-03	1.737348e-04	4.627064e-02	-2.108152e-04	-5.602114e-03
2.391270e+03	-5.833834e-03	-5.080205e-02	1.908239e-04	1.067739e-02	1.564295e-04	-4.806585e-03
2.403660e+03	4.952727e-02	-3.376019e-02	1.588245e-04	-4.741566e-02	3.077407e-04	-2.105208e-03
2.416050e+03	5.959353e-02	2.641325e-02	-1.374539e-04	-6.010679e-02	1.302824e-04	5.530819e-04
2.428440e+03	1.150122e-02	7.095645e-02	-2.957817e-04	-1.552218e-02	7.316634e-05	4.061857e-03
2.440830e+03	-5.374172e-02	5.811957e-02	-1.281806e-04	4.765992e-02	-2.806422e-04	6.052118e-03
2.453220e+03	-8.454074e-02	-2.091926e-03	3.496323e-06	7.733898e-02	-3.621244e-04	7.199396e-03
2.465610e+03	-5.630317e-02	-6.578015e-02	2.759899e-04	4.964202e-02	-1.122862e-04	6.641030e-03
2.478000e+03	1.519422e-02	-8.542418e-02	3.285989e-04	-1.977088e-02	8.422236e-05	4.576093e-03
2.490390e+03	7.881111e-02	-3.971263e-02	1.661075e-04	-8.101794e-02	3.642325e-04	2.139457e-03
2.502780e+03	7.807677e-02	4.164824e-02	-2.393770e-04	-7.763227e-02	5.176330e-04	-4.621149e-04
2.515170e+03	6.875615e-03	8.456901e-02	-3.766022e-04	-4.411790e-03	-5.414608e-06	-2.463711e-03
2.527560e+03	-6.506368e-02	4.142041e-02	-2.313265e-04	6.836501e-02	-1.901934e-04	-3.280000e-03
2.539950e+03	-5.558949e-02	-3.940466e-02	2.464087e-04	5.901638e-02	-1.894828e-04	-3.402729e-03
2.552340e+03	1.838215e-02	-5.781862e-02	2.238301e-04	-1.547519e-02	6.937355e-05	-2.890000e-03
2.564730e+03	5.390320e-02	3.618963e-03	-1.012337e-04	-5.180291e-02	8.663793e-05	-2.097951e-03
2.577120e+03	4.950123e-03	4.937393e-02	-1.064006e-04	-3.355524e-03	-3.145610e-05	-1.587621e-03
2.589510e+03	-4.805300e-02	1.114184e-02	-5.290726e-05	4.982445e-02	-1.962091e-04	-1.699305e-03
2.601900e+03	-2.055136e-02	-4.792675e-02	7.569670e-05	2.241154e-02	9.330341e-05	-1.941136e-03
2.614290e+03	4.476879e-02	-3.497944e-02	-4.534087e-06	-4.242790e-02	1.530898e-04	-2.394717e-03
2.626680e+03	5.092474e-02	3.335122e-02	-1.525993e-04	-4.777842e-02	1.247791e-04	-3.206761e-03
2.639070e+03	-1.483738e-02	6.169266e-02	-6.740347e-05	1.798832e-02	-2.303405e-04	-3.188217e-03
2.651460e+03	-6.663990e-02	7.620461e-03	-2.980281e-05	6.803846e-02	-2.228073e-04	-1.597336e-03
2.663850e+03	-3.759267e-02	-6.292524e-02	4.106263e-04	3.654718e-02	-2.377985e-05	1.008877e-03
2.676240e+03	4.008649e-02	-6.515965e-02	2.169749e-04	-4.355320e-02	1.501623e-04	3.502447e-03
2.688630e+03	7.834647e-02	5.983870e-03	-6.513697e-05	-8.303012e-02	3.048638e-04	4.763451e-03
2.701020e+03	3.435307e-02	7.671558e-02	-3.015822e-04	-3.863284e-02	1.729567e-04	4.267002e-03
2.713410e+03	-5.096687e-02	7.129167e-02	-1.505633e-04	4.858835e-02	-1.125260e-04	2.404994e-03
2.725800e+03	-8.739875e-02	-9.454047e-03	1.094054e-04	8.712908e-02	-3.525490e-04	2.467826e-04
2.738190e+03	-2.923470e-02	-8.153015e-02	2.980557e-04	3.067463e-02	-9.602908e-05	-1.391649e-03
2.750580e+03	6.053865e-02	-5.887649e-02	3.114895e-04	-5.844870e-02	2.336100e-04	-2.114410e-03
2.762970e+03	7.413843e-02	3.134189e-02	-1.445331e-04	-7.203747e-02	4.014541e-04	-2.026298e-03
2.775360e+03	-3.029155e-03	7.461914e-02	-2.222206e-04	4.290401e-03	-1.143317e-04	-1.247069e-03
2.787750e+03	-6.762840e-02	1.902768e-02	-3.092237e-05	6.879214e-02	-2.101995e-04	-1.089762e-03
2.800140e+03	-3.558945e-02	-5.777762e-02	1.687246e-04	3.638718e-02	-7.449775e-05	-7.931907e-04
2.812530e+03	4.509131e-02	-4.746378e-02	2.473060e-04	-4.367984e-02	1.595699e-04	-1.334829e-03
2.824920e+03	6.124024e-02	2.885917e-02	4.666247e-06	-5.914591e-02	1.883945e-05	-2.072119e-03
2.837310e+03	-8.416778e-03	6.809879e-02	-2.047763e-04	1.041508e-02	2.167996e-05	-1.984933e-03
2.849700e+03	-6.860781e-02	1.481279e-02	-8.859979e-05	7.072511e-02	-2.220000e-04	-2.102090e-03
2.862090e+03	-4.080924e-02	-6.138414e-02	2.411833e-04	4.287145e-02	-7.362142e-05	-2.075844e-03
2.874480e+03	4.050178e-02	-6.522591e-02	1.317961e-04	-3.992354e-02	4.915241e-05	-5.899847e-04
2.886870e+03	7.726666e-02	7.570366e-03	-1.136586e-04	-7.779799e-02	2.439818e-04	6.412954e-04
2.899260e+03	2.915811e-02	7.407294e-02	-1.558138e-04	-3.058044e-02	2.012922e-04	1.411969e-03
2.911650e+03	-5.246491e-02	6.196804e-02	-1.336962e-04	5.037123e-02	-1.286983e-04	2.114602e-03
2.924040e+03	-7.939730e-02	-1.551630e-02	9.953720e-05	7.724690e-02	-1.712562e-04	2.110371e-03
2.936430e+03	-2.423106e-02	-7.540106e-02	3.046087e-04	2.264596e-02	1.147778e-04	1.540844e-03
2.948820e+03	5.407402e-02	-5.377995e-02	1.029797e-04	-5.471979e-02	1.830964e-04	5.719424e-04
2.961210e+03	7.004224e-02	2.413503e-02	-2.646127e-05	-6.976560e-02	1.348932e-04	-2.681831e-04
2.973600e+03	7.380336e-03	7.018405e-02	-2.357737e-04	-6.507031e-03	2.332978e-04	-8.705668e-04
2.985990e+03	-5.866791e-02	3.200942e-02	-4.688670e-05	5.987493e-02	-2.092685e-04	-1.213643e-03
2.998380e+03	-4.897583e-02	-4.084424e-02	2.057930e-04	5.018716e-02	-1.504410e-04	-1.184043e-03
3.010770e+03	2.040044e-02	-5.784156e-02	2.984175e-04	-1.920123e-02	1.933322e-04	-1.140153e-03
3.023160e+03	5.869949e-02	-8.254637e-04	1.380069e-06	-5.739993e-02	1.605072e-04	-1.239047e-03
3.035550e+03	1.992738e-02	5.353313e-02	-1.594860e-04	-1.841530e-02	1.399466e-04	-1.477803e-03
3.047940e+03	-4.237268e-02	3.518147e-02	-3.633985e-05	4.369619e-02	-1.627986e-04	-1.324250e-03
3.060330e+03	-4.672137e-02	-2.808640e-02	1.425517e-04	4.791977e-02	-1.296083e-04	-1.211976e-03
3.072720e+03	9.567765e-03	-5.400981e-02	2.048655e-04	-8.524764e-03	1.467259e-04	-1.008861e-03
3.085110e+03	5.411121e-02	-1.249297e-02	-1.850452e-05	-5.340253e-02	2.201964e-04	-6.819183e-04
3.097500e+03	3.247658e-02	4.459795e-02	-1.600406e-04	-3.237434e-02	8.423001e-05	-9.565987e-05
3.109890e+03	-2.761798e-02	4.832459e-02	-4.010686e-05	2.713114e-02	-8.117717e-05	5.001274e-04
3.122280e+03	-5.605176e-02	-3.778492e-03	8.198167e-05	5.525036e-02	-1.498769e-04	8.289294e-04
3.134670e+03	-2.115191e-02	-5.150254e-02	1.811289e-04	2.023407e-02	5.083152e-06	9.399494e-04
3.147060e+03	3.650796e-02	-4.044989e-02	5.270379e-05	-3.737552e-02	1.974229e-04	8.383378e-04
3.159450e+03	5.073020e-02	1.577404e-02	-1.399104e-04	-5.117223e-02	1.737361e-04	4.585994e-04
3.171840e+03	6.180948e-03	5.157216e-02	-1.838979e-04	-6.137547e-03	-5.132369e-05	-4.735282e-05
3.184230e+03	-4.321594e-02	2.480952e-02	5.697560e-05	4.364690e-02	-2.045248e-04	-4.480464e-04
3.196620e+03	-3.744827e-02	-3.005781e-02	1.994857e-04	3.819315e-02	-1.493771e-04	-7.419878e-04
3.209010e+03	1.480207e-02	-4.487649e-02	2.419311e-04	-1.389963e-02	1.578609e-04	-8.840185e-04
3.221400e+03	4.600680e-02	-1.281688e-03	-1.136774e-04	-4.500680e-02	1.895500e-04	-1.031014e-03
3.233790e+03	1.682481e-02	4.228939e-02	-1.530343e-04	-1.575790e-02	4.447465e-05	-1.082913e-03
3.246180e+03	-3.357224e-02	2.947536e-02	-1.351367e-04	3.467051e-02	-1.886296e-04	-1.099729e-03
3.258570e+03	-3.939466e-02	-2.178787e-02	1.526530e-04	4.033639e-02	-1.586382e-04	-9.655876e-04
3.270960e+03	6.866352e-03	-4.529894e-02	3.327961e-04	-6.004432e-03	5.613603e-05	-8.630670e-04
3.283350e+03	4.508131e-02	-1.107413e-02	9.627423e-05	-4.438760e-02	2.949150e-04	-7.314905e-04
3.295740e+03	2.799499e-02	3.787180e-02	-1.446605e-04	-2.749376e-02	1.514871e-04	-4.878092e-04
3.308130e+03	-2.384983e-02	4.135395e-02	-1.799477e-04	2.386501e-02	-5.264398e-05	1.789396e-05
3.320520e+03	-4.776961e-02	-4.423523e-03	2.661814e-05	4.747813e-02	-1.232280e-04	1.937589e-04
3.332910e+03	-1.496352e-02	-4.468808e-02	2.180324e-04	1.447923e-02	-1.744431e-05	4.897407e-04
3.345300e+03	3.451973e-02	-3.356777e-02	1.415954e-04	-3.521783e-02	1.445430e-04	6.863588e-04
3.357690e+03	4.469090e-02	1.715749e-02	-7.490167e-05	-4.519390e-02	1.981629e-04	5.308911e-04
3.370080e+03	3.071911e-03	4.710636e-02	-1.576579e-04	-3.375236e-03	-2.209911e-05	3.133182e-04
3.382470e+03	-4.158602e-02	2.177049e-02	-9.113786e-05	4.163099e-02	-5.798988e-05	-1.014712e-04
3.394860e+03	-3.538298e-02	-2.902915e-02	7.937283e-05	3.573617e-02	-1.068539e-04	-3.742075e-04
3.407250e+03	1.337908e-02	-4.303378e-02	1.499293e-04	-1.278157e-02	9.746165e-05	-6.271670e-04
3.419640e+03	4.378138e-02	-3.667450e-03	6.110742e-05	-4.307727e-02	1.955207e-04	-7.722938e-04
3.432030e+03	1.926949e-02	3.913882e-02	-1.487909e-04	-1.842470e-02	2.547009e-05	-8.578527e-04
3.444420e+03	-2.889383e-02	3.110911e-02	-6.693578e-05	2.968336e-02	-6.311900e-05	-8.402512e-04
3.456810e+03	-3.886644e-02	-1.587799e-02	8.973213e-05	3.976164e-02	-9.799791e-05	-8.365004e-04
3.469200e+03	1.165305e-03	-4.148240e-02	1.636850e-04	-3.963730e-04	8.570420e-05	-7.594172e-04
3.481590e+03	3.976272e-02	-1.450651e-02	2.054214e-05	-3.895442e-02	1.711211e-04	-7.086745e-04
3.493980e+03	2.839494e-02	3.087953e-02	-1.416282e-04	-2.779601e-02	6.081128e-05	-5.597332e-04
3.506370e+03	-1.784706e-02	3.778318e-02	-1.151330e-04	1.822790e-02	-1.295376e-04	-4.102247e-04
3.518760e+03	-4.138635e-02	-1.903624e-03	8.682388e-05	4.156649e-02	-8.224934e-05	-1.805476e-04
3.531150e+03	-1.492709e-02	-3.969087e-02	2.218071e-04	1.486754e-02	7.311611e-05	6.988852e-05
3.543540e+03	3.094970e-02	-3.000158e-02	6.837562e-05	-3.112173e-02	1.912264e-04	2.737456e-04
3.555930e+03	3.873290e-02	1.561719e-02	-1.224426e-04	-3.903438e-02	8.992600e-05	2.559655e-04
3.568320e+03	9.883174e-04	4.145898e-02	-1.314201e-04	-1.141488e-03	-5.827938e-05	1.511825e-04
3.580710e+03	-3.756163e-02	1.733285e-02	-8.879581e-06	3.752902e-02	-1.364694e-04	8.011701e-07
3.593100e+03	-3.036653e-02	-2.762588e-02	1.273154e-04	3.044218e-02	-5.743672e-05	-1.175319e-04
3.605490e+03	1.392870e-02	-3.809778e-02	1.126452e-04	-1.355712e-02	1.442443e-04	-3.614130e-04
3.617880e+03	4.009986e-02	-1.558750e-03	-6.320093e-05	-3.959986e-02	1.601544e-04	-5.119276e-04
3.630270e+03	1.628412e-02	3.636847e-02	-1.472403e-04	-1.566398e-02	-4.339097e-05	-6.203467e-04
3.642660e+03	-2.735625e-02	2.798253e-02	-5.484259e-05	2.807001e-02	-1.491476e-04	-6.834719e-04
3.655050e+03	-3.579323e-02	-1.539917e-02	1.166396e-04	3.649271e-02	-7.779885e-05	-6.190707e-04
3.667440e+03	1.156121e-03	-3.872004e-02	1.628159e-04	-5.533298e-04	6.519324e-05	-5.989522e-04
3.679830e+03	3.677723e-02	-1.351424e-02	2.363585e-05	-3.607062e-02	2.156161e-04	-6.285930e-04
3.692220e+03	2.628326e-02	2.836960e-02	-1.596596e-04	-2.578306e-02	1.361172e-04	-5.608389e-04
3.704610e+03	-1.618985e-02	3.499697e-02	-7.313727e-05	1.654679e-02	-9.077753e-05	-3.468912e-04
3.717000e+03	-3.676831e-02	-9.436874e-04	7.205809e-05	3.697969e-02	-8.677932e-05	-1.977424e-04
3.729390e+03	-1.350713e-02	-3.551224e-02	1.551443e-04	1.360671e-02	8.621342e-06	-1.047941e-04
3.741780e+03	2.689759e-02	-2.623630e-02	8.281358e-05	-2.695778e-02	1.307207e-04	4.279685e-05
3.754170e+03	3.404439e-02	1.400471e-02	-1.042079e-04	-3.414439e-02	2.130592e-04	1.141567e-04
3.766560e+03	5.397946e-04	3.614681e-02	-1.179024e-04	-5.326277e-04	-2.604978e-05	-7.180688e-06
3.778950e+03	-3.260571e-02	1.444454e-02	2.175683e-05	3.262716e-02	-1.128656e-04	-6.948408e-05
3.791340e+03	-2.523893e-02	-2.367974e-02	8.581161e-05	2.543368e-02	-6.363225e-05	-1.557236e-04
3.803730e+03	1.185261e-02	-3.177926e-02	5.956134e-05	-1.162569e-02	7.906403e-05	-2.189120e-04
3.816120e+03	3.263935e-02	-1.052128e-03	8.253961e-07	-3.233935e-02	1.340014e-04	-3.288653e-04
3.828510e+03	1.280693e-02	2.908522e-02	-8.347345e-05	-1.231183e-02	-3.714110e-06	-4.560712e-04
3.840900e+03	-2.150287e-02	2.156946e-02	-6.394900e-05	2.198774e-02	-5.432689e-05	-4.677904e-04
3.853290e+03	-2.699115e-02	-1.211579e-02	4.634340e-05	2.757242e-02	-2.501953e-05	-5.549164e-04
3.865680e+03	1.723667e-03	-2.868368e-02	6.067991e-05	-1.146600e-03	2.965241e-05	-5.683397e-04
3.878070e+03	2.621309e-02	-8.242675e-03	-6.327345e-05	-2.562692e-02	1.292109e-04	-6.227768e-04
3.890460e+03	1.684502e-02	2.134400e-02	-7.200919e-05	-1.633558e-02	1.127858e-05	-4.942276e-04
3.902850e+03	-1.354672e-02	2.320283e-02	-2.299661e-06	1.401877e-02	-7.024435e-05	-4.185545e-04
3.915240e+03	-2.601705e-02	-4.413650e-03	1.359069e-05	2.631743e-02	-6.923503e-06	-2.974544e-04
3.927630e+03	-5.244032e-03	-2.545171e-02	8.273214e-05	5.514255e-03	6.326123e-05	-2.348297e-04
3.940020e+03	2.117015e-02	-1.412237e-02	4.987288e-05	-2.107108e-02	1.338747e-04	-1.211022e-04
3.952410e+03	2.059867e-02	1.410022e-02	-6.957385e-05	-2.042211e-02	6.997287e-06	-1.101980e-04
3.964800e+03	-5.523725e-03	2.369878e-02	-1.072575e-04	5.548241e-03	2.229546e-07	-2.829491e-05
3.977190e+03	-2.352267e-02	3.463912e-03	3.893554e-05	2.368119e-02	-5.235282e-05	-1.292904e-04
3.989580e+03	-1.166546e-02	-2.045054e-02	1.109643e-04	1.174235e-02	5.636764e-07	-1.021966e-04
4.001970e+03	1.450312e-02	-1.803508e-02	3.643438e-05	-1.430170e-02	1.247100e-04	-1.486160e-04
4.014360e+03	2.170047e-02	6.918278e-03	-3.652063e-05	-2.140047e-02	5.480346e-05	-3.159738e-04
4.026750e+03	1.337286e-03	2.220624e-02	-6.049420e-05	-1.007782e-03	-2.369877e-05	-3.290493e-04
4.039140e+03	-2.000283e-02	8.492623e-03	7.451092e-05	2.041264e-02	-1.156894e-04	-3.973323e-04
4.051530e+03	-1.482895e-02	-1.550718e-02	8.429623e-05	1.529099e-02	4.925184e-05	-4.721403e-04
4.063920e+03	9.155339e-03	-1.913989e-02	9.628766e-05	-8.718726e-03	1.645265e-04	-4.379377e-04
4.076310e+03	2.075332e-02	1.699446e-03	-4.431751e-05	-2.025332e-02	8.149825e-05	-5.131089e-04
4.088700e+03	5.859531e-03	1.982727e-02	-3.927540e-05	-5.345023e-03	-5.995793e-05	-5.125654e-04
4.101090e+03	-1.632953e-02	1.229926e-02	4.182154e-05	1.671708e-02	-8.649539e-05	-3.674732e-04
4.113480e+03	-1.691849e-02	-1.077373e-02	1.023643e-04	1.729835e-02	4.850190e-06	-3.632323e-04
4.125870e+03	3.901033e-03	-1.947070e-02	4.466712e-05	-3.583458e-03	2.340415e-04	-3.073237e-04
4.138260e+03	1.931705e-02	-3.582205e-03	-3.508021e-05	-1.911705e-02	9.186961e-05	-2.157295e-04
4.150650e+03	1.026720e-02	1.657903e-02	-7.844737e-05	-1.001077e-02	-6.240911e-06	-2.535963e-04
4.163040e+03	-1.120579e-02	1.478208e-02	-6.706135e-05	1.139039e-02	-9.978746e-05	-1.684091e-04
4.175430e+03	-1.820541e-02	-4.913582e-03	1.144475e-04	1.831228e-02	-3.239041e-05	-1.445763e-04
4.187820e+03	-2.033022e-03	-1.837629e-02	1.129490e-04	2.265184e-03	7.202780e-05	-2.302300e-04
4.200210e+03	1.611036e-02	-8.655595e-03	-3.640117e-07	-1.582614e-02	1.367958e-04	-2.292233e-04
4.212600e+03	1.344987e-02	1.153338e-02	-1.175447e-04	-1.318048e-02	8.877684e-05	-2.562123e-04
4.224990e+03	-5.683422e-03	1.643723e-02	-2.716767e-05	5.940961e-03	1.094796e-05	-2.623794e-04
4.237380e+03	-1.675314e-02	5.768571e-04	5.506171e-05	1.705314e-02	-6.587461e-05	-2.903505e-04
4.249770e+03	-6.432591e-03	-1.534406e-02	6.407347e-05	6.850429e-03	1.962898e-05	-4.208308e-04
4.262160e+03	1.186068e-02	-1.136616e-02	1.054951e-05	-1.146113e-02	1.114007e-04	-3.876144e-04
4.274550e+03	1.451749e-02	6.820655e-03	-4.969582e-05	-1.411821e-02	8.339892e-05	-4.029898e-04
4.286940e+03	-1.559299e-03	1.564130e-02	-9.415025e-05	2.011755e-03	-4.716770e-05	-4.486661e-04
4.299330e+03	-1.464227e-02	4.135695e-03	5.263825e-05	1.504227e-02	-7.636571e-06	-3.922925e-04
4.311720e+03	-8.860235e-03	-1.194765e-02	6.713091e-05	9.260997e-03	5.018850e-05	-4.029726e-04
4.324110e+03	7.889203e-03	-1.249037e-02	-4.970451e-06	-7.549576e-03	1.866256e-05	-3.188793e-04
4.336500e+03	1.413640e-02	2.879627e-03	-4.317384e-05	-1.383640e-02	6.475746e-05	-3.499766e-04
4.348890e+03	2.499996e-03	1.374296e-02	-5.395129e-05	-2.169270e-03	-8.966485e-06	-3.228096e-04
4.361280e+03	-1.166758e-02	7.130385e-03	-1.222072e-06	1.197884e-02	-5.850010e-05	-2.890299e-04
4.373670e+03	-1.054261e-02	-8.294258e-03	9.941979e-05	1.075697e-02	7.363072e-05	-2.132442e-04
4.386060e+03	3.827578e-03	-1.255590e-02	6.047095e-05	-3.600692e-03	1.003594e-04	-2.258653e-04
4.398450e+03	1.269848e-02	-1.065731e-03	-5.943825e-05	-1.249848e-02	-2.556585e-06	-1.979380e-04
4.410840e+03	6.424795e-03	1.039571e-02	-4.932804e-05	-6.161735e-03	-6.970472e-06	-2.671163e-04
4.423230e+03	-8.181508e-03	8.566722e-03	-3.776065e-05	8.521312e-03	-5.354888e-05	-3.377954e-04
4.435620e+03	-1.083841e-02	-4.682080e-03	7.063146e-05	1.114809e-02	1.771004e-05	-2.928521e-04
4.448010e+03	4.859940e-04	-1.149669e-02	1.805012e-05	-1.603448e-04	2.892118e-05	-3.279965e-04
4.460400e+03	1.058312e-02	-3.545063e-03	-2.968988e-05	-1.019769e-02	1.043119e-04	-3.838100e-04
4.472790e+03	6.772027e-03	8.432277e-03	-6.917130e-05	-6.359874e-03	-3.068165e-05	-4.075843e-04
4.485180e+03	-5.286577e-03	9.138697e-03	-4.827565e-05	5.678456e-03	-8.371710e-05	-3.974668e-04
4.497570e+03	-9.923826e-03	-1.866787e-03	7.474653e-05	1.021441e-02	-1.401572e-05	-2.943084e-04
4.509960e+03	-1.660425e-03	-9.721099e-03	5.686729e-05	2.016115e-03	4.949624e-05	-3.541174e-04
4.522350e+03	8.410445e-03	-5.024904e-03	1.576232e-05	-8.060866e-03	8.323560e-05	-3.516873e-04
4.534740e+03	6.701147e-03	5.645086e-03	-2.895418e-05	-6.364983e-03	2.483114e-05	-3.470491e-04
4.547130e+03	-2.657527e-03	8.463944e-03	1.666660e-05	2.973228e-03	-3.400022e-05	-3.211102e-04
4.559520e+03	-8.451359e-03	3.493715e-04	6.419038e-06	8.771914e-03	-2.295479e-05	-3.133370e-04
4.571910e+03	-3.288364e-03	-7.749351e-03	2.936759e-05	3.574483e-03	5.635669e-05	-2.813933e-04
4.584300e+03	5.675600e-03	-5.731193e-03	1.125453e-05	-5.481006e-03	8.978711e-05	-2.054824e-04
4.596690e+03	7.167687e-03	3.065747e-03	1.709230e-05	-6.869399e-03	5.372319e-05	-2.968445e-04
4.609080e+03	-4.234182e-04	7.109376e-03	-2.878923e-05	7.341491e-04	3.169992e-05	-3.139363e-04
4.621470e+03	-6.606191e-03	1.822831e-03	-2.357209e-05	6.912908e-03	1.190409e-05	-3.128598e-04
4.633860e+03	-3.989928e-03	-5.553971e-03	2.295880e-05	4.292421e-03	1.182939e-05	-3.071620e-04
4.646250e+03	3.666799e-03	-5.718004e-03	4.460574e-05	-3.312545e-03	5.572400e-05	-3.511304e-04
4.658640e+03	5.956142e-03	1.312323e-03	3.031296e-06	-5.599183e-03	2.157727e-05	-3.597191e-04
4.671030e+03	6.936835e-04	5.555724e-03	-1.837103e-05	-3.390851e-04	2.902000e-07	-3.478700e-04
4.683420e+03	-4.847889e-03	2.311431e-03	4.441238e-06	5.187545e-03	9.250600e-06	-3.407508e-04
4.695810e+03	-3.542541e-03	-3.828982e-03	3.335998e-05	3.868660e-03	2.256902e-05	-3.188271e-04
4.708200e+03	2.255775e-03	-4.546889e-03	1.413548e-05	-1.895250e-03	4.017421e-05	-3.543003e-04
4.720590e+03	4.734847e-03	4.147562e-04	6.838653e-06	-4.358863e-03	3.039762e-05	-3.763821e-04
4.732980e+03	1.171447e-03	4.167653e-03	3.368007e-05	-8.228017e-04	2.067240e-05	-3.456180e-04
4.745370e+03	-3.428403e-03	2.125682e-03	4.936602e-05	3.726784e-03	2.390285e-05	-2.980292e-04
4.757760e+03	-3.007550e-03	-2.552613e-03	3.601290e-05	3.297206e-03	1.033230e-05	-2.873805e-04
4.770150e+03	1.342523e-03	-3.612727e-03	9.145511e-06	-1.058133e-03	4.912138e-05	-2.824950e-04
4.782540e+03	3.616925e-03	1.020018e-05	9.822670e-06	-3.298403e-03	3.463204e-05	-3.185543e-04
4.794930e+03	1.022743e-03	3.079000e-03	-1.615025e-05	-7.150285e-04	4.808497e-05	-3.048518e-04
4.807320e+03	-2.406673e-03	1.687666e-03	-5.193288e-06	2.709152e-03	5.971984e-05	-3.064415e-04
4.819710e+03	-2.265504e-03	-1.775069e-03	1.188034e-05	2.598750e-03	1.398621e-05	-3.275389e-04
4.832100e+03	8.830018e-04	-2.556842e-03	-2.501133e-05	-5.789517e-04	3.250965e-05	-3.037208e-04
4.844490e+03	2.565323e-03	-4.081445e-05	-4.494435e-05	-2.245792e-03	2.538679e-05	-3.192119e-04
4.856880e+03	7.325920e-04	2.065247e-03	7.104781e-07	-4.220136e-04	-1.738132e-05	-3.076041e-04
4.869270e+03	-1.902440e-03	1.053330e-03	2.023857e-05	2.172449e-03	1.840218e-05	-2.708908e-04
4.881660e+03	-1.401091e-03	-1.508043e-03	4.018280e-05	1.700769e-03	5.839320e-05	-2.996124e-04
4.894050e+03	1.051457e-03	-1.925462e-03	2.032082e-05	-7.183845e-04	3.608350e-05	-3.342747e-04
4.906440e+03	2.061612e-03	3.061845e-04	-2.973627e-05	-1.666785e-03	7.191064e-05	-3.685278e-04
4.918830e+03	3.459904e-04	1.759166e-03	-4.655720e-05	1.526102e-05	2.834485e-05	-3.586067e-04
4.931220e+03	-1.591935e-03	5.217612e-04	5.220175e-06	1.926808e-03	1.691603e-05	-3.425453e-04
4.943610e+03	-9.766238e-04	-1.663147e-03	5.189041e-05	1.259597e-03	-3.318049e-05	-2.847497e-04
4.956000e+03	1.276737e-03	-1.617736e-03	4.058369e-05	-9.767785e-04	5.144915e-05	-3.049018e-04
4.968390e+03	1.863736e-03	5.412330e-04	2.567361e-05	-1.585602e-03	8.767258e-05	-2.770934e-04
4.980780e+03	-9.831460e-05	1.869787e-03	-2.434067e-05	3.770333e-04	1.903089e-05	-2.797280e-04
4.993170e+03	-1.777106e-03	3.943962e-04	-3.069569e-05	2.087877e-03	1.217205e-06	-3.061026e-04
5.005560e+03	-1.014219e-03	-1.626297e-03	3.648502e-05	1.347518e-03	9.814461e-06	-3.295540e-04
5.017950e+03	1.246427e-03	-1.460703e-03	3.201065e-05	-9.306965e-04	2.100942e-05	-3.169481e-04
5.030340e+03	1.814372e-03	6.505634e-04	2.383708e-05	-1.472814e-03	5.151841e-05	-3.410763e-04
5.042730e+03	3.878350e-05	1.669308e-03	7.286722e-06	3.314962e-04	7.976529e-06	-3.719782e-04
5.055120e+03	-1.552706e-03	3.506107e-04	-1.663645e-05	1.857963e-03	1.274981e-05	-3.019577e-04
5.067510e+03	-8.321436e-04	-1.590900e-03	-1.882880e-06	1.144259e-03	-2.260646e-06	-3.152807e-04
5.079900e+03	1.287410e-03	-1.376404e-03	3.633296e-06	-9.544353e-04	1.950507e-05	-3.358296e-04
5.092290e+03	1.763714e-03	5.212014e-04	1.024128e-05	-1.453187e-03	3.590415e-05	-3.154425e-04
5.104680e+03	7.484426e-05	1.573676e-03	2.882187e-05	2.313976e-04	4.109704e-05	-3.064432e-04
5.117070e+03	-1.482293e-03	3.542634e-04	4.917200e-06	1.789311e-03	5.240294e-05	-3.035058e-04
5.129460e+03	-8.193888e-04	-1.342261e-03	-1.658478e-05	1.142335e-03	2.657511e-05	-3.198690e-04
5.141850e+03	1.031596e-03	-1.311125e-03	-6.225376e-06	-7.229337e-04	9.711819e-06	-3.099510e-04
5.154240e+03	1.455682e-03	4.465865e-04	8.277377e-06	-1.124270e-03	1.358757e-05	-3.353843e-04
5.166630e+03	-4.622968e-06	1.390000e-03	1.279314e-05	3.270469e-04	8.882869e-06	-3.231575e-04
5.179020e+03	-1.279945e-03	3.831402e-04	1.002716e-05	1.623795e-03	4.767507e-05	-3.445443e-04
5.191410e+03	-6.178203e-04	-1.175925e-03	-4.158074e-05	9.515082e-04	3.140840e-05	-3.339308e-04
5.203800e+03	9.507035e-04	-1.115328e-03	-2.990290e-05	-6.278149e-04	2.115499e-05	-3.237952e-04
5.216190e+03	1.403378e-03	3.602840e-04	-6.526048e-06	-1.093009e-03	1.574125e-05	-3.056998e-04
5.228580e+03	1.541001e-04	1.172643e-03	1.065410e-05	1.442018e-04	4.907498e-06	-2.994534e-04
5.240970e+03	-9.959127e-04	3.460834e-04	5.345314e-06	1.311655e-03	4.085497e-06	-3.135777e-04
5.253360e+03	-6.121592e-04	-9.379700e-04	1.442106e-06	9.166652e-04	4.236618e-05	-3.043746e-04
5.265750e+03	7.375867e-04	-8.394002e-04	-1.192802e-05	-4.404308e-04	4.686917e-05	-2.974142e-04
5.278140e+03	1.044077e-03	3.204924e-04	-2.552520e-05	-7.150586e-04	1.516505e-05	-3.329707e-04
5.290530e+03	1.665489e-04	9.220418e-04	-2.425845e-05	1.738663e-04	2.603754e-06	-3.382094e-04
5.302920e+03	-6.836019e-04	1.768613e-04	1.812007e-05	1.015874e-03	4.605787e-06	-3.248419e-04
5.315310e+03	-3.087856e-04	-8.567110e-04	3.841685e-06	6.134002e-04	1.929373e-05	-3.050247e-04
5.327700e+03	6.199948e-04	-6.170212e-04	1.942282e-05	-3.159251e-04	2.332660e-05	-3.111736e-04
5.340090e+03	7.117877e-04	2.796591e-04	-7.017202e-06	-3.945207e-04	3.822114e-05	-3.149796e-04
5.352480e+03	-6.291244e-05	6.394534e-04	7.129801e-06	3.718870e-04	1.954317e-05	-3.100000e-04
5.364870e+03	-5.005248e-04	-3.262220e-05	2.517106e-05	7.574753e-04	2.100295e-05	-2.544777e-04
5.377260e+03	-3.504326e-05	-6.741461e-04	3.809032e-05	3.049108e-04	2.029005e-05	-2.742311e-04
5.389650e+03	7.408045e-04	-3.679170e-04	1.574078e-05	-4.432917e-04	4.323025e-05	-2.957313e-04
5.402040e+03	6.217588e-04	3.843019e-04	4.483564e-06	-3.408645e-04	2.814285e-05	-2.818094e-04
5.414430e+03	-1.747892e-04	5.370894e-04	-1.951821e-05	4.620123e-04	4.015270e-07	-2.865370e-04
5.426820e+03	-5.222444e-04	-1.971893e-04	1.347489e-05	8.570983e-04	-1.034614e-05	-3.335726e-04
5.439210e+03	2.292542e-05	-6.974220e-04	6.206547e-06	2.857208e-04	7.369767e-06	-3.045747e-04
5.451600e+03	7.377705e-04	-2.245935e-04	2.455610e-05	-4.580715e-04	1.701539e-05	-2.774314e-04
5.463990e+03	5.838056e-04	6.092461e-04	4.483362e-06	-2.886332e-04	7.283823e-06	-2.987893e-04
5.476380e+03	-3.595981e-04	5.582012e-04	2.203322e-05	6.715520e-04	-4.028550e-06	-3.113060e-04
5.488770e+03	-6.000440e-04	-2.724300e-04	2.224817e-05	9.226790e-04	1.731429e-05	-3.234736e-04
5.501160e+03	1.046369e-04	-8.362912e-04	2.167263e-05	1.839410e-04	1.564723e-05	-2.894302e-04
5.513550e+03	7.092086e-04	-3.174094e-04	1.456509e-05	-4.132375e-04	8.934914e-06	-2.940116e-04
5.525940e+03	4.884799e-04	5.645680e-04	1.004783e-05	-1.901944e-04	1.998513e-05	-2.968516e-04
5.538330e+03	-1.624736e-04	4.992310e-04	-5.884726e-07	4.505725e-04	4.996171e-07	-2.879091e-04
5.550720e+03	-3.935082e-04	-3.477644e-04	1.072428e-05	7.004559e-04	4.639193e-05	-3.064789e-04
5.563110e+03	2.646828e-04	-6.932565e-04	1.436188e-05	2.455976e-05	3.657405e-05	-2.950089e-04
5.575500e+03	7.254331e-04	-2.035461e-04	1.512079e-05	-4.077453e-04	1.800141e-05	-3.176984e-04
5.587890e+03	3.254063e-04	4.173796e-04	9.251102e-06	2.849751e-05	2.438973e-05	-3.512170e-04
5.600280e+03	-3.577988e-04	2.703151e-04	-3.306347e-06	6.683598e-04	1.774049e-05	-3.103535e-04
5.612670e+03	-4.696725e-04	-4.309530e-04	-4.288540e-06	8.201393e-04	6.390891e-05	-3.506250e-04
5.625060e+03	2.225487e-04	-6.566668e-04	-5.906066e-06	1.197653e-04	3.427527e-05	-3.451340e-04
5.637450e+03	6.160472e-04	-1.534936e-04	-1.709807e-05	-2.926078e-04	1.271723e-05	-3.235888e-04
5.649840e+03	2.764899e-04	4.042111e-04	-1.676572e-05	3.572745e-05	4.642037e-07	-3.133076e-04
5.662230e+03	-3.277357e-04	2.421360e-04	2.188075e-06	6.341852e-04	-5.877546e-06	-3.049183e-04
5.674620e+03	-3.114011e-04	-3.815897e-04	1.977983e-05	6.179269e-04	3.566811e-05	-3.057740e-04
5.687010e+03	2.765764e-04	-5.109189e-04	5.205360e-06	3.922857e-05	1.796446e-05	-3.151205e-04
5.699400e+03	5.810915e-04	-1.489051e-06	-1.087203e-05	-2.829110e-04	1.595638e-05	-2.980984e-04
5.711790e+03	2.211891e-04	3.986216e-04	-2.350888e-06	7.893715e-05	2.256093e-05	-3.005256e-04
5.724180e+03	-3.452989e-04	1.594971e-04	2.117854e-06	6.410703e-04	1.300417e-05	-2.940377e-04
5.736570e+03	-2.700511e-04	-4.352879e-04	1.454723e-05	5.654419e-04	1.847337e-05	-2.903568e-04
5.748960e+03	2.977754e-04	-5.121768e-04	9.027195e-06	3.202350e-05	3.547083e-05	-3.344417e-04
5.761350e+03	4.582870e-04	-7.471648e-05	2.456447e-05	-1.367175e-04	4.263577e-05	-3.187450e-04
5.773740e+03	6.822414e-05	3.526648e-04	-8.460854e-06	2.311876e-04	1.268676e-05	-2.964967e-04
5.786130e+03	-2.832563e-04	9.847053e-05	2.142434e-05	5.597506e-04	2.002116e-05	-2.792313e-04
5.798520e+03	-6.828021e-05	-3.538490e-04	1.490152e-05	3.870531e-04	1.558586e-05	-3.170420e-04
5.810910e+03	4.168778e-04	-3.805290e-04	1.583174e-05	-8.805128e-05	2.607246e-05	-3.289372e-04
5.823300e+03	5.064700e-04	1.223245e-04	1.357364e-05	-1.786913e-04	3.668865e-05	-3.287976e-04
5.835690e+03	1.129802e-05	3.506494e-04	-1.090482e-05	2.826973e-04	2.760451e-05	-2.969781e-04
5.848080e+03	-4.227374e-04	-3.396859e-05	5.556733e-06	7.081986e-04	2.147756e-05	-2.855796e-04
5.860470e+03	-4.379970e-05	-4.015303e-04	1.017083e-05	3.461394e-04	5.470253e-06	-3.018253e-04
5.872860e+03	3.893100e-04	-3.258495e-04	-2.203497e-06	-7.305516e-05	1.413208e-05	-3.165236e-04
5.885250e+03	3.503161e-04	1.838447e-04	1.482375e-06	-4.297843e-05	1.470542e-05	-3.054883e-04
5.897640e+03	-6.359197e-05	4.098790e-04	1.592660e-05	3.324832e-04	2.373564e-05	-2.758758e-04
5.910030e+03	-3.146909e-04	-2.186601e-05	1.612822e-05	6.120719e-04	1.200962e-05	-2.957071e-04
5.922420e+03	5.624043e-05	-4.526457e-04	-8.605215e-06	2.474214e-04	4.802949e-06	-3.017172e-04
5.934810e+03	4.544053e-04	-2.956737e-04	1.226724e-06	-1.559652e-04	1.930771e-05	-3.023047e-04
5.947200e+03	3.146339e-04	1.089933e-04	1.928965e-05	-1.069572e-05	8.131628e-06	-3.028280e-04
5.959590e+03	-2.701559e-04	2.928962e-04	1.398768e-05	5.142588e-04	-9.919175e-07	-2.450003e-04
5.971980e+03	-3.161623e-04	-1.421146e-04	5.701523e-06	6.354416e-04	3.092033e-05	-3.193646e-04
5.984370e+03	6.352121e-05	-5.063898e-04	-5.762631e-07	2.493705e-04	3.204143e-05	-3.044748e-04
