9.912000e+02	7.345739e-02	-6.991729e-02	8.377388e-04	-7.377078e-02	5.271636e-05	-3.650840e-05
1.003590e+03	8.894944e-02	-4.727901e-02	1.080052e-05	-8.906583e-02	-4.087174e-05	8.588924e-05
1.015980e+03	9.872944e-02	-2.185791e-02	6.601766e-05	-9.904168e-02	3.958305e-06	3.015688e-04
1.028370e+03	1.013385e-01	5.491545e-03	3.746002e-05	-1.015622e-01	4.760819e-06	4.644681e-04
1.040760e+03	9.615013e-02	3.251765e-02	1.642182e-05	-9.657342e-02	5.648202e-05	3.305345e-04
1.053150e+03	8.394466e-02	5.710301e-02	4.170058e-05	-8.416177e-02	4.812020e-05	2.938663e-04
1.065540e+03	6.588889e-02	7.724922e-02	1.295395e-05	-6.611975e-02	7.445005e-05	2.623366e-04
1.077930e+03	4.373305e-02	9.175187e-02	4.032983e-05	-4.397354e-02	6.021841e-05	2.742445e-04
1.090320e+03	1.737440e-02	1.004503e-01	-2.661089e-05	-1.787314e-02	3.443485e-05	4.104060e-04
1.102710e+03	-9.273364e-03	1.013410e-01	2.908236e-05	8.631088e-03	8.153329e-05	5.771131e-04
1.115100e+03	-3.524202e-02	9.562502e-02	7.802512e-06	3.491358e-02	7.024330e-06	3.450783e-04
1.127490e+03	-5.902681e-02	8.294472e-02	6.200256e-05	5.880610e-02	4.135603e-05	2.719509e-04
1.139880e+03	-7.905091e-02	6.477954e-02	7.647538e-05	7.842548e-02	2.466646e-05	5.857400e-04
1.152270e+03	-9.309764e-02	4.176521e-02	-1.922975e-05	9.265351e-02	3.257779e-05	4.959336e-04
1.164660e+03	-1.011514e-01	1.553678e-02	1.001622e-06	1.003798e-01	3.157706e-05	8.479387e-04
1.177050e+03	-1.011410e-01	-1.173727e-02	-3.412094e-06	1.010186e-01	3.394405e-05	7.677091e-04
1.189440e+03	-9.307738e-02	-3.827744e-02	2.220464e-05	9.278934e-02	3.478426e-05	3.131407e-04
1.201830e+03	-7.976770e-02	-6.142328e-02	1.061285e-05	7.924641e-02	3.556582e-05	5.447270e-04
1.214220e+03	-6.142922e-02	-8.020286e-02	-3.429798e-05	6.057925e-02	6.746262e-06	9.109174e-04
1.226610e+03	-3.651570e-02	-9.389333e-02	-2.663133e-05	3.553434e-02	4.698372e-05	9.394380e-04
1.239000e+03	-9.510637e-03	-9.980551e-02	-5.609603e-05	8.887689e-03	-1.435661e-06	6.238628e-04
1.251390e+03	1.757031e-02	-9.843292e-02	-7.349622e-06	-1.810130e-02	2.269612e-05	5.840352e-04
1.263780e+03	4.335958e-02	-9.040164e-02	-6.907115e-05	-4.407943e-02	-7.814082e-05	6.745341e-04
1.276170e+03	6.705819e-02	-7.481128e-02	-1.004069e-04	-6.788511e-02	-1.753142e-04	8.699493e-04
1.288560e+03	8.545194e-02	-5.405179e-02	7.124094e-05	-8.656897e-02	-2.766788e-05	1.063941e-03
1.300950e+03	9.756558e-02	-2.748446e-02	1.725492e-05	-9.845902e-02	-2.217910e-05	7.639766e-04
1.313340e+03	1.014351e-01	6.394276e-04	3.628491e-05	-1.020973e-01	2.891339e-06	4.929030e-04
1.325730e+03	9.815670e-02	2.914553e-02	4.426510e-05	-9.922199e-02	-9.434991e-06	6.718361e-04
1.338120e+03	8.692955e-02	5.630404e-02	1.919163e-05	-8.780786e-02	2.472689e-05	8.465035e-04
1.350510e+03	6.809499e-02	7.896207e-02	2.028578e-05	-6.885247e-02	8.122950e-05	8.414023e-04
1.362900e+03	4.311986e-02	9.537168e-02	2.054739e-06	-4.368401e-02	1.838977e-05	5.983109e-04
1.375290e+03	1.461048e-02	1.037964e-01	-2.670891e-05	-1.494005e-02	4.430360e-06	3.962929e-04
1.387680e+03	-1.501773e-02	1.050817e-01	-7.026579e-05	1.449158e-02	2.074278e-05	5.002714e-04
1.400070e+03	-4.553971e-02	9.741174e-02	-2.435806e-05	4.471589e-02	6.955252e-07	8.035904e-04
1.412460e+03	-7.217893e-02	8.038758e-02	3.638615e-05	7.149727e-02	-6.951810e-06	6.286017e-04
1.424850e+03	-9.278872e-02	5.637959e-02	1.046745e-05	9.219877e-02	-4.946172e-05	5.600434e-04
1.437240e+03	-1.050025e-01	2.616001e-02	-3.979669e-06	1.053514e-01	-2.775666e-06	2.420809e-04
1.449630e+03	-1.085649e-01	-6.456136e-03	8.287401e-05	1.083397e-01	-6.404023e-06	1.916444e-04
1.462020e+03	-1.025047e-01	-3.982472e-02	5.286933e-05	1.020889e-01	-4.881929e-06	4.226643e-04
1.474410e+03	-8.529667e-02	-6.965602e-02	3.587429e-05	8.493039e-02	1.844623e-06	3.369215e-04
1.486800e+03	-5.953187e-02	-9.244339e-02	-1.623892e-05	5.947645e-02	-2.556629e-05	7.753003e-05
1.499190e+03	-2.724030e-02	-1.069606e-01	-1.692190e-05	2.721507e-02	-1.805462e-05	3.011290e-05
1.511580e+03	8.093942e-03	-1.109070e-01	-1.058807e-05	-8.060485e-03	3.951986e-05	-2.951312e-05
1.523970e+03	4.376356e-02	-1.034356e-01	-2.714328e-05	-4.385324e-02	-6.179861e-05	4.434286e-05
1.536360e+03	7.570443e-02	-8.369452e-02	3.098373e-05	-7.565829e-02	3.887504e-05	-1.423048e-05
1.548750e+03	1.000254e-01	-5.465118e-02	1.323022e-05	-1.001640e-01	9.182838e-05	2.263432e-05
1.561140e+03	1.132963e-01	-1.847322e-02	1.971847e-05	-1.127998e-01	1.594100e-05	-3.491413e-04
1.573530e+03	1.141835e-01	2.108468e-02	3.044000e-05	-1.134086e-01	6.747335e-05	-3.675089e-04
1.585920e+03	1.016781e-01	5.929485e-02	1.849974e-05	-1.008928e-01	7.548827e-05	-2.423510e-04
1.598310e+03	7.593633e-02	9.075752e-02	-4.961869e-05	-7.576103e-02	1.941219e-04	-2.029226e-04
1.610700e+03	4.073915e-02	1.119263e-01	-7.834018e-06	-4.047527e-02	7.787977e-05	-2.234521e-04
1.623090e+03	-4.927521e-04	1.190455e-01	-6.261659e-05	8.929078e-04	4.824509e-05	-4.025780e-04
1.635480e+03	-4.177411e-02	1.127301e-01	-1.107227e-05	4.235077e-02	1.184897e-05	-5.772186e-04
1.647870e+03	-7.814276e-02	9.146104e-02	-4.438782e-05	7.877701e-02	2.296197e-05	-6.101206e-04
1.660260e+03	-1.063678e-01	5.826371e-02	-3.767443e-05	1.063326e-01	-7.668509e-06	-3.406064e-04
1.672650e+03	-1.202732e-01	1.656232e-02	2.129959e-05	1.198358e-01	-6.922585e-06	-4.656748e-04
1.685040e+03	-1.169761e-01	-2.798373e-02	3.517974e-05	1.177711e-01	-1.687091e-06	-4.777385e-04
1.697430e+03	-9.957308e-02	-6.752456e-02	-1.299216e-04	9.976403e-02	-7.583714e-06	-5.006566e-04
1.709820e+03	-6.813844e-02	-9.876748e-02	4.131196e-05	6.860921e-02	3.236453e-05	-4.631060e-04
1.722210e+03	-2.777789e-02	-1.165607e-01	-4.004281e-05	2.793896e-02	-3.474940e-05	-2.219319e-04
1.734600e+03	1.651905e-02	-1.192081e-01	-2.480982e-05	-1.638801e-02	-4.221587e-05	-1.415162e-04
1.746990e+03	5.892037e-02	-1.041970e-01	1.648278e-05	-5.855122e-02	-6.132742e-05	-3.320155e-04
1.759380e+03	9.300108e-02	-7.550133e-02	3.440044e-05	-9.268864e-02	-2.148593e-05	-2.979002e-04
1.771770e+03	1.144256e-01	-3.664827e-02	1.185200e-05	-1.136548e-01	-3.467966e-05	-2.459446e-04
1.784160e+03	1.204332e-01	7.317430e-03	4.339466e-05	-1.196603e-01	3.056908e-06	-8.148640e-05
1.796550e+03	1.096737e-01	5.097749e-02	5.810214e-05	-1.098995e-01	5.172395e-05	1.928783e-04
1.808940e+03	8.285994e-02	8.713000e-02	-2.970065e-06	-8.288604e-02	1.453641e-04	7.916527e-05
1.821330e+03	4.636796e-02	1.109245e-01	-1.321228e-05	-4.648932e-02	1.007887e-04	1.526772e-04
1.833720e+03	3.211437e-03	1.197393e-01	-3.142102e-05	-3.508707e-03	4.280954e-05	3.023922e-04
1.846110e+03	-4.013042e-02	1.136546e-01	-5.965947e-05	3.968898e-02	2.982017e-05	4.711597e-04
1.858500e+03	-7.771907e-02	9.147429e-02	-6.595033e-05	7.717044e-02	7.429722e-06	4.975432e-04
1.870890e+03	-1.046821e-01	5.754959e-02	1.159120e-05	1.044302e-01	-6.980101e-05	5.901230e-04
1.883280e+03	-1.185649e-01	1.595493e-02	-9.767362e-05	1.174109e-01	-4.218360e-05	5.835890e-04
1.895670e+03	-1.158627e-01	-2.767267e-02	2.640551e-05	1.146199e-01	-5.979077e-05	5.980436e-04
1.908060e+03	-9.790576e-02	-6.725128e-02	8.330308e-06	9.663633e-02	-8.344724e-05	9.698213e-04
1.920450e+03	-6.657322e-02	-9.738400e-02	4.222168e-05	6.554808e-02	-7.444172e-05	1.033446e-03
1.932840e+03	-2.634666e-02	-1.145167e-01	9.202684e-05	2.538703e-02	-1.707668e-05	9.136599e-04
1.945230e+03	1.733814e-02	-1.157332e-01	1.042657e-04	-1.818527e-02	-3.508137e-05	9.012091e-04
1.957620e+03	5.888361e-02	-1.012501e-01	8.058857e-05	-5.981287e-02	-4.121403e-05	1.000316e-03
1.970010e+03	9.224148e-02	-7.312496e-02	1.662743e-04	-9.326757e-02	8.888641e-05	1.014141e-03
1.982400e+03	1.141839e-01	-3.299355e-02	1.206913e-04	-1.154274e-01	-2.447201e-05	1.150956e-03
1.994790e+03	1.190777e-01	1.245619e-02	1.198659e-04	-1.194412e-01	1.121074e-04	1.030829e-03
2.007180e+03	1.062013e-01	5.669590e-02	5.347802e-05	-1.074489e-01	1.923397e-04	9.478854e-04
2.019570e+03	7.737544e-02	9.357911e-02	-5.998588e-06	-7.819227e-02	2.322524e-04	8.378841e-04
2.031960e+03	3.716473e-02	1.171451e-01	-1.435200e-04	-3.798278e-02	2.606624e-04	8.789774e-04
2.044350e+03	-1.163587e-02	1.230455e-01	-1.107980e-04	1.080005e-02	9.057058e-05	8.277028e-04
2.056740e+03	-5.802659e-02	1.108248e-01	-2.550196e-04	5.750215e-02	1.012867e-04	5.491250e-04
2.069130e+03	-9.755929e-02	7.936793e-02	-1.917054e-04	9.708377e-02	-2.279037e-05	4.622309e-04
2.081520e+03	-1.213756e-01	3.524257e-02	-1.605085e-04	1.211505e-01	-4.469981e-05	3.981131e-04
2.093910e+03	-1.266748e-01	-1.794161e-02	-1.767343e-04	1.260720e-01	-1.501843e-04	3.810686e-04
2.106300e+03	-1.083328e-01	-6.866507e-02	-2.054594e-05	1.081645e-01	-1.559021e-04	3.782657e-04
2.118690e+03	-7.014056e-02	-1.081309e-01	4.097302e-05	6.990422e-02	-1.579855e-04	2.264848e-04
2.131080e+03	-1.754248e-02	-1.278632e-01	-1.829513e-05	1.751559e-02	-2.298089e-04	2.351836e-05
2.143470e+03	4.016302e-02	-1.242552e-01	2.296026e-04	-4.038533e-02	-8.632381e-05	1.960062e-04
2.155860e+03	9.173580e-02	-9.515054e-02	2.539192e-04	-9.154197e-02	-8.545126e-05	4.251552e-05
2.168250e+03	1.263095e-01	-4.457848e-02	3.113004e-04	-1.260194e-01	1.095025e-04	6.501982e-05
2.180640e+03	1.342383e-01	1.818582e-02	2.577050e-04	-1.344796e-01	1.881344e-04	4.836800e-05
2.193030e+03	1.121330e-01	7.882988e-02	1.982591e-04	-1.120918e-01	1.795065e-04	-1.673985e-04
2.205420e+03	6.345972e-02	1.237205e-01	2.582874e-05	-6.337315e-02	1.934332e-04	-1.064643e-04
2.217810e+03	-1.539758e-03	1.410248e-01	-1.260931e-04	1.581298e-03	2.298358e-04	-3.777776e-05
2.230200e+03	-6.950411e-02	1.246430e-01	-2.650669e-04	6.945559e-02	1.812183e-04	5.425156e-05
2.242590e+03	-1.223501e-01	7.511261e-02	-2.680544e-04	1.221199e-01	4.987988e-05	4.715995e-05
2.254980e+03	-1.431691e-01	4.765446e-03	-2.440347e-04	1.437084e-01	-7.848960e-05	5.067686e-05
2.267370e+03	-1.273273e-01	-6.890691e-02	-2.627342e-04	1.273207e-01	-2.070890e-04	1.565130e-04
2.279760e+03	-7.452146e-02	-1.252235e-01	-3.194229e-04	7.419595e-02	-3.625133e-04	3.139200e-04
2.292150e+03	2.694576e-03	-1.468507e-01	3.517965e-05	-3.202866e-03	-2.568257e-04	4.890969e-04
2.304540e+03	8.197472e-02	-1.238871e-01	2.219877e-04	-8.233455e-02	-2.214151e-04	4.540048e-04
2.316930e+03	1.362638e-01	-6.219955e-02	3.438242e-04	-1.382736e-01	8.242971e-05	1.037908e-03
2.329320e+03	1.489362e-01	2.756306e-02	3.224396e-04	-1.498257e-01	7.324245e-05	8.007479e-04
2.341710e+03	1.093238e-01	1.090999e-01	1.817220e-04	-1.095735e-01	3.944524e-04	7.943398e-04
2.354100e+03	2.629974e-02	1.544967e-01	-1.070732e-04	-2.752851e-02	3.823668e-04	1.246661e-03
2.366490e+03	-7.213206e-02	1.427791e-01	-2.667235e-04	7.016497e-02	2.120220e-04	1.792118e-03
2.378880e+03	-1.459392e-01	6.989151e-02	-3.166231e-04	1.442887e-01	-2.308257e-05	1.976395e-03
2.391270e+03	-1.565586e-01	-4.272270e-02	-1.954259e-04	1.543465e-01	-2.763290e-04	2.270245e-03
2.403660e+03	-8.839184e-02	-1.355345e-01	-8.088076e-05	8.662425e-02	-3.649341e-04	2.325311e-03
2.416050e+03	3.428863e-02	-1.555642e-01	1.389921e-04	-3.609771e-02	-2.958908e-04	1.819909e-03
2.428440e+03	1.354550e-01	-7.722499e-02	4.786789e-04	-1.367686e-01	2.674286e-04	1.365373e-03
2.440830e+03	1.402616e-01	5.334356e-02	2.514508e-04	-1.411767e-01	4.431178e-04	4.531389e-04
2.453220e+03	3.679449e-02	1.337653e-01	-2.227310e-04	-3.619371e-02	5.450421e-04	-5.444892e-04
2.465610e+03	-8.198859e-02	8.863856e-02	-3.505098e-04	8.394135e-02	-4.805894e-05	-1.949097e-03
2.478000e+03	-8.870338e-02	-2.799359e-02	5.018563e-06	9.304094e-02	-2.870157e-04	-4.339128e-03
2.490390e+03	-4.618763e-03	-6.750488e-02	1.366274e-04	8.143128e-03	-1.356826e-04	-3.418466e-03
2.502780e+03	3.983305e-02	-1.274190e-02	2.841867e-04	-3.644177e-02	1.631846e-04	-3.532022e-03
2.515170e+03	6.380167e-03	1.757376e-02	6.612265e-05	-3.227720e-03	1.010828e-04	-3.172217e-03
2.527560e+03	-3.947760e-03	-8.221619e-03	-1.911807e-04	6.859615e-03	-9.804305e-05	-2.953289e-03
2.539950e+03	2.207372e-02	-1.094420e-04	2.253041e-05	-1.770291e-02	-4.143803e-05	-4.220496e-03
2.552340e+03	3.168341e-03	2.923596e-02	3.043787e-05	1.500075e-03	-6.111974e-05	-4.682403e-03
2.564730e+03	-3.251410e-02	5.434056e-03	2.791639e-04	3.638656e-02	-4.400373e-05	-3.865914e-03
2.577120e+03	-1.315958e-02	-3.542225e-02	2.945687e-04	1.503069e-02	-2.083400e-05	-1.844213e-03
2.589510e+03	3.225722e-02	-2.617970e-02	-1.294854e-04	-3.429082e-02	1.770771e-04	2.045949e-03
2.601900e+03	3.978038e-02	2.289078e-02	-1.415178e-04	-4.545865e-02	6.331747e-05	5.580648e-03
2.614290e+03	-3.982044e-03	5.371565e-02	-2.458587e-04	-2.704029e-03	-7.122088e-05	6.663781e-03
2.626680e+03	-5.248193e-02	2.941217e-02	-2.068074e-04	4.714881e-02	-1.920050e-04	5.245985e-03
2.639070e+03	-5.341082e-02	-2.933680e-02	2.517530e-04	5.098717e-02	-2.328709e-04	2.392107e-03
2.651460e+03	2.472021e-03	-6.095441e-02	2.350260e-04	-2.244712e-03	9.074508e-05	-2.261659e-04
2.663850e+03	5.900000e-02	-2.188884e-02	3.639150e-05	-5.722820e-02	2.941333e-04	-1.789899e-03
2.676240e+03	4.027641e-02	4.586563e-02	-9.582835e-05	-3.797613e-02	-3.770305e-05	-2.303156e-03
2.688630e+03	-2.905389e-02	4.711534e-02	-1.359361e-04	3.101588e-02	-1.638891e-04	-2.030957e-03
2.701020e+03	-4.483145e-02	-1.733689e-02	6.067518e-05	4.679597e-02	-7.431084e-05	-1.924823e-03
2.713410e+03	1.275517e-02	-4.194596e-02	2.234628e-04	-1.100014e-02	2.000352e-04	-1.824546e-03
2.725800e+03	4.288856e-02	9.852761e-03	2.494276e-04	-4.160726e-02	3.831808e-04	-1.314887e-03
2.738190e+03	-4.585670e-03	4.631149e-02	-4.213899e-04	5.767133e-03	1.060282e-05	-1.186598e-03
2.750580e+03	-4.723507e-02	2.651719e-03	-2.908150e-04	4.828729e-02	-1.809573e-04	-1.101074e-03
2.762970e+03	-1.502763e-02	-4.782961e-02	6.001471e-05	1.515996e-02	-3.339693e-04	-1.892119e-04
2.775360e+03	4.422693e-02	-2.652141e-02	2.778857e-04	-4.533134e-02	3.947688e-05	1.106511e-03
2.787750e+03	3.879511e-02	3.774984e-02	1.678462e-04	-4.116313e-02	1.302383e-04	2.329208e-03
2.800140e+03	-2.566699e-02	5.199600e-02	-1.543630e-04	2.301289e-02	2.213887e-04	2.687637e-03
2.812530e+03	-5.894118e-02	-6.718583e-03	-3.434518e-04	5.667176e-02	-1.246531e-04	2.237633e-03
2.824920e+03	-1.043776e-02	-5.730466e-02	-1.256698e-04	9.474228e-03	-2.499316e-04	9.444799e-04
2.837310e+03	5.389679e-02	-2.413549e-02	1.446360e-04	-5.375765e-02	-2.635977e-04	-2.260636e-04
2.849700e+03	3.753752e-02	4.743794e-02	4.792106e-05	-3.615040e-02	4.390579e-05	-1.388234e-03
2.862090e+03	-3.793055e-02	4.634958e-02	2.899050e-05	3.974864e-02	2.251894e-04	-1.858222e-03
2.874480e+03	-4.942843e-02	-2.841456e-02	5.636400e-05	5.054664e-02	1.230337e-04	-1.103376e-03
2.886870e+03	2.178961e-02	-5.369196e-02	-1.916540e-04	-2.040103e-02	1.112034e-04	-1.491593e-03
2.899260e+03	5.648295e-02	1.477456e-02	9.554349e-05	-5.594876e-02	-3.831322e-05	-5.611367e-04
2.911650e+03	-2.112766e-03	6.293805e-02	1.502379e-05	2.659973e-03	-2.194838e-04	-5.570338e-04
2.924040e+03	-6.359249e-02	1.339201e-02	1.704273e-04	6.376735e-02	1.444295e-04	-1.679833e-04
2.936430e+03	-3.198648e-02	-5.872818e-02	1.370439e-04	3.203233e-02	1.631021e-04	-2.808371e-05
2.948820e+03	4.754995e-02	-4.966820e-02	1.717060e-05	-4.802293e-02	1.578436e-04	4.462458e-04
2.961210e+03	6.443930e-02	2.997573e-02	-1.056004e-04	-6.556937e-02	1.471260e-04	1.013905e-03
2.973600e+03	-5.391527e-03	7.272024e-02	-7.237027e-05	4.058789e-03	-1.305893e-04	1.346686e-03
2.985990e+03	-6.949742e-02	2.212801e-02	2.556776e-05	6.810019e-02	-1.349999e-04	1.403765e-03
2.998380e+03	-4.345337e-02	-5.507605e-02	1.626242e-04	4.246285e-02	-7.763729e-05	1.014317e-03
3.010770e+03	3.809450e-02	-5.502209e-02	6.468789e-05	-3.845573e-02	-4.979070e-06	3.817392e-04
3.023160e+03	6.128448e-02	2.124051e-02	5.148728e-05	-6.092607e-02	2.671820e-04	-3.642355e-04
3.035550e+03	-4.370156e-03	6.184484e-02	-1.413215e-04	5.213504e-03	9.099384e-05	-8.529674e-04
3.047940e+03	-5.639408e-02	9.313121e-03	-1.271617e-04	5.730610e-02	2.296251e-05	-9.179184e-04
3.060330e+03	-1.770597e-02	-5.035990e-02	8.923627e-05	1.806547e-02	-1.568201e-04	-3.968745e-04
3.072720e+03	4.522304e-02	-2.471933e-02	7.927659e-05	-4.446646e-02	9.394965e-06	-7.787275e-04
3.085110e+03	3.213132e-02	4.017175e-02	-2.872238e-05	-3.125699e-02	5.414877e-05	-8.246424e-04
3.097500e+03	-3.228601e-02	3.973481e-02	-7.301789e-05	3.294559e-02	-3.222991e-06	-6.289427e-04
3.109890e+03	-4.412864e-02	-2.235540e-02	-7.413221e-05	4.407594e-02	-3.110333e-05	1.186205e-04
3.122280e+03	1.163063e-02	-4.706943e-02	1.272608e-04	-1.215825e-02	-1.072571e-04	4.616871e-04
3.134670e+03	4.825472e-02	1.142972e-03	1.037512e-04	-4.899410e-02	8.731122e-05	8.311667e-04
3.147060e+03	1.128740e-02	4.857630e-02	-1.333412e-04	-1.227943e-02	1.413916e-04	9.646644e-04
3.159450e+03	-4.378185e-02	2.449799e-02	-1.166084e-04	4.299276e-02	1.662229e-05	7.914742e-04
3.171840e+03	-3.356079e-02	-3.439814e-02	-3.280529e-05	3.314102e-02	-7.041883e-05	4.095524e-04
3.184230e+03	2.652386e-02	-3.826610e-02	1.543747e-04	-2.643383e-02	-5.245207e-05	-5.626498e-05
3.196620e+03	4.317608e-02	1.873635e-02	1.802416e-04	-4.268896e-02	1.062461e-04	-4.002172e-04
3.209010e+03	-9.191821e-03	4.691666e-02	-7.649838e-05	9.717687e-03	1.342909e-04	-5.359770e-04
3.221400e+03	-4.596485e-02	8.262218e-04	-7.807320e-05	4.643970e-02	-6.728546e-05	-4.974287e-04
3.233790e+03	-9.333849e-03	-4.505928e-02	1.472189e-05	9.728306e-03	-1.417885e-04	-3.850977e-04
3.246180e+03	4.352282e-02	-1.641263e-02	5.261803e-05	-4.296685e-02	5.066369e-05	-5.668759e-04
3.258570e+03	2.665078e-02	4.067253e-02	-4.831946e-06	-2.614469e-02	2.441195e-05	-4.609245e-04
3.270960e+03	-3.298289e-02	3.752677e-02	-1.092105e-04	3.305892e-02	3.264749e-06	-1.967383e-05
3.283350e+03	-4.497641e-02	-2.151587e-02	-4.639517e-05	4.473959e-02	-4.381663e-05	2.283222e-04
3.295740e+03	8.627010e-03	-4.836354e-02	4.900799e-05	-9.205412e-03	-2.644930e-05	5.840646e-04
3.308130e+03	4.949433e-02	-4.128453e-03	8.210892e-05	-5.032066e-02	1.754796e-05	7.670705e-04
3.320520e+03	1.879390e-02	4.791981e-02	5.168908e-05	-1.950535e-02	-5.344658e-05	7.127169e-04
3.332910e+03	-3.957580e-02	3.294896e-02	7.279259e-05	3.912498e-02	3.702927e-05	4.757552e-04
3.345300e+03	-4.170945e-02	-2.712519e-02	5.029655e-05	4.147461e-02	3.804518e-05	2.041171e-04
3.357690e+03	1.506027e-02	-4.535172e-02	1.240384e-04	-1.501498e-02	2.282890e-05	-9.539813e-05
3.370080e+03	4.692544e-02	4.032512e-03	3.019335e-05	-4.665058e-02	-6.456408e-05	-3.057296e-04
3.382470e+03	8.209608e-03	4.755000e-02	-6.958293e-05	-7.652670e-03	-4.681801e-05	-5.584430e-04
3.394860e+03	-4.242155e-02	1.996633e-02	2.220505e-05	4.289659e-02	-1.735690e-05	-4.379168e-04
3.407250e+03	-2.862085e-02	-3.490789e-02	-3.904342e-05	2.889640e-02	-8.854683e-06	-2.634033e-04
3.419640e+03	2.664309e-02	-3.479685e-02	-2.940403e-05	-2.656964e-02	7.745458e-06	-8.598934e-05
3.432030e+03	4.068308e-02	1.793811e-02	2.222231e-05	-4.069860e-02	3.563455e-05	-5.177213e-05
3.444420e+03	-5.836760e-03	4.523699e-02	1.122249e-05	5.560571e-03	-6.777271e-06	2.720881e-04
3.456810e+03	-4.351122e-02	8.500482e-03	-5.837600e-05	4.308463e-02	-2.812393e-05	4.451101e-04
3.469200e+03	-1.962737e-02	-3.741439e-02	1.375470e-05	1.896239e-02	-4.155928e-05	6.145984e-04
3.481590e+03	2.980808e-02	-2.728585e-02	-5.542100e-05	-3.043322e-02	-3.656227e-06	6.241083e-04
3.493980e+03	3.370934e-02	2.201015e-02	1.122331e-04	-3.413812e-02	-2.067464e-05	4.616882e-04
3.506370e+03	-1.130632e-02	3.901687e-02	-1.455523e-05	1.126933e-02	-3.148133e-05	2.010142e-05
3.518760e+03	-3.807126e-02	9.432267e-05	4.489154e-05	3.824611e-02	1.556475e-06	-2.100691e-04
3.531150e+03	-8.668723e-03	-3.471053e-02	4.163758e-06	9.056395e-03	2.023199e-05	-3.245828e-04
3.543540e+03	3.145505e-02	-1.532233e-02	1.480045e-06	-3.108974e-02	-4.765240e-05	-4.065122e-04
3.555930e+03	2.250098e-02	2.713948e-02	-4.029339e-05	-2.213294e-02	7.255857e-05	-2.813940e-04
3.568320e+03	-1.995091e-02	2.869445e-02	5.360913e-05	2.013574e-02	-1.422023e-05	-1.177621e-04
3.580710e+03	-3.130265e-02	-1.081775e-02	-3.792361e-06	3.130325e-02	-3.916092e-05	-3.996346e-05
3.593100e+03	2.939558e-03	-3.065740e-02	-8.542941e-06	-3.027388e-03	1.227007e-05	7.444991e-05
3.605490e+03	2.976974e-02	-3.760631e-03	-2.280903e-05	-3.011350e-02	3.207494e-05	2.941188e-04
3.617880e+03	1.075180e-02	2.819414e-02	-4.132151e-05	-1.105033e-02	3.777349e-05	3.379428e-04
3.630270e+03	-2.335737e-02	1.921601e-02	-7.980970e-05	2.296143e-02	2.150149e-05	3.742627e-04
3.642660e+03	-2.329225e-02	-1.556731e-02	-4.462613e-05	2.306821e-02	-3.553531e-05	3.046466e-04
3.655050e+03	9.357204e-03	-2.414922e-02	1.283713e-04	-9.471918e-03	-8.985579e-05	1.323845e-04
3.667440e+03	2.497159e-02	4.257009e-03	2.062855e-05	-2.494924e-02	-1.524024e-06	8.781929e-06
3.679830e+03	2.322847e-03	2.555770e-02	5.363092e-05	-2.139239e-03	1.515625e-05	-1.867558e-04
3.692220e+03	-2.294634e-02	9.080543e-03	-7.515906e-05	2.314918e-02	4.386113e-05	-2.556611e-04
3.704610e+03	-1.297021e-02	-1.852027e-02	-5.268548e-05	1.314420e-02	5.263502e-05	-1.550229e-04
3.717000e+03	1.524827e-02	-1.535673e-02	2.229968e-05	-1.502836e-02	-9.751904e-05	-2.177156e-04
3.729390e+03	1.833678e-02	1.208002e-02	3.659767e-05	-1.820264e-02	3.683133e-05	-1.081100e-04
3.741780e+03	-6.737998e-03	2.141278e-02	7.377323e-05	6.680504e-03	-4.533590e-06	4.417709e-05
3.754170e+03	-2.086485e-02	-3.993634e-04	2.787699e-05	2.083970e-02	4.784513e-05	1.011308e-04
3.766560e+03	-3.972561e-03	-1.853732e-02	-3.005410e-05	3.785089e-03	4.992066e-05	1.911101e-04
3.778950e+03	1.711927e-02	-6.443524e-03	-7.389068e-06	-1.731167e-02	-6.909565e-05	1.806725e-04
3.791340e+03	1.066075e-02	1.568418e-02	2.090357e-05	-1.082381e-02	-8.212591e-05	1.518719e-04
3.803730e+03	-1.170608e-02	1.467639e-02	5.443802e-05	1.155824e-02	-7.199418e-05	1.163052e-04
3.816120e+03	-1.617000e-02	-6.469739e-03	3.066512e-05	1.622595e-02	1.115469e-04	2.227534e-06
3.828510e+03	3.198218e-03	-1.531572e-02	-1.291316e-06	-3.081545e-03	2.149687e-05	-1.076988e-04
3.840900e+03	1.522318e-02	9.674153e-04	1.578847e-05	-1.513528e-02	-1.404228e-06	-7.703955e-05
3.853290e+03	2.920816e-03	1.576865e-02	1.971855e-05	-2.777201e-03	-3.231291e-05	-1.509635e-04
3.865680e+03	-1.372017e-02	7.200141e-03	9.924653e-07	1.375785e-02	4.630691e-05	-1.191708e-05
3.878070e+03	-9.224685e-03	-1.026619e-02	6.612868e-05	9.258521e-03	-1.690308e-05	-2.811688e-05
3.890460e+03	7.965975e-03	-9.607662e-03	1.330396e-05	-7.957238e-03	-1.092043e-04	-1.514902e-05
3.902850e+03	1.129882e-02	6.642773e-03	1.996485e-05	-1.132291e-02	6.112354e-05	-1.158735e-05
3.915240e+03	-3.345154e-03	1.327550e-02	-5.615480e-05	3.295107e-03	4.883340e-05	4.475581e-05
3.927630e+03	-1.286485e-02	1.024451e-03	8.695362e-06	1.263970e-02	-3.264646e-05	2.396744e-04
3.940020e+03	-3.459794e-03	-1.039739e-02	2.040550e-05	3.243496e-03	3.440739e-05	2.156677e-04
3.952410e+03	9.396294e-03	-4.227804e-03	3.225944e-05	-9.525815e-03	-4.479040e-06	1.357607e-04
3.964800e+03	6.511856e-03	9.263075e-03	7.018441e-06	-6.579877e-03	-2.099878e-05	6.732003e-05
3.977190e+03	-6.720563e-03	9.505287e-03	4.016947e-05	6.820143e-03	7.052510e-05	-8.751683e-05
3.989580e+03	-9.759423e-03	-2.833579e-03	-1.868534e-05	9.854760e-03	1.933255e-06	-8.934429e-05
4.001970e+03	1.096034e-03	-8.512198e-03	-5.798142e-05	-9.154108e-04	-2.023328e-05	-1.783015e-04
4.014360e+03	8.634897e-03	3.585618e-04	1.084816e-05	-8.600749e-03	-2.863682e-05	-2.546929e-05
4.026750e+03	2.116275e-03	9.388668e-03	7.109788e-05	-2.125889e-03	3.212796e-05	1.344023e-05
4.039140e+03	-7.815743e-03	5.157029e-03	7.175323e-06	7.765000e-03	1.243819e-05	5.334963e-05
4.051530e+03	-6.178252e-03	-4.782479e-03	-3.894685e-05	6.176578e-03	-1.685129e-05	4.874288e-06
4.063920e+03	3.392484e-03	-5.376753e-03	-7.407219e-06	-3.507201e-03	3.546149e-07	1.086316e-04
4.076310e+03	6.393896e-03	3.156131e-03	-2.490744e-05	-6.545063e-03	-4.332140e-05	1.467362e-04
4.088700e+03	-8.349487e-04	7.758539e-03	1.966688e-05	7.418512e-04	-4.994177e-06	9.592847e-05
4.101090e+03	-6.843469e-03	2.258651e-03	6.368816e-05	6.724688e-03	2.211464e-05	1.228195e-04
4.113480e+03	-3.241270e-03	-4.467468e-03	6.109384e-05	3.116167e-03	-1.134162e-05	1.256598e-04
4.125870e+03	3.573308e-03	-2.704496e-03	6.639640e-06	-3.614255e-03	-6.671650e-06	3.899141e-05
4.138260e+03	3.849922e-03	3.770693e-03	-2.285037e-05	-3.852008e-03	-4.563413e-05	-1.378525e-05
4.150650e+03	-2.016734e-03	5.455242e-03	3.871430e-05	2.053961e-03	-7.822261e-06	-2.997491e-05
4.163040e+03	-4.944793e-03	6.756015e-04	3.008078e-05	4.959640e-03	2.041252e-05	-6.626537e-06
4.175430e+03	-1.456776e-03	-2.976704e-03	4.873235e-06	1.372143e-03	2.255921e-05	7.380618e-05
4.187820e+03	2.925621e-03	-7.178652e-04	3.797393e-06	-2.932890e-03	1.299872e-05	-1.801096e-05
4.200210e+03	1.644679e-03	3.554221e-03	1.496146e-06	-1.706441e-03	-2.583496e-05	6.115695e-05
4.212600e+03	-2.212377e-03	3.557597e-03	-2.175135e-06	2.051562e-03	-5.743249e-05	1.646661e-04
4.224990e+03	-3.359411e-03	2.875875e-04	7.035379e-05	3.214626e-03	9.797940e-06	1.392363e-04
4.237380e+03	-5.888524e-04	-1.628952e-03	3.762143e-05	4.594943e-04	9.577491e-06	1.223396e-04
4.249770e+03	1.531700e-03	1.743750e-04	4.837162e-05	-1.634409e-03	-5.292820e-06	1.116831e-04
4.262160e+03	6.401780e-04	2.587900e-03	2.079443e-05	-7.162567e-04	-1.943120e-05	7.928566e-05
4.274550e+03	-1.548773e-03	2.381881e-03	-3.076177e-05	1.509978e-03	2.851893e-06	4.104374e-05
4.286940e+03	-2.061963e-03	5.051066e-04	3.796332e-05	2.045803e-03	-2.009264e-05	1.976764e-05
4.299330e+03	-4.901019e-04	-6.298644e-04	8.970122e-06	5.372191e-04	1.204250e-05	-5.006468e-05
4.311720e+03	7.025249e-04	3.486963e-04	-1.684875e-05	-6.716467e-04	3.586199e-05	-2.804709e-05
4.324110e+03	3.311137e-04	1.918617e-03	3.516361e-05	-3.486803e-04	-2.604794e-05	1.661362e-05
4.336500e+03	-1.031034e-03	2.094703e-03	5.963415e-06	1.015295e-03	-2.923515e-05	1.413805e-05
4.348890e+03	-1.794564e-03	9.206186e-04	-9.059055e-06	1.702064e-03	-6.670012e-05	8.643725e-05
4.361280e+03	-8.079931e-04	-1.399925e-04	2.115808e-05	7.331398e-04	-1.903642e-05	7.518732e-05
4.373670e+03	4.109725e-04	2.323788e-04	1.414745e-05	-5.293965e-04	4.849485e-05	1.255288e-04
4.386060e+03	4.506116e-04	1.575293e-03	-1.165933e-05	-5.836644e-04	4.683141e-05	1.282979e-04
4.398450e+03	-8.956738e-04	2.158605e-03	-4.074628e-05	8.154015e-04	6.338292e-05	8.198352e-05
4.410840e+03	-1.743813e-03	9.555548e-04	-2.942797e-05	1.716751e-03	-1.838555e-05	2.809771e-05
4.423230e+03	-1.063792e-03	-1.955442e-04	6.662912e-05	1.002094e-03	-6.563536e-06	6.663132e-05
4.435620e+03	5.355911e-04	-5.890066e-05	-1.459451e-06	-5.408390e-04	-1.634072e-05	9.325934e-07
4.448010e+03	6.413576e-04	1.692848e-03	1.522043e-05	-5.916422e-04	-2.387091e-06	-3.118174e-05
4.460400e+03	-9.774738e-04	2.284402e-03	2.703421e-05	9.214756e-04	-3.876030e-05	5.008511e-05
4.472790e+03	-1.983206e-03	8.405567e-04	1.221537e-05	1.995068e-03	-1.157296e-05	-9.953415e-06
