1.325730e+03	1.007638e-01	9.431898e-03	-3.191951e-05	-1.009632e-01	1.096478e-05	2.637350e-04
1.338120e+03	9.453827e-02	3.590445e-02	7.323989e-06	-9.465921e-02	-8.160340e-06	3.518911e-05
1.350510e+03	8.142665e-02	5.930696e-02	5.334549e-06	-8.133941e-02	1.642392e-05	-9.219448e-05
1.362900e+03	6.283192e-02	7.863497e-02	-5.236953e-05	-6.282443e-02	6.224705e-05	1.347531e-05
1.375290e+03	4.014325e-02	9.239166e-02	-3.652570e-06	-4.039118e-02	-3.068368e-06	2.160032e-04
1.387680e+03	1.428939e-02	9.983087e-02	-3.956881e-05	-1.468726e-02	2.163521e-05	3.381832e-04
1.400070e+03	-1.259046e-02	1.002578e-01	-4.068972e-05	1.228000e-02	-9.894355e-06	2.988243e-04
1.412460e+03	-3.844262e-02	9.260505e-02	1.546441e-05	3.833616e-02	-4.201799e-05	1.150448e-04
1.424850e+03	-6.092704e-02	7.955331e-02	-9.476065e-06	6.083350e-02	-3.469299e-05	1.010936e-04
1.437240e+03	-8.014925e-02	6.081312e-02	-1.224752e-06	7.995557e-02	-3.314346e-05	2.507864e-04
1.449630e+03	-9.419912e-02	3.765334e-02	2.761341e-05	9.362491e-02	-2.820883e-05	6.143931e-04
1.462020e+03	-1.010000e-01	1.112137e-02	7.389953e-05	1.000000e-01	-2.149502e-05	6.337629e-04
1.474410e+03	-9.992323e-02	-1.618730e-02	4.313137e-05	9.916393e-02	-1.826326e-06	3.556492e-04
1.486800e+03	-9.157119e-02	-4.202432e-02	1.653113e-05	9.137705e-02	2.704832e-05	2.374820e-04
1.499190e+03	-7.729789e-02	-6.484718e-02	4.967465e-05	7.704763e-02	1.574328e-05	2.959730e-04
1.511580e+03	-5.743698e-02	-8.319664e-02	1.536372e-05	5.702796e-02	1.654929e-05	3.706018e-04
1.523970e+03	-3.316749e-02	-9.589123e-02	6.177672e-06	3.266496e-02	2.772534e-05	5.361152e-04
1.536360e+03	-6.275243e-03	-1.010000e-01	2.657704e-05	5.740051e-03	2.988879e-05	5.378194e-04
1.548750e+03	2.123247e-02	-9.916336e-02	-8.913072e-07	-2.158966e-02	1.350789e-05	3.468362e-04
1.561140e+03	4.713708e-02	-8.960911e-02	-1.154355e-05	-4.723607e-02	9.454937e-06	1.458879e-04
1.573530e+03	6.988374e-02	-7.408246e-02	-2.861163e-05	-7.022649e-02	-2.614345e-05	3.216573e-04
1.585920e+03	8.796915e-02	-5.256597e-02	1.503802e-05	-8.850721e-02	5.996631e-05	5.379081e-04
1.598310e+03	9.980924e-02	-2.626888e-02	-1.619622e-05	-9.991169e-02	-3.825063e-05	5.159987e-04
1.610700e+03	1.029294e-01	2.542939e-03	-6.388440e-06	-1.029292e-01	8.767465e-05	3.730930e-04
1.623090e+03	9.843225e-02	3.119124e-02	-1.858479e-05	-9.851177e-02	-4.208162e-06	8.744421e-05
1.635480e+03	8.633117e-02	5.738537e-02	-8.749467e-06	-8.633976e-02	2.110210e-05	8.693715e-05
1.647870e+03	6.714640e-02	7.961205e-02	-6.779963e-05	-6.732646e-02	7.446417e-05	2.348294e-04
1.660260e+03	4.205835e-02	9.594322e-02	-4.130327e-05	-4.239683e-02	5.181270e-06	3.339185e-04
1.672650e+03	1.315519e-02	1.048096e-01	-7.446099e-05	-1.346259e-02	6.594453e-06	2.996162e-04
1.685040e+03	-1.702200e-02	1.043142e-01	-5.122107e-05	1.696199e-02	-2.768725e-05	6.613406e-05
1.697430e+03	-4.592821e-02	9.495988e-02	2.338895e-06	4.602531e-02	-7.932648e-05	-9.069337e-05
1.709820e+03	-7.190510e-02	7.840172e-02	-5.856621e-07	7.190417e-02	-6.317805e-05	3.214649e-06
1.722210e+03	-9.249193e-02	5.467357e-02	2.029407e-05	9.244698e-02	-4.051636e-05	1.569058e-04
1.734600e+03	-1.051287e-01	2.498363e-02	3.072367e-05	1.045924e-01	-6.004258e-05	1.159299e-04
1.746990e+03	-1.079938e-01	-7.581702e-03	1.074295e-04	1.079941e-01	-3.452834e-05	4.244089e-06
1.759380e+03	-1.008445e-01	-3.968920e-02	6.241937e-05	1.009631e-01	-4.183608e-06	-2.337465e-04
1.771770e+03	-8.460246e-02	-6.822716e-02	9.978865e-05	8.490246e-02	2.569956e-05	-3.269718e-04
1.784160e+03	-6.075429e-02	-9.114087e-02	3.889896e-05	6.094695e-02	2.565107e-05	-2.413997e-04
1.796550e+03	-3.048666e-02	-1.055278e-01	-7.967549e-06	3.058164e-02	5.695815e-06	-5.616892e-05
1.808940e+03	3.541372e-03	-1.100000e-01	2.974866e-05	-3.488974e-03	5.484899e-05	-5.561892e-05
1.821330e+03	3.775485e-02	-1.039504e-01	1.204433e-05	-3.753907e-02	2.307747e-05	-2.620473e-04
1.833720e+03	6.840464e-02	-8.804548e-02	-5.335027e-06	-6.802561e-02	3.098816e-05	-3.350164e-04
1.846110e+03	9.282426e-02	-6.279281e-02	-1.817031e-05	-9.225251e-02	1.136070e-05	-4.053611e-04
1.858500e+03	1.088933e-01	-3.064442e-02	-1.151205e-05	-1.087838e-01	8.535894e-05	-2.079012e-04
1.870890e+03	1.128685e-01	5.488281e-03	-1.983027e-05	-1.128706e-01	-1.170093e-05	-1.408442e-04
1.883280e+03	1.060751e-01	4.172815e-02	-1.473439e-05	-1.051622e-01	1.875702e-05	-3.203793e-04
1.895670e+03	8.696783e-02	7.344169e-02	-4.807333e-05	-8.669578e-02	4.823777e-05	-3.666135e-04
1.908060e+03	5.895324e-02	9.742955e-02	-8.779833e-05	-5.855321e-02	9.330225e-05	-4.569929e-04
1.920450e+03	2.462748e-02	1.121138e-01	-6.275183e-05	-2.432561e-02	-8.756143e-06	-3.469984e-04
1.932840e+03	-1.307384e-02	1.139662e-01	-9.059596e-05	1.317494e-02	-1.972163e-05	-1.385585e-04
1.945230e+03	-4.986725e-02	1.036757e-01	-2.412034e-05	5.007999e-02	-8.783243e-05	-1.444693e-04
1.957620e+03	-8.141080e-02	8.180226e-02	-5.023921e-05	8.153341e-02	-6.323697e-05	-1.482656e-04
1.970010e+03	-1.038968e-01	5.039148e-02	4.531368e-05	1.039687e-01	-9.508106e-05	-2.799414e-04
1.982400e+03	-1.147225e-01	1.317235e-02	7.095905e-05	1.147225e-01	-5.910311e-05	-3.048236e-04
1.994790e+03	-1.131888e-01	-2.589875e-02	7.280970e-05	1.131888e-01	-3.337264e-05	-1.794710e-04
2.007180e+03	-9.878755e-02	-6.267569e-02	1.471670e-04	9.880929e-02	1.629984e-05	-9.566068e-05
2.019570e+03	-7.146116e-02	-9.210656e-02	-1.200937e-05	7.164730e-02	-1.306771e-05	-2.012669e-04
2.031960e+03	-3.627395e-02	-1.110996e-01	6.500900e-05	3.654035e-02	4.444185e-05	-2.374809e-04
2.044350e+03	3.045082e-03	-1.159970e-01	5.011239e-06	-2.755699e-03	2.506555e-06	-2.844305e-04
2.056740e+03	4.201197e-02	-1.093075e-01	3.505814e-05	-4.186149e-02	3.291805e-05	-1.799349e-04
2.069130e+03	7.664925e-02	-8.881112e-02	5.050306e-05	-7.665434e-02	9.905169e-05	-2.836162e-05
2.081520e+03	1.029723e-01	-5.761863e-02	2.128691e-05	-1.030102e-01	-1.223930e-06	2.084464e-04
2.093910e+03	1.164320e-01	-1.858583e-02	7.482731e-06	-1.164320e-01	1.918485e-04	8.932254e-05
2.106300e+03	1.157426e-01	2.249758e-02	1.112762e-05	-1.157426e-01	-6.385194e-05	5.586757e-05
2.118690e+03	1.007926e-01	6.091657e-02	-6.148695e-05	-1.007737e-01	1.156947e-04	-7.563818e-05
2.131080e+03	7.389548e-02	9.189623e-02	-3.812936e-05	-7.387182e-02	-3.195166e-05	-4.920471e-05
2.143470e+03	3.790379e-02	1.125619e-01	-1.024304e-04	-3.804422e-02	4.568295e-05	1.032759e-04
2.155860e+03	-3.473083e-03	1.179833e-01	-9.715255e-05	3.330568e-03	-1.212134e-05	1.358468e-04
2.168250e+03	-4.438414e-02	1.103412e-01	-4.035075e-05	4.426204e-02	-8.248173e-05	1.144624e-04
2.180640e+03	-7.974467e-02	8.767733e-02	-1.065423e-04	7.974720e-02	-5.590246e-05	3.407333e-05
2.193030e+03	-1.060404e-01	5.440376e-02	2.194026e-05	1.054404e-01	-1.213836e-04	1.002165e-04
2.205420e+03	-1.190000e-01	1.393193e-02	5.792479e-05	1.180545e-01	-9.622620e-05	2.519872e-04
2.217810e+03	-1.165818e-01	-2.926424e-02	7.210233e-05	1.160879e-01	-7.186845e-05	4.355965e-04
2.230200e+03	-9.855149e-02	-6.874523e-02	1.083283e-04	9.829355e-02	-2.248753e-05	3.590964e-04
2.242590e+03	-6.723011e-02	-9.946342e-02	1.532124e-04	6.703544e-02	4.477149e-05	2.181700e-04
2.254980e+03	-2.764496e-02	-1.169776e-01	5.137517e-06	2.745886e-02	-2.387507e-05	1.757922e-04
2.267370e+03	1.619432e-02	-1.188850e-01	1.581424e-05	-1.645014e-02	4.632297e-06	2.670967e-04
2.279760e+03	5.833655e-02	-1.058867e-01	2.838728e-05	-5.852733e-02	2.920906e-05	2.126578e-04
2.292150e+03	9.364007e-02	-7.779796e-02	9.875310e-05	-9.395222e-02	2.099328e-04	3.031242e-04
2.304540e+03	1.164187e-01	-3.821643e-02	-9.823077e-07	-1.164082e-01	2.239051e-05	3.284298e-04
2.316930e+03	1.219789e-01	7.904333e-03	1.502977e-05	-1.219789e-01	-4.264015e-05	2.640617e-04
2.329320e+03	1.116686e-01	5.277715e-02	-3.469991e-05	-1.116567e-01	2.123264e-04	3.220173e-04
2.341710e+03	8.359713e-02	9.121695e-02	-9.278316e-05	-8.398267e-02	1.490925e-04	3.191700e-04
2.354100e+03	4.348710e-02	1.168942e-01	-1.436486e-04	-4.393567e-02	8.133824e-05	5.057096e-04
2.366490e+03	-4.495785e-03	1.249995e-01	-1.185773e-04	4.046252e-03	-4.590734e-05	4.433009e-04
2.378880e+03	-5.280456e-02	1.150511e-01	-1.325244e-04	5.239935e-02	-9.362507e-05	3.701894e-04
2.391270e+03	-9.347225e-02	8.578923e-02	-7.546853e-05	9.312992e-02	-1.401639e-04	2.691480e-04
2.403660e+03	-1.214819e-01	4.246333e-02	-3.525637e-05	1.203012e-01	-1.787467e-04	3.319250e-04
2.416050e+03	-1.288296e-01	-8.986162e-03	5.202107e-05	1.287733e-01	-1.649842e-04	3.288003e-04
2.428440e+03	-1.151414e-01	-6.096632e-02	9.206622e-05	1.148077e-01	-1.274447e-04	4.512772e-04
2.440830e+03	-8.126572e-02	-1.034000e-01	1.615527e-04	8.062839e-02	-5.637699e-05	5.483914e-04
2.453220e+03	-3.100484e-02	-1.287555e-01	1.611307e-04	3.050675e-02	1.511961e-05	4.890790e-04
2.465610e+03	2.590737e-02	-1.306889e-01	1.116301e-04	-2.643832e-02	7.147939e-05	5.556469e-04
2.478000e+03	8.003316e-02	-1.084864e-01	6.033644e-05	-8.066558e-02	3.443449e-05	6.419279e-04
2.490390e+03	1.215522e-01	-6.363028e-02	7.510916e-05	-1.214175e-01	1.257155e-04	8.526392e-04
2.502780e+03	1.379870e-01	-2.700721e-03	3.527131e-05	-1.389847e-01	2.933257e-04	9.091991e-04
2.515170e+03	1.257838e-01	6.195003e-02	-7.345447e-05	-1.267732e-01	2.052618e-04	1.070000e-03
2.527560e+03	8.325465e-02	1.151707e-01	-2.070064e-04	-8.456056e-02	2.268661e-04	1.229829e-03
2.539950e+03	1.814481e-02	1.421592e-01	-2.992388e-04	-1.941143e-02	1.016750e-04	1.265763e-03
2.552340e+03	-5.517924e-02	1.356006e-01	-2.334899e-04	5.355568e-02	-1.421555e-04	1.638990e-03
2.564730e+03	-1.188112e-01	8.978978e-02	-1.336180e-04	1.168645e-01	-2.980243e-04	1.860110e-03
2.577120e+03	-1.479752e-01	1.344666e-02	-9.744796e-07	1.459752e-01	-3.688684e-04	1.843351e-03
2.589510e+03	-1.312341e-01	-7.324617e-02	2.561169e-04	1.292191e-01	-2.961583e-04	1.732275e-03
2.601900e+03	-6.231988e-02	-1.358222e-01	3.220527e-04	6.095998e-02	-1.068212e-04	1.415285e-03
2.614290e+03	3.271586e-02	-1.413243e-01	2.764236e-04	-3.351960e-02	6.147935e-05	7.678915e-04
2.626680e+03	1.122399e-01	-8.394651e-02	1.808116e-04	-1.124243e-01	2.871534e-04	-3.292580e-04
2.639070e+03	1.327328e-01	1.220229e-02	-3.287885e-06	-1.305355e-01	4.312177e-04	-1.818181e-03
2.651460e+03	8.028518e-02	9.094844e-02	-2.888767e-04	-7.779841e-02	3.666037e-04	-2.544532e-03
2.663850e+03	-8.909034e-03	1.043424e-01	-4.389017e-04	1.260167e-02	6.026267e-05	-3.655970e-03
2.676240e+03	-6.856160e-02	5.066872e-02	-2.912276e-04	7.279776e-02	-2.852889e-04	-4.260369e-03
2.688630e+03	-6.369748e-02	-1.645611e-02	4.337856e-05	6.811817e-02	-3.733379e-04	-4.372900e-03
2.701020e+03	-1.675471e-02	-4.340758e-02	3.329055e-04	2.121977e-02	-1.252097e-04	-4.525383e-03
2.713410e+03	1.638406e-02	-2.418572e-02	3.980560e-04	-1.206864e-02	1.080940e-04	-4.291883e-03
2.725800e+03	1.311416e-02	-2.801637e-04	1.318425e-04	-9.073676e-03	2.442380e-04	-4.097780e-03
2.738190e+03	-1.151091e-03	-2.131788e-03	-9.088770e-06	4.980912e-03	1.435500e-04	-3.897791e-03
2.750580e+03	3.913166e-03	-1.617339e-02	-1.241891e-04	-8.332037e-04	8.548982e-05	-3.069448e-03
2.762970e+03	2.435948e-02	-1.217255e-02	-1.989620e-04	-2.248847e-02	9.575226e-05	-1.819072e-03
2.775360e+03	3.127552e-02	1.447704e-02	-2.272931e-04	-3.120874e-02	-2.194133e-04	1.621429e-04
2.787750e+03	9.536199e-03	4.173675e-02	-3.211388e-05	-1.203643e-02	-2.278951e-04	2.516465e-03
2.800140e+03	-3.162456e-02	4.159611e-02	1.914177e-04	2.702813e-02	-1.859739e-04	4.561857e-03
2.812530e+03	-5.956243e-02	4.786263e-03	3.047446e-04	5.436426e-02	-2.826951e-05	5.229884e-03
2.824920e+03	-4.886655e-02	-4.616043e-02	2.280710e-04	4.441533e-02	2.249170e-04	4.490859e-03
2.837310e+03	4.578205e-03	-7.147280e-02	7.902270e-05	-6.870770e-03	3.253579e-04	2.296795e-03
2.849700e+03	6.394757e-02	-4.466813e-02	-2.003257e-04	-6.337201e-02	3.374531e-04	-5.326518e-04
2.862090e+03	8.030000e-02	2.381640e-02	-3.549605e-04	-7.746112e-02	1.049716e-05	-2.839873e-03
2.874480e+03	3.304678e-02	8.073796e-02	-1.897473e-04	-2.878845e-02	-2.545045e-04	-4.202283e-03
2.886870e+03	-4.503856e-02	7.386273e-02	7.872192e-05	4.940050e-02	-3.239652e-04	-4.402709e-03
2.899260e+03	-8.525206e-02	4.739630e-03	2.455389e-04	8.843075e-02	-1.678234e-04	-3.315070e-03
2.911650e+03	-5.336846e-02	-6.819546e-02	2.610000e-04	5.447217e-02	2.975707e-05	-1.124949e-03
2.924040e+03	2.334989e-02	-8.059089e-02	2.460026e-04	-2.426271e-02	1.958743e-04	9.073712e-04
2.936430e+03	7.776658e-02	-2.769020e-02	1.507585e-05	-7.999131e-02	2.947255e-04	2.297154e-03
2.948820e+03	6.578615e-02	4.523860e-02	-1.961766e-04	-6.839372e-02	2.897084e-04	2.572480e-03
2.961210e+03	3.996006e-03	7.813465e-02	-2.369324e-04	-5.917149e-03	9.728804e-05	1.943009e-03
2.973600e+03	-5.900622e-02	4.998543e-02	-2.458298e-04	5.805463e-02	-1.490132e-04	9.706280e-04
2.985990e+03	-7.170659e-02	-1.721365e-02	1.903098e-05	7.143435e-02	-2.752879e-04	2.914229e-04
2.998380e+03	-2.584900e-02	-6.510601e-02	2.017360e-04	2.555677e-02	-2.401518e-04	2.408719e-04
3.010770e+03	3.803022e-02	-5.502976e-02	2.510583e-04	-3.832510e-02	-4.379154e-05	2.695498e-04
3.023160e+03	6.147104e-02	2.268746e-03	1.019238e-04	-6.177877e-02	1.058647e-04	3.598631e-04
3.035550e+03	2.838052e-02	5.064483e-02	-8.956449e-05	-2.851591e-02	2.220652e-04	1.484564e-04
3.047940e+03	-2.707358e-02	4.661533e-02	-1.137883e-04	2.762128e-02	-2.797246e-05	-5.512437e-04
3.060330e+03	-4.978564e-02	-1.720461e-03	-1.256982e-04	5.118224e-02	-2.386738e-05	-1.443382e-03
3.072720e+03	-2.011704e-02	-4.463703e-02	-8.344042e-07	2.197763e-02	-7.571865e-05	-1.785367e-03
3.085110e+03	3.115116e-02	-3.920326e-02	5.044396e-05	-2.943979e-02	1.321354e-05	-1.704481e-03
3.097500e+03	5.129468e-02	8.841086e-03	4.334504e-05	-5.009381e-02	6.866234e-05	-1.177430e-03
3.109890e+03	1.842912e-02	5.205658e-02	-5.293802e-05	-1.784201e-02	5.039038e-05	-6.190217e-04
3.122280e+03	-3.680019e-02	4.536652e-02	5.458182e-06	3.700059e-02	-1.909766e-05	-1.970084e-04
3.134670e+03	-6.088211e-02	-6.587816e-03	2.375861e-05	6.093858e-02	-7.013766e-05	7.500189e-06
3.147060e+03	-3.075252e-02	-5.762923e-02	6.872675e-05	3.055658e-02	-3.730258e-05	2.277208e-04
3.159450e+03	2.973990e-02	-6.000587e-02	1.624250e-04	-3.041882e-02	1.338159e-04	6.927481e-04
3.171840e+03	6.699851e-02	-1.122642e-02	7.894908e-05	-6.839896e-02	9.304053e-05	1.424608e-03
3.184230e+03	4.850410e-02	4.937524e-02	-7.138661e-05	-5.025093e-02	1.638119e-04	1.739446e-03
3.196620e+03	-2.492249e-02	6.427485e-02	-1.507664e-04	2.334241e-02	9.285973e-05	1.590590e-03
3.209010e+03	-6.404744e-02	2.994337e-02	-2.411072e-04	6.268257e-02	-1.947432e-04	1.430729e-03
3.221400e+03	-6.089018e-02	-3.605028e-02	6.267401e-05	6.056136e-02	-2.441054e-04	3.776400e-04
3.233790e+03	-2.481986e-03	-6.885132e-02	2.492136e-04	3.295605e-03	-2.163340e-04	-8.110489e-04
3.246180e+03	5.769594e-02	-3.944535e-02	3.297615e-04	-5.602035e-02	3.918797e-05	-1.671669e-03
3.258570e+03	6.377832e-02	2.662519e-02	1.397697e-04	-6.175990e-02	3.618969e-04	-1.980000e-03
3.270960e+03	1.069392e-02	6.478303e-02	-1.549536e-04	-9.032603e-03	3.299592e-04	-1.661857e-03
3.283350e+03	-4.990410e-02	4.226571e-02	-2.769421e-04	5.107479e-02	3.330996e-05	-1.086615e-03
3.295740e+03	-6.044783e-02	-2.003506e-02	-1.736997e-04	6.086204e-02	-1.319823e-04	-4.070469e-04
3.308130e+03	-1.593490e-02	-6.149869e-02	-1.103613e-05	1.567443e-02	-2.429851e-04	2.163134e-04
3.320520e+03	4.153191e-02	-4.575031e-02	1.226433e-04	-4.212854e-02	-1.952573e-04	6.219553e-04
3.332910e+03	5.967809e-02	9.281956e-03	2.459908e-04	-6.057831e-02	1.822653e-05	8.271695e-04
3.345300e+03	2.453382e-02	5.372815e-02	1.168475e-04	-2.563864e-02	1.764230e-04	1.141045e-03
3.357690e+03	-3.059230e-02	4.985208e-02	-3.780456e-05	2.939100e-02	2.124314e-04	1.229959e-03
3.370080e+03	-5.685355e-02	2.043991e-03	-9.925982e-05	5.575331e-02	7.322867e-05	1.067551e-03
3.382470e+03	-3.154066e-02	-4.481153e-02	-1.580171e-04	3.087278e-02	-8.277638e-05	7.520358e-04
3.394860e+03	2.133291e-02	-4.880989e-02	-1.859767e-05	-2.148563e-02	-9.106999e-05	1.218321e-04
3.407250e+03	4.998319e-02	-5.541316e-03	4.470401e-06	-4.953808e-02	-9.683961e-05	-5.750028e-04
3.419640e+03	2.932069e-02	4.117671e-02	4.039059e-05	-2.817025e-02	2.362107e-05	-1.132345e-03
3.432030e+03	-2.182100e-02	4.366289e-02	2.083950e-05	2.323634e-02	4.384920e-06	-1.427956e-03
3.444420e+03	-4.835998e-02	4.685878e-04	1.952220e-05	4.985902e-02	-1.026980e-04	-1.488665e-03
3.456810e+03	-2.332389e-02	-4.346089e-02	5.944459e-05	2.439149e-02	5.236631e-05	-1.070394e-03
3.469200e+03	2.782306e-02	-4.321745e-02	6.716432e-05	-2.718123e-02	7.654140e-05	-7.094245e-04
3.481590e+03	5.190603e-02	2.300301e-03	-2.700741e-05	-5.158390e-02	1.079141e-04	-3.131899e-04
3.493980e+03	2.619725e-02	4.780847e-02	-1.451935e-04	-2.638252e-02	8.502114e-05	1.519441e-04
3.506370e+03	-2.700873e-02	4.951551e-02	-1.567138e-04	2.649600e-02	-1.124493e-04	5.597852e-04
3.518760e+03	-5.726716e-02	5.106419e-03	9.854003e-05	5.646356e-02	-1.958693e-04	8.197383e-04
3.531150e+03	-3.792850e-02	-4.620750e-02	1.960589e-04	3.689992e-02	-1.373142e-04	1.048690e-03
3.543540e+03	1.700669e-02	-5.817938e-02	2.841368e-04	-1.810138e-02	8.497787e-05	1.077729e-03
3.555930e+03	5.767020e-02	-1.849706e-02	1.001813e-04	-5.851522e-02	2.565080e-04	8.239759e-04
3.568320e+03	4.839927e-02	3.852370e-02	-1.776077e-04	-4.885147e-02	3.247296e-04	4.709654e-04
3.580710e+03	-5.439712e-03	6.032575e-02	-3.154646e-04	5.492743e-03	9.374267e-05	-7.022800e-05
3.593100e+03	-5.456607e-02	2.881599e-02	-2.983416e-04	5.510174e-02	-1.642674e-04	-5.295257e-04
3.605490e+03	-5.281238e-02	-3.037535e-02	-1.780203e-05	5.361234e-02	-2.300003e-04	-8.629241e-04
3.617880e+03	-2.087040e-03	-5.984756e-02	2.821198e-04	3.004643e-03	-1.520545e-04	-9.480239e-04
3.630270e+03	5.041931e-02	-3.398740e-02	2.685787e-04	-4.957032e-02	4.606521e-05	-8.494687e-04
3.642660e+03	5.471664e-02	2.391067e-02	1.379753e-04	-5.409226e-02	1.949699e-04	-6.468976e-04
3.655050e+03	9.501346e-03	5.819160e-02	-2.197493e-04	-9.213080e-03	3.459568e-04	-2.188303e-04
3.667440e+03	-4.361882e-02	3.937211e-02	-3.159196e-04	4.356349e-02	9.750572e-05	9.193823e-05
3.679830e+03	-5.623164e-02	-1.491946e-02	-1.879257e-04	5.586861e-02	-1.605087e-04	3.803183e-04
3.692220e+03	-1.870931e-02	-5.497312e-02	4.653979e-07	1.801832e-02	-2.494498e-04	7.131156e-04
3.704610e+03	3.450491e-02	-4.517184e-02	1.780729e-04	-3.538438e-02	-1.637714e-04	8.127580e-04
3.717000e+03	5.546994e-02	3.653148e-03	1.972772e-04	-5.626989e-02	2.017874e-05	7.672572e-04
3.729390e+03	2.753142e-02	4.763764e-02	7.497201e-05	-2.822977e-02	1.522173e-04	6.069984e-04
3.741780e+03	-2.419049e-02	4.892603e-02	-8.408729e-05	2.392672e-02	1.444661e-04	3.019065e-04
3.754170e+03	-5.139241e-02	5.950290e-03	-8.658942e-05	5.154960e-02	-2.849010e-05	-9.354675e-05
3.766560e+03	-3.193327e-02	-4.061260e-02	-5.568269e-05	3.235042e-02	-1.008707e-04	-3.832084e-04
3.778950e+03	1.757609e-02	-4.696511e-02	3.797022e-05	-1.690310e-02	-7.644189e-05	-6.408863e-04
3.791340e+03	4.859904e-02	-9.342827e-03	6.081566e-05	-4.789904e-02	-1.360043e-05	-7.797449e-04
3.803730e+03	3.281904e-02	3.625903e-02	7.287718e-06	-3.211659e-02	6.263288e-05	-7.477546e-04
3.816120e+03	-1.416464e-02	4.585814e-02	-4.080638e-05	1.477021e-02	3.053162e-05	-5.577823e-04
3.828510e+03	-4.681921e-02	1.129528e-02	-4.704983e-05	4.712828e-02	-7.091367e-05	-3.577418e-04
3.840900e+03	-3.418734e-02	-3.391720e-02	1.752139e-06	3.419610e-02	-8.277778e-05	-4.045369e-05
3.853290e+03	1.025002e-02	-4.744938e-02	1.299683e-04	-1.047327e-02	-5.931289e-05	2.289675e-04
3.865680e+03	4.499900e-02	-1.677698e-02	6.211277e-05	-4.543745e-02	6.636815e-05	4.429543e-04
3.878070e+03	3.867937e-02	2.952869e-02	-2.502608e-05	-3.921760e-02	1.325659e-04	5.679328e-04
3.890460e+03	-3.753622e-03	4.758128e-02	-1.306142e-04	3.145510e-03	2.026011e-05	6.327626e-04
3.902850e+03	-4.332102e-02	2.348266e-02	-6.049823e-06	4.280591e-02	-8.822386e-05	4.701234e-04
3.915240e+03	-4.308853e-02	-2.309853e-02	8.768601e-05	4.286920e-02	-8.295809e-05	2.067936e-04
3.927630e+03	-3.735700e-03	-4.848312e-02	8.926962e-05	3.825810e-03	-6.885831e-05	-8.114549e-05
3.940020e+03	3.939066e-02	-2.919630e-02	1.018344e-04	-3.906733e-02	5.777739e-05	-3.085327e-04
3.952410e+03	4.599944e-02	1.798337e-02	-3.493519e-06	-4.546674e-02	1.719975e-04	-5.524623e-04
3.964800e+03	9.175088e-03	4.824519e-02	-1.753132e-04	-8.569210e-03	1.142137e-04	-5.886664e-04
3.977190e+03	-3.593689e-02	3.332492e-02	-9.027181e-05	3.644009e-02	-8.531094e-05	-5.402007e-04
3.989580e+03	-4.778822e-02	-1.249706e-02	-7.523400e-06	4.828598e-02	-1.530253e-04	-4.446767e-04
4.001970e+03	-1.502811e-02	-4.665337e-02	1.192904e-04	1.519944e-02	-1.368575e-04	-2.256864e-04
4.014360e+03	3.145223e-02	-3.846911e-02	1.467082e-04	-3.150829e-02	7.342472e-05	2.976755e-05
4.026750e+03	4.825868e-02	5.379003e-03	7.244342e-05	-4.839965e-02	1.293706e-04	2.449023e-04
4.039140e+03	2.254320e-02	4.451993e-02	-8.025747e-05	-2.300135e-02	1.542139e-04	4.313404e-04
4.051530e+03	-2.442456e-02	4.332192e-02	-1.848684e-04	2.393646e-02	2.664134e-05	4.759518e-04
4.063920e+03	-4.969921e-02	4.115554e-03	-1.113152e-04	4.919919e-02	-1.124224e-04	4.491983e-04
4.076310e+03	-2.906016e-02	-4.010751e-02	1.060000e-04	2.874238e-02	-1.305228e-04	3.163952e-04
4.088700e+03	1.494885e-02	-4.670119e-02	1.393091e-04	-1.514887e-02	-1.003361e-05	1.734161e-04
4.101090e+03	4.722363e-02	-1.297579e-02	1.382018e-04	-4.714057e-02	1.161555e-04	-8.832940e-05
4.113480e+03	3.630242e-02	3.210600e-02	-6.969746e-05	-3.602043e-02	1.893971e-04	-2.890607e-04
4.125870e+03	-6.785399e-03	4.699866e-02	-1.902566e-04	7.243888e-03	1.281153e-04	-4.526890e-04
4.138260e+03	-4.266326e-02	1.932160e-02	-1.862399e-04	4.316326e-02	-1.130982e-04	-5.435689e-04
4.150650e+03	-3.914732e-02	-2.570758e-02	1.919361e-05	3.962709e-02	-1.532328e-04	-4.945495e-04
4.163040e+03	8.610462e-04	-4.535774e-02	1.119923e-04	-5.011977e-04	-1.613272e-04	-3.557127e-04
4.175430e+03	3.947988e-02	-2.439746e-02	1.851908e-04	-3.926422e-02	8.642738e-05	-2.038050e-04
4.187820e+03	4.125603e-02	1.942805e-02	2.692697e-05	-4.130316e-02	2.117103e-04	1.696004e-05
4.200210e+03	6.249286e-03	4.522494e-02	-1.233257e-04	-6.463313e-03	1.549203e-04	2.171751e-04
4.212600e+03	-3.387394e-02	2.993788e-02	-2.119766e-04	3.357307e-02	1.718840e-05	3.380000e-04
4.224990e+03	-4.393474e-02	-1.150229e-02	-3.555889e-05	4.353474e-02	-1.562057e-04	4.103934e-04
4.237380e+03	-1.448515e-02	-4.172119e-02	8.487861e-05	1.410265e-02	-1.809221e-04	3.703106e-04
4.249770e+03	2.705649e-02	-3.499746e-02	1.557088e-04	-2.732393e-02	-6.658611e-05	2.736933e-04
4.262160e+03	4.266678e-02	3.620709e-03	1.350056e-04	-4.276733e-02	1.029073e-04	7.344040e-05
4.274550e+03	2.049784e-02	3.849572e-02	-1.189150e-05	-2.043201e-02	2.116455e-04	-1.090043e-04
4.286940e+03	-2.069285e-02	3.738475e-02	-1.926366e-04	2.098195e-02	6.031886e-05	-2.722147e-04
4.299330e+03	-4.229718e-02	2.842752e-03	-1.639646e-04	4.259718e-02	-2.477289e-05	-3.618414e-04
4.311720e+03	-2.476887e-02	-3.384867e-02	-2.751477e-05	2.527623e-02	-1.326618e-04	-4.579465e-04
4.324110e+03	1.510646e-02	-3.948383e-02	1.400733e-04	-1.470734e-02	-1.062439e-04	-3.805788e-04
4.336500e+03	4.040123e-02	-8.300428e-03	8.035267e-05	-4.010267e-02	7.408570e-05	-2.776181e-04
4.348890e+03	2.895129e-02	2.945639e-02	5.213745e-05	-2.889088e-02	1.094818e-04	-1.001415e-04
4.361280e+03	-8.838170e-03	3.947063e-02	-7.823617e-05	8.760572e-03	1.192121e-04	5.374392e-05
4.373670e+03	-3.830292e-02	1.432406e-02	-7.552080e-05	3.810284e-02	-3.459573e-05	1.890083e-04
4.386060e+03	-3.293746e-02	-2.373002e-02	2.617849e-05	3.263068e-02	-8.652064e-05	2.926873e-04
4.398450e+03	1.634496e-03	-3.998217e-02	7.792910e-05	-1.963717e-03	-6.983531e-05	3.319138e-04
4.410840e+03	3.429398e-02	-2.041186e-02	9.544160e-05	-3.452834e-02	-1.019275e-06	2.635137e-04
4.423230e+03	3.587530e-02	1.743124e-02	6.602119e-05	-3.605628e-02	1.232880e-04	1.453831e-04
4.435620e+03	4.796572e-03	3.868078e-02	-1.299050e-04	-4.810714e-03	1.114587e-04	6.619703e-05
4.448010e+03	-3.009401e-02	2.509027e-02	-1.216182e-04	3.016320e-02	-7.323887e-06	-1.087383e-04
4.460400e+03	-3.664494e-02	-1.150822e-02	-3.718004e-05	3.692833e-02	-1.221627e-04	-2.378160e-04
4.472790e+03	-1.002847e-02	-3.694998e-02	1.059783e-04	1.042976e-02	-1.010911e-04	-3.396654e-04
4.485180e+03	2.569338e-02	-2.845087e-02	1.492078e-04	-2.531159e-02	-2.316940e-06	-3.655257e-04
4.497570e+03	3.725649e-02	6.269922e-03	9.109684e-05	-3.693210e-02	6.820316e-05	-3.402132e-04
4.509960e+03	1.497878e-02	3.487349e-02	-1.579853e-05	-1.473365e-02	1.729008e-04	-2.326245e-04
4.522350e+03	-2.100612e-02	3.116118e-02	-1.489131e-04	2.102695e-02	9.529848e-05	-3.055264e-05
4.534740e+03	-3.700506e-02	-6.642912e-04	-1.070695e-04	3.700506e-02	-8.820162e-05	3.266066e-05
4.547130e+03	-1.979842e-02	-3.143243e-02	2.429616e-07	1.959881e-02	-8.931388e-05	1.890123e-04
4.559520e+03	1.522113e-02	-3.376527e-02	7.167893e-05	-1.542598e-02	-8.096489e-05	2.539505e-04
4.571910e+03	3.544472e-02	-5.720361e-03	8.982828e-05	-3.570948e-02	-1.508043e-05	2.722422e-04
4.584300e+03	2.457332e-02	2.716080e-02	2.243044e-05	-2.477527e-02	9.766207e-05	1.872050e-04
4.596690e+03	-9.170829e-03	3.508096e-02	-6.757516e-05	9.110422e-03	7.574144e-05	9.175129e-05
4.609080e+03	-3.425430e-02	1.160320e-02	-5.831938e-05	3.428999e-02	-1.319684e-06	-4.734557e-05
4.621470e+03	-2.813572e-02	-2.240400e-02	9.236737e-06	2.822641e-02	-5.566453e-05	-1.556926e-04
4.633860e+03	3.697237e-03	-3.507080e-02	8.010698e-05	-3.450737e-03	-4.281974e-05	-2.404756e-04
4.646250e+03	3.172439e-02	-1.633771e-02	5.603233e-05	-3.142437e-02	1.339286e-05	-2.501359e-04
4.658640e+03	3.085406e-02	1.741172e-02	-2.996891e-05	-3.055916e-02	1.850950e-05	-2.747720e-04
4.671030e+03	2.127530e-03	3.433234e-02	-6.775786e-05	-1.930564e-03	6.751003e-05	-1.938454e-04
4.683420e+03	-2.820585e-02	2.065690e-02	-8.691732e-05	2.837047e-02	-1.585157e-05	-1.289202e-04
4.695810e+03	-3.227874e-02	-1.239197e-02	2.514329e-05	3.228156e-02	-7.388665e-05	-3.211550e-08
4.708200e+03	-7.523466e-03	-3.397021e-02	5.877704e-05	7.455648e-03	-2.502492e-05	6.121469e-05
4.720590e+03	2.397097e-02	-2.464631e-02	5.135626e-05	-2.407107e-02	5.262599e-05	1.516049e-04
4.732980e+03	3.376162e-02	6.147968e-03	-1.158499e-05	-3.396072e-02	5.230154e-05	1.666832e-04
4.745370e+03	1.327489e-02	3.127418e-02	-8.640097e-05	-1.347677e-02	8.693081e-05	1.846336e-04
4.757760e+03	-1.880521e-02	2.845021e-02	-7.690557e-05	1.859628e-02	-5.031141e-05	1.752290e-04
4.770150e+03	-3.285148e-02	-2.209841e-05	-1.335233e-05	3.277607e-02	-9.870453e-05	3.120667e-05
4.782540e+03	-1.829223e-02	-2.808331e-02	9.032253e-05	1.835076e-02	-4.332752e-05	-6.793442e-05
4.794930e+03	1.342091e-02	-3.025430e-02	7.011219e-05	-1.322427e-02	7.722494e-07	-1.844502e-04
4.807320e+03	3.265896e-02	-5.408858e-03	2.289696e-05	-3.235995e-02	9.880210e-05	-2.755557e-04
4.819710e+03	2.243780e-02	2.402444e-02	-4.103783e-05	-2.214098e-02	8.835942e-05	-2.528254e-04
4.832100e+03	-7.747595e-03	3.168977e-02	-1.217268e-04	7.935028e-03	2.851302e-05	-1.919678e-04
4.844490e+03	-3.020045e-02	1.061167e-02	-1.142326e-04	3.035472e-02	-6.815499e-05	-1.288006e-04
4.856880e+03	-2.539743e-02	-1.949189e-02	1.322163e-05	2.550213e-02	-1.299194e-04	-6.222536e-05
4.869270e+03	2.318741e-03	-3.090000e-02	1.073700e-04	-2.357850e-03	-6.490939e-05	2.985903e-05
4.881660e+03	2.754821e-02	-1.533346e-02	9.679286e-05	-2.763849e-02	3.743219e-05	1.023585e-04
4.894050e+03	2.756641e-02	1.432542e-02	1.647424e-05	-2.766641e-02	1.221092e-04	1.004174e-04
4.906440e+03	3.386648e-03	3.074335e-02	-1.408439e-04	-3.489703e-03	9.620061e-05	1.045943e-04
4.918830e+03	-2.380527e-02	1.952507e-02	-8.890355e-05	2.369159e-02	-4.406728e-05	6.082301e-05
4.931220e+03	-2.888263e-02	-8.892469e-03	-8.716461e-05	2.888263e-02	-1.231701e-04	5.093302e-06
4.943610e+03	-8.540458e-03	-2.896678e-02	9.717100e-05	8.559546e-03	-1.079573e-04	-2.419634e-05
4.956000e+03	1.914748e-02	-2.288389e-02	1.219284e-04	-1.904665e-02	2.004534e-05	-9.226115e-05
4.968390e+03	2.924811e-02	3.474954e-03	8.427246e-05	-2.913881e-02	7.520288e-05	-1.044701e-04
4.980780e+03	1.313457e-02	2.611191e-02	-5.568170e-05	-1.295050e-02	9.686239e-05	-1.448089e-04
4.993170e+03	-1.453870e-02	2.504276e-02	-8.796218e-05	1.466363e-02	7.224488e-05	-1.730108e-04
5.005560e+03	-2.797892e-02	1.384718e-03	-5.032549e-05	2.809849e-02	-6.665420e-05	-1.024489e-04
5.017950e+03	-1.657789e-02	-2.293365e-02	4.723895e-05	1.662651e-02	-7.943466e-05	-5.111681e-05
5.030340e+03	9.851525e-03	-2.596938e-02	1.074729e-04	-9.749799e-03	7.400235e-06	-3.905825e-05
5.042730e+03	2.689993e-02	-6.253123e-03	7.167488e-05	-2.689993e-02	-1.919679e-06	2.653051e-05
5.055120e+03	1.977108e-02	1.876555e-02	-9.703133e-06	-1.987102e-02	1.084999e-04	7.520584e-05
5.067510e+03	-4.749143e-03	2.653127e-02	-4.045990e-05	4.637342e-03	3.969516e-05	1.022613e-04
5.079900e+03	-2.438455e-02	1.063236e-02	-9.895196e-05	2.433926e-02	-3.292750e-06	5.955252e-05
5.092290e+03	-2.205043e-02	-1.440440e-02	-5.062088e-05	2.206667e-02	-8.047874e-05	-1.674735e-06
5.104680e+03	-4.767233e-05	-2.549684e-02	2.161647e-05	7.096217e-05	-7.021633e-05	-3.075915e-05
5.117070e+03	2.148095e-02	-1.413452e-02	8.334351e-05	-2.138034e-02	2.701743e-05	-7.605964e-05
5.129460e+03	2.317724e-02	9.910068e-03	6.448327e-06	-2.307724e-02	3.068134e-05	-1.257694e-04
5.141850e+03	4.583374e-03	2.439713e-02	-2.108197e-05	-4.493229e-03	1.210909e-04	-9.141491e-05
5.154240e+03	-1.766817e-02	1.713960e-02	-8.202451e-05	1.779944e-02	2.141484e-05	-8.463461e-05
5.166630e+03	-2.351145e-02	-5.394366e-03	-3.650996e-05	2.361145e-02	-4.673365e-05	-8.097427e-05
5.179020e+03	-8.315482e-03	-2.248491e-02	4.804919e-06	8.391688e-03	-4.245529e-05	-7.534339e-05
5.191410e+03	1.381987e-02	-1.895436e-02	3.952942e-05	-1.380680e-02	-2.788245e-05	-4.481367e-05
5.203800e+03	2.298570e-02	1.018152e-03	2.928602e-05	-2.298570e-02	1.495437e-05	-3.369055e-05
5.216190e+03	1.176088e-02	1.948979e-02	-2.962016e-05	-1.176159e-02	6.359179e-05	-9.399138e-06
5.228580e+03	-9.641193e-03	2.047011e-02	-1.799893e-05	9.676526e-03	3.895633e-05	-2.471980e-05
5.240970e+03	-2.145083e-02	3.248929e-03	-2.904720e-05	2.145083e-02	-4.345493e-05	2.338883e-05
5.253360e+03	-1.459574e-02	-1.624786e-02	1.103931e-05	1.454180e-02	-1.901143e-05	4.853001e-05
5.265750e+03	5.440027e-03	-2.036411e-02	2.470705e-05	-5.395034e-03	-1.861909e-05	-4.171243e-05
5.278140e+03	1.999996e-02	-6.712205e-03	4.672027e-05	-2.002041e-02	1.738360e-05	-2.430873e-05
5.290530e+03	1.637929e-02	1.252767e-02	-1.299958e-05	-1.627930e-02	4.256844e-05	-9.310924e-05
5.302920e+03	-1.264455e-03	2.011638e-02	-3.404541e-05	1.370604e-03	1.118990e-05	-1.027322e-04
5.315310e+03	-1.721344e-02	9.878971e-03	-4.683624e-05	1.724534e-02	1.573382e-05	-9.891948e-05
5.327700e+03	-1.741866e-02	-8.703164e-03	-1.014431e-05	1.751962e-02	-1.555066e-05	-1.142329e-04
5.340090e+03	-2.220551e-03	-1.867206e-02	5.094811e-05	2.291375e-03	-2.053763e-05	-7.124558e-05
5.352480e+03	1.417388e-02	-1.205347e-02	1.004476e-05	-1.416836e-02	1.260904e-05	-3.296793e-05
5.364870e+03	1.740982e-02	4.859190e-03	-9.429157e-06	-1.740982e-02	2.494069e-05	-8.320912e-06
5.377260e+03	5.509902e-03	1.667601e-02	-5.579213e-05	-5.512729e-03	1.701500e-05	2.577229e-06
5.389650e+03	-1.063657e-02	1.366495e-02	-1.989631e-05	1.066605e-02	-2.241782e-05	-2.402605e-05
5.402040e+03	-1.655343e-02	-1.220692e-03	-1.939531e-05	1.658815e-02	-3.847594e-05	-5.890237e-05
5.414430e+03	-8.077901e-03	-1.433249e-02	3.270271e-05	8.139033e-03	-3.099308e-05	-7.989655e-05
5.426820e+03	7.192592e-03	-1.416542e-02	5.176554e-05	-7.138469e-03	4.668999e-05	-4.594692e-05
5.439210e+03	1.529650e-02	-2.001366e-03	2.959515e-05	-1.529650e-02	3.664048e-05	-6.615045e-05
5.451600e+03	9.955347e-03	1.118971e-02	-6.124192e-05	-9.949638e-03	5.378287e-05	-4.218846e-05
5.463990e+03	-3.703834e-03	1.407874e-02	-5.207847e-05	3.712356e-03	-4.668961e-06	-7.234148e-06
5.476380e+03	-1.333963e-02	4.633111e-03	-8.716556e-06	1.333873e-02	-4.757975e-05	-2.800526e-05
5.488770e+03	-1.080548e-02	-8.228228e-03	1.761609e-07	1.087959e-02	-4.996758e-05	-5.394349e-05
5.501160e+03	7.336621e-04	-1.309694e-02	4.973204e-05	-7.036006e-04	-2.444376e-05	-3.281768e-05
5.513550e+03	1.091377e-02	-6.564587e-03	3.226993e-05	-1.072498e-02	-7.898035e-06	-1.288399e-04
5.525940e+03	1.113709e-02	5.154532e-03	1.073657e-05	-1.114494e-02	5.389477e-05	-7.820195e-05
5.538330e+03	1.861869e-03	1.141062e-02	-3.508080e-05	-1.810459e-03	4.348642e-05	-5.672327e-05
5.550720e+03	-8.227181e-03	7.717945e-03	-2.064730e-05	8.262476e-03	7.758350e-06	-2.835976e-05
5.563110e+03	-1.044762e-02	-2.333767e-03	-1.626235e-05	1.044730e-02	-2.348470e-05	7.284963e-07
5.575500e+03	-3.735903e-03	-9.660259e-03	2.797719e-05	3.766222e-03	1.547324e-05	-2.886581e-05
5.587890e+03	5.588455e-03	-8.215467e-03	3.574729e-05	-5.584766e-03	-4.535723e-06	1.780283e-07
5.600280e+03	9.427695e-03	-5.246151e-05	3.439772e-05	-9.433216e-03	3.784573e-05	-2.336611e-06
5.612670e+03	5.253462e-03	7.457496e-03	-3.901400e-05	-5.232900e-03	3.017283e-05	-2.121418e-05
5.625060e+03	-3.041031e-03	8.135577e-03	-2.034453e-05	3.083400e-03	2.872748e-05	-3.961151e-05
5.637450e+03	-7.915397e-03	2.045222e-03	-7.266429e-05	7.971310e-03	1.623757e-05	-6.125467e-05
5.649840e+03	-5.821692e-03	-5.112491e-03	1.525953e-05	5.890161e-03	-7.872323e-05	-6.967003e-05
5.662230e+03	8.260757e-04	-7.369912e-03	7.306432e-06	-7.455712e-04	-4.580411e-05	-8.105671e-05
5.674620e+03	6.131015e-03	-3.397450e-03	3.899760e-05	-6.041704e-03	2.632201e-05	-9.322808e-05
5.687010e+03	6.106166e-03	2.931124e-03	-3.800963e-06	-6.027800e-03	3.796083e-05	-8.365472e-05
5.699400e+03	1.038608e-03	6.178400e-03	-3.070723e-05	-9.492010e-04	4.686867e-05	-8.921337e-05
5.711790e+03	-4.175555e-03	4.285476e-03	-3.429454e-05	4.224256e-03	1.166720e-05	-5.802839e-05
5.724180e+03	-5.582297e-03	-8.894148e-04	-2.496490e-05	5.601195e-03	-2.719285e-05	-2.208304e-05
5.736570e+03	-2.426505e-03	-4.750596e-03	-1.274077e-05	2.436947e-03	-2.453176e-05	-1.309248e-05
5.748960e+03	2.272093e-03	-4.541394e-03	4.154395e-06	-2.263125e-03	-1.857978e-05	-4.253489e-06
5.761350e+03	4.707780e-03	-8.074683e-04	4.378548e-05	-4.673082e-03	7.996134e-06	-3.380541e-05
5.773740e+03	3.330261e-03	3.051824e-03	-1.070311e-05	-3.344632e-03	1.607041e-05	1.026728e-05
5.786130e+03	-4.749317e-04	4.379575e-03	7.575660e-06	5.125798e-04	5.529324e-05	-3.661839e-05
5.798520e+03	-3.531816e-03	2.237597e-03	-3.182685e-05	3.561966e-03	7.154172e-06	-3.306367e-05
5.810910e+03	-3.786694e-03	-1.389515e-03	1.175057e-05	3.851229e-03	-5.168294e-05	-5.048490e-05
5.823300e+03	-1.188350e-03	-3.725100e-03	-2.291186e-06	1.253089e-03	-5.548291e-06	-6.146929e-05
5.835690e+03	2.180275e-03	-3.194123e-03	1.778413e-05	-2.142702e-03	7.596638e-06	-3.800752e-05
5.848080e+03	3.823450e-03	-3.061985e-04	2.843019e-05	-3.765096e-03	8.947800e-06	-5.465518e-05
5.860470e+03	2.645555e-03	2.817469e-03	6.462814e-06	-2.612434e-03	1.904315e-05	-2.973572e-05
5.872860e+03	-6.092718e-04	3.760000e-03	2.975567e-06	6.132846e-04	9.803931e-06	-4.469185e-06
5.885250e+03	-3.372549e-03	1.881878e-03	-1.247187e-05	3.417530e-03	1.581789e-05	-4.357908e-05
5.897640e+03	-3.652463e-03	-1.590613e-03	-2.881692e-06	3.690722e-03	-7.150409e-06	-3.036408e-05
5.910030e+03	-8.559820e-04	-3.893872e-03	-1.013838e-05	8.784946e-04	1.396041e-05	-2.369614e-05
5.922420e+03	2.685788e-03	-3.172263e-03	2.082153e-05	-2.665970e-03	6.451096e-07	-1.889686e-05
5.934810e+03	4.260280e-03	2.459566e-04	-2.294201e-06	-4.268046e-03	-6.704456e-06	2.344470e-06
5.947200e+03	2.502795e-03	3.691277e-03	-1.589849e-05	-2.492737e-03	-2.787792e-05	-1.439884e-05
5.959590e+03	-1.483684e-03	4.285882e-03	-3.380386e-05	1.503092e-03	-5.221205e-06	-2.322532e-05
5.971980e+03	-4.461255e-03	1.282469e-03	-1.904545e-05	4.479201e-03	1.704692e-06	-1.323007e-05
5.984370e+03	-3.706235e-03	-3.051831e-03	-7.013619e-06	3.723314e-03	-9.354723e-06	-2.284025e-05
5.996760e+03	4.029951e-04	-4.774444e-03	9.554752e-06	-3.696702e-04	-1.914768e-05	-4.114974e-05
6.009150e+03	4.383044e-03	-2.567220e-03	-1.335805e-05	-4.374377e-03	7.199297e-06	-8.115397e-06
6.021540e+03	4.747572e-03	2.192464e-03	2.004851e-05	-4.665313e-03	2.465833e-05	-7.866541e-05
6.033930e+03	9.618486e-04	5.234750e-03	-2.190672e-05	-9.264741e-04	2.564591e-06	-3.413056e-05
6.046320e+03	-3.930065e-03	3.887292e-03	-2.344293e-05	3.959813e-03	4.095409e-06	-2.681974e-05
6.058710e+03	-5.432827e-03	-1.074017e-03	-3.873089e-06	5.442411e-03	-2.315868e-05	6.508715e-06
6.071100e+03	-2.342475e-03	-5.286448e-03	-2.929340e-07	2.287217e-03	-3.580700e-06	5.238574e-05
6.083490e+03	3.128834e-03	-4.904663e-03	-1.177284e-05	-3.148613e-03	1.950411e-06	1.307658e-05
6.095880e+03	5.830088e-03	-9.695150e-05	-1.790884e-05	-5.858494e-03	2.756677e-05	2.396435e-05
6.108270e+03	3.395973e-03	4.980152e-03	-1.048346e-05	-3.401012e-03	-3.412837e-06	-2.386941e-06
6.120660e+03	-2.239145e-03	5.680561e-03	-1.342327e-05	2.242034e-03	1.260238e-05	-5.593580e-06
6.133050e+03	-6.038873e-03	1.292999e-03	-3.079529e-05	6.095312e-03	-1.563660e-05	-5.371232e-05
6.145440e+03	-4.422543e-03	-4.324797e-03	-2.622560e-05	4.467474e-03	-2.501719e-05	-4.712021e-05
6.157830e+03	1.221611e-03	-6.255608e-03	3.421865e-05	-1.210581e-03	1.779716e-05	-1.098098e-05
6.170220e+03	5.856595e-03	-2.429344e-03	1.310860e-05	-5.853855e-03	4.263818e-05	-6.244206e-06
6.182610e+03	5.290500e-03	3.643769e-03	-1.326186e-05	-5.260870e-03	3.712151e-05	-2.704367e-05
6.195000e+03	-2.279810e-04	6.321344e-03	-4.728996e-05	2.094812e-04	-4.993751e-06	2.373968e-05
6.207390e+03	-5.601400e-03	3.325626e-03	-3.634786e-05	5.598029e-03	8.892615e-06	6.426369e-06
6.219780e+03	-5.871953e-03	-2.783986e-03	5.435931e-06	5.881820e-03	-4.449450e-05	-4.694913e-06
6.232170e+03	-7.273911e-04	-6.397300e-03	5.565721e-05	7.538065e-04	-2.137748e-05	-2.744695e-05
6.244560e+03	5.099486e-03	-4.220382e-03	1.203225e-05	-5.069092e-03	1.843377e-05	-2.766622e-05
6.256950e+03	6.272856e-03	1.978451e-03	-6.773090e-06	-6.280990e-03	3.135380e-05	3.453090e-06
6.269340e+03	1.752114e-03	6.448088e-03	-3.317195e-05	-1.749931e-03	3.817936e-05	-4.305550e-06
6.281730e+03	-4.423772e-03	4.922300e-03	-6.953086e-05	4.404794e-03	-1.327486e-05	2.122903e-05
6.294120e+03	-6.602105e-03	-1.113645e-03	-2.172204e-05	6.611704e-03	-2.770419e-05	-8.997223e-06
6.306510e+03	-2.650863e-03	-6.119762e-03	1.849567e-05	2.668426e-03	-6.799147e-06	-1.883409e-05
6.318900e+03	3.815541e-03	-5.523644e-03	2.926831e-05	-3.813013e-03	2.894956e-05	3.890242e-06
6.331290e+03	6.573822e-03	2.403870e-04	1.995597e-05	-6.541279e-03	1.603220e-05	-2.531949e-05
6.343680e+03	3.437382e-03	5.854295e-03	-2.066374e-05	-3.440931e-03	2.452338e-06	-4.194747e-06
6.356070e+03	-3.021949e-03	5.985101e-03	-1.408148e-05	3.002872e-03	2.857524e-05	1.190504e-05
6.368460e+03	-6.633647e-03	7.013044e-04	-3.974391e-05	6.624171e-03	-8.946345e-06	2.997807e-06
6.380850e+03	-4.143665e-03	-5.264787e-03	-1.780766e-05	4.162607e-03	-3.077148e-05	-1.055456e-05
6.393240e+03	2.189449e-03	-6.293579e-03	5.376245e-06	-2.185555e-03	-1.791652e-05	-1.947585e-06
6.405630e+03	6.518415e-03	-1.487659e-03	1.510686e-05	-6.557119e-03	1.024354e-05	3.508748e-05
6.418020e+03	4.803459e-03	4.695448e-03	-2.175981e-05	-4.779292e-03	5.047024e-05	-3.254292e-05
6.430410e+03	-1.371693e-03	6.553420e-03	-3.508472e-06	1.391366e-03	1.250692e-05	-1.970918e-05
6.442800e+03	-5.949747e-03	8.209833e-04	3.564730e-05	6.060696e-03	-2.342807e-05	-7.188875e-05
6.455190e+03	-5.265727e-03	-3.939845e-03	2.121549e-06	5.282559e-03	-1.129563e-05	-1.669811e-05
6.467580e+03	6.428527e-04	-6.469561e-03	9.208637e-06	-6.269320e-04	2.199031e-06	-1.799543e-05
6.479970e+03	5.898395e-03	-2.960672e-03	2.386196e-05	-5.850619e-03	1.771935e-05	-3.511619e-05
6.492360e+03	5.661799e-03	3.392068e-03	-1.405673e-06	-5.634932e-03	3.781888e-05	-2.405839e-05
6.504750e+03	2.193730e-04	6.559883e-03	-4.199162e-05	-1.894374e-04	6.309851e-05	-3.038843e-05
6.517140e+03	-5.408655e-03	3.680291e-03	-4.309138e-05	5.394625e-03	-1.441260e-05	1.109219e-05
6.529530e+03	-6.032386e-03	-2.580347e-03	-1.617645e-05	6.064761e-03	-4.509715e-05	-1.803701e-05
6.541920e+03	-1.025628e-03	-6.365512e-03	3.854970e-06	1.018669e-03	-2.123152e-05	2.370432e-06
6.554310e+03	4.917745e-03	-4.228299e-03	3.798453e-05	-4.925759e-03	-4.107323e-05	9.958761e-06
6.566700e+03	6.180299e-03	1.857883e-03	2.306375e-05	-6.165673e-03	1.713369e-05	-2.251399e-05
6.579090e+03	1.702342e-03	6.212413e-03	-1.150940e-05	-1.702121e-03	4.967822e-05	2.530737e-06
6.591480e+03	-4.326524e-03	4.810664e-03	-2.843596e-05	4.319820e-03	2.620361e-05	5.788655e-06
6.603870e+03	-6.254884e-03	-1.020881e-03	-4.791949e-05	6.264670e-03	-2.744302e-06	-6.743742e-06
6.616260e+03	-2.454070e-03	-5.897450e-03	1.408797e-05	2.483682e-03	-2.582913e-05	-3.207323e-05
6.628650e+03	3.618748e-03	-5.196207e-03	-6.857889e-07	-3.615503e-03	1.551188e-06	-9.868927e-06
6.641040e+03	6.275121e-03	2.649698e-04	-9.195850e-07	-6.235711e-03	-9.549574e-06	-3.276544e-05
6.653430e+03	3.152492e-03	5.433493e-03	3.229255e-05	-3.152594e-03	4.118809e-06	-1.672365e-07
6.665820e+03	-2.845304e-03	5.599352e-03	3.249553e-07	2.854613e-03	2.660745e-05	-1.977586e-05
6.678210e+03	-6.026837e-03	5.880934e-04	-2.608137e-05	6.019562e-03	-3.173826e-06	2.310009e-05
6.690600e+03	-3.750264e-03	-4.844912e-03	-2.121860e-07	3.775106e-03	1.274068e-05	-2.932974e-05
6.702990e+03	2.091655e-03	-5.701793e-03	-2.061480e-05	-2.067053e-03	9.515116e-07	-2.421642e-05
6.715380e+03	5.963386e-03	-1.353780e-03	-5.923762e-06	-5.943309e-03	-2.063815e-05	-1.187643e-05
6.727770e+03	4.333189e-03	4.311266e-03	-3.391840e-05	-4.324744e-03	1.273368e-05	-9.983228e-06
6.740160e+03	-1.254857e-03	5.921905e-03	-2.216942e-05	1.284116e-03	-2.803541e-05	-2.994145e-05
6.752550e+03	-5.529609e-03	2.062714e-03	7.981041e-06	5.556621e-03	-9.312663e-06	-2.525013e-05
6.764940e+03	-4.703727e-03	-3.526304e-03	1.745840e-05	4.703197e-03	-7.380837e-06	4.527837e-06
6.777330e+03	4.708807e-04	-5.676323e-03	2.168727e-05	-4.427648e-04	1.904676e-05	-2.066851e-05
6.789720e+03	5.089157e-03	-2.679849e-03	1.413406e-05	-5.080110e-03	3.256625e-05	-1.465547e-05
6.802110e+03	5.006247e-03	2.846833e-03	-3.209151e-05	-5.037933e-03	5.959233e-06	2.556226e-05
6.814500e+03	2.859060e-04	5.590680e-03	-5.023362e-05	-2.756498e-04	2.144564e-05	-1.060189e-05
6.826890e+03	-4.526117e-03	3.282126e-03	-9.310964e-06	4.534348e-03	-4.031364e-06	-1.166302e-05
6.839280e+03	-5.088989e-03	-1.995197e-03	-1.416268e-05	5.130004e-03	-1.775396e-05	-4.186607e-05
6.851670e+03	-9.974559e-04	-5.323769e-03	2.003843e-05	1.016947e-03	3.685494e-06	-2.113859e-05
6.864060e+03	3.939593e-03	-3.630699e-03	2.817677e-05	-3.899665e-03	2.212531e-06	-4.354286e-05
6.876450e+03	5.116828e-03	1.328120e-03	-7.282982e-06	-5.107925e-03	6.572863e-05	-9.874095e-06
6.888840e+03	1.604801e-03	4.996477e-03	8.113833e-06	-1.597539e-03	2.718251e-05	-1.186302e-05
6.901230e+03	-3.335301e-03	4.026699e-03	-6.450937e-06	3.353723e-03	-2.009263e-06	-1.345624e-05
6.913620e+03	-5.020433e-03	-6.284205e-04	-1.047875e-05	5.018968e-03	-2.258761e-05	-5.361645e-06
6.926010e+03	-2.189792e-03	-4.603073e-03	2.032665e-06	2.183538e-03	-3.154088e-06	9.200166e-06
6.938400e+03	2.626849e-03	-4.218306e-03	-4.249203e-06	-2.649334e-03	6.432730e-06	1.284300e-05
6.950790e+03	4.890459e-03	-6.632144e-05	1.162587e-05	-4.869818e-03	2.761608e-05	-2.518156e-05
6.963180e+03	2.640272e-03	4.075676e-03	2.345036e-05	-2.620420e-03	1.997448e-05	-1.532005e-05
6.975570e+03	-1.906339e-03	4.394778e-03	-1.703001e-05	1.919726e-03	-1.273035e-05	-8.347521e-06
6.987960e+03	-4.510976e-03	7.335380e-04	-3.834928e-06	4.556557e-03	2.679791e-06	-4.862893e-05
7.000350e+03	-3.073771e-03	-3.497303e-03	2.125831e-05	3.074712e-03	-8.296166e-06	-3.751124e-06
7.012740e+03	1.305026e-03	-4.306720e-03	2.129983e-05	-1.278838e-03	1.453109e-05	-2.669753e-05
7.025130e+03	4.301988e-03	-1.217239e-03	-1.275494e-05	-4.269198e-03	2.347430e-05	-1.935324e-05
7.037520e+03	3.278681e-03	2.903317e-03	-6.752127e-06	-3.269291e-03	-6.782142e-06	-1.844920e-06
7.049910e+03	-6.444848e-04	4.269867e-03	-1.750359e-05	6.843136e-04	-1.259994e-05	-4.027266e-05
7.062300e+03	-3.840764e-03	1.703601e-03	-2.162359e-05	3.878966e-03	1.518571e-06	-3.787779e-05
7.074690e+03	-3.493461e-03	-2.278165e-03	1.539733e-05	3.526515e-03	-6.936976e-06	-3.192837e-05
7.087080e+03	4.682041e-05	-3.983430e-03	1.456366e-05	-2.356055e-05	-7.366174e-06	-2.065951e-05
7.099470e+03	3.379453e-03	-2.073011e-03	2.023087e-05	-3.363736e-03	2.348330e-05	-1.425842e-05
7.111860e+03	3.495836e-03	1.715634e-03	6.757964e-06	-3.508611e-03	1.933068e-05	2.145327e-05
7.124250e+03	4.129976e-04	3.834232e-03	-3.284935e-05	-3.739837e-04	1.987365e-05	-3.933775e-05
7.136640e+03	-2.966654e-03	2.397394e-03	-5.581990e-05	2.971750e-03	2.884622e-05	-7.931546e-07
7.149030e+03	-3.574737e-03	-1.203546e-03	-1.929955e-05	3.599214e-03	-3.331603e-05	-2.569354e-05
7.161420e+03	-8.512050e-04	-3.490556e-03	1.029206e-05	8.930100e-04	-4.116224e-05	-4.738918e-05
7.173810e+03	2.490815e-03	-2.583125e-03	3.157245e-05	-2.485736e-03	7.835935e-06	-9.639214e-06
7.186200e+03	3.409482e-03	7.133552e-04	-1.369543e-05	-3.381874e-03	3.420848e-06	-2.504354e-05
7.198590e+03	1.246814e-03	3.244974e-03	2.072366e-06	-1.199337e-03	2.962693e-05	-4.407942e-05
7.210980e+03	-2.006685e-03	2.711365e-03	3.912983e-06	1.996869e-03	3.076731e-05	6.111574e-06
7.223370e+03	-3.297064e-03	-2.132743e-04	-1.239804e-05	3.355096e-03	-3.293025e-06	-5.573382e-05
7.235760e+03	-1.580027e-03	-2.862532e-03	7.601980e-06	1.599882e-03	-2.956471e-05	-2.256358e-05
7.248150e+03	1.540520e-03	-2.847443e-03	2.079404e-05	-1.522074e-03	1.537805e-05	-2.222669e-05
7.260540e+03	3.132587e-03	-2.432554e-04	-4.774307e-06	-3.110238e-03	-1.135455e-05	-2.626142e-05
7.272930e+03	1.839462e-03	2.478097e-03	-8.017166e-06	-1.809409e-03	5.377099e-06	-2.718404e-05
7.285320e+03	-1.016049e-03	2.803003e-03	2.829535e-06	9.994210e-04	4.786873e-06	1.783210e-05
7.297710e+03	-2.772528e-03	6.640140e-04	-2.621836e-05	2.777139e-03	3.209361e-05	1.390673e-07
7.310100e+03	-1.963296e-03	-2.010880e-03	1.256242e-05	1.982937e-03	-9.752579e-06	-2.026357e-05
7.322490e+03	6.336585e-04	-2.642199e-03	1.075865e-05	-5.822718e-04	1.144899e-05	-5.256048e-05
7.334880e+03	2.564976e-03	-9.197956e-04	-2.332016e-05	-2.515714e-03	2.545167e-05	-5.188581e-05
7.347270e+03	2.165973e-03	1.592036e-03	-2.370045e-05	-2.085608e-03	3.396846e-07	-7.773722e-05
7.359660e+03	-1.644757e-04	2.556722e-03	-2.692010e-05	2.194065e-04	1.247752e-05	-5.708168e-05
7.372050e+03	-2.217069e-03	1.184566e-03	1.298021e-05	2.246163e-03	-1.826749e-05	-3.498735e-05
7.384440e+03	-2.112492e-03	-1.168843e-03	-1.769135e-05	2.103482e-03	2.109501e-06	3.418049e-06
7.396830e+03	-1.777739e-04	-2.344232e-03	2.513975e-05	1.416960e-04	-3.039452e-06	3.723999e-05
7.409220e+03	1.911472e-03	-1.351062e-03	-2.976657e-06	-1.882806e-03	2.560898e-05	-2.990762e-05
7.421610e+03	2.121557e-03	7.632836e-04	9.856411e-06	-2.118313e-03	7.519274e-06	-1.021256e-05
7.434000e+03	4.931913e-04	2.093843e-03	-4.077087e-05	-4.690651e-04	1.871179e-05	-2.599251e-05
7.446390e+03	-1.455293e-03	1.483680e-03	-1.600935e-05	1.489558e-03	-2.507723e-06	-3.969486e-05
7.458780e+03	-1.894255e-03	-4.247347e-04	-1.343930e-05	1.934510e-03	-2.362751e-05	-4.429172e-05
7.471170e+03	-6.299345e-04	-1.830797e-03	1.859885e-05	6.660302e-04	-1.147472e-05	-3.548140e-05
7.483560e+03	1.161609e-03	-1.471388e-03	2.103154e-05	-1.145237e-03	-1.269480e-05	-1.845140e-05
7.495950e+03	1.861022e-03	1.551213e-04	1.442585e-05	-1.840759e-03	2.458135e-05	-3.224585e-05
7.508340e+03	9.071128e-04	1.617138e-03	-7.673739e-06	-8.626501e-04	1.221840e-05	-4.452019e-05
7.520730e+03	-7.913546e-04	1.564139e-03	-2.480803e-05	8.391427e-04	2.912973e-05	-4.711361e-05
7.533120e+03	-1.679967e-03	1.341470e-04	-1.590600e-05	1.719964e-03	-2.079849e-05	-4.279530e-05
7.545510e+03	-1.014058e-03	-1.275230e-03	1.900197e-05	1.053752e-03	-1.502016e-05	-4.020041e-05
7.557900e+03	5.327482e-04	-1.498800e-03	-3.299697e-06	-5.155282e-04	-4.944850e-06	-1.628519e-05
7.570290e+03	1.504813e-03	-3.689284e-04	1.884064e-05	-1.494200e-03	4.146959e-05	-2.000657e-05
7.582680e+03	1.119037e-03	1.000409e-03	-1.070676e-05	-1.104701e-03	4.271994e-06	-1.101338e-05
7.595070e+03	-2.095287e-04	1.469998e-03	-9.971917e-06	2.306401e-04	2.458508e-05	-2.175984e-05
7.607460e+03	-1.193476e-03	6.134940e-04	-9.609490e-06	1.238787e-03	1.886791e-05	-4.111505e-05
7.619850e+03	-1.169178e-03	-6.244169e-04	-1.679945e-05	1.202164e-03	-3.095818e-06	-3.707948e-05
7.632240e+03	-7.651504e-05	-1.264348e-03	-1.441416e-05	1.293765e-04	-2.458273e-07	-5.274720e-05
7.644630e+03	1.041334e-03	-7.307489e-04	-1.414709e-06	-1.045325e-03	-2.248567e-05	-6.741063e-06
7.657020e+03	1.162648e-03	3.995237e-04	1.354155e-05	-1.141958e-03	2.629962e-05	-1.923567e-05
7.669410e+03	3.422715e-04	1.157030e-03	9.618973e-06	-3.272140e-04	2.678747e-05	-1.484890e-05
7.681800e+03	-7.014779e-04	9.039109e-04	-1.332191e-05	7.377465e-04	1.459177e-06	-3.439947e-05
7.694190e+03	-1.018531e-03	-8.847608e-06	-1.423429e-05	1.028707e-03	1.556742e-05	-1.165444e-05
7.706580e+03	-5.683994e-04	-8.081206e-04	-2.544696e-05	6.058845e-04	1.175285e-05	-3.516309e-05
7.718970e+03	3.406335e-04	-8.905724e-04	-2.228224e-05	-3.195663e-04	3.042088e-06	-2.111384e-05
7.731360e+03	8.822075e-04	-2.097864e-04	2.886427e-06	-8.364683e-04	-2.795726e-05	-4.684621e-05
7.743750e+03	6.963357e-04	5.664682e-04	1.334866e-05	-6.964335e-04	-2.202984e-06	-1.119601e-05
7.756140e+03	-7.606797e-06	8.311110e-04	1.117640e-05	4.386386e-05	9.808002e-06	-3.469581e-05
7.768530e+03	-6.892920e-04	4.547640e-04	-1.640979e-05	6.930031e-04	5.429202e-06	-8.274394e-06
7.780920e+03	-6.925776e-04	-2.061599e-04	-1.655197e-05	7.255831e-04	3.199618e-05	-3.339989e-05
7.793310e+03	-1.828551e-04	-6.303666e-04	-1.249628e-05	2.100446e-04	1.669788e-05	-2.724395e-05
7.805700e+03	4.043637e-04	-4.936112e-04	-3.007916e-05	-3.965352e-04	-3.210967e-05	-1.418916e-05
7.818090e+03	6.328323e-04	1.999668e-05	1.131554e-05	-5.681131e-04	-2.281884e-05	-6.581461e-05
7.830480e+03	3.495514e-04	4.919711e-04	1.686618e-05	-3.185095e-04	-1.268442e-05	-3.141670e-05
7.842870e+03	-2.001917e-04	5.819520e-04	1.060232e-05	2.362263e-04	6.882694e-06	-3.553357e-05
7.855260e+03	-4.951222e-04	2.336012e-04	1.830784e-05	5.106993e-04	2.594757e-05	-1.694082e-05
7.867650e+03	-4.538811e-04	-2.890365e-04	-6.958327e-06	4.885008e-04	1.666590e-05	-3.189868e-05
7.880040e+03	-1.002834e-04	-4.876902e-04	-3.150569e-05	1.057460e-04	4.769620e-06	-6.319625e-06
7.892430e+03	3.486601e-04	-3.673625e-04	-8.812714e-06	-3.411951e-04	8.004506e-06	-8.203103e-06
7.904820e+03	5.308642e-04	1.005992e-04	-1.975802e-05	-5.078455e-04	-1.626788e-05	-2.222051e-05
7.917210e+03	2.878913e-04	4.326842e-04	2.772519e-05	-2.679087e-04	1.831558e-06	-2.058515e-05
7.929600e+03	-1.685512e-04	5.127031e-04	-5.421514e-06	1.946775e-04	-1.271610e-06	-2.677153e-05
