1.523970e+03	-3.412927e-02	-9.099325e-02	1.211594e-05	3.431471e-02	-5.034232e-05	1.167204e-04
1.536360e+03	-7.252812e-03	-1.006807e-01	-1.015410e-05	7.447651e-03	-4.928998e-05	-1.381944e-04
1.548750e+03	1.925125e-02	-9.885423e-02	-6.896830e-06	-1.912690e-02	-1.183930e-05	-1.289652e-04
1.561140e+03	4.452773e-02	-9.072632e-02	1.573006e-05	-4.466001e-02	-3.811754e-05	1.311736e-04
1.573530e+03	6.690906e-02	-7.587305e-02	3.113920e-05	-6.718987e-02	-2.842970e-05	3.047649e-04
1.585920e+03	8.473116e-02	-5.541303e-02	3.376254e-05	-8.504953e-02	-1.952672e-05	3.457991e-04
1.598310e+03	9.632286e-02	-3.064264e-02	4.371074e-05	-9.669074e-02	1.611861e-05	3.001040e-04
1.610700e+03	1.009782e-01	-3.994267e-03	3.285253e-05	-1.009779e-01	-6.223746e-06	7.563224e-05
1.623090e+03	9.809126e-02	2.264139e-02	5.230462e-05	-9.819108e-02	3.747347e-05	1.219396e-04
1.635480e+03	8.895859e-02	4.796869e-02	2.421141e-05	-8.936972e-02	7.499334e-05	4.222906e-04
1.647870e+03	7.285690e-02	7.010833e-02	-6.111657e-07	-7.336970e-02	5.949245e-05	5.249024e-04
1.660260e+03	5.142277e-02	8.683148e-02	-1.925058e-05	-5.182388e-02	4.860210e-05	3.743204e-04
1.672650e+03	2.641364e-02	9.699151e-02	-5.100377e-05	-2.659821e-02	5.829829e-05	1.615324e-04
1.685040e+03	7.648515e-05	1.009870e-01	-4.001922e-05	-2.955063e-04	2.041211e-05	2.173019e-04
1.697430e+03	-2.680272e-02	9.742775e-02	-7.901605e-05	2.635184e-02	3.339471e-05	3.615324e-04
1.709820e+03	-5.202195e-02	8.720808e-02	-4.925247e-05	5.152127e-02	-1.723094e-05	4.847859e-04
1.722210e+03	-7.391976e-02	7.019477e-02	-9.238316e-05	7.338277e-02	1.073909e-05	5.511751e-04
1.734600e+03	-9.017437e-02	4.779991e-02	-5.492252e-05	8.965211e-02	-3.803449e-05	4.546539e-04
1.746990e+03	-9.982164e-02	2.159142e-02	-1.933119e-05	9.954857e-02	-5.346667e-05	3.666608e-04
1.759380e+03	-1.020000e-01	-6.202358e-03	-1.149844e-06	1.013669e-01	-5.963475e-05	3.110000e-04
1.771770e+03	-9.706782e-02	-3.386220e-02	5.277861e-05	9.673060e-02	-6.403152e-05	4.382484e-04
1.784160e+03	-8.450385e-02	-5.929113e-02	6.565322e-06	8.391868e-02	-6.718246e-05	5.337115e-04
1.796550e+03	-6.480212e-02	-8.038550e-02	3.959047e-05	6.441432e-02	-5.763343e-05	4.592367e-04
1.808940e+03	-3.997549e-02	-9.514612e-02	3.849898e-05	3.962669e-02	-5.930930e-05	2.751494e-04
1.821330e+03	-1.222363e-02	-1.021641e-01	7.254082e-05	1.213052e-02	-3.045023e-05	1.472457e-04
1.833720e+03	1.648546e-02	-1.021997e-01	7.813268e-05	-1.665160e-02	1.347923e-06	1.895566e-04
1.846110e+03	4.463973e-02	-9.434303e-02	5.975142e-05	-4.494714e-02	-1.310426e-05	3.635082e-04
1.858500e+03	6.997520e-02	-7.831683e-02	8.360607e-05	-7.050171e-02	3.290174e-05	4.578942e-04
1.870890e+03	8.969435e-02	-5.513360e-02	4.197577e-05	-8.999707e-02	-3.547506e-05	3.172012e-04
1.883280e+03	1.024918e-01	-2.724393e-02	7.298969e-05	-1.025813e-01	8.994866e-05	6.250479e-05
1.895670e+03	1.059946e-01	3.495919e-03	5.069528e-05	-1.059946e-01	7.232276e-05	4.422939e-05
1.908060e+03	1.009606e-01	3.435067e-02	1.685895e-05	-1.018660e-01	1.014591e-04	1.106347e-04
1.920450e+03	8.724303e-02	6.287668e-02	-4.170361e-06	-8.724695e-02	1.142622e-04	6.240713e-05
1.932840e+03	6.511978e-02	8.631989e-02	-7.238345e-05	-6.527605e-02	9.740526e-05	9.597056e-05
1.945230e+03	3.652047e-02	1.018639e-01	-8.438609e-05	-3.652887e-02	4.859647e-05	-1.176843e-05
1.957620e+03	4.831055e-03	1.080000e-01	-1.417596e-04	-4.615511e-03	8.889719e-05	-1.768380e-04
1.970010e+03	-2.817618e-02	1.058684e-01	-1.697999e-04	2.838280e-02	3.299996e-05	-2.041454e-04
1.982400e+03	-5.917918e-02	9.287121e-02	-1.374964e-04	5.927595e-02	-3.903996e-05	-1.106003e-04
1.994790e+03	-8.562262e-02	7.088224e-02	-8.006605e-05	8.563902e-02	-1.054232e-04	-1.818232e-05
2.007180e+03	-1.041879e-01	4.103414e-02	-5.812380e-05	1.045070e-01	-1.035575e-04	-8.926000e-05
2.019570e+03	-1.117405e-01	6.188630e-03	1.980518e-05	1.118450e-01	-1.402980e-04	-2.958914e-04
2.031960e+03	-1.087580e-01	-2.934728e-02	1.694122e-05	1.087517e-01	-1.297501e-04	-4.323790e-04
2.044350e+03	-9.428731e-02	-6.232432e-02	2.626732e-05	9.460878e-02	-1.280000e-04	-4.189624e-04
2.056740e+03	-6.982412e-02	-8.962169e-02	8.657141e-05	7.017519e-02	-1.040635e-04	-3.911394e-04
2.069130e+03	-3.762613e-02	-1.085406e-01	1.284716e-04	3.790655e-02	-3.612489e-05	-2.802215e-04
2.081520e+03	-7.886237e-04	-1.140000e-01	1.097753e-04	1.106583e-03	-6.345533e-05	-3.142265e-04
2.093910e+03	3.662763e-02	-1.094830e-01	1.503283e-04	-3.623280e-02	6.389954e-06	-4.330369e-04
2.106300e+03	7.033352e-02	-9.157397e-02	9.950866e-05	-6.985459e-02	1.734194e-05	-5.058279e-04
2.118690e+03	9.709344e-02	-6.402052e-02	9.948087e-05	-9.676753e-02	1.779664e-05	-3.153887e-04
2.131080e+03	1.130558e-01	-2.857108e-02	1.102265e-04	-1.132290e-01	1.919026e-04	-2.739175e-04
2.143470e+03	1.169903e-01	1.118729e-02	3.262877e-05	-1.160000e-01	1.154256e-04	-2.539162e-04
2.155860e+03	1.067413e-01	4.966683e-02	-1.945409e-05	-1.059889e-01	2.049228e-04	-3.254571e-04
2.168250e+03	8.357689e-02	8.223492e-02	-1.030576e-04	-8.308990e-02	1.888378e-04	-5.711143e-04
2.180640e+03	5.150184e-02	1.053226e-01	-1.687020e-04	-5.099229e-02	1.477320e-04	-4.724488e-04
2.193030e+03	1.298986e-02	1.169449e-01	-2.185597e-04	-1.267749e-02	6.672733e-05	-3.577082e-04
2.205420e+03	-2.746724e-02	1.152366e-01	-1.949968e-04	2.761381e-02	-3.722756e-05	-1.705885e-04
2.217810e+03	-6.518085e-02	9.846524e-02	-1.787074e-04	6.537169e-02	-1.164706e-04	-1.662885e-04
2.230200e+03	-9.494975e-02	7.053216e-02	-1.096862e-04	9.512791e-02	-1.636703e-04	-2.193096e-04
2.242590e+03	-1.134194e-01	3.402484e-02	-1.222498e-04	1.133461e-01	-1.943063e-04	-1.453392e-04
2.254980e+03	-1.175709e-01	-7.268405e-03	5.094736e-05	1.183120e-01	-1.924576e-04	-6.252165e-05
2.267370e+03	-1.086925e-01	-4.771296e-02	8.963388e-05	1.086890e-01	-1.616263e-04	1.348512e-06
2.279760e+03	-8.559860e-02	-8.243391e-02	1.372757e-04	8.552993e-02	-1.162438e-04	7.406294e-05
2.292150e+03	-5.187079e-02	-1.066017e-01	1.190917e-04	5.187086e-02	-1.099927e-04	-1.568436e-05
2.304540e+03	-1.170699e-02	-1.174034e-01	2.004864e-04	1.177368e-02	-1.341990e-06	-4.665692e-05
2.316930e+03	2.977364e-02	-1.148358e-01	1.390287e-04	-2.977331e-02	-2.853881e-05	-5.530254e-05
2.329320e+03	6.743206e-02	-9.741666e-02	1.976116e-04	-6.743866e-02	1.101902e-04	-2.612813e-05
2.341710e+03	9.753471e-02	-6.825896e-02	1.196568e-04	-9.772152e-02	3.706674e-05	2.213686e-04
2.354100e+03	1.162004e-01	-2.976830e-02	9.697242e-05	-1.161960e-01	2.677188e-04	2.875706e-04
2.366490e+03	1.187729e-01	1.289241e-02	3.507236e-05	-1.187729e-01	1.514582e-04	3.136526e-04
2.378880e+03	1.067018e-01	5.359534e-02	-6.760756e-05	-1.066929e-01	2.790127e-04	2.240291e-04
2.391270e+03	8.079724e-02	8.754905e-02	-1.266567e-04	-8.103212e-02	1.921674e-04	2.335405e-04
2.403660e+03	4.499396e-02	1.110743e-01	-2.120168e-04	-4.538551e-02	1.275783e-04	3.611164e-04
2.416050e+03	2.892318e-03	1.190000e-01	-2.876779e-04	-3.214530e-03	5.738467e-05	3.390140e-04
2.428440e+03	-4.012477e-02	1.131298e-01	-2.732787e-04	3.971403e-02	-4.049232e-05	3.898219e-04
2.440830e+03	-7.796359e-02	9.173268e-02	-2.277847e-04	7.776202e-02	-1.753592e-04	2.167820e-04
2.453220e+03	-1.057649e-01	5.783883e-02	-1.330564e-04	1.057637e-01	-2.476510e-04	1.680197e-04
2.465610e+03	-1.205001e-01	1.608085e-02	-2.540336e-06	1.198435e-01	-2.664702e-04	3.502385e-04
2.478000e+03	-1.186572e-01	-2.900350e-02	1.057108e-04	1.187320e-01	-2.256928e-04	3.688847e-04
2.490390e+03	-9.985108e-02	-7.092145e-02	1.223609e-04	9.954319e-02	-1.920947e-04	4.952627e-04
2.502780e+03	-6.698823e-02	-1.028679e-01	2.462032e-04	6.660896e-02	-8.815699e-05	4.594584e-04
2.515170e+03	-2.426329e-02	-1.209471e-01	2.353943e-04	2.388739e-02	-1.272872e-05	3.680783e-04
2.527560e+03	2.255598e-02	-1.219688e-01	1.888151e-04	-2.292442e-02	1.054588e-05	3.826899e-04
2.539950e+03	6.717157e-02	-1.047043e-01	2.240856e-04	-6.756457e-02	1.999174e-04	4.399318e-04
2.552340e+03	1.030484e-01	-7.198715e-02	1.308505e-04	-1.031579e-01	1.033038e-04	4.755841e-04
2.564730e+03	1.233605e-01	-2.662994e-02	1.051607e-04	-1.242921e-01	2.991845e-04	4.450646e-04
2.577120e+03	1.249841e-01	2.407972e-02	1.164359e-06	-1.249841e-01	2.315086e-04	4.025285e-04
2.589510e+03	1.058382e-01	7.163358e-02	-9.700153e-05	-1.059088e-01	2.778668e-04	2.355933e-04
2.601900e+03	6.947840e-02	1.093181e-01	-2.444267e-04	-6.979645e-02	2.256928e-04	3.292739e-04
2.614290e+03	1.999152e-02	1.285393e-01	-2.838892e-04	-2.036672e-02	1.094032e-04	3.832250e-04
2.626680e+03	-3.475814e-02	1.268776e-01	-3.393350e-04	3.425695e-02	-5.803935e-05	4.983335e-04
2.639070e+03	-8.564155e-02	1.022196e-01	-2.464336e-04	8.507393e-02	-2.012750e-04	5.976306e-04
2.651460e+03	-1.224134e-01	5.733216e-02	-1.309017e-04	1.213599e-01	-3.174425e-04	6.047662e-04
2.663850e+03	-1.357975e-01	-3.115539e-04	-6.765229e-06	1.357151e-01	-3.438385e-04	6.453124e-04
2.676240e+03	-1.244214e-01	-6.067901e-02	1.130947e-04	1.232693e-01	-2.977008e-04	7.537020e-04
2.688630e+03	-8.488995e-02	-1.107084e-01	2.635237e-04	8.407902e-02	-1.721442e-04	7.659992e-04
2.701020e+03	-2.535752e-02	-1.391487e-01	2.764670e-04	2.439602e-02	-6.685192e-05	1.009628e-03
2.713410e+03	4.306229e-02	-1.360080e-01	2.380002e-04	-4.426217e-02	-6.559987e-05	1.139890e-03
2.725800e+03	1.052587e-01	-9.971458e-02	2.787364e-04	-1.062884e-01	1.685553e-04	1.409334e-03
2.738190e+03	1.416478e-01	-3.463109e-02	2.427497e-04	-1.435621e-01	4.264860e-04	1.613051e-03
2.750580e+03	1.410028e-01	4.423053e-02	2.874218e-05	-1.424875e-01	4.335400e-04	1.855327e-03
2.762970e+03	9.505627e-02	1.144777e-01	-2.617250e-04	-9.705777e-02	5.385213e-04	1.942134e-03
2.775360e+03	1.097500e-02	1.498388e-01	-5.888267e-04	-1.278042e-02	3.336669e-04	1.800379e-03
2.787750e+03	-7.859393e-02	1.263299e-01	-6.276911e-04	7.696286e-02	-9.141612e-05	1.550000e-03
2.800140e+03	-1.366327e-01	5.176223e-02	-2.696774e-04	1.354938e-01	-4.900756e-04	8.000905e-04
2.812530e+03	-1.311940e-01	-4.690028e-02	1.849175e-04	1.322422e-01	-5.801730e-04	-2.836769e-04
2.824920e+03	-6.045911e-02	-1.150427e-01	4.519398e-04	6.208018e-02	-3.222322e-04	-1.646565e-03
2.837310e+03	3.563434e-02	-1.134280e-01	5.048491e-04	-3.268176e-02	9.824892e-05	-2.905766e-03
2.849700e+03	9.381469e-02	-4.582498e-02	2.094754e-04	-9.001167e-02	2.481540e-04	-3.738172e-03
2.862090e+03	8.107125e-02	3.168258e-02	-9.135969e-05	-7.656860e-02	4.447768e-04	-4.480762e-03
2.874480e+03	2.147766e-02	6.190000e-02	-3.801730e-04	-1.668031e-02	2.052469e-04	-4.767837e-03
2.886870e+03	-2.452526e-02	3.738905e-02	-4.011383e-04	2.940256e-02	-1.690617e-04	-4.738464e-03
2.899260e+03	-2.679080e-02	1.091751e-03	-9.797626e-05	3.120501e-02	-3.737882e-04	-4.353353e-03
2.911650e+03	-8.068734e-03	-1.154032e-02	2.130218e-04	1.217021e-02	-2.936711e-04	-4.085735e-03
2.924040e+03	2.886557e-03	-4.807844e-03	3.354693e-04	8.641745e-04	-9.193963e-05	-3.733178e-03
2.936430e+03	-1.611203e-03	1.854302e-03	2.299965e-04	4.413964e-03	2.280812e-04	-2.778910e-03
2.948820e+03	-1.028089e-02	-3.731468e-03	-7.449754e-05	1.108467e-02	3.430240e-04	-9.693479e-04
2.961210e+03	-7.126666e-03	-1.774996e-02	-2.072759e-04	5.529540e-03	1.688314e-04	1.530129e-03
2.973600e+03	1.112494e-02	-2.164653e-02	-2.494877e-04	-1.510376e-02	-5.915800e-05	3.965109e-03
2.985990e+03	2.986619e-02	-5.843246e-03	-5.116656e-05	-3.500252e-02	-2.403846e-04	5.099840e-03
2.998380e+03	2.864456e-02	2.576301e-02	1.039293e-04	-3.381307e-02	-1.311181e-04	5.174340e-03
3.010770e+03	-7.216872e-04	4.869457e-02	1.127667e-04	-2.823401e-03	2.555037e-05	3.541405e-03
3.023160e+03	-4.370119e-02	3.752356e-02	5.668275e-05	4.276209e-02	2.037670e-05	9.279612e-04
3.035550e+03	-6.302394e-02	-1.134680e-02	-8.728574e-05	6.472583e-02	-4.855957e-05	-1.839267e-03
3.047940e+03	-3.242121e-02	-6.476780e-02	9.849619e-05	3.616329e-02	-1.002093e-04	-3.704145e-03
3.060330e+03	3.577000e-02	-7.293896e-02	1.981198e-04	-3.093991e-02	-1.415033e-04	-4.772372e-03
3.072720e+03	8.618010e-02	-1.911663e-02	2.355931e-04	-8.108010e-02	5.815728e-05	-5.077551e-03
3.085110e+03	7.158771e-02	5.718419e-02	-1.963564e-05	-6.722100e-02	2.379130e-04	-4.345225e-03
3.097500e+03	-7.340443e-04	9.287860e-02	-2.964934e-04	3.347597e-03	2.152300e-04	-2.620327e-03
3.109890e+03	-7.608883e-02	5.914089e-02	-4.112000e-04	7.624072e-02	-6.378024e-05	-9.221117e-05
3.122280e+03	-9.656151e-02	-2.025526e-02	-1.702219e-04	9.458480e-02	-3.614197e-04	2.100891e-03
3.134670e+03	-5.149951e-02	-8.733500e-02	1.578995e-04	4.770117e-02	-3.733421e-04	3.750594e-03
3.147060e+03	2.826546e-02	-9.628213e-02	4.616102e-04	-3.238691e-02	-8.998175e-05	4.151701e-03
3.159450e+03	9.104817e-02	-4.467545e-02	4.201293e-04	-9.490660e-02	1.537593e-04	3.684587e-03
3.171840e+03	9.510497e-02	3.668993e-02	1.832780e-04	-9.759307e-02	4.969816e-04	2.368398e-03
3.184230e+03	3.788565e-02	9.273355e-02	-2.738488e-04	-3.882650e-02	5.043506e-04	9.738620e-04
3.196620e+03	-4.221424e-02	8.950292e-02	-6.058167e-04	4.214476e-02	1.518523e-04	3.843906e-05
3.209010e+03	-9.121876e-02	2.519041e-02	-5.109287e-04	9.161778e-02	-3.666842e-04	-4.186258e-04
3.221400e+03	-7.240142e-02	-5.147580e-02	1.486539e-05	7.250190e-02	-6.109981e-04	-1.135468e-04
3.233790e+03	-3.921932e-03	-8.063457e-02	4.570214e-04	3.724387e-03	-4.463407e-04	1.319755e-04
3.246180e+03	5.615246e-02	-4.533716e-02	5.883365e-04	-5.604089e-02	1.284955e-04	-1.338749e-04
3.258570e+03	6.046189e-02	1.727292e-02	2.780983e-04	-5.960045e-02	4.904871e-04	-8.322728e-04
3.270960e+03	1.552622e-02	5.086675e-02	-2.817224e-04	-1.382684e-02	5.235311e-04	-1.711261e-03
3.283350e+03	-3.018263e-02	3.166563e-02	-5.621211e-04	3.254993e-02	1.750586e-04	-2.371163e-03
3.295740e+03	-3.426019e-02	-1.221980e-02	-4.134202e-04	3.651479e-02	-3.139534e-04	-2.191490e-03
3.308130e+03	-1.637865e-03	-3.222669e-02	-1.098585e-04	3.192170e-03	-4.556977e-04	-1.554929e-03
3.320520e+03	2.746541e-02	-1.319963e-02	2.525700e-04	-2.698879e-02	-4.231254e-04	-5.678521e-04
3.332910e+03	2.122550e-02	1.914355e-02	3.981806e-04	-2.151448e-02	-5.247080e-05	2.839859e-04
3.345300e+03	-9.767708e-03	2.712732e-02	2.791450e-04	8.886189e-03	3.314812e-04	9.019002e-04
3.357690e+03	-2.985195e-02	2.831635e-03	2.732633e-05	2.879845e-02	3.811631e-04	1.113581e-03
3.370080e+03	-1.730402e-02	-2.740832e-02	-2.987474e-04	1.639642e-02	2.667213e-04	8.821329e-04
3.382470e+03	1.723749e-02	-3.053078e-02	-3.689737e-04	-1.809929e-02	5.785020e-05	8.216795e-04
3.394860e+03	3.807480e-02	6.236844e-04	-2.939635e-04	-3.860375e-02	-2.255391e-04	4.763109e-04
3.407250e+03	2.134881e-02	3.789301e-02	-1.619630e-04	-2.150668e-02	-3.202078e-04	2.252346e-04
3.419640e+03	-2.332014e-02	4.237054e-02	1.761201e-04	2.354324e-02	-3.479928e-04	-2.225872e-04
3.432030e+03	-5.158795e-02	3.076410e-03	3.365220e-04	5.238364e-02	-1.386705e-04	-7.706987e-04
3.444420e+03	-3.276790e-02	-4.611886e-02	3.951005e-04	3.394190e-02	1.956829e-04	-1.207662e-03
3.456810e+03	2.150170e-02	-5.679269e-02	1.496205e-04	-1.997188e-02	3.996403e-04	-1.519343e-03
3.469200e+03	6.240285e-02	-1.440512e-02	-2.482068e-04	-6.088919e-02	3.827857e-04	-1.479787e-03
3.481590e+03	4.850587e-02	4.383045e-02	-4.294386e-04	-4.745418e-02	4.702470e-05	-1.037146e-03
3.493980e+03	-9.107200e-03	6.523673e-02	-4.315278e-04	9.284723e-03	-2.699176e-04	-1.724856e-04
3.506370e+03	-6.077977e-02	3.136129e-02	-2.613713e-06	6.006852e-02	-5.894071e-04	7.216587e-04
3.518760e+03	-6.262368e-02	-3.135919e-02	3.687299e-04	6.121486e-02	-4.122621e-04	1.322246e-03
3.531150e+03	-1.222756e-02	-6.924153e-02	5.889354e-04	1.074223e-02	1.968661e-05	1.481793e-03
3.543540e+03	4.808327e-02	-5.078430e-02	3.235019e-04	-4.933777e-02	4.389593e-04	1.241971e-03
3.555930e+03	6.821773e-02	8.880363e-03	-1.513775e-04	-6.887442e-02	5.626647e-04	6.055670e-04
3.568320e+03	3.361995e-02	6.055254e-02	-5.703593e-04	-3.362398e-02	2.787105e-04	7.042581e-05
3.580710e+03	-2.869604e-02	6.178074e-02	-5.536869e-04	2.896905e-02	-2.555353e-04	-2.821477e-04
3.593100e+03	-6.459630e-02	1.131889e-02	-1.810735e-04	6.508625e-02	-5.768767e-04	-4.258016e-04
3.605490e+03	-4.450757e-02	-4.498416e-02	3.873014e-04	4.490711e-02	-4.400874e-04	-4.348094e-04
3.617880e+03	1.190611e-02	-5.905581e-02	5.857490e-04	-1.150679e-02	-6.565029e-06	-3.941131e-04
3.630270e+03	5.315676e-02	-2.210931e-02	3.770311e-04	-5.265676e-02	4.125107e-04	-4.924092e-04
3.642660e+03	4.536487e-02	3.077272e-02	-1.442632e-04	-4.478907e-02	5.327405e-04	-5.178126e-04
3.655050e+03	-1.328613e-03	5.155032e-02	-5.068373e-04	1.742273e-03	2.173089e-04	-4.181522e-04
3.667440e+03	-4.229724e-02	2.503470e-02	-4.547503e-04	4.263178e-02	-2.459639e-04	-2.778104e-04
3.679830e+03	-4.172557e-02	-2.126410e-02	-6.049026e-05	4.171027e-02	-4.668491e-04	2.188262e-05
3.692220e+03	-4.208268e-03	-4.378480e-02	3.128552e-04	3.917139e-03	-3.302189e-04	3.058120e-04
3.704610e+03	3.362072e-02	-2.612354e-02	4.023874e-04	-3.401995e-02	-1.324463e-05	4.424234e-04
3.717000e+03	3.856016e-02	1.394641e-02	1.760213e-04	-3.895810e-02	3.242148e-04	4.410938e-04
3.729390e+03	7.870552e-03	3.834525e-02	-1.582175e-04	-8.191764e-03	3.727742e-04	3.351371e-04
3.741780e+03	-2.742986e-02	2.582222e-02	-3.959207e-04	2.733603e-02	5.928771e-05	5.068847e-05
3.754170e+03	-3.514343e-02	-1.028078e-02	-2.111595e-04	3.528832e-02	-2.386239e-04	-1.816693e-04
3.766560e+03	-8.012788e-03	-3.489356e-02	6.797473e-05	8.459691e-03	-2.879842e-04	-4.464694e-04
3.778950e+03	2.626899e-02	-2.369095e-02	2.810561e-04	-2.566610e-02	-1.231963e-04	-5.639968e-04
3.791340e+03	3.387949e-02	1.014295e-02	2.325200e-04	-3.327949e-02	1.475501e-04	-5.811786e-04
3.803730e+03	8.337017e-03	3.428553e-02	-3.116236e-06	-7.851314e-03	2.952662e-04	-5.255226e-04
3.816120e+03	-2.612614e-02	2.497009e-02	-1.882197e-04	2.647538e-02	1.236304e-04	-3.955112e-04
3.828510e+03	-3.518287e-02	-9.735021e-03	-1.749053e-04	3.541582e-02	-9.146080e-05	-2.421767e-04
3.840900e+03	-1.102729e-02	-3.564902e-02	-2.032936e-05	1.101627e-02	-1.755847e-04	-2.046575e-05
3.853290e+03	2.495533e-02	-2.923994e-02	9.710266e-05	-2.502503e-02	-1.538729e-04	9.808245e-05
3.865680e+03	3.773429e-02	5.508978e-03	1.357229e-04	-3.803374e-02	5.759823e-05	2.999278e-04
3.878070e+03	1.643233e-02	3.606201e-02	6.890388e-05	-1.683396e-02	1.420010e-04	4.046679e-04
3.890460e+03	-2.142175e-02	3.397365e-02	-2.887861e-05	2.102490e-02	1.070317e-04	3.843623e-04
3.902850e+03	-4.008666e-02	9.007596e-04	-1.375499e-04	3.979592e-02	4.929046e-06	2.682537e-04
3.915240e+03	-2.366452e-02	-3.363633e-02	-6.007151e-05	2.359003e-02	-9.250064e-05	9.286923e-05
3.927630e+03	1.586497e-02	-3.791032e-02	2.248723e-05	-1.566529e-02	-9.359455e-05	-1.547167e-04
3.940020e+03	4.029871e-02	-7.693686e-03	6.433974e-05	-3.996483e-02	-1.667219e-05	-3.154481e-04
3.952410e+03	2.906489e-02	2.996376e-02	3.516834e-05	-2.855160e-02	3.160275e-05	-4.711252e-04
3.964800e+03	-9.202220e-03	3.992318e-02	-2.978970e-05	9.704166e-03	4.177260e-05	-4.816799e-04
3.977190e+03	-3.901654e-02	1.401857e-02	2.852270e-05	3.943257e-02	1.848794e-06	-4.206836e-04
3.989580e+03	-3.289552e-02	-2.468656e-02	-9.673720e-06	3.319132e-02	-6.933307e-05	-2.928864e-04
4.001970e+03	2.774398e-03	-4.068992e-02	6.578215e-05	-2.727764e-03	2.284113e-05	-3.831648e-05
4.014360e+03	3.556820e-02	-2.005512e-02	-1.143704e-05	-3.565204e-02	4.220744e-05	1.131216e-04
4.026750e+03	3.561651e-02	1.843521e-02	-5.798172e-05	-3.588956e-02	3.689875e-05	2.630217e-04
4.039140e+03	4.153622e-03	3.959742e-02	-9.805579e-05	-4.452662e-03	-1.890267e-05	3.019984e-04
4.051530e+03	-3.037303e-02	2.516642e-02	-4.458842e-05	3.006183e-02	-1.136427e-04	2.887007e-04
4.063920e+03	-3.709385e-02	-1.147416e-02	1.093694e-04	3.699142e-02	-9.376568e-05	1.747051e-04
4.076310e+03	-1.063601e-02	-3.695749e-02	1.534006e-04	1.060469e-02	-1.528082e-05	3.466796e-05
4.088700e+03	2.443536e-02	-2.848502e-02	1.024903e-04	-2.433341e-02	8.997342e-05	-1.188567e-04
4.101090e+03	3.642982e-02	5.045271e-03	-6.051784e-05	-3.623092e-02	1.820922e-04	-2.061679e-04
4.113480e+03	1.531696e-02	3.311421e-02	-2.032233e-04	-1.501267e-02	4.811878e-05	-3.099465e-04
4.125870e+03	-1.906224e-02	2.972448e-02	-1.515046e-04	1.946444e-02	-1.198704e-04	-3.350333e-04
4.138260e+03	-3.448949e-02	-2.766671e-04	-5.138442e-06	3.478382e-02	-1.860631e-04	-3.698855e-04
4.150650e+03	-1.776202e-02	-2.924030e-02	1.568481e-04	1.807702e-02	-1.151464e-04	-2.698762e-04
4.163040e+03	1.507608e-02	-3.008554e-02	1.813173e-04	-1.496785e-02	8.315176e-05	-1.558275e-04
4.175430e+03	3.276449e-02	-3.379303e-03	4.074678e-05	-3.266889e-02	1.863230e-04	-4.069577e-05
4.187820e+03	2.022414e-02	2.582967e-02	-1.417972e-04	-2.027940e-02	1.545182e-04	6.247671e-05
4.200210e+03	-1.096582e-02	3.023954e-02	-1.984851e-04	1.076937e-02	-2.216181e-05	1.542809e-04
4.212600e+03	-3.099856e-02	7.194000e-03	-3.648254e-05	3.087579e-02	-1.522535e-04	1.841888e-04
4.224990e+03	-2.275662e-02	-2.251702e-02	6.822287e-05	2.259605e-02	-1.688479e-04	1.191023e-04
4.237380e+03	6.820884e-03	-3.054398e-02	1.626027e-04	-6.921711e-03	-4.453471e-05	9.627863e-05
4.249770e+03	2.948296e-02	-1.076606e-02	8.976941e-05	-2.938226e-02	1.363103e-04	-1.497604e-05
4.262160e+03	2.478910e-02	1.921125e-02	-7.832427e-05	-2.469387e-02	2.117151e-04	-1.269313e-04
4.274550e+03	-3.114933e-03	3.039450e-02	-2.176262e-04	3.334164e-03	4.539695e-05	-2.150747e-04
4.286940e+03	-2.753246e-02	1.374959e-02	-1.699622e-04	2.783414e-02	-1.542250e-04	-2.960740e-04
4.299330e+03	-2.635946e-02	-1.618458e-02	1.025026e-05	2.662192e-02	-1.925497e-04	-2.490000e-04
4.311720e+03	-2.664549e-04	-3.072179e-02	1.350257e-04	4.944438e-04	-9.480313e-05	-2.262507e-04
4.324110e+03	2.595495e-02	-1.688429e-02	1.893587e-04	-2.585798e-02	9.541662e-05	-1.225706e-04
4.336500e+03	2.829951e-02	1.279162e-02	1.350113e-05	-2.824251e-02	1.751474e-04	-7.304274e-05
4.348890e+03	4.306425e-03	3.051082e-02	-1.492838e-04	-4.277645e-03	1.114081e-04	-2.616553e-05
4.361280e+03	-2.324872e-02	2.028628e-02	-1.909621e-04	2.325286e-02	-2.759849e-05	4.088355e-05
4.373670e+03	-2.952700e-02	-8.664896e-03	-1.507875e-05	2.947000e-02	-1.643686e-04	4.464899e-05
4.386060e+03	-8.921822e-03	-2.984107e-02	1.288019e-04	8.827701e-03	-1.331861e-04	8.835670e-05
4.398450e+03	1.982770e-02	-2.368342e-02	1.419499e-04	-1.983642e-02	1.904750e-05	6.858738e-05
4.410840e+03	3.013132e-02	3.930248e-03	4.458186e-05	-3.020419e-02	1.624792e-04	-2.100511e-05
4.423230e+03	1.326760e-02	2.781994e-02	-8.370368e-05	-1.323257e-02	1.192618e-04	-3.845964e-05
4.435620e+03	-1.587553e-02	2.602346e-02	-1.563555e-04	1.597538e-02	2.796663e-05	-1.169610e-04
4.448010e+03	-2.980538e-02	8.060422e-04	-6.582650e-05	2.991400e-02	-1.150581e-04	-1.853880e-04
4.460400e+03	-1.701223e-02	-2.496419e-02	3.880170e-05	1.714579e-02	-1.711609e-04	-1.750145e-04
4.472790e+03	1.174397e-02	-2.742977e-02	1.621346e-04	-1.153915e-02	-4.014863e-05	-1.843415e-04
4.485180e+03	2.929171e-02	-5.207694e-03	1.035776e-04	-2.919149e-02	8.507091e-05	-1.272026e-04
4.497570e+03	2.019613e-02	2.151979e-02	-8.500465e-06	-2.010625e-02	1.528578e-04	-1.203784e-04
4.509960e+03	-7.187643e-03	2.818382e-02	-1.421738e-04	7.223643e-03	8.223029e-05	-5.239624e-05
4.522350e+03	-2.756027e-02	9.004105e-03	-1.103503e-04	2.756027e-02	-5.203131e-05	-1.598690e-05
4.534740e+03	-2.219070e-02	-1.792702e-02	1.126659e-05	2.219201e-02	-1.457935e-04	1.023475e-05
4.547130e+03	2.864272e-03	-2.813474e-02	8.836865e-05	-2.905825e-03	-7.522282e-05	5.615251e-05
4.559520e+03	2.510107e-02	-1.273168e-02	9.837321e-05	-2.520448e-02	1.320409e-05	5.357013e-05
4.571910e+03	2.393909e-02	1.403472e-02	2.837707e-05	-2.397173e-02	1.096342e-04	2.933797e-06
4.584300e+03	1.189165e-03	2.739696e-02	-8.272113e-06	-1.145452e-03	9.505501e-05	-4.523247e-05
4.596690e+03	-2.210660e-02	1.552035e-02	-1.114775e-04	2.212064e-02	-1.099795e-05	-8.450960e-05
4.609080e+03	-2.476073e-02	-1.022332e-02	-2.708128e-05	2.491699e-02	-8.611667e-05	-1.531446e-04
4.621470e+03	-4.416436e-03	-2.616933e-02	8.958729e-05	4.608584e-03	-5.037424e-05	-1.796942e-04
4.633860e+03	1.935311e-02	-1.781436e-02	9.488676e-05	-1.915304e-02	2.838909e-05	-1.928325e-04
4.646250e+03	2.534432e-02	6.763917e-03	2.392450e-05	-2.522785e-02	1.000617e-04	-1.472764e-04
4.658640e+03	7.721260e-03	2.468029e-02	-6.866524e-05	-7.563120e-03	5.513720e-05	-1.409945e-04
4.671030e+03	-1.642561e-02	1.941745e-02	-8.239729e-05	1.653080e-02	-2.443200e-06	-1.018944e-04
4.683420e+03	-2.515134e-02	-3.437740e-03	-1.724666e-05	2.515134e-02	-5.334992e-05	-1.592183e-05
4.695810e+03	-1.047701e-02	-2.295277e-02	4.443741e-05	1.047550e-02	-7.768974e-05	3.698215e-06
4.708200e+03	1.355658e-02	-2.093094e-02	6.123295e-05	-1.364302e-02	-2.233209e-06	4.082383e-05
4.720590e+03	2.477275e-02	1.914075e-04	3.284653e-05	-2.477442e-02	3.981897e-05	2.920540e-05
4.732980e+03	1.322220e-02	2.079053e-02	-1.453820e-05	-1.322565e-02	7.409552e-05	-2.499681e-06
4.745370e+03	-1.035636e-02	2.230002e-02	-4.554175e-05	1.045832e-02	2.119085e-06	-3.907813e-05
4.757760e+03	-2.370000e-02	3.086751e-03	-1.372867e-05	2.370000e-02	-3.341245e-05	-7.969660e-05
4.770150e+03	-1.539214e-02	-1.874722e-02	4.614631e-05	1.550136e-02	-3.550289e-05	-1.070070e-04
4.782540e+03	7.558307e-03	-2.269731e-02	6.782908e-05	-7.406703e-03	-3.484220e-06	-1.542722e-04
4.794930e+03	2.314959e-02	-6.030634e-03	4.786622e-05	-2.304039e-02	5.610761e-05	-1.394206e-04
4.807320e+03	1.754415e-02	1.619022e-02	-3.259024e-05	-1.742974e-02	8.163859e-05	-1.637162e-04
4.819710e+03	-4.294196e-03	2.296867e-02	-9.330096e-05	4.423603e-03	9.293796e-06	-1.351704e-04
4.832100e+03	-2.188708e-02	8.790713e-03	-3.978728e-05	2.187958e-02	-6.243818e-05	-9.420630e-05
4.844490e+03	-1.910775e-02	-1.361476e-02	4.505349e-05	1.910746e-02	-9.614720e-05	-2.911951e-05
4.856880e+03	1.140820e-03	-2.284895e-02	9.980707e-05	-1.180132e-03	-1.606383e-05	3.697710e-05
4.869270e+03	2.024984e-02	-1.147637e-02	5.238081e-05	-2.024900e-02	5.546174e-05	7.079019e-06
4.881660e+03	2.050843e-02	1.061342e-02	-2.462384e-05	-2.050844e-02	9.626125e-05	2.496904e-05
4.894050e+03	2.089336e-03	2.239079e-02	-1.034526e-04	-2.061258e-03	2.701863e-06	-2.373108e-05
4.906440e+03	-1.803033e-02	1.395015e-02	-6.510094e-05	1.809454e-02	-5.000653e-05	-5.937056e-05
4.918830e+03	-2.115492e-02	-7.747710e-03	-1.683087e-06	2.125492e-02	-9.516437e-05	-9.598907e-05
4.931220e+03	-5.102319e-03	-2.183334e-02	8.836749e-05	5.191665e-03	-1.669685e-05	-9.091557e-05
4.943610e+03	1.578328e-02	-1.605958e-02	5.778868e-05	-1.568276e-02	2.609200e-05	-1.278173e-04
4.956000e+03	2.158870e-02	4.563423e-03	1.494003e-06	-2.148870e-02	1.076880e-04	-1.004539e-04
4.968390e+03	7.900343e-03	2.075386e-02	-7.750954e-05	-7.790388e-03	3.745098e-05	-1.149638e-04
4.980780e+03	-1.314370e-02	1.782004e-02	-8.942429e-05	1.313837e-02	-2.642900e-05	-6.972363e-05
4.993170e+03	-2.143937e-02	-1.554765e-03	-1.583461e-05	2.143911e-02	-1.092174e-04	-7.276540e-05
5.005560e+03	-1.042533e-02	-1.925015e-02	6.221700e-05	1.050257e-02	-7.129278e-05	-7.050162e-05
5.017950e+03	1.036892e-02	-1.913500e-02	1.045872e-04	-1.033312e-02	1.502442e-05	-3.594941e-05
5.030340e+03	2.105970e-02	-1.575356e-03	3.550324e-05	-2.095968e-02	1.009660e-04	-2.972232e-05
5.042730e+03	1.279944e-02	1.719574e-02	-6.212809e-05	-1.287897e-02	9.341131e-05	-8.801247e-07
5.055120e+03	-7.481959e-03	1.984350e-02	-9.896394e-05	7.489925e-03	1.372609e-08	-6.720805e-06
5.067510e+03	-2.028676e-02	4.583078e-03	-7.724011e-05	2.028616e-02	-7.739110e-05	-3.280533e-05
5.079900e+03	-1.481261e-02	-1.478090e-02	1.519141e-05	1.485937e-02	-1.031155e-04	-6.442628e-05
5.092290e+03	4.487586e-03	-2.004581e-02	9.969239e-05	-4.405980e-03	-4.025551e-05	-8.634028e-05
5.104680e+03	1.929666e-02	-7.211895e-03	8.007005e-05	-1.919666e-02	4.898117e-05	-9.375762e-05
5.117070e+03	1.646751e-02	1.219564e-02	-2.151680e-06	-1.639084e-02	9.048293e-05	-9.851823e-05
5.129460e+03	-1.402877e-03	1.976046e-02	-9.191779e-05	1.533202e-03	4.779143e-05	-1.240641e-04
5.141850e+03	-1.764472e-02	9.541420e-03	-7.613756e-05	1.774448e-02	-3.444183e-05	-9.429738e-05
5.154240e+03	-1.740252e-02	-9.570390e-03	-1.092728e-05	1.750259e-02	-1.038529e-04	-1.030375e-04
5.166630e+03	-1.360700e-03	-1.927594e-02	7.250382e-05	1.427792e-03	-4.169288e-05	-6.384943e-05
5.179020e+03	1.571318e-02	-1.167481e-02	6.218792e-05	-1.571521e-02	1.576935e-05	-4.259172e-05
5.191410e+03	1.802425e-02	6.788283e-03	8.364567e-06	-1.794505e-02	7.134173e-05	-4.927293e-05
5.203800e+03	4.048320e-03	1.869979e-02	-4.588907e-05	-4.017374e-03	4.988610e-05	-3.009121e-05
5.216190e+03	-1.333049e-02	1.347404e-02	-1.079970e-04	1.336305e-02	-1.094441e-05	-2.791037e-05
5.228580e+03	-1.820443e-02	-3.996558e-03	-1.546148e-05	1.820265e-02	-8.894486e-05	-2.767115e-05
5.240970e+03	-6.412349e-03	-1.762750e-02	5.433231e-05	6.466174e-03	-8.406898e-05	-3.822921e-05
5.253360e+03	1.101393e-02	-1.466333e-02	1.089792e-04	-1.091403e-02	1.693077e-06	-5.981347e-05
5.265750e+03	1.807766e-02	1.316552e-03	3.304419e-05	-1.797821e-02	8.300026e-05	-1.049522e-04
5.278140e+03	8.596499e-03	1.589475e-02	-5.239289e-05	-8.430589e-03	8.070323e-05	-1.030000e-04
5.290530e+03	-8.513213e-03	1.547456e-02	-8.397209e-05	8.627540e-03	6.594538e-06	-1.135591e-04
5.302920e+03	-1.737546e-02	1.064443e-03	-1.625252e-05	1.747546e-02	-4.895046e-05	-9.754281e-05
5.315310e+03	-1.012070e-02	-1.389197e-02	2.849415e-05	1.021547e-02	-6.724122e-05	-5.322419e-05
5.327700e+03	6.236648e-03	-1.607528e-02	6.200907e-05	-6.167803e-03	-3.602334e-05	-5.481308e-05
5.340090e+03	1.641756e-02	-3.283812e-03	5.785492e-05	-1.631756e-02	4.633361e-05	-4.054986e-05
5.352480e+03	1.143728e-02	1.203887e-02	-3.416623e-05	-1.144363e-02	8.211995e-05	-4.566436e-05
5.364870e+03	-3.862325e-03	1.588844e-02	-5.617287e-05	3.910953e-03	-6.639489e-06	-5.157789e-05
5.377260e+03	-1.517930e-02	5.194760e-03	-4.466985e-05	1.517930e-02	-3.940663e-05	-5.938831e-05
5.389650e+03	-1.241895e-02	-1.006046e-02	5.584182e-06	1.250892e-02	-4.861982e-05	-4.076218e-05
5.402040e+03	1.750690e-03	-1.540270e-02	3.089421e-05	-1.717740e-03	-3.598842e-05	-3.331657e-05
5.414430e+03	1.410374e-02	-6.838602e-03	2.125919e-05	-1.399480e-02	1.089152e-05	-3.456206e-05
5.426820e+03	1.317776e-02	7.969810e-03	-1.801322e-05	-1.307157e-02	3.060057e-05	-4.869613e-05
5.439210e+03	2.605286e-04	1.485330e-02	-5.797042e-05	-1.863366e-04	1.809208e-05	-7.000599e-05
5.451600e+03	-1.258660e-02	8.169564e-03	-3.989822e-05	1.268776e-02	-2.373056e-05	-9.171732e-05
5.463990e+03	-1.336754e-02	-6.170214e-03	2.453584e-05	1.346718e-02	-5.262128e-05	-9.683775e-05
5.476380e+03	-1.947083e-03	-1.439513e-02	4.928196e-05	2.053291e-03	-3.204727e-05	-1.042440e-04
5.488770e+03	1.113151e-02	-9.344928e-03	3.306535e-05	-1.107905e-02	3.761178e-05	-1.006717e-04
5.501160e+03	1.347768e-02	4.376203e-03	-6.603162e-06	-1.343883e-02	3.741589e-05	-6.084389e-05
5.513550e+03	3.545489e-03	1.369809e-02	-5.163061e-05	-3.515829e-03	7.812757e-06	-2.720496e-05
5.525940e+03	-9.466800e-03	1.012617e-02	-5.428717e-05	9.505263e-03	-3.438912e-05	-2.056890e-05
5.538330e+03	-1.280000e-02	-4.015541e-03	-1.273407e-05	1.284957e-02	-4.457921e-05	-6.969191e-05
5.550720e+03	-4.956192e-03	-1.278536e-02	6.570570e-05	5.005734e-03	1.310791e-06	-4.639850e-05
5.563110e+03	7.977580e-03	-1.083493e-02	4.039169e-05	-7.918875e-03	2.266644e-05	-6.406689e-05
5.575500e+03	1.332579e-02	8.737736e-04	2.480063e-06	-1.322557e-02	4.496198e-05	-8.159300e-05
5.587890e+03	6.361267e-03	1.169209e-02	-3.221145e-05	-6.316183e-03	2.065110e-05	-5.376244e-05
5.600280e+03	-6.327809e-03	1.141063e-02	-5.983689e-05	6.412271e-03	-3.200887e-05	-7.290466e-05
5.612670e+03	-1.289424e-02	8.412225e-04	-2.071464e-05	1.299320e-02	-4.069650e-05	-4.452127e-05
5.625060e+03	-7.575094e-03	-1.042745e-02	2.743878e-05	7.647827e-03	-4.615978e-05	-7.135700e-05
5.637450e+03	4.647020e-03	-1.186351e-02	4.382103e-05	-4.594066e-03	1.602103e-05	-5.516991e-05
5.649840e+03	1.237284e-02	-2.468943e-03	1.540203e-05	-1.237291e-02	3.893631e-05	-7.711426e-05
5.662230e+03	8.611720e-03	8.880760e-03	-2.390932e-05	-8.543635e-03	3.578359e-05	-7.492728e-05
5.674620e+03	-2.858882e-03	1.189125e-02	-7.146533e-05	2.939563e-03	8.959608e-06	-7.965384e-05
5.687010e+03	-1.153274e-02	3.821890e-03	-3.926944e-05	1.154831e-02	-5.937962e-05	-7.197662e-05
5.699400e+03	-9.311074e-03	-7.507847e-03	1.972090e-05	9.353766e-03	-5.736416e-05	-3.624151e-05
5.711790e+03	1.265032e-03	-1.172369e-02	5.090822e-05	-1.242011e-03	-7.090354e-06	-2.485041e-05
5.724180e+03	1.054551e-02	-5.182916e-03	3.586147e-05	-1.047757e-02	2.552886e-05	-3.504760e-05
5.736570e+03	9.808170e-03	5.984876e-03	-1.570403e-05	-9.812661e-03	6.070872e-05	-1.209793e-05
5.748960e+03	2.747043e-04	1.129777e-02	-4.749674e-05	-1.981506e-04	1.047984e-05	-7.738296e-05
5.761350e+03	-9.262251e-03	6.201082e-03	-3.360417e-05	9.330953e-03	-1.343423e-05	-6.276273e-05
5.773740e+03	-1.016250e-02	-4.490406e-03	1.214985e-05	1.026664e-02	-4.106092e-05	-9.491614e-05
5.786130e+03	-1.579270e-03	-1.078820e-02	3.050648e-05	1.657838e-03	-3.434080e-05	-7.803619e-05
5.798520e+03	8.128418e-03	-7.076894e-03	1.462328e-05	-8.038459e-03	2.381690e-05	-9.058297e-05
5.810910e+03	1.022351e-02	2.911991e-03	2.619538e-06	-1.021897e-02	3.409886e-05	-6.901722e-05
5.823300e+03	2.943252e-03	9.981718e-03	-3.580480e-05	-2.892868e-03	1.462212e-05	-4.915292e-05
5.835690e+03	-6.825549e-03	7.648194e-03	-3.452980e-05	6.854357e-03	-5.905493e-06	-3.152180e-05
5.848080e+03	-9.991955e-03	-1.601330e-03	4.014380e-06	1.009171e-02	-4.130469e-05	-5.629967e-05
5.860470e+03	-3.941319e-03	-9.151109e-03	2.790975e-05	4.006539e-03	-2.743777e-05	-6.850703e-05
5.872860e+03	5.585814e-03	-8.130573e-03	3.377882e-05	-5.520972e-03	1.672799e-05	-6.882621e-05
5.885250e+03	9.634673e-03	2.542309e-04	-4.443793e-06	-9.564301e-03	4.781816e-05	-6.907101e-05
5.897640e+03	4.908972e-03	8.057602e-03	-2.766167e-05	-4.830811e-03	1.910940e-05	-7.708050e-05
5.910030e+03	-4.139342e-03	8.343708e-03	-3.696374e-05	4.194889e-03	-3.491968e-06	-6.019847e-05
5.922420e+03	-8.977748e-03	8.906531e-04	-2.812482e-05	9.043983e-03	-2.070590e-05	-6.201446e-05
5.934810e+03	-5.531101e-03	-7.106083e-03	-2.184149e-06	5.571406e-03	-4.269522e-05	-4.630742e-05
5.947200e+03	3.009334e-03	-8.403645e-03	2.933422e-05	-2.959542e-03	-2.285407e-05	-5.388269e-05
5.959590e+03	8.466379e-03	-1.933042e-03	9.719258e-06	-8.406200e-03	1.660964e-05	-5.992468e-05
5.971980e+03	6.045997e-03	6.103810e-03	2.717130e-06	-5.998580e-03	3.051014e-05	-4.679189e-05
5.984370e+03	-1.826163e-03	8.188017e-03	-2.865376e-05	1.896062e-03	-1.449869e-05	-7.168877e-05
5.996760e+03	-7.691508e-03	2.759346e-03	-2.472861e-05	7.761847e-03	-2.407253e-06	-6.454079e-05
6.009150e+03	-6.342252e-03	-5.055811e-03	1.531308e-05	6.422781e-03	-2.056671e-05	-7.755608e-05
6.021540e+03	8.510336e-04	-7.837248e-03	1.209709e-05	-7.807963e-04	-1.736910e-05	-6.964131e-05
6.033930e+03	7.020580e-03	-3.527138e-03	1.568604e-06	-6.931345e-03	-3.658002e-06	-9.694265e-05
6.046320e+03	6.659059e-03	3.968004e-03	-3.559051e-06	-6.585186e-03	2.252648e-05	-7.280167e-05
6.058710e+03	1.203305e-04	7.403211e-03	-2.980839e-05	-4.095529e-05	8.040484e-06	-7.701024e-05
6.071100e+03	-6.209851e-03	3.971532e-03	-2.313705e-05	6.261866e-03	-1.335127e-05	-5.257143e-05
6.083490e+03	-6.613199e-03	-3.119091e-03	8.363453e-06	6.644657e-03	-2.217883e-05	-3.775261e-05
6.095880e+03	-8.275159e-04	-7.003023e-03	1.993506e-05	8.602565e-04	-8.841770e-06	-3.311735e-05
6.108270e+03	5.501389e-03	-4.469769e-03	5.658725e-06	-5.472031e-03	-4.257597e-06	-3.401641e-05
6.120660e+03	6.614349e-03	2.209153e-03	-2.149299e-05	-6.544543e-03	2.525701e-05	-6.659817e-05
6.133050e+03	1.621707e-03	6.525578e-03	-3.339913e-05	-1.540615e-03	7.968144e-06	-7.615711e-05
6.145440e+03	-4.662235e-03	4.773726e-03	-2.345468e-05	4.749505e-03	-2.407610e-05	-8.480115e-05
6.157830e+03	-6.329007e-03	-1.420459e-03	3.046094e-05	6.406035e-03	-1.918233e-05	-8.437836e-05
6.170220e+03	-2.154736e-03	-6.056899e-03	9.552441e-06	2.214304e-03	-2.065983e-06	-6.472188e-05
6.182610e+03	3.995516e-03	-5.045324e-03	1.065537e-05	-3.923548e-03	1.629127e-05	-6.738143e-05
6.195000e+03	6.180537e-03	6.989291e-04	5.398474e-06	-6.114976e-03	3.472690e-05	-6.489033e-05
6.207390e+03	2.705539e-03	5.613912e-03	-3.841233e-05	-2.655404e-03	1.561512e-05	-4.490511e-05
6.219780e+03	-3.230296e-03	5.168200e-03	-1.175782e-05	3.260946e-03	-1.724968e-05	-2.710152e-05
6.232170e+03	-5.902968e-03	-5.094606e-05	-1.080153e-05	5.942948e-03	-3.777919e-05	-3.261693e-05
6.244560e+03	-3.116728e-03	-5.105271e-03	1.378330e-05	3.166180e-03	-3.018692e-05	-4.640585e-05
6.256950e+03	2.659042e-03	-5.256561e-03	3.265606e-05	-2.588892e-03	2.801095e-06	-7.349363e-05
6.269340e+03	5.666664e-03	-5.991332e-04	1.382827e-05	-5.577363e-03	1.465386e-05	-8.834697e-05
6.281730e+03	3.536322e-03	4.485364e-03	-1.703876e-05	-3.449393e-03	3.210976e-05	-8.215479e-05
6.294120e+03	-1.877741e-03	5.223467e-03	-4.341405e-05	1.976956e-03	2.718386e-06	-1.036115e-04
6.306510e+03	-5.395404e-03	1.155340e-03	-2.987090e-05	5.451629e-03	-2.680212e-05	-5.338428e-05
6.318900e+03	-3.758675e-03	-4.027091e-03	6.259273e-06	3.798968e-03	-3.012486e-05	-4.769966e-05
6.331290e+03	1.346296e-03	-5.325297e-03	3.271196e-05	-1.333840e-03	4.881427e-07	-1.121081e-05
6.343680e+03	5.119339e-03	-1.704073e-03	1.976243e-05	-5.081364e-03	3.060133e-05	-4.248507e-05
6.356070e+03	4.155866e-03	3.416632e-03	-6.482655e-06	-4.100104e-03	3.560459e-05	-5.291804e-05
6.368460e+03	-6.415789e-04	5.246432e-03	-2.301223e-05	7.149687e-04	1.810000e-05	-7.401188e-05
6.380850e+03	-4.694182e-03	2.173067e-03	-2.876038e-05	4.770679e-03	-1.911800e-05	-8.065599e-05
6.393240e+03	-4.282669e-03	-2.838118e-03	-5.062453e-06	4.329720e-03	-2.853705e-05	-4.596643e-05
6.405630e+03	9.193257e-05	-5.077846e-03	3.434509e-05	-3.686950e-05	-1.052912e-05	-5.581457e-05
6.418020e+03	4.294755e-03	-2.629268e-03	2.781904e-05	-4.232176e-03	-4.396286e-06	-7.027590e-05
6.430410e+03	4.480017e-03	2.162822e-03	2.234887e-05	-4.410017e-03	3.237523e-05	-7.011403e-05
6.442800e+03	5.453773e-04	4.788061e-03	-2.878018e-05	-4.582868e-04	2.676096e-05	-8.820298e-05
6.455190e+03	-3.678645e-03	2.937733e-03	-3.699389e-05	3.765603e-03	1.374538e-05	-8.096656e-05
6.467580e+03	-4.399638e-03	-1.611339e-03	-3.096257e-05	4.452966e-03	-2.923752e-05	-5.415777e-05
6.479970e+03	-9.202189e-04	-4.553620e-03	7.892748e-06	9.704993e-04	-3.585870e-05	-4.876813e-05
6.492360e+03	3.275970e-03	-3.250871e-03	2.162443e-05	-3.246555e-03	-2.635537e-05	-3.242467e-05
6.504750e+03	4.399123e-03	1.012715e-03	2.084008e-05	-4.358985e-03	4.111462e-06	-3.974678e-05
6.517140e+03	1.449924e-03	4.204412e-03	2.832429e-06	-1.388709e-03	4.802891e-06	-6.592124e-05
6.529530e+03	-2.722962e-03	3.337479e-03	-7.819826e-06	2.803017e-03	2.789776e-06	-8.443699e-05
6.541920e+03	-4.201014e-03	-5.579196e-04	-1.705736e-05	4.301014e-03	8.414010e-06	-1.001095e-04
6.554310e+03	-1.686411e-03	-3.924103e-03	-7.154608e-06	1.786799e-03	-2.275210e-05	-1.021774e-04
6.566700e+03	2.382522e-03	-3.500418e-03	2.035762e-06	-2.302149e-03	-1.293660e-06	-8.113221e-05
6.579090e+03	4.154369e-03	1.001734e-04	1.215279e-05	-4.086353e-03	-1.654430e-05	-6.287913e-05
6.591480e+03	2.090843e-03	3.535260e-03	5.290590e-06	-2.052203e-03	-3.277215e-07	-3.687960e-05
6.603870e+03	-1.833927e-03	3.539102e-03	6.236737e-06	1.885056e-03	5.785493e-06	-4.789262e-05
6.616260e+03	-3.904051e-03	3.045495e-04	8.362405e-06	3.944627e-03	-5.156975e-06	-4.341712e-05
6.628650e+03	-2.362875e-03	-3.212640e-03	1.059098e-05	2.400614e-03	1.405277e-06	-4.665663e-05
6.641040e+03	1.478448e-03	-3.676133e-03	4.452506e-06	-1.408702e-03	4.191700e-06	-7.255501e-05
6.653430e+03	3.785148e-03	-8.149298e-04	8.396654e-06	-3.722251e-03	7.983701e-06	-6.227420e-05
6.665820e+03	2.718603e-03	2.733519e-03	-7.242392e-06	-2.649714e-03	-8.248489e-08	-6.778141e-05
6.678210e+03	-8.623811e-04	3.610609e-03	-8.689452e-06	9.328886e-04	-1.356417e-06	-6.666229e-05
6.690600e+03	-3.422202e-03	1.167013e-03	1.859955e-05	3.495228e-03	-4.094642e-06	-6.694514e-05
6.702990e+03	-2.736615e-03	-2.345176e-03	1.070595e-05	2.822570e-03	5.909532e-07	-8.038822e-05
6.715380e+03	5.512711e-04	-3.519700e-03	1.865105e-05	-4.756397e-04	1.954179e-05	-7.565997e-05
6.727770e+03	3.255402e-03	-1.434069e-03	-1.209665e-05	-3.167871e-03	3.019640e-07	-8.676306e-05
6.740160e+03	2.929548e-03	1.938737e-03	-1.371799e-05	-2.865657e-03	6.364538e-06	-6.696296e-05
6.752550e+03	-1.218676e-04	3.408593e-03	-2.588482e-05	1.867026e-04	-8.688834e-06	-6.514309e-05
6.764940e+03	-2.915599e-03	1.671160e-03	-3.283224e-06	2.962522e-03	-1.680645e-05	-4.534051e-05
6.777330e+03	-2.942401e-03	-1.582004e-03	2.071474e-05	2.994934e-03	-1.907474e-05	-4.865578e-05
6.789720e+03	-2.368359e-04	-3.299227e-03	2.288411e-05	2.891468e-04	1.215397e-05	-5.262732e-05
6.802110e+03	2.637086e-03	-1.982546e-03	1.622203e-05	-2.591681e-03	2.287232e-05	-4.553237e-05
6.814500e+03	3.026978e-03	1.150676e-03	-1.505095e-05	-2.973639e-03	1.667364e-05	-5.251846e-05
6.826890e+03	6.623812e-04	3.099550e-03	-1.731726e-05	-5.821997e-04	-1.145408e-05	-7.939873e-05
6.839280e+03	-2.237495e-03	2.154096e-03	1.163627e-06	2.309549e-03	-1.925587e-05	-7.437879e-05
6.851670e+03	-2.909710e-03	-8.019467e-04	1.288680e-05	2.988709e-03	-1.014880e-05	-8.002781e-05
6.864060e+03	-9.120677e-04	-2.898426e-03	1.682738e-05	9.808899e-04	1.545645e-06	-6.830145e-05
6.876450e+03	1.927454e-03	-2.327489e-03	1.258218e-05	-1.858463e-03	2.427434e-05	-6.127050e-05
6.888840e+03	2.885765e-03	3.852749e-04	-2.648189e-06	-2.805552e-03	2.774023e-05	-7.934095e-05
6.901230e+03	1.150406e-03	2.609901e-03	-1.950133e-05	-1.090411e-03	1.340000e-05	-5.560000e-05
6.913620e+03	-1.578804e-03	2.323240e-03	-3.017343e-05	1.637870e-03	-1.874203e-05	-6.025482e-05
6.926010e+03	-2.705729e-03	-1.690583e-04	1.396577e-05	2.755722e-03	-1.693895e-05	-4.866790e-05
6.938400e+03	-1.293580e-03	-2.417723e-03	1.328914e-05	1.343317e-03	-4.324336e-06	-4.649215e-05
6.950790e+03	1.304136e-03	-2.423799e-03	1.391342e-05	-1.252611e-03	1.465646e-05	-5.391608e-05
6.963180e+03	2.663925e-03	-2.313558e-04	-1.113635e-05	-2.602695e-03	2.487107e-05	-5.876078e-05
6.975570e+03	1.575635e-03	2.083554e-03	-3.052181e-05	-1.525615e-03	1.229753e-05	-5.557221e-05
6.987960e+03	-8.900031e-04	2.335889e-03	-2.529582e-05	9.629139e-04	-1.131666e-05	-7.316372e-05
7.000350e+03	-2.420209e-03	4.393808e-04	-1.020541e-05	2.507346e-03	-2.443744e-05	-8.559259e-05
7.012740e+03	-1.620322e-03	-1.829398e-03	1.327157e-05	1.690850e-03	-1.444215e-05	-6.795196e-05
7.025130e+03	7.294158e-04	-2.366576e-03	2.420839e-05	-6.680105e-04	-1.183630e-06	-6.201211e-05
7.037520e+03	2.308237e-03	-6.522106e-04	1.245399e-06	-2.255014e-03	2.729071e-05	-6.808148e-05
7.049910e+03	1.783242e-03	1.528514e-03	-1.327742e-05	-1.712647e-03	3.015166e-05	-7.093221e-05
7.062300e+03	-3.161171e-04	2.214299e-03	-3.029538e-05	3.968759e-04	1.549516e-05	-8.126014e-05
7.074690e+03	-2.043686e-03	8.574438e-04	-1.815963e-05	2.100966e-03	-3.525553e-06	-6.123915e-05
7.087080e+03	-1.749492e-03	-1.291735e-03	1.064326e-05	1.797488e-03	-2.374905e-05	-5.537455e-05
7.099470e+03	1.972216e-04	-2.098478e-03	1.762239e-05	-1.566753e-04	-1.633890e-05	-4.137021e-05
7.111860e+03	1.874762e-03	-9.238780e-04	2.058306e-05	-1.824161e-03	6.291693e-06	-5.315199e-05
7.124250e+03	1.765176e-03	1.041501e-03	-6.087485e-06	-1.715269e-03	2.475811e-05	-5.244983e-05
7.136640e+03	2.118822e-05	1.929069e-03	-1.939979e-05	3.374187e-05	1.072377e-05	-5.515274e-05
7.149030e+03	-1.632536e-03	1.031362e-03	-6.456952e-06	1.711407e-03	-8.771733e-06	-7.683391e-05
7.161420e+03	-1.685371e-03	-8.809545e-04	-1.801464e-05	1.773888e-03	-1.777234e-05	-9.064645e-05
7.173810e+03	-1.513551e-04	-1.878240e-03	4.207725e-06	2.305505e-04	-1.595095e-05	-7.956090e-05
7.186200e+03	1.502945e-03	-1.155455e-03	8.527580e-06	-1.442376e-03	-4.051951e-06	-5.149517e-05
7.198590e+03	1.709502e-03	6.336450e-04	4.314579e-06	-1.662630e-03	5.634152e-06	-4.492646e-05
7.210980e+03	2.896893e-04	1.669615e-03	-9.731098e-07	-2.366774e-04	4.173227e-06	-5.234208e-05
7.223370e+03	-1.233441e-03	1.072153e-03	-4.207486e-06	1.275923e-03	7.238764e-06	-4.426484e-05
7.235760e+03	-1.544062e-03	-5.963074e-04	-2.906539e-07	1.601929e-03	2.022087e-06	-5.919574e-05
7.248150e+03	-3.266902e-04	-1.672783e-03	-7.381498e-06	3.812593e-04	7.706085e-07	-5.486530e-05
7.260540e+03	1.279567e-03	-1.198580e-03	-5.013735e-06	-1.211724e-03	-8.657450e-07	-6.678008e-05
7.272930e+03	1.647634e-03	4.051724e-04	-8.503430e-06	-1.587982e-03	2.604701e-06	-6.141701e-05
7.285320e+03	5.041932e-04	1.608387e-03	-1.236792e-05	-4.630111e-04	4.536023e-06	-4.083693e-05
7.297710e+03	-1.033926e-03	1.217749e-03	-1.113284e-05	1.082788e-03	5.772702e-07	-4.934752e-05
7.310100e+03	-1.507425e-03	-2.987861e-04	-6.883158e-06	1.583272e-03	8.428576e-08	-7.253833e-05
7.322490e+03	-5.605109e-04	-1.453227e-03	-8.714106e-06	6.221456e-04	-7.185157e-06	-6.265874e-05
7.334880e+03	9.546263e-04	-1.231450e-03	-9.257475e-06	-8.757815e-04	-1.120180e-05	-7.823974e-05
7.347270e+03	1.518762e-03	1.146973e-04	-9.086023e-07	-1.449048e-03	-1.678710e-05	-6.757537e-05
7.359660e+03	6.298370e-04	1.304496e-03	1.193374e-06	-5.725073e-04	6.128156e-06	-5.733399e-05
7.372050e+03	-7.686209e-04	1.183862e-03	1.800677e-06	8.226772e-04	-8.804725e-06	-5.551521e-05
7.384440e+03	-1.409867e-03	-8.341211e-05	8.578281e-06	1.459818e-03	8.338870e-06	-5.512167e-05
7.396830e+03	-6.435976e-04	-1.273492e-03	3.555673e-07	6.898487e-04	-6.008846e-06	-4.591755e-05
7.409220e+03	7.471619e-04	-1.240848e-03	-2.521003e-06	-6.855281e-04	8.103783e-06	-6.247771e-05
7.421610e+03	1.409279e-03	-2.556738e-05	3.276923e-06	-1.359196e-03	9.626572e-06	-5.362640e-05
7.434000e+03	7.536460e-04	1.188101e-03	-1.171994e-05	-6.881522e-04	2.474048e-06	-6.372079e-05
7.446390e+03	-6.271047e-04	1.177297e-03	-1.470801e-05	6.964566e-04	-1.241104e-05	-6.767337e-05
7.458780e+03	-1.339207e-03	6.054425e-05	-3.439705e-06	1.379207e-03	-9.276785e-06	-3.894646e-05
7.471170e+03	-7.754748e-04	-1.168880e-03	7.397900e-06	8.208661e-04	-9.223502e-06	-4.641350e-05
7.483560e+03	5.793416e-04	-1.318140e-03	1.172445e-05	-5.238137e-04	4.428529e-06	-5.538882e-05
7.495950e+03	1.406094e-03	-2.480684e-04	-5.713280e-06	-1.326069e-03	-2.487252e-06	-7.531795e-05
7.508340e+03	9.409040e-04	1.079513e-03	-1.496486e-05	-8.644220e-04	-4.896925e-07	-7.889262e-05
7.520730e+03	-3.583095e-04	1.324054e-03	-2.537760e-07	4.430648e-04	1.646207e-06	-8.576243e-05
7.533120e+03	-1.264533e-03	3.071869e-04	-5.776211e-06	1.338452e-03	-1.552857e-05	-7.550647e-05
7.545510e+03	-9.476946e-04	-9.867790e-04	3.284153e-06	1.004873e-03	-1.843401e-05	-5.662624e-05
7.557900e+03	3.230847e-04	-1.331358e-03	1.022611e-05	-2.755104e-04	-6.930621e-07	-4.688897e-05
7.570290e+03	1.309155e-03	-4.574204e-04	2.228822e-06	-1.267198e-03	7.179617e-06	-4.035577e-05
7.582680e+03	1.036722e-03	7.524138e-04	-2.160491e-05	-9.661265e-04	8.267569e-06	-6.919084e-05
7.595070e+03	-1.201893e-04	1.231327e-03	-1.910695e-05	1.753617e-04	3.863590e-06	-5.573662e-05
7.607460e+03	-1.145941e-03	5.009826e-04	-1.558557e-05	1.206408e-03	-3.793976e-06	-6.429420e-05
7.619850e+03	-9.959192e-04	-7.620996e-04	-1.746527e-05	1.056555e-03	-1.761304e-05	-6.507279e-05
7.632240e+03	1.393746e-04	-1.266133e-03	4.241659e-06	-8.410883e-05	-9.784248e-06	-5.381445e-05
7.644630e+03	1.165997e-03	-5.971862e-04	-5.517314e-06	-1.115771e-03	-6.712171e-06	-4.347465e-05
7.657020e+03	1.121573e-03	6.169399e-04	-5.883762e-06	-1.070845e-03	-1.451693e-06	-4.923303e-05
7.669410e+03	9.802965e-05	1.237902e-03	-2.649182e-06	-2.562243e-05	9.095577e-07	-7.315198e-05
7.681800e+03	-9.893401e-04	6.782384e-04	-1.551797e-06	1.054697e-03	-2.707361e-06	-6.681814e-05
7.694190e+03	-1.069873e-03	-5.259440e-04	7.598858e-06	1.157878e-03	6.807507e-07	-8.822759e-05
7.706580e+03	-1.348717e-04	-1.209768e-03	1.558899e-06	2.055065e-04	-7.826217e-06	-7.134427e-05
7.718970e+03	9.612667e-04	-7.660310e-04	4.126430e-07	-8.948355e-04	6.968758e-06	-7.011365e-05
7.731360e+03	1.087894e-03	3.800377e-04	-1.975594e-05	-1.045787e-03	1.772425e-06	-4.036238e-05
7.743750e+03	2.409097e-04	1.106114e-03	-1.198667e-05	-2.023879e-04	-1.666588e-05	-3.831921e-05
7.756140e+03	-7.850918e-04	7.531675e-04	-2.471225e-06	8.298452e-04	-1.407176e-05	-4.431458e-05
7.768530e+03	-1.053962e-03	-3.272924e-04	5.607592e-06	1.089340e-03	-1.128991e-05	-3.418721e-05
7.780920e+03	-2.542456e-04	-1.125741e-03	1.414130e-05	3.063741e-04	-7.855386e-06	-5.235607e-05
7.793310e+03	8.053719e-04	-8.366912e-04	3.516866e-06	-7.359137e-04	-1.524260e-06	-6.956312e-05
7.805700e+03	1.134875e-03	2.235452e-04	-1.409091e-06	-1.051657e-03	4.958805e-06	-8.722046e-05
7.818090e+03	4.249130e-04	1.015245e-03	2.474203e-06	-3.597390e-04	4.109965e-06	-6.510079e-05
7.830480e+03	-6.337839e-04	8.917905e-04	-1.334989e-05	7.035515e-04	-1.462494e-05	-6.972788e-05
7.842870e+03	-1.079950e-03	-1.393454e-04	7.461577e-06	1.149950e-03	-1.407871e-05	-6.551400e-05
7.855260e+03	-4.434628e-04	-1.002246e-03	6.397633e-06	5.070119e-04	-1.551763e-05	-6.256372e-05
7.867650e+03	5.684007e-04	-9.164817e-04	1.933652e-05	-5.116726e-04	-3.274611e-06	-5.730925e-05
7.880040e+03	1.074167e-03	-2.241946e-05	5.497256e-06	-1.014797e-03	1.814008e-05	-5.338882e-05
7.892430e+03	5.421010e-04	8.734935e-04	-6.943995e-06	-4.909473e-04	1.150081e-05	-5.147020e-05
7.904820e+03	-4.838081e-04	8.654319e-04	-1.207005e-05	5.272343e-04	-4.673083e-06	-4.363179e-05
7.917210e+03	-9.817426e-04	-4.547703e-06	-8.318933e-06	1.044739e-03	-1.692825e-05	-6.252981e-05
7.929600e+03	-5.382830e-04	-9.050191e-04	-5.708452e-06	5.993544e-04	-1.292446e-05	-6.092229e-05
7.941990e+03	4.737099e-04	-9.998515e-04	4.298235e-06	-4.043548e-04	-1.671215e-06	-6.861362e-05
7.954380e+03	1.054534e-03	-1.696024e-04	9.943680e-06	-9.947596e-04	-3.639413e-06	-5.640975e-05
7.966770e+03	7.075242e-04	7.479238e-04	-7.471992e-06	-6.362445e-04	9.218979e-06	-7.304852e-05
7.979160e+03	-2.598676e-04	9.081476e-04	-8.119881e-06	3.325881e-04	-9.449523e-06	-7.225532e-05
7.991550e+03	-9.115487e-04	1.760266e-04	-1.366398e-05	9.693185e-04	-6.514712e-07	-5.816194e-05
8.003940e+03	-6.481452e-04	-7.412847e-04	1.242554e-06	7.021788e-04	-1.183493e-05	-5.496270e-05
8.016330e+03	3.094795e-04	-9.817171e-04	2.113336e-05	-2.590128e-04	-6.454271e-06	-5.018138e-05
8.028720e+03	9.844523e-04	-3.206047e-04	7.845296e-06	-9.330652e-04	4.088672e-06	-5.330000e-05
8.041110e+03	7.826602e-04	6.421255e-04	-5.869284e-07	-7.381776e-04	1.508693e-05	-4.274126e-05
8.053500e+03	-9.669470e-05	9.551073e-04	-3.240440e-06	1.561479e-04	9.559097e-06	-5.863314e-05
8.065890e+03	-8.407187e-04	3.635594e-04	-8.986343e-06	9.016560e-04	5.593127e-06	-6.185265e-05
8.078280e+03	-7.343416e-04	-5.471960e-04	-7.038550e-06	8.004460e-04	-3.496371e-06	-6.601881e-05
8.090670e+03	1.043362e-04	-9.163773e-04	-2.560893e-06	-3.233940e-05	-9.117086e-06	-7.174845e-05
8.103060e+03	8.432673e-04	-4.365755e-04	2.530521e-06	-7.770593e-04	-3.347446e-06	-6.687113e-05
8.115450e+03	8.266832e-04	4.671261e-04	2.953547e-06	-7.451126e-04	-2.284510e-06	-8.194015e-05
8.127840e+03	2.731043e-05	8.942049e-04	9.057366e-06	3.133477e-05	-6.851759e-06	-5.836369e-05
8.140230e+03	-7.777236e-04	4.288542e-04	1.843012e-06	8.469812e-04	2.692604e-07	-7.268434e-05
8.152620e+03	-7.949120e-04	-4.675517e-04	-7.754455e-06	8.546880e-04	-6.643589e-06	-5.828969e-05
8.165010e+03	-3.708233e-05	-9.416824e-04	2.145812e-08	9.251625e-05	-9.101269e-06	-5.571030e-05
8.177400e+03	7.734855e-04	-5.780581e-04	3.225722e-07	-7.340886e-04	-5.230524e-06	-4.066253e-05
8.189790e+03	8.813261e-04	3.014776e-04	9.031348e-06	-8.351707e-04	1.512082e-06	-4.573043e-05
8.202180e+03	2.162898e-04	8.633417e-04	3.806269e-06	-1.700165e-04	3.691827e-06	-4.655546e-05
8.214570e+03	-6.470847e-04	6.220317e-04	-2.374168e-06	7.084983e-04	4.127148e-06	-6.043963e-05
8.226960e+03	-8.375629e-04	-2.620616e-04	2.297625e-06	8.992402e-04	-1.000777e-05	-6.320659e-05
8.239350e+03	-2.230479e-04	-8.606108e-04	3.551677e-06	2.925924e-04	-9.250112e-07	-6.966998e-05
8.251740e+03	5.692601e-04	-6.713076e-04	-5.256586e-07	-4.868579e-04	-7.601135e-06	-8.220357e-05
8.264130e+03	8.694607e-04	1.118153e-04	1.073321e-05	-7.979277e-04	-4.326953e-06	-7.185268e-05
8.276520e+03	3.411320e-04	7.314269e-04	4.981993e-06	-2.594294e-04	1.752332e-06	-8.100421e-05
