1.623090e+03	8.928617e-02	6.013719e-02	-2.113685e-04	-8.960906e-02	2.926010e-04	1.210881e-04
1.635480e+03	6.738568e-02	8.354398e-02	-3.337985e-05	-6.746344e-02	4.580298e-05	9.241717e-05
1.647870e+03	4.049133e-02	9.971107e-02	-2.487431e-05	-4.048142e-02	5.830972e-06	4.662749e-05
1.660260e+03	9.535079e-03	1.078382e-01	-2.895886e-05	-9.552583e-03	1.894785e-06	2.957369e-05
1.672650e+03	-2.300409e-02	1.066084e-01	-5.517482e-05	2.290112e-02	5.423155e-06	5.760934e-05
1.685040e+03	-5.358997e-02	9.544959e-02	-1.150218e-05	5.368384e-02	-4.063386e-05	-3.260192e-05
1.697430e+03	-8.003996e-02	7.579740e-02	-2.715035e-05	8.003667e-02	-4.550854e-05	-3.184327e-05
1.709820e+03	-1.001264e-01	4.837769e-02	3.120729e-05	1.001264e-01	-5.041636e-05	2.007097e-06
1.722210e+03	-1.106888e-01	1.569535e-02	4.359907e-05	1.106888e-01	-3.819658e-05	7.182983e-05
1.734600e+03	-1.104524e-01	-1.940948e-02	4.838012e-05	1.104511e-01	-2.248902e-05	4.403579e-05
1.746990e+03	-9.955844e-02	-5.315127e-02	1.003655e-04	9.964254e-02	2.175153e-05	-1.508154e-04
1.759380e+03	-7.840004e-02	-8.199308e-02	1.688452e-06	7.860498e-02	-1.430069e-05	-1.754453e-04
1.771770e+03	-4.889198e-02	-1.027311e-01	2.151632e-05	4.920019e-02	3.883950e-05	-2.698437e-04
1.784160e+03	-1.403199e-02	-1.133956e-01	-2.118509e-05	1.432745e-02	5.070917e-06	-2.943244e-04
1.796550e+03	2.286312e-02	-1.126965e-01	9.834225e-07	-2.255941e-02	2.640037e-05	-2.600974e-04
1.808940e+03	5.831516e-02	-1.001637e-01	-2.024374e-05	-5.810098e-02	-1.035508e-05	-2.437931e-04
1.821330e+03	8.816936e-02	-7.646851e-02	7.832258e-06	-8.796741e-02	1.745455e-06	-1.840712e-04
1.833720e+03	1.092614e-01	-4.377399e-02	1.578157e-05	-1.090473e-01	1.530148e-05	-1.099688e-04
1.846110e+03	1.170000e-01	-5.292750e-03	2.964673e-05	-1.165525e-01	-6.558601e-06	-1.848064e-04
1.858500e+03	1.135498e-01	3.451634e-02	1.620434e-05	-1.135528e-01	4.047060e-05	-1.453762e-04
1.870890e+03	9.572098e-02	7.083891e-02	2.739445e-06	-9.564778e-02	7.755500e-05	-9.565882e-05
1.883280e+03	6.670855e-02	9.941370e-02	-4.446675e-05	-6.660809e-02	3.111660e-05	-9.676733e-05
1.895670e+03	2.931230e-02	1.167331e-01	-9.696206e-05	-2.921628e-02	7.465348e-05	-7.824949e-05
1.908060e+03	-1.228559e-02	1.203438e-01	-7.858727e-05	1.230333e-02	-1.559483e-05	-1.004979e-05
1.920450e+03	-5.334924e-02	1.091147e-01	-8.755344e-05	5.334742e-02	-4.360354e-05	5.793617e-06
1.932840e+03	-8.849155e-02	8.422153e-02	-2.511650e-05	8.849155e-02	-8.721601e-05	1.570474e-05
1.945230e+03	-1.129431e-01	4.810149e-02	-1.791050e-05	1.129431e-01	-9.762451e-05	2.827328e-05
1.957620e+03	-1.229973e-01	5.242046e-03	9.006485e-05	1.229973e-01	-6.875080e-05	1.960727e-04
1.970010e+03	-1.183385e-01	-3.937008e-02	3.537310e-05	1.182375e-01	-5.800966e-05	2.695403e-04
1.982400e+03	-9.714971e-02	-7.976900e-02	1.028352e-04	9.616434e-02	-8.825525e-06	4.475226e-04
1.994790e+03	-6.147387e-02	-1.099180e-01	2.804017e-05	6.090637e-02	3.454212e-06	5.236365e-04
2.007180e+03	-1.703257e-02	-1.261830e-01	9.111250e-05	1.634505e-02	6.358890e-05	6.759811e-04
2.019570e+03	3.082462e-02	-1.233030e-01	3.522682e-05	-3.142275e-02	5.410704e-05	6.602507e-04
2.031960e+03	7.543807e-02	-1.040022e-01	-3.164167e-05	-7.626813e-02	-4.227176e-05	8.589762e-04
2.044350e+03	1.100677e-01	-6.816483e-02	3.003368e-05	-1.110772e-01	4.249855e-05	9.456364e-04
2.056740e+03	1.284679e-01	-2.005836e-02	3.846594e-05	-1.294679e-01	5.098193e-05	1.044646e-03
2.069130e+03	1.272733e-01	3.320827e-02	1.507269e-05	-1.282733e-01	7.859910e-05	1.183843e-03
2.081520e+03	1.050545e-01	8.292471e-02	7.468506e-06	-1.060391e-01	7.552394e-05	1.306878e-03
2.093910e+03	6.257523e-02	1.195967e-01	-3.457519e-05	-6.408311e-02	7.482180e-05	1.461290e-03
2.106300e+03	7.163504e-03	1.359127e-01	-1.831146e-04	-8.692016e-03	1.624676e-04	1.515981e-03
2.118690e+03	-5.291702e-02	1.295558e-01	-1.412083e-04	5.121862e-02	-2.788345e-05	1.694290e-03
2.131080e+03	-1.055489e-01	9.429856e-02	-8.264303e-05	1.035672e-01	-1.251520e-04	1.742086e-03
2.143470e+03	-1.389569e-01	3.662378e-02	-4.466914e-05	1.377667e-01	-1.728875e-04	1.788803e-03
2.155860e+03	-1.391269e-01	-3.244229e-02	2.887101e-05	1.373751e-01	-1.759207e-04	1.662037e-03
2.168250e+03	-1.067401e-01	-9.785355e-02	1.399551e-04	1.057620e-01	-1.130743e-04	1.443423e-03
2.180640e+03	-3.937750e-02	-1.384956e-01	1.042282e-04	3.831301e-02	-6.546080e-05	1.054767e-03
2.193030e+03	4.318004e-02	-1.360384e-01	6.763077e-05	-4.341514e-02	-3.498739e-05	2.970339e-04
2.205420e+03	1.099724e-01	-8.727805e-02	9.789827e-05	-1.092111e-01	4.791114e-05	-6.017505e-04
2.217810e+03	1.337386e-01	-9.057312e-03	1.132043e-04	-1.325896e-01	1.734910e-04	-1.401909e-03
2.230200e+03	1.088290e-01	6.848353e-02	-7.582102e-07	-1.068063e-01	3.113817e-04	-2.070642e-03
2.242590e+03	4.078545e-02	1.119941e-01	-2.346392e-04	-3.809013e-02	2.893857e-04	-2.665548e-03
2.254980e+03	-3.460491e-02	9.995655e-02	-4.609639e-04	3.770220e-02	1.301215e-04	-3.089166e-03
2.267370e+03	-7.741937e-02	4.608051e-02	-2.016023e-04	8.073493e-02	-3.622359e-04	-3.351944e-03
2.279760e+03	-7.337277e-02	-1.349166e-02	5.405208e-05	7.675303e-02	-4.841336e-04	-3.402581e-03
2.292150e+03	-3.681862e-02	-4.579236e-02	3.496012e-04	4.018659e-02	-3.041873e-04	-3.430318e-03
2.304540e+03	2.503223e-05	-4.482320e-02	4.213015e-04	3.203108e-03	4.420641e-05	-3.235123e-03
2.316930e+03	1.775601e-02	-2.657692e-02	2.182306e-04	-1.464563e-02	3.463648e-04	-3.059499e-03
2.329320e+03	1.889090e-02	-1.260756e-02	-8.143039e-05	-1.591409e-02	3.999586e-04	-2.989331e-03
2.341710e+03	1.680004e-02	-8.235712e-03	-4.149879e-04	-1.410003e-02	1.075049e-04	-2.681025e-03
2.354100e+03	2.155886e-02	-5.889684e-03	-3.164141e-04	-1.944956e-02	-1.069446e-04	-2.138215e-03
2.366490e+03	2.826329e-02	4.892240e-03	-3.406287e-05	-2.700717e-02	-3.268387e-04	-1.306816e-03
2.378880e+03	2.561526e-02	2.522509e-02	1.379246e-04	-2.546649e-02	-2.126520e-04	-5.197729e-05
2.391270e+03	5.305693e-03	4.309305e-02	2.313543e-04	-6.508806e-03	-1.173166e-05	1.153816e-03
2.403660e+03	-2.733673e-02	4.303707e-02	1.525547e-04	2.521914e-02	2.059482e-04	2.087955e-03
2.416050e+03	-5.572540e-02	1.820831e-02	-6.148071e-05	5.304184e-02	2.032428e-04	2.643453e-03
2.428440e+03	-6.039012e-02	-2.227919e-02	-1.242852e-04	5.780494e-02	9.700735e-05	2.531106e-03
2.440830e+03	-3.432412e-02	-5.968340e-02	-1.350232e-04	3.235170e-02	-4.836929e-05	1.945539e-03
2.453220e+03	1.277751e-02	-7.116721e-02	-5.121555e-05	-1.365230e-02	-1.411182e-04	8.831979e-04
2.465610e+03	6.021788e-02	-4.777487e-02	2.529393e-05	-5.986766e-02	-1.685079e-04	-3.560822e-04
2.478000e+03	7.929905e-02	3.076850e-03	8.380755e-05	-7.798319e-02	-8.717954e-05	-1.362843e-03
2.490390e+03	5.988600e-02	5.655650e-02	8.113759e-05	-5.802169e-02	-6.117699e-06	-1.898635e-03
2.502780e+03	8.287115e-03	8.166091e-02	1.133734e-04	-6.418860e-03	-1.267618e-05	-1.836910e-03
2.515170e+03	-4.962309e-02	6.645970e-02	-8.322936e-06	5.093103e-02	4.373207e-05	-1.263882e-03
2.527560e+03	-8.079699e-02	1.520444e-02	4.028534e-05	8.109713e-02	2.199234e-05	-3.038841e-04
2.539950e+03	-6.925428e-02	-4.345888e-02	5.305787e-05	6.864246e-02	3.284157e-05	6.488985e-04
2.552340e+03	-2.023768e-02	-7.677620e-02	-4.460561e-05	1.876410e-02	-1.493789e-05	1.430288e-03
2.564730e+03	3.673682e-02	-6.728867e-02	2.032472e-05	-3.837029e-02	5.939241e-05	1.631086e-03
2.577120e+03	6.966719e-02	-2.086446e-02	-3.652470e-05	-7.097016e-02	1.523278e-05	1.381414e-03
2.589510e+03	6.165125e-02	3.242544e-02	-4.781922e-05	-6.235296e-02	7.101204e-06	7.418003e-04
2.601900e+03	1.823730e-02	6.257919e-02	-3.618078e-05	-1.838027e-02	-5.982437e-05	1.009822e-04
2.614290e+03	-2.996575e-02	5.248692e-02	9.425996e-05	3.042588e-02	-6.403713e-05	-4.421137e-04
2.626680e+03	-5.329184e-02	1.073519e-02	1.240015e-04	5.389175e-02	1.235563e-05	-6.209229e-04
2.639070e+03	-3.839149e-02	-3.058984e-02	1.515438e-04	3.889433e-02	1.727365e-04	-5.106398e-04
2.651460e+03	8.401586e-04	-4.337938e-02	-7.085911e-05	-5.100188e-04	2.624731e-04	-3.298642e-04
2.663850e+03	3.250567e-02	-2.105342e-02	-3.523652e-04	-3.221440e-02	1.593247e-04	-2.731928e-04
2.676240e+03	3.168442e-02	1.524163e-02	-4.582178e-04	-3.122085e-02	-8.058872e-05	-3.915262e-04
2.688630e+03	2.277869e-03	3.261331e-02	-2.718739e-04	-1.658590e-03	-4.210037e-04	-6.362897e-04
2.701020e+03	-2.952429e-02	1.872561e-02	1.185135e-04	3.049695e-02	-5.841740e-04	-9.534207e-04
2.713410e+03	-3.458177e-02	-1.750300e-02	6.005874e-04	3.568467e-02	-4.367562e-04	-1.137389e-03
2.725800e+03	-5.215369e-03	-4.405886e-02	8.157222e-04	6.309623e-03	4.537119e-05	-1.093599e-03
2.738190e+03	3.621399e-02	-3.496626e-02	6.152665e-04	-3.536880e-02	6.114879e-04	-7.985137e-04
2.750580e+03	5.445313e-02	5.702234e-03	5.524430e-05	-5.411198e-02	9.461444e-04	-4.141417e-04
2.762970e+03	3.595152e-02	4.970385e-02	-6.376951e-04	-3.590421e-02	7.583148e-04	-5.169719e-06
2.775360e+03	-1.253506e-02	6.459761e-02	-1.050948e-03	1.230090e-02	2.228609e-04	2.247054e-04
2.787750e+03	-5.816506e-02	3.900070e-02	-8.992192e-04	5.786674e-02	-5.881302e-04	2.992358e-04
2.800140e+03	-7.055651e-02	-1.327897e-02	-3.469910e-04	7.015687e-02	-1.036316e-03	4.263368e-04
2.812530e+03	-4.404882e-02	-6.144474e-02	4.149711e-04	4.354525e-02	-9.995148e-04	4.979621e-04
2.824920e+03	1.084243e-02	-7.599362e-02	8.542931e-04	-1.163202e-02	-5.450434e-04	7.450766e-04
2.837310e+03	6.136310e-02	-4.793734e-02	9.575292e-04	-6.239630e-02	1.586250e-04	1.053280e-03
2.849700e+03	7.645472e-02	8.376143e-03	6.313404e-04	-7.785388e-02	7.008775e-04	1.356335e-03
2.862090e+03	4.882001e-02	5.979913e-02	5.374924e-06	-5.032138e-02	1.039485e-03	1.509761e-03
2.874480e+03	-8.322881e-03	7.507663e-02	-5.991859e-04	6.991991e-03	7.651464e-04	1.300942e-03
2.886870e+03	-6.236134e-02	3.992297e-02	-7.920538e-04	6.171974e-02	1.244576e-04	5.583144e-04
2.899260e+03	-7.170701e-02	-9.400947e-03	-7.782220e-04	7.160961e-02	-3.922668e-04	5.495896e-05
2.911650e+03	-3.941610e-02	-5.706446e-02	-3.342087e-04	3.996652e-02	-8.454135e-04	-5.985883e-04
2.924040e+03	1.520816e-02	-6.387841e-02	3.092017e-04	-1.414703e-02	-8.823312e-04	-1.057525e-03
2.936430e+03	5.556625e-02	-3.027648e-02	7.740408e-04	-5.440781e-02	-4.376494e-04	-1.195545e-03
2.948820e+03	5.620874e-02	2.168795e-02	8.624520e-04	-5.500593e-02	2.208181e-04	-1.153878e-03
2.961210e+03	1.737265e-02	5.384654e-02	4.937679e-04	-1.647194e-02	6.859468e-04	-8.441484e-04
2.973600e+03	-2.897937e-02	4.447805e-02	-1.301644e-04	2.964661e-02	7.873192e-04	-6.437178e-04
2.985990e+03	-4.849012e-02	4.543238e-03	-5.539481e-04	4.907945e-02	4.566091e-04	-5.525436e-04
2.998380e+03	-3.260207e-02	-3.430376e-02	-6.280226e-04	3.301012e-02	-5.003453e-05	-3.795373e-04
3.010770e+03	6.219925e-03	-4.373630e-02	-4.577505e-04	-6.060208e-03	-5.470825e-04	-1.755815e-04
3.023160e+03	3.676305e-02	-2.216314e-02	1.953310e-05	-3.680687e-02	-6.330947e-04	9.109866e-05
3.035550e+03	3.811690e-02	1.528433e-02	4.371137e-04	-3.859610e-02	-4.332202e-04	5.388037e-04
3.047940e+03	1.128591e-02	3.794356e-02	6.024263e-04	-1.234541e-02	-7.125820e-05	9.677147e-04
3.060330e+03	-2.383196e-02	3.229168e-02	4.428174e-04	2.263752e-02	3.544931e-04	1.223106e-03
3.072720e+03	-3.863481e-02	1.649181e-03	7.495018e-05	3.745151e-02	5.498951e-04	1.216150e-03
3.085110e+03	-2.578943e-02	-3.060410e-02	-2.814612e-04	2.488334e-02	4.609684e-04	8.967620e-04
3.097500e+03	8.639978e-03	-3.829390e-02	-5.496688e-04	-9.011141e-03	1.417314e-04	3.528148e-04
3.109890e+03	3.680173e-02	-1.711344e-02	-5.001815e-04	-3.645805e-02	-2.961562e-04	-3.067832e-04
3.122280e+03	3.664911e-02	1.980687e-02	-1.972999e-04	-3.587295e-02	-4.935180e-04	-8.544040e-04
3.134670e+03	7.229070e-03	4.086865e-02	1.892211e-04	-6.150646e-03	-5.157565e-04	-1.144853e-03
3.147060e+03	-2.965142e-02	3.134316e-02	4.959313e-04	3.095160e-02	-2.585132e-04	-1.240000e-03
3.159450e+03	-4.227974e-02	-5.338459e-03	4.953181e-04	4.339754e-02	1.578181e-04	-1.122319e-03
3.171840e+03	-2.349620e-02	-3.937859e-02	2.627092e-04	2.434146e-02	3.792137e-04	-8.095405e-04
3.184230e+03	1.686804e-02	-4.409696e-02	-5.878451e-05	-1.634724e-02	4.743169e-04	-4.667577e-04
3.196620e+03	4.644065e-02	-1.609737e-02	-3.395173e-04	-4.637728e-02	2.963121e-04	-1.202415e-04
3.209010e+03	4.391371e-02	2.551449e-02	-4.323817e-04	-4.414040e-02	-1.693095e-05	1.881510e-04
3.221400e+03	9.441421e-03	5.104038e-02	-3.617734e-04	-9.925359e-03	-2.861610e-04	5.091750e-04
3.233790e+03	-3.267735e-02	4.254883e-02	-1.112374e-04	3.195116e-02	-4.363355e-04	7.243452e-04
3.246180e+03	-5.375719e-02	4.456547e-03	2.660995e-04	5.286419e-02	-4.135391e-04	9.045070e-04
3.258570e+03	-4.056075e-02	-3.690319e-02	5.039570e-04	3.957006e-02	-1.802661e-04	9.757014e-04
3.270960e+03	1.005325e-04	-5.400263e-02	5.239255e-04	-1.023833e-03	1.849395e-04	9.288894e-04
3.283350e+03	4.014999e-02	-3.587859e-02	2.760294e-04	-4.087297e-02	4.262773e-04	7.038839e-04
3.295740e+03	5.249764e-02	6.369612e-03	-1.000651e-04	-5.289757e-02	5.359820e-04	3.614381e-04
3.308130e+03	2.919446e-02	4.382418e-02	-4.482994e-04	-2.910208e-02	3.311479e-04	-5.646211e-05
3.320520e+03	-1.289085e-02	4.989117e-02	-5.281945e-04	1.329308e-02	-1.723135e-05	-4.065404e-04
3.332910e+03	-4.583589e-02	2.067518e-02	-3.516033e-04	4.651527e-02	-4.108093e-04	-6.597378e-04
3.345300e+03	-4.407062e-02	-2.143727e-02	7.580839e-05	4.490025e-02	-5.040553e-04	-7.849271e-04
3.357690e+03	-9.925391e-03	-4.636696e-02	4.214345e-04	1.067934e-02	-3.256408e-04	-7.481105e-04
3.370080e+03	2.925849e-02	-3.635937e-02	4.673212e-04	-2.872880e-02	1.463320e-05	-6.033464e-04
3.382470e+03	4.498486e-02	-1.458690e-04	2.784006e-04	-4.449460e-02	3.602884e-04	-4.310195e-04
3.394860e+03	2.758124e-02	3.471122e-02	-3.082112e-05	-2.736070e-02	4.603210e-04	-2.416643e-04
3.407250e+03	-9.408624e-03	4.192260e-02	-3.186443e-04	9.385502e-03	2.815344e-04	1.729061e-05
3.419640e+03	-3.807615e-02	1.856345e-02	-4.398291e-04	3.788398e-02	-3.514939e-05	1.615359e-04
3.432030e+03	-3.799148e-02	-1.726088e-02	-2.125713e-04	3.765636e-02	-2.699651e-04	3.168191e-04
3.444420e+03	-1.047711e-02	-3.929914e-02	3.733286e-05	9.975308e-03	-3.647838e-04	4.581253e-04
3.456810e+03	2.390234e-02	-3.279351e-02	2.360899e-04	-2.441562e-02	-2.269661e-04	5.104185e-04
3.469200e+03	3.940861e-02	-1.785909e-03	3.134410e-04	-3.980874e-02	4.595971e-05	4.402084e-04
3.481590e+03	2.605409e-02	3.009779e-02	1.501210e-04	-2.638771e-02	2.449722e-04	3.584222e-04
3.493980e+03	-6.396425e-03	3.870446e-02	-5.391119e-05	6.250411e-03	2.642547e-04	1.483004e-04
3.506370e+03	-3.418926e-02	1.926068e-02	-2.383189e-04	3.426985e-02	1.483623e-04	-9.752329e-05
3.518760e+03	-3.587156e-02	-1.416498e-02	-1.992348e-04	3.620815e-02	-1.148663e-04	-3.593419e-04
3.531150e+03	-1.115100e-02	-3.615399e-02	-2.024011e-05	1.166013e-02	-1.861301e-04	-4.847886e-04
3.543540e+03	2.198730e-02	-3.129584e-02	1.433416e-04	-2.139176e-02	-1.891929e-04	-5.719786e-04
3.555930e+03	3.669692e-02	-2.763481e-03	1.984853e-04	-3.610703e-02	2.176944e-05	-5.957055e-04
3.568320e+03	2.518720e-02	2.789580e-02	1.101963e-04	-2.477598e-02	1.918657e-04	-4.509271e-04
3.580710e+03	-5.880510e-03	3.604124e-02	-5.885251e-05	6.152951e-03	1.753572e-04	-2.636319e-04
3.593100e+03	-3.215592e-02	1.834544e-02	-1.664265e-04	3.225034e-02	9.639427e-05	-5.647775e-05
3.605490e+03	-3.438692e-02	-1.362796e-02	-1.642304e-04	3.428582e-02	-1.040210e-04	1.630601e-04
3.617880e+03	-1.225220e-02	-3.474456e-02	-7.417367e-05	1.183289e-02	-1.519729e-04	3.987187e-04
3.630270e+03	1.926352e-02	-3.160731e-02	9.812141e-05	-1.974198e-02	-1.902824e-04	4.942812e-04
3.642660e+03	3.528480e-02	-5.876962e-03	2.007465e-04	-3.583854e-02	-1.151896e-04	5.980416e-04
3.655050e+03	2.753080e-02	2.415890e-02	1.690959e-04	-2.803203e-02	6.707149e-05	4.872810e-04
3.667440e+03	-2.665051e-04	3.549985e-02	6.476528e-05	-1.797495e-04	2.198630e-04	4.346039e-04
3.679830e+03	-2.774465e-02	2.308011e-02	-1.176617e-04	2.753697e-02	1.583666e-04	1.950531e-04
3.692220e+03	-3.428317e-02	-5.806293e-03	-1.692752e-04	3.424915e-02	3.848355e-05	-9.126373e-06
3.704610e+03	-1.739339e-02	-3.002004e-02	-1.172725e-04	1.770492e-02	-7.704026e-05	-2.343839e-04
3.717000e+03	1.247828e-02	-3.188852e-02	-4.379547e-05	-1.207574e-02	-1.846419e-04	-3.869698e-04
3.729390e+03	3.210939e-02	-1.031670e-02	1.000454e-04	-3.170939e-02	-1.253895e-04	-4.467909e-04
3.741780e+03	2.797220e-02	1.796772e-02	1.426190e-04	-2.757133e-02	-1.124516e-04	-4.004194e-04
3.754170e+03	3.178665e-03	3.196591e-02	1.257990e-04	-2.827902e-03	8.317236e-05	-3.427032e-04
3.766560e+03	-2.274411e-02	2.234076e-02	7.277339e-05	2.296396e-02	8.765608e-05	-1.962000e-04
3.778950e+03	-3.089920e-02	-3.851660e-03	2.109493e-05	3.089928e-02	1.272276e-04	-3.563929e-05
3.791340e+03	-1.633993e-02	-2.653281e-02	-5.915306e-05	1.628761e-02	8.389660e-05	6.207916e-05
3.803730e+03	9.603981e-03	-2.914669e-02	-9.939735e-05	-9.835495e-03	1.691375e-05	2.345828e-04
3.816120e+03	2.815549e-02	-1.041793e-02	-5.076965e-05	-2.854069e-02	-7.704437e-05	3.288852e-04
3.828510e+03	2.586045e-02	1.486229e-02	-1.971968e-05	-2.627548e-02	-6.857698e-05	3.838166e-04
3.840900e+03	4.602656e-03	2.881995e-02	6.923815e-05	-5.038126e-03	-6.946448e-05	4.240311e-04
3.853290e+03	-1.920197e-02	2.221442e-02	7.005724e-05	1.878265e-02	-2.578247e-05	3.526367e-04
3.865680e+03	-2.847516e-02	-9.133386e-04	1.295400e-04	2.827312e-02	2.016390e-05	2.358093e-04
3.878070e+03	-1.729250e-02	-2.260732e-02	6.854637e-05	1.724134e-02	7.873598e-05	6.055535e-05
3.890460e+03	6.400726e-03	-2.715268e-02	5.771545e-05	-6.255130e-03	1.361192e-04	-1.486212e-04
3.902850e+03	2.527557e-02	-1.186497e-02	-6.970920e-05	-2.499681e-02	9.266196e-05	-2.935985e-04
3.915240e+03	2.510952e-02	1.172319e-02	-1.392977e-04	-2.479916e-02	8.458176e-05	-3.477006e-04
3.927630e+03	6.324180e-03	2.635679e-02	-1.320142e-04	-5.924827e-03	-6.094702e-05	-3.948716e-04
3.940020e+03	-1.619392e-02	2.143983e-02	-9.857419e-05	1.649863e-02	-1.374382e-04	-3.346699e-04
3.952410e+03	-2.648775e-02	6.233449e-04	1.015253e-04	2.668812e-02	-1.648486e-04	-2.361827e-04
3.964800e+03	-1.724624e-02	-2.019009e-02	1.627076e-04	1.735125e-02	-8.150638e-05	-9.925745e-05
3.977190e+03	4.340225e-03	-2.600784e-02	1.872945e-04	-4.374842e-03	2.458568e-05	3.828015e-05
3.989580e+03	2.288574e-02	-1.305676e-02	1.052165e-04	-2.314433e-02	1.679542e-04	2.282395e-04
4.001970e+03	2.462480e-02	8.821073e-03	-6.156196e-05	-2.493325e-02	1.936078e-04	2.631649e-04
4.014360e+03	8.587778e-03	2.456194e-02	-1.683927e-04	-8.953940e-03	1.231643e-04	3.563656e-04
4.026750e+03	-1.308301e-02	2.259220e-02	-2.121288e-04	1.272689e-02	-3.948361e-05	3.405494e-04
4.039140e+03	-2.535988e-02	4.337740e-03	-9.138781e-05	2.505618e-02	-1.890279e-04	3.162269e-04
4.051530e+03	-1.961144e-02	-1.650908e-02	7.560060e-05	1.946193e-02	-2.028380e-04	1.867642e-04
4.063920e+03	6.682122e-05	-2.519896e-02	1.745912e-04	-1.511672e-04	-1.018024e-04	8.407162e-05
4.076310e+03	1.956791e-02	-1.595712e-02	2.047182e-04	-1.944426e-02	6.907974e-05	-7.904738e-05
4.088700e+03	2.465960e-02	4.539332e-03	7.757012e-05	-2.435991e-02	1.751819e-04	-2.328346e-04
4.101090e+03	1.205627e-02	2.185800e-02	-4.319135e-05	-1.170731e-02	1.759914e-04	-3.524190e-04
4.113480e+03	-8.656701e-03	2.293879e-02	-2.005458e-04	9.024290e-03	9.746755e-05	-3.360000e-04
4.125870e+03	-2.276498e-02	7.597294e-03	-1.881013e-04	2.306537e-02	-1.027738e-04	-3.159194e-04
4.138260e+03	-2.024728e-02	-1.256515e-02	-4.970558e-05	2.055216e-02	-2.109596e-04	-2.646972e-04
4.150650e+03	-3.101196e-03	-2.297347e-02	1.136086e-04	3.253100e-03	-1.290905e-04	-1.547003e-04
4.163040e+03	1.575795e-02	-1.708724e-02	1.807319e-04	-1.573746e-02	-9.311768e-05	-1.032212e-05
4.175430e+03	2.244140e-02	1.051114e-03	1.811192e-04	-2.254087e-02	1.155825e-04	1.277083e-04
4.187820e+03	1.348423e-02	1.815146e-02	-1.163869e-05	-1.367173e-02	2.201539e-04	2.505775e-04
4.200210e+03	-5.059923e-03	2.154599e-02	-6.176574e-05	4.745815e-03	1.431297e-04	3.208570e-04
4.212600e+03	-1.976254e-02	1.011601e-02	-2.019775e-04	1.946254e-02	1.428108e-05	3.137279e-04
4.224990e+03	-2.002098e-02	-8.525120e-03	-1.310521e-04	1.971754e-02	-1.340320e-04	2.783431e-04
4.237380e+03	-6.406743e-03	-2.003605e-02	-1.033105e-05	6.240780e-03	-1.675504e-04	1.698159e-04
4.249770e+03	1.153158e-02	-1.751854e-02	1.736087e-04	-1.165772e-02	-1.367387e-04	6.913703e-05
4.262160e+03	1.987700e-02	-2.274656e-03	1.756590e-04	-1.977701e-02	-1.156586e-06	-8.642038e-05
4.274550e+03	1.453551e-02	1.413776e-02	1.111906e-04	-1.434521e-02	1.417322e-04	-1.589595e-04
4.286940e+03	-1.559901e-03	1.927950e-02	3.890850e-06	1.803801e-03	1.552856e-04	-2.425547e-04
4.299330e+03	-1.605788e-02	1.089893e-02	-1.344481e-04	1.635062e-02	9.517673e-05	-2.962859e-04
4.311720e+03	-1.797475e-02	-5.653794e-03	-9.755833e-05	1.823291e-02	-1.641432e-05	-2.876571e-04
4.324110e+03	-7.073981e-03	-1.729466e-02	-1.169744e-04	7.256421e-03	-9.542723e-05	-1.894778e-04
4.336500e+03	9.126177e-03	-1.629954e-02	2.695601e-05	-9.018144e-03	-1.572587e-04	-1.368701e-04
4.348890e+03	1.766402e-02	-3.433762e-03	9.576384e-05	-1.768306e-02	-7.903509e-05	-2.751514e-05
4.361280e+03	1.389128e-02	1.173700e-02	1.579808e-04	-1.399168e-02	2.026456e-05	8.132078e-05
4.373670e+03	-3.466035e-04	1.736750e-02	7.925175e-05	1.865785e-04	8.755373e-05	1.668935e-04
4.386060e+03	-1.393002e-02	1.120950e-02	7.250832e-06	1.362588e-02	1.181733e-04	2.608041e-04
4.398450e+03	-1.687565e-02	-3.568939e-03	-7.288076e-05	1.663863e-02	4.156546e-05	2.404943e-04
4.410840e+03	-8.254825e-03	-1.530157e-02	-5.879338e-05	8.051998e-03	2.878473e-05	2.374382e-04
4.423230e+03	6.586093e-03	-1.566800e-02	-3.028859e-05	-6.711215e-03	-3.359842e-05	1.221339e-04
4.435620e+03	1.606075e-02	-4.879570e-03	-1.393977e-05	-1.609884e-02	-6.233939e-05	5.916507e-05
4.448010e+03	1.401923e-02	9.454341e-03	6.956836e-05	-1.401721e-02	-4.478972e-05	-2.867794e-05
4.460400e+03	1.502421e-03	1.627826e-02	4.939015e-05	-1.363472e-03	-1.406112e-05	-1.388382e-04
4.472790e+03	-1.164315e-02	1.158229e-02	3.279384e-05	1.184519e-02	5.810084e-05	-1.639315e-04
4.485180e+03	-1.578309e-02	-1.895713e-03	1.471214e-05	1.598309e-02	7.223225e-05	-2.601839e-04
4.497570e+03	-7.850592e-03	-1.349844e-02	-1.176742e-05	8.070507e-03	1.694732e-05	-2.092806e-04
4.509960e+03	5.033248e-03	-1.510941e-02	-2.203551e-05	-4.894528e-03	2.467580e-05	-1.331999e-04
4.522350e+03	1.493963e-02	-5.753549e-03	-3.133470e-06	-1.484025e-02	-2.608236e-05	-9.782102e-05
4.534740e+03	1.396903e-02	7.630071e-03	-1.150783e-05	-1.388899e-02	-1.974366e-05	-2.458219e-05
4.547130e+03	2.765413e-03	1.515678e-02	-1.993832e-05	-2.830050e-03	-2.072356e-05	6.560296e-05
4.559520e+03	-9.862314e-03	1.188915e-02	4.309573e-05	9.746007e-03	-3.878507e-05	1.458278e-04
4.571910e+03	-1.498262e-02	-6.781475e-05	2.823465e-05	1.488140e-02	2.520779e-05	1.418463e-04
4.584300e+03	-9.552524e-03	-1.143999e-02	1.791464e-05	9.364680e-03	4.118167e-05	1.731145e-04
4.596690e+03	2.503158e-03	-1.435440e-02	4.335844e-05	-2.683228e-03	2.312999e-05	1.817335e-04
4.609080e+03	1.270637e-02	-6.955522e-03	-3.624930e-05	-1.282503e-02	2.922730e-05	1.211012e-04
4.621470e+03	1.318721e-02	5.124197e-03	-2.795647e-05	-1.318745e-02	1.507069e-05	3.424883e-05
4.633860e+03	4.443370e-03	1.310780e-02	-7.045386e-05	-4.433175e-03	-3.638402e-05	-9.325999e-06
4.646250e+03	-7.353427e-03	1.162630e-02	-1.447242e-05	7.419579e-03	-1.709073e-05	-6.971320e-05
4.658640e+03	-1.288059e-02	1.687057e-03	1.714858e-05	1.307507e-02	-4.340125e-05	-1.404624e-04
4.671030e+03	-9.353134e-03	-9.154089e-03	3.410372e-05	9.462776e-03	-4.395377e-05	-1.200705e-04
4.683420e+03	1.074179e-03	-1.249520e-02	5.455838e-05	-9.136759e-04	8.072962e-06	-1.585978e-04
4.695810e+03	1.041858e-02	-7.207132e-03	5.219489e-05	-1.021916e-02	5.949549e-05	-1.619924e-04
4.708200e+03	1.175677e-02	3.356694e-03	-2.692938e-06	-1.170624e-02	3.452320e-05	-8.331950e-05
4.720590e+03	4.971531e-03	1.101035e-02	-4.203589e-05	-4.952862e-03	4.815784e-05	-8.999822e-06
4.732980e+03	-5.446408e-03	1.052841e-02	-6.492332e-06	5.387260e-03	7.262122e-06	6.117686e-05
4.745370e+03	-1.115717e-02	2.516692e-03	-2.704192e-05	1.104935e-02	-4.561756e-05	8.231307e-05
4.757760e+03	-9.022225e-03	-7.065619e-03	1.481914e-05	8.871115e-03	-4.718254e-05	1.509496e-04
4.770150e+03	-2.166205e-04	-1.076114e-02	5.053682e-05	9.199373e-05	-2.413621e-07	1.276631e-04
4.782540e+03	8.203431e-03	-7.105897e-03	5.208788e-05	-8.328680e-03	3.747614e-06	1.297092e-04
4.794930e+03	1.021370e-02	1.988139e-03	1.365455e-05	-1.031384e-02	6.116957e-05	6.726455e-05
4.807320e+03	5.110410e-03	9.160727e-03	-2.435021e-05	-5.127428e-03	3.479706e-05	2.044268e-05
4.819710e+03	-3.876022e-03	9.462477e-03	-6.348861e-05	3.895743e-03	3.713352e-05	-1.874035e-05
4.832100e+03	-9.599013e-03	2.907068e-03	-5.278821e-05	9.717615e-03	-4.550574e-05	-7.922164e-05
4.844490e+03	-8.126640e-03	-5.511686e-03	2.908351e-05	8.220635e-03	-2.824769e-05	-1.076020e-04
4.856880e+03	-7.356482e-04	-9.643618e-03	3.009708e-05	8.421400e-04	-4.677027e-05	-1.067058e-04
4.869270e+03	6.961872e-03	-6.570291e-03	5.572661e-05	-6.847638e-03	2.030483e-06	-1.137674e-04
4.881660e+03	9.318269e-03	1.213708e-03	7.097018e-05	-9.228559e-03	2.149241e-05	-8.598081e-05
4.894050e+03	4.789812e-03	7.943800e-03	-6.852715e-06	-4.745575e-03	7.683833e-05	-4.043754e-05
4.906440e+03	-3.009678e-03	8.681584e-03	-2.287824e-05	2.998862e-03	4.134804e-05	1.711582e-05
4.918830e+03	-8.494686e-03	2.937543e-03	-6.896580e-05	8.437862e-03	-2.149848e-05	5.519349e-05
4.931220e+03	-7.689470e-03	-4.530109e-03	-1.600781e-05	7.606973e-03	-2.351724e-05	7.022980e-05
4.943610e+03	-1.167985e-03	-8.516901e-03	-1.207238e-05	1.086388e-03	-9.135525e-05	7.975679e-05
4.956000e+03	5.781727e-03	-6.246247e-03	3.052331e-05	-5.877612e-03	-4.031801e-05	9.655636e-05
4.968390e+03	8.181796e-03	5.486019e-04	5.576711e-05	-8.249121e-03	2.418684e-05	6.140884e-05
4.980780e+03	4.711934e-03	6.728239e-03	6.156101e-05	-4.790247e-03	5.716909e-05	7.516369e-05
4.993170e+03	-2.123330e-03	7.669585e-03	-7.238621e-06	2.110283e-03	6.202797e-05	1.475163e-05
5.005560e+03	-7.165939e-03	3.213371e-03	-5.069285e-05	7.177628e-03	1.042877e-05	-1.919143e-05
5.017950e+03	-6.814664e-03	-3.620256e-03	-2.640189e-05	6.862175e-03	2.331434e-05	-4.377554e-05
5.030340e+03	-1.585669e-03	-7.274824e-03	-2.852808e-05	1.686862e-03	-5.633919e-05	-9.788775e-05
5.042730e+03	4.771594e-03	-5.775025e-03	4.079566e-05	-4.701565e-03	-9.544539e-06	-6.740471e-05
5.055120e+03	7.133379e-03	3.036078e-05	2.552735e-05	-7.044958e-03	-2.668338e-05	-8.421746e-05
5.067510e+03	4.549768e-03	5.583271e-03	4.852782e-05	-4.465314e-03	1.969922e-05	-8.343683e-05
5.079900e+03	-1.424580e-03	6.759685e-03	2.084098e-06	1.427163e-03	3.072664e-05	-2.045593e-06
5.092290e+03	-6.192857e-03	3.164699e-03	1.145866e-06	6.165686e-03	3.444040e-05	1.555658e-05
5.104680e+03	-6.270142e-03	-2.669044e-03	-3.464101e-05	6.222340e-03	-8.948544e-06	4.925205e-05
5.117070e+03	-1.795424e-03	-6.406495e-03	-1.568500e-05	1.705218e-03	-7.572308e-07	9.376869e-05
5.129460e+03	3.733697e-03	-5.305489e-03	-5.242762e-06	-3.805499e-03	-1.705499e-05	7.340837e-05
5.141850e+03	6.308630e-03	-3.028761e-04	2.458927e-05	-6.388631e-03	-1.670000e-05	8.249662e-05
5.154240e+03	4.184236e-03	4.646272e-03	3.063795e-05	-4.238804e-03	-5.034450e-06	5.194222e-05
5.166630e+03	-8.771770e-04	5.965719e-03	-1.098939e-07	8.703363e-04	3.645665e-06	8.457016e-06
5.179020e+03	-5.195503e-03	3.030964e-03	-3.966406e-06	5.178020e-03	-9.716920e-06	7.683426e-06
5.191410e+03	-5.434562e-03	-2.054495e-03	4.286624e-06	5.470741e-03	1.824836e-05	-4.123982e-05
5.203800e+03	-1.725734e-03	-5.283320e-03	1.534974e-05	1.786182e-03	2.278366e-05	-6.459334e-05
5.216190e+03	3.060994e-03	-4.710030e-03	-3.298844e-06	-2.999035e-03	-2.348294e-05	-5.791677e-05
5.228580e+03	5.327508e-03	-4.967451e-04	1.472226e-05	-5.276155e-03	7.332672e-06	-5.847628e-05
5.240970e+03	3.803935e-03	3.720634e-03	-8.273647e-06	-3.753567e-03	3.300915e-06	-5.087147e-05
5.253360e+03	-5.534939e-04	5.103274e-03	2.205272e-06	5.836418e-04	-2.768556e-05	-2.600760e-05
5.265750e+03	-4.269859e-03	2.810823e-03	3.738202e-07	4.277609e-03	4.552205e-06	-3.974377e-06
5.278140e+03	-4.743567e-03	-1.549596e-03	3.871394e-05	4.736454e-03	-2.461833e-05	6.761712e-06
5.290530e+03	-1.779057e-03	-4.642139e-03	1.260626e-05	1.740037e-03	-3.611957e-06	3.912943e-05
5.302920e+03	2.485728e-03	-4.202547e-03	3.022584e-05	-2.541458e-03	2.286003e-05	5.352951e-05
5.315310e+03	4.569315e-03	-6.055515e-04	2.962735e-05	-4.659189e-03	2.759933e-05	8.224937e-05
5.327700e+03	3.348545e-03	3.192655e-03	-1.974122e-05	-3.388403e-03	2.178939e-05	4.576423e-05
5.340090e+03	-3.486564e-04	4.523767e-03	-1.460914e-05	3.206130e-04	2.880393e-05	2.708886e-05
5.352480e+03	-3.736283e-03	2.548341e-03	-4.425245e-05	3.736152e-03	4.956394e-06	4.439105e-06
5.364870e+03	-4.098685e-03	-1.281411e-03	-1.017456e-05	4.123053e-03	-5.052834e-05	-3.528971e-05
5.377260e+03	-1.613725e-03	-3.895522e-03	1.666512e-05	1.650307e-03	-2.627413e-06	-4.060268e-05
5.389650e+03	2.103856e-03	-3.638517e-03	3.219911e-05	-2.051184e-03	-1.275980e-05	-4.632307e-05
5.402040e+03	3.965532e-03	-6.298703e-04	5.675619e-05	-3.939824e-03	2.298578e-06	-2.849886e-05
5.414430e+03	3.110532e-03	2.665431e-03	3.241165e-06	-3.077327e-03	1.463445e-06	-3.129909e-05
5.426820e+03	-2.266636e-04	3.968440e-03	3.338148e-05	2.273881e-04	5.400226e-05	6.851183e-07
5.439210e+03	-3.193440e-03	2.248136e-03	-3.530789e-05	3.196699e-03	2.209752e-05	-9.037228e-06
5.451600e+03	-3.806575e-03	-1.000882e-03	-3.581171e-05	3.806018e-03	-4.105226e-07	-2.580147e-06
5.463990e+03	-1.430113e-03	-3.585819e-03	-1.811051e-05	1.427262e-03	-1.875201e-05	1.694186e-06
5.476380e+03	1.741748e-03	-3.313725e-03	-5.572081e-06	-1.768432e-03	-3.165882e-05	2.363661e-05
5.488770e+03	3.599736e-03	-7.259646e-04	2.255679e-05	-3.639736e-03	-1.771046e-05	4.387187e-05
5.501160e+03	2.765619e-03	2.371751e-03	3.077061e-05	-2.805786e-03	1.886008e-05	4.356271e-05
5.513550e+03	-1.082185e-04	3.574632e-03	2.019226e-05	6.960111e-05	-1.709155e-05	3.494093e-05
5.525940e+03	-2.841441e-03	2.168370e-03	1.803271e-05	2.841265e-03	3.173020e-05	2.273688e-06
5.538330e+03	-3.335658e-03	-8.232629e-04	-5.549693e-06	3.345960e-03	1.076256e-05	-1.424169e-05
5.550720e+03	-1.491614e-03	-3.054461e-03	-5.708094e-06	1.522390e-03	7.105382e-06	-3.208985e-05
5.563110e+03	1.424484e-03	-3.027432e-03	5.771486e-06	-1.403467e-03	8.370525e-06	-2.011421e-05
5.575500e+03	3.200389e-03	-8.205656e-04	5.437212e-06	-3.165445e-03	-1.150399e-05	-3.057910e-05
5.587890e+03	2.584442e-03	1.986941e-03	-5.406885e-06	-2.549202e-03	5.453188e-06	-3.423348e-05
5.600280e+03	1.405373e-04	3.145728e-03	8.887718e-06	-1.169991e-04	2.583660e-06	-2.427232e-05
5.612670e+03	-2.394835e-03	2.044619e-03	4.101371e-06	2.378802e-03	2.819869e-06	2.458808e-06
5.625060e+03	-3.046344e-03	-4.786160e-04	1.911132e-05	3.054353e-03	6.857830e-06	-1.248032e-05
5.637450e+03	-1.425648e-03	-2.707001e-03	-5.795643e-07	1.435264e-03	2.539584e-05	-4.251936e-06
5.649840e+03	1.088179e-03	-2.736017e-03	-7.056269e-06	-1.117483e-03	-4.975966e-06	2.840807e-05
5.662230e+03	2.718213e-03	-8.283156e-04	2.577757e-05	-2.743914e-03	1.164740e-05	1.746149e-05
5.674620e+03	2.307173e-03	1.582545e-03	5.049779e-06	-2.339383e-03	1.217619e-05	3.063234e-05
5.687010e+03	2.696800e-04	2.734126e-03	9.135836e-06	-2.611884e-04	-7.737911e-06	-6.365839e-06
5.699400e+03	-1.937673e-03	1.908943e-03	-1.299039e-05	1.946837e-03	-1.226268e-05	-2.373017e-06
5.711790e+03	-2.618346e-03	-3.082499e-04	1.729788e-05	2.599431e-03	8.587437e-06	1.592885e-05
5.724180e+03	-1.433233e-03	-2.235825e-03	-8.093792e-07	1.456835e-03	5.498159e-06	-1.844058e-05
5.736570e+03	8.313954e-04	-2.491226e-03	3.146621e-05	-7.934623e-04	1.103577e-05	-3.914877e-05
5.748960e+03	2.415410e-03	-9.315471e-04	1.115729e-05	-2.405123e-03	9.308622e-06	-1.666118e-05
5.761350e+03	2.188981e-03	1.238526e-03	9.771001e-06	-2.188597e-03	1.357128e-05	-6.821627e-07
5.773740e+03	3.922492e-04	2.378275e-03	-1.208039e-05	-3.836777e-04	-4.289147e-06	-7.432133e-06
5.786130e+03	-1.629495e-03	1.767813e-03	-3.508874e-06	1.596771e-03	1.521372e-05	3.331868e-05
5.798520e+03	-2.187108e-03	-1.337865e-04	1.330119e-05	2.197947e-03	-6.604642e-07	-7.273903e-06
5.810910e+03	-1.402856e-03	-1.751499e-03	2.347916e-06	1.386329e-03	4.912782e-07	1.653451e-05
5.823300e+03	5.538024e-04	-2.115377e-03	4.717009e-06	-5.404794e-04	3.031480e-05	-1.290899e-05
5.835690e+03	2.003525e-03	-8.954247e-04	4.691315e-06	-1.983926e-03	-2.741832e-05	-1.509825e-05
5.848080e+03	1.939089e-03	9.600236e-04	3.856635e-07	-1.945966e-03	1.550955e-05	4.463634e-06
5.860470e+03	4.444197e-04	2.098901e-03	1.848150e-05	-4.456471e-04	8.409520e-06	1.784466e-06
5.872860e+03	-1.284540e-03	1.592884e-03	5.032728e-06	1.278628e-03	5.227468e-06	1.079768e-05
5.885250e+03	-2.012847e-03	-1.764323e-06	-6.568409e-06	1.994515e-03	1.478210e-05	1.645624e-05
5.897640e+03	-1.211521e-03	-1.568169e-03	-1.415881e-05	1.220855e-03	7.540249e-06	-9.495189e-06
5.910030e+03	4.180456e-04	-1.845811e-03	-7.567809e-06	-4.089343e-04	-2.487373e-05	-1.029857e-05
5.922420e+03	1.704945e-03	-8.333565e-04	4.093255e-05	-1.693556e-03	-3.517350e-06	-1.941543e-05
5.934810e+03	1.698862e-03	7.646729e-04	-6.913110e-06	-1.654617e-03	-1.290261e-05	-4.102837e-05
5.947200e+03	4.658650e-04	1.757182e-03	-1.208538e-06	-4.677213e-04	1.250129e-05	-1.405973e-06
5.959590e+03	-1.036124e-03	1.449232e-03	1.645084e-05	1.026084e-03	-4.155748e-06	1.202093e-05
5.971980e+03	-1.768232e-03	3.724074e-05	-3.867276e-05	1.728483e-03	-2.866634e-05	3.365904e-05
5.984370e+03	-1.070815e-03	-1.239133e-03	1.202217e-05	1.074305e-03	-1.016346e-05	-1.225080e-06
5.996760e+03	2.509037e-04	-1.633805e-03	4.178165e-06	-2.748925e-04	5.641877e-06	2.380844e-05
6.009150e+03	1.403778e-03	-7.360140e-04	-1.244964e-05	-1.405220e-03	-1.852110e-05	2.386062e-07
6.021540e+03	1.474623e-03	6.298628e-04	1.570396e-06	-1.443863e-03	-3.255911e-06	-2.664530e-05
6.033930e+03	3.719572e-04	1.500000e-03	3.112587e-05	-3.669398e-04	8.478011e-06	-6.162753e-06
6.046320e+03	-8.744654e-04	1.292719e-03	4.497381e-06	9.086838e-04	1.223906e-05	-3.436395e-05
6.058710e+03	-1.549204e-03	1.130431e-04	1.762592e-05	1.569811e-03	1.082397e-05	-1.752332e-05
6.071100e+03	-9.790805e-04	-1.124327e-03	2.861009e-06	9.840194e-04	2.106508e-05	-8.436633e-06
6.083490e+03	2.531287e-04	-1.433241e-03	-1.132298e-05	-2.721688e-04	-1.252713e-05	1.905834e-05
6.095880e+03	1.316838e-03	-6.411946e-04	1.303518e-05	-1.364307e-03	-6.215722e-06	3.706771e-05
6.108270e+03	1.280690e-03	5.544367e-04	-1.965346e-05	-1.293500e-03	-1.755807e-05	1.664838e-05
6.120660e+03	3.595572e-04	1.329857e-03	3.609664e-05	-3.675124e-04	-5.530290e-06	7.484129e-06
6.133050e+03	-8.279411e-04	1.107273e-03	2.971552e-05	8.369195e-04	-1.701129e-05	-8.112706e-06
6.145440e+03	-1.311097e-03	5.369036e-05	3.302742e-05	1.310000e-03	1.049658e-05	-2.158252e-06
6.157830e+03	-8.762643e-04	-1.000644e-03	1.286158e-05	9.108154e-04	2.167546e-05	-2.920559e-05
6.170220e+03	1.925709e-04	-1.252372e-03	6.967735e-06	-1.964800e-04	2.205264e-05	6.272792e-06
6.182610e+03	1.143903e-03	-6.275003e-04	-2.134861e-05	-1.144745e-03	2.477819e-05	9.241538e-07
6.195000e+03	1.158694e-03	5.497964e-04	-8.384594e-06	-1.161428e-03	-1.825143e-06	-1.800762e-06
6.207390e+03	3.083010e-04	1.203704e-03	-1.550137e-05	-2.921220e-04	-4.552806e-05	-1.784063e-05
6.219780e+03	-7.640869e-04	9.782579e-04	4.937020e-06	7.568604e-04	-2.583407e-05	5.597432e-06
6.232170e+03	-1.144964e-03	2.079265e-05	1.655155e-05	1.144061e-03	-2.370327e-05	-3.691224e-06
6.244560e+03	-7.228365e-04	-9.327551e-04	4.410252e-05	7.329982e-04	4.759154e-06	-1.098543e-05
6.256950e+03	2.983405e-04	-1.106744e-03	2.764088e-05	-2.941993e-04	1.448730e-05	-4.736862e-06
6.269340e+03	9.539487e-04	-4.429880e-04	2.115031e-05	-9.707051e-04	2.784758e-05	1.458062e-05
6.281730e+03	9.378146e-04	4.441180e-04	-9.587569e-07	-9.579603e-04	3.681165e-05	2.012780e-05
6.294120e+03	2.004276e-04	1.031593e-03	-5.045288e-06	-2.281915e-04	2.196867e-05	2.602908e-05
6.306510e+03	-7.075135e-04	7.864555e-04	-2.330475e-05	7.211883e-04	-2.350846e-05	-1.437170e-05
6.318900e+03	-9.958907e-04	-8.890412e-05	-2.086866e-05	9.918933e-04	-2.413638e-05	4.016478e-06
6.331290e+03	-5.627054e-04	-7.767047e-04	2.661825e-05	5.674426e-04	-2.591808e-05	-5.986638e-06
6.343680e+03	3.764681e-04	-9.872146e-04	2.587390e-05	-3.318850e-04	-8.543681e-06	-4.399053e-05
6.356070e+03	9.310000e-04	-3.371086e-04	2.640006e-05	-9.269999e-04	2.096282e-06	-4.010151e-06
6.368460e+03	8.172368e-04	6.177221e-04	1.423402e-05	-7.842023e-04	2.756564e-05	-3.587361e-05
6.380850e+03	3.336399e-05	9.520626e-04	2.339182e-05	-3.901523e-05	3.055447e-05	5.387858e-06
6.393240e+03	-7.532339e-04	5.993259e-04	-1.972951e-05	7.422606e-04	4.659604e-05	1.110084e-05
6.405630e+03	-9.545060e-04	-1.989308e-04	-2.228497e-05	9.402977e-04	-7.526537e-06	1.454088e-05
6.418020e+03	-4.977651e-04	-9.246510e-04	-9.952719e-06	4.705472e-04	-2.559814e-05	2.594741e-05
6.430410e+03	4.403458e-04	-9.344234e-04	1.924595e-05	-4.542851e-04	-3.108358e-05	1.470000e-05
6.442800e+03	1.049024e-03	-2.104279e-04	3.158430e-05	-1.059666e-03	-1.536543e-05	1.302161e-05
6.455190e+03	7.918648e-04	6.781852e-04	3.217890e-05	-7.709021e-04	1.673206e-05	-1.703841e-05
6.467580e+03	-2.504425e-05	9.995713e-04	3.033269e-05	3.131916e-05	4.468150e-05	-5.975495e-06
6.479970e+03	-8.316913e-04	5.825094e-04	1.428419e-06	8.607283e-04	3.196232e-05	-2.474254e-05
6.492360e+03	-9.890426e-04	-2.360686e-04	-3.910857e-05	9.898572e-04	3.336121e-05	-3.747191e-06
6.504750e+03	-3.878489e-04	-9.205022e-04	-3.085427e-05	4.053036e-04	-1.456701e-05	-1.698275e-05
6.517140e+03	4.882898e-04	-9.197497e-04	6.962198e-07	-4.780619e-04	-7.151969e-06	-1.021006e-05
6.529530e+03	1.001016e-03	-1.712328e-04	-4.031508e-06	-9.953141e-04	-4.017927e-05	-2.281432e-07
6.541920e+03	7.451313e-04	6.481207e-04	1.870089e-05	-7.515629e-04	-3.084735e-05	6.197687e-06
6.554310e+03	-4.216053e-05	1.003484e-03	4.852074e-05	3.430556e-05	9.317204e-06	8.259442e-06
6.566700e+03	-7.628448e-04	6.169383e-04	3.751103e-05	7.562176e-04	2.536804e-05	8.446737e-06
6.579090e+03	-9.899227e-04	-2.563246e-04	-1.469643e-05	9.689170e-04	3.483914e-05	2.217582e-05
6.591480e+03	-4.282242e-04	-9.641460e-04	-1.907807e-05	4.169916e-04	1.870189e-05	8.839680e-06
6.603870e+03	5.037157e-04	-8.739573e-04	-3.022822e-05	-5.102570e-04	8.405049e-08	5.193204e-06
6.616260e+03	1.009493e-03	-2.020368e-04	-3.757647e-05	-1.029839e-03	-8.291506e-06	1.779912e-05
6.628650e+03	8.430207e-04	6.388969e-04	1.291071e-05	-8.414975e-04	-4.457697e-05	-1.412991e-06
6.641040e+03	2.991339e-05	1.038476e-03	2.164130e-05	-6.873073e-06	-8.899541e-06	-2.339823e-05
6.653430e+03	-7.504471e-04	6.773346e-04	4.478235e-05	7.707961e-04	5.775997e-06	-1.992153e-05
6.665820e+03	-9.370834e-04	-1.469257e-04	4.285910e-05	9.587112e-04	3.619467e-06	-2.155636e-05
6.678210e+03	-4.170722e-04	-7.867027e-04	6.819597e-06	4.572789e-04	3.355021e-05	-3.867641e-05
6.690600e+03	3.770500e-04	-7.888192e-04	-8.115222e-06	-3.268346e-04	3.814769e-05	-4.828679e-05
6.702990e+03	8.728500e-04	-2.066298e-04	-2.287664e-05	-8.578877e-04	8.354157e-06	-1.334075e-05
6.715380e+03	6.814090e-04	5.902818e-04	-2.416389e-05	-6.868137e-04	-1.683937e-05	5.646565e-06
6.727770e+03	1.708413e-05	8.645864e-04	6.379451e-06	-2.628656e-05	-3.701264e-05	7.678628e-06
6.740160e+03	-7.486808e-04	5.611019e-04	1.524116e-05	6.943759e-04	-1.351702e-05	5.383241e-05
6.752550e+03	-8.783408e-04	-2.184217e-04	5.071300e-05	8.474858e-04	-9.704949e-06	3.118700e-05
6.764940e+03	-3.947198e-04	-8.087534e-04	2.886595e-05	3.659777e-04	4.167864e-06	2.724688e-05
6.777330e+03	3.026284e-04	-7.911483e-04	1.502984e-05	-3.415470e-04	1.917564e-05	4.008661e-05
6.789720e+03	8.113419e-04	-1.652811e-04	3.167911e-07	-7.969917e-04	3.886920e-05	-1.492305e-05
6.802110e+03	6.580578e-04	4.258437e-04	-1.023467e-05	-6.522458e-04	4.161857e-06	-1.210274e-05
6.814500e+03	1.320632e-05	7.586895e-04	-4.294360e-06	1.936009e-05	-2.606811e-05	-3.555806e-05
6.826890e+03	-6.031786e-04	4.488369e-04	2.538731e-06	6.684775e-04	-2.373168e-05	-6.332648e-05
6.839280e+03	-6.572154e-04	-1.624883e-04	2.453739e-05	7.049547e-04	-9.801159e-06	-4.327206e-05
6.851670e+03	-2.583563e-04	-6.511498e-04	4.799980e-05	2.943676e-04	4.960021e-06	-3.609993e-05
6.864060e+03	3.170246e-04	-5.673195e-04	1.191533e-05	-3.071592e-04	2.266070e-05	-1.014645e-05
6.876450e+03	6.176214e-04	-1.491267e-04	-1.108934e-05	-6.354586e-04	1.535195e-05	1.285796e-05
6.888840e+03	4.391194e-04	4.240334e-04	-2.341246e-05	-4.639742e-04	-2.594247e-06	2.539676e-05
6.901230e+03	-7.879709e-05	6.045247e-04	-1.925747e-05	4.149445e-05	1.284862e-06	3.955199e-05
6.913620e+03	-5.254073e-04	3.008047e-04	-1.200530e-06	4.673072e-04	-1.185476e-05	6.040209e-05
6.926010e+03	-5.518096e-04	-2.110316e-04	2.670271e-06	5.284065e-04	-2.207400e-05	1.894868e-05
6.938400e+03	-1.258335e-04	-5.140958e-04	2.643653e-06	1.103105e-04	-1.247792e-05	1.274880e-05
6.950790e+03	3.576451e-04	-4.523926e-04	1.936251e-05	-3.425420e-04	-1.494177e-06	-1.465400e-05
6.963180e+03	5.220084e-04	4.595416e-05	3.261488e-05	-5.189374e-04	4.354147e-06	-2.784520e-06
6.975570e+03	3.331065e-04	4.411773e-04	5.105217e-07	-2.983821e-04	2.832577e-05	-3.290421e-05
6.987960e+03	-1.362684e-04	5.108823e-04	4.442892e-06	1.597019e-04	1.724954e-05	-2.376842e-05
7.000350e+03	-4.708546e-04	1.462529e-04	-1.600262e-05	5.139538e-04	-1.577306e-06	-4.333683e-05
7.012740e+03	-3.818608e-04	-2.594650e-04	-8.208360e-06	4.193191e-04	-1.930391e-05	-3.743189e-05
7.025130e+03	-6.017658e-06	-5.053167e-04	-1.315198e-06	1.084996e-05	-1.261121e-05	-4.887749e-06
7.037520e+03	4.499575e-04	-3.551437e-04	5.273512e-06	-4.345334e-04	-3.021395e-05	-1.689975e-05
7.049910e+03	4.848962e-04	2.163554e-04	2.293021e-05	-4.946400e-04	-6.694976e-06	1.110517e-05
7.062300e+03	2.050935e-04	5.285071e-04	4.607263e-05	-2.294168e-04	-1.620243e-05	2.278069e-05
7.074690e+03	-3.327883e-04	5.461336e-04	3.958074e-05	3.284450e-04	3.651686e-05	4.458695e-06
7.087080e+03	-6.433552e-04	5.161429e-05	-1.517459e-05	6.040856e-04	2.717168e-05	4.377812e-05
7.099470e+03	-4.278739e-04	-4.345446e-04	2.377933e-05	4.020093e-04	1.888636e-05	2.680388e-05
7.111860e+03	4.910053e-05	-6.194914e-04	1.945662e-06	-5.116652e-05	-2.809083e-06	1.215262e-06
7.124250e+03	5.349157e-04	-3.630265e-04	-1.248154e-05	-5.471233e-04	-1.080625e-05	1.339430e-05
7.136640e+03	5.983138e-04	1.856452e-04	2.256924e-06	-5.763330e-04	-1.192723e-05	-2.133611e-05
7.149030e+03	2.411461e-04	6.248177e-04	2.090328e-05	-1.963058e-04	-1.072180e-05	-4.036769e-05
7.161420e+03	-2.886825e-04	5.557100e-04	3.087987e-05	3.328828e-04	2.618193e-05	-4.353210e-05
7.173810e+03	-6.200629e-04	3.467266e-05	2.611116e-05	6.603460e-04	1.341191e-05	-4.604097e-05
7.186200e+03	-4.396642e-04	-4.672314e-04	-1.463345e-05	4.453801e-04	1.932890e-05	-5.664541e-06
7.198590e+03	7.282929e-05	-6.429411e-04	-8.824239e-07	-6.498919e-05	3.882652e-06	-8.101421e-06
7.210980e+03	5.951706e-04	-3.456438e-04	-7.422429e-06	-6.074327e-04	3.527311e-06	7.977020e-06
7.223370e+03	6.185205e-04	2.648760e-04	1.574029e-05	-6.777353e-04	3.312657e-06	5.821596e-05
7.235760e+03	2.308656e-04	6.684861e-04	4.530176e-06	-2.580540e-04	4.063764e-06	3.102268e-05
7.248150e+03	-3.776338e-04	6.288856e-04	2.131289e-05	3.452378e-04	-7.782227e-06	3.276177e-05
7.260540e+03	-7.147899e-04	1.015815e-04	4.610159e-06	7.087627e-04	4.187845e-06	5.913126e-06
7.272930e+03	-5.040167e-04	-4.950891e-04	1.665568e-05	4.923593e-04	-3.144019e-06	1.011039e-05
7.285320e+03	5.180532e-05	-6.799841e-04	1.624094e-05	-3.060074e-05	9.170381e-06	-2.109274e-05
7.297710e+03	5.928559e-04	-4.166177e-04	8.507652e-06	-5.715493e-04	1.955634e-05	-1.710869e-05
7.310100e+03	7.329558e-04	2.357889e-04	-1.396113e-05	-7.329951e-04	1.541008e-06	-5.601050e-08
7.322490e+03	2.939469e-04	7.164679e-04	6.268362e-06	-2.883026e-04	-3.287012e-06	-5.985550e-06
7.334880e+03	-3.380547e-04	6.845034e-04	-3.190757e-06	3.573962e-04	-1.252233e-05	-1.974095e-05
7.347270e+03	-7.559719e-04	1.749659e-04	1.539823e-05	7.488151e-04	-2.119268e-05	7.047648e-06
7.359660e+03	-5.999439e-04	-4.552600e-04	1.724075e-05	6.297829e-04	-1.656016e-06	-2.302789e-05
7.372050e+03	-5.935241e-05	-7.838102e-04	2.512578e-05	5.923822e-05	1.366636e-06	-5.158800e-07
7.384440e+03	6.382531e-04	-5.138342e-04	7.911465e-06	-5.872073e-04	1.775787e-05	-4.100914e-05
7.396830e+03	7.644659e-04	1.122307e-04	-5.088120e-06	-7.744813e-04	-1.553189e-06	7.504105e-06
7.409220e+03	4.175303e-04	6.723735e-04	-1.349560e-05	-4.366242e-04	5.249594e-06	1.829821e-05
7.421610e+03	-2.297003e-04	7.403091e-04	1.252816e-05	2.192729e-04	-7.044861e-06	1.174292e-05
7.434000e+03	-7.394606e-04	3.499596e-04	-4.002362e-06	7.066544e-04	8.185233e-06	3.284581e-05
7.446390e+03	-7.018860e-04	-3.181173e-04	1.220167e-06	6.782265e-04	-3.652384e-06	2.141270e-05
7.458780e+03	-2.170421e-04	-7.223641e-04	1.706122e-05	2.155556e-04	2.376092e-06	3.866897e-06
7.471170e+03	4.072102e-04	-6.481468e-04	2.421649e-05	-4.338936e-04	1.570893e-05	2.724973e-05
7.483560e+03	7.682314e-04	-8.799814e-05	1.157684e-05	-7.474489e-04	1.468780e-05	-1.925638e-05
7.495950e+03	5.421619e-04	5.279600e-04	6.795347e-07	-5.179070e-04	-9.692318e-07	-2.465748e-05
7.508340e+03	-2.874784e-05	7.120708e-04	3.957809e-06	3.694323e-05	-8.687167e-06	-8.758259e-06
7.520730e+03	-5.475636e-04	4.396644e-04	9.374191e-06	5.655264e-04	1.481088e-05	-1.815583e-05
7.533120e+03	-6.360931e-04	-1.487591e-04	-6.083536e-06	6.540309e-04	3.008783e-06	-1.663372e-05
7.545510e+03	-3.154037e-04	-5.836488e-04	1.114646e-05	3.189188e-04	1.794376e-06	-3.634950e-06
7.557900e+03	2.333194e-04	-5.798934e-04	-1.150377e-05	-2.265493e-04	-1.355252e-05	-4.804140e-06
7.570290e+03	6.313357e-04	-1.743440e-04	2.501479e-07	-6.350506e-04	-1.208306e-05	3.120733e-06
7.582680e+03	5.381540e-04	3.425502e-04	2.631171e-05	-5.269292e-04	-8.590517e-06	-1.327072e-05
7.595070e+03	4.337474e-05	6.474584e-04	7.253921e-06	-5.342842e-05	7.667700e-06	9.901206e-06
7.607460e+03	-4.014610e-04	4.635817e-04	1.845375e-05	3.959309e-04	2.563525e-05	5.275783e-06
7.619850e+03	-6.317957e-04	1.024103e-05	8.667127e-06	6.146628e-04	1.220123e-05	2.278855e-05
7.632240e+03	-4.083748e-04	-4.312381e-04	1.282380e-05	4.033812e-04	1.967397e-05	6.447650e-06
7.644630e+03	9.871318e-05	-6.063457e-04	-1.869030e-05	-8.863533e-05	-2.303283e-06	-8.915293e-06
7.657020e+03	4.509691e-04	-3.038058e-04	-9.870835e-06	-4.639397e-04	1.331848e-05	1.240169e-05
7.669410e+03	5.144513e-04	1.272458e-04	-1.451110e-05	-5.173268e-04	2.090280e-05	3.348340e-06
7.681800e+03	2.427140e-04	4.818845e-04	-8.868816e-06	-2.284250e-04	-1.754085e-05	-1.417706e-05
7.694190e+03	-2.179183e-04	4.721880e-04	2.165153e-05	2.115784e-04	-2.079818e-05	6.575822e-06
7.706580e+03	-4.660856e-04	1.282450e-04	2.197476e-05	4.619452e-04	2.154969e-06	2.946880e-06
7.718970e+03	-3.978337e-04	-3.131228e-04	3.531286e-05	4.090228e-04	6.562210e-06	-7.179561e-06
7.731360e+03	-4.620319e-06	-4.398100e-04	2.052439e-05	1.666515e-05	3.403682e-05	-1.201949e-05
7.743750e+03	3.454533e-04	-3.168850e-04	-2.204198e-07	-3.456487e-04	3.432444e-05	-6.590496e-06
7.756140e+03	4.574598e-04	8.650658e-05	-1.675013e-05	-4.389280e-04	2.763116e-05	-2.042124e-05
7.768530e+03	2.190072e-04	4.229220e-04	-2.341232e-05	-2.172089e-04	1.680465e-07	-1.803216e-07
7.780920e+03	-1.617428e-04	4.537024e-04	-5.384004e-06	1.470560e-04	-1.231735e-05	1.448001e-05
7.793310e+03	-4.062098e-04	1.230626e-04	6.387592e-06	3.972526e-04	-1.938535e-05	8.127623e-06
7.805700e+03	-3.999451e-04	-1.887082e-04	1.815426e-05	3.771133e-04	-8.546836e-06	2.473171e-05
7.818090e+03	-1.110101e-04	-4.230000e-04	3.889983e-06	9.468249e-05	9.258199e-06	1.626191e-05
7.830480e+03	2.474172e-04	-3.456258e-04	2.782543e-05	-2.578484e-04	4.655616e-06	9.033800e-06
7.842870e+03	4.064608e-04	1.263056e-05	7.054269e-06	-4.008013e-04	2.127383e-05	-5.355181e-06
7.855260e+03	2.578541e-04	2.848923e-04	6.691646e-06	-2.342802e-04	1.756394e-05	-2.395234e-05
7.867650e+03	-7.321704e-05	3.898935e-04	-2.409774e-05	7.880897e-05	1.549415e-05	-7.687642e-06
7.880040e+03	-3.096069e-04	1.741982e-04	-1.835911e-05	3.211551e-04	9.057377e-06	-1.250915e-05
7.892430e+03	-3.437778e-04	-1.648194e-04	-2.414101e-06	3.438941e-04	-2.964922e-05	2.291875e-06
7.904820e+03	-9.941668e-05	-3.566604e-04	5.121073e-06	1.139036e-04	-4.737017e-06	-1.352487e-05
7.917210e+03	2.562351e-04	-2.493383e-04	7.397641e-06	-2.438576e-04	9.205259e-06	-1.145057e-05
7.929600e+03	3.188824e-04	-7.138863e-05	1.689133e-05	-3.299389e-04	-2.539427e-06	1.018158e-05
7.941990e+03	2.810380e-04	2.556847e-04	-9.724149e-06	-2.800508e-04	1.509341e-05	-3.392869e-07
7.954380e+03	-1.936825e-05	3.630603e-04	-1.927018e-05	2.168654e-05	-1.026693e-05	-1.702232e-06
7.966770e+03	-3.322179e-04	2.410852e-04	7.668576e-06	3.182864e-04	-1.021601e-05	1.679012e-05
7.979160e+03	-3.588137e-04	-1.293187e-04	2.729558e-05	3.537329e-04	6.029915e-06	5.125403e-06
7.991550e+03	-1.620153e-04	-3.721605e-04	5.465672e-07	1.684976e-04	-8.214980e-07	-6.130337e-06
8.003940e+03	1.584669e-04	-3.903446e-04	2.424675e-05	-1.747217e-04	-5.230397e-06	1.503824e-05
8.016330e+03	4.094076e-04	-1.492138e-04	8.775558e-06	-4.094405e-04	1.141707e-05	-1.551657e-06
8.028720e+03	4.288963e-04	1.927522e-04	-3.821067e-07	-4.163299e-04	6.571667e-06	-1.288218e-05
8.041110e+03	1.055491e-04	4.915312e-04	-1.075208e-05	-8.900372e-05	6.289307e-06	-1.698395e-05
8.053500e+03	-2.239350e-04	3.651163e-04	-1.657892e-06	2.191686e-04	-6.746133e-06	1.410222e-06
8.065890e+03	-4.074229e-04	6.595404e-05	9.295806e-06	4.333630e-04	-5.075376e-06	-2.440539e-05
8.078280e+03	-3.304542e-04	-2.582802e-04	-2.588121e-07	3.170775e-04	-1.862407e-06	1.336619e-05
8.090670e+03	1.614579e-05	-3.861861e-04	1.572825e-05	-1.222087e-05	-8.500503e-06	-3.336892e-06
8.103060e+03	3.024242e-04	-2.747648e-04	5.042146e-06	-3.164739e-04	2.853071e-07	1.388866e-05
8.115450e+03	4.347068e-04	5.110205e-05	2.644312e-05	-4.375210e-04	5.123603e-06	3.407421e-06
8.127840e+03	2.462448e-04	3.549276e-04	7.779499e-07	-2.484403e-04	8.460585e-06	1.594780e-06
8.140230e+03	-5.046806e-05	4.271841e-04	7.094100e-06	4.792352e-05	8.648253e-06	2.663073e-06
8.152620e+03	-3.635424e-04	2.601737e-04	-6.192061e-06	3.635607e-04	4.440927e-06	8.178945e-07
8.165010e+03	-4.101711e-04	-7.230534e-05	-1.290404e-05	4.086620e-04	-1.191251e-05	7.305637e-07
8.177400e+03	-2.034776e-04	-3.741383e-04	2.134844e-05	2.103871e-04	-6.427401e-06	-5.873740e-06
8.189790e+03	1.410952e-04	-3.621351e-04	7.968008e-06	-1.242623e-04	-3.020514e-06	-1.440729e-05
8.202180e+03	3.340200e-04	-1.250548e-04	2.569724e-05	-3.315845e-04	-1.356614e-05	-1.829722e-06
8.214570e+03	3.350638e-04	1.703034e-04	1.049554e-05	-3.335689e-04	2.391845e-05	3.233447e-06
8.226960e+03	1.153710e-04	3.379805e-04	7.107119e-06	-1.137168e-04	1.409711e-05	-1.161957e-06
8.239350e+03	-2.208836e-04	3.267430e-04	-1.357647e-05	1.947061e-04	2.166033e-05	2.599452e-05
8.251740e+03	-3.197041e-04	6.925604e-05	-5.507508e-06	3.105229e-04	-4.422029e-06	1.032147e-05
8.264130e+03	-2.272492e-04	-1.881361e-04	-2.360587e-05	2.262147e-04	-9.630554e-06	1.169637e-06
8.276520e+03	-2.599633e-05	-2.589522e-04	1.282427e-05	2.458574e-05	-1.892195e-05	1.234566e-06
8.288910e+03	2.297983e-04	-1.837595e-04	1.498811e-05	-2.101404e-04	-1.622288e-05	-1.761352e-05
8.301300e+03	3.103532e-04	2.475037e-05	3.460396e-05	-2.962969e-04	1.840174e-05	-1.396742e-05
8.313690e+03	1.274056e-04	2.841993e-04	1.714646e-05	-1.126815e-04	7.785141e-06	-1.470702e-05
8.326080e+03	-9.551855e-05	2.569189e-04	1.009878e-05	9.775249e-05	2.526803e-05	-2.530886e-06
8.338470e+03	-3.181530e-04	1.085637e-04	3.256110e-06	3.171452e-04	1.844507e-05	1.317039e-06
8.350860e+03	-2.688150e-04	-1.254516e-04	-1.581907e-05	2.522390e-04	1.454161e-05	1.668443e-05
8.363250e+03	-8.029849e-05	-2.629626e-04	-2.298638e-05	7.739086e-05	-1.298185e-05	3.662685e-06
8.375640e+03	1.488465e-04	-2.252288e-04	4.102830e-07	-1.676351e-04	-5.384863e-06	1.140542e-05
8.388030e+03	2.362095e-04	-1.806252e-05	1.095456e-05	-2.275581e-04	9.088623e-07	-8.503065e-06
8.400420e+03	1.985311e-04	1.550406e-04	1.752538e-05	-1.913538e-04	-2.589063e-05	-9.654013e-06
8.412810e+03	8.669498e-06	2.329460e-04	3.523955e-05	1.048565e-05	6.167468e-06	-1.886585e-05
8.425200e+03	-1.728088e-04	1.471795e-04	1.204729e-05	1.779056e-04	1.190220e-05	-6.556954e-06
8.437590e+03	-1.795377e-04	-5.082448e-05	3.236472e-06	1.801172e-04	9.061716e-06	8.469269e-07
8.449980e+03	-6.194436e-05	-1.532364e-04	7.243062e-06	5.910478e-05	3.501165e-06	3.132017e-06
8.462370e+03	5.734735e-05	-1.463112e-04	4.924501e-06	-7.898239e-05	-4.645769e-06	1.875869e-05
8.474760e+03	1.550107e-04	-5.050033e-05	6.160143e-06	-1.434104e-04	-6.550454e-06	-1.100545e-05
8.487150e+03	1.202056e-04	1.045407e-04	4.536489e-06	-1.305115e-04	-1.930909e-06	9.287992e-06
8.499540e+03	-7.244725e-07	1.757821e-04	8.818186e-06	1.874163e-05	2.696624e-06	-1.713149e-05
8.511930e+03	-1.419780e-04	1.015548e-04	2.094025e-05	1.343389e-04	1.114572e-05	8.545050e-06
8.524320e+03	-1.463571e-04	1.209998e-05	1.150670e-05	1.629234e-04	4.087143e-06	-1.803249e-05
8.536710e+03	-7.806797e-05	-1.635015e-04	-1.991144e-06	8.768230e-05	5.307376e-06	-8.826606e-06
8.549100e+03	1.048799e-04	-8.250780e-05	-4.971595e-06	-1.028921e-04	-1.735693e-05	-1.953307e-06
8.561490e+03	1.331893e-04	-4.203560e-05	1.372324e-05	-1.322625e-04	2.432133e-06	-4.700232e-07
8.573880e+03	7.040010e-05	8.628879e-05	-6.758282e-06	-7.502735e-05	-1.385349e-05	4.628776e-06
8.586270e+03	1.475656e-05	1.117768e-04	1.047165e-05	1.693367e-06	5.360791e-06	-1.618030e-05
8.598660e+03	-9.230587e-05	1.179713e-04	1.177798e-05	8.639198e-05	4.776404e-06	6.098880e-06
8.611050e+03	-1.671573e-04	-4.143420e-05	1.559168e-05	1.813276e-04	3.487462e-06	-1.383276e-05
8.623440e+03	-5.042454e-05	-1.502846e-04	-1.736877e-05	8.276561e-05	5.735293e-06	-3.160390e-05
8.635830e+03	5.789429e-05	-1.112411e-04	-1.156358e-06	-5.150249e-05	7.969042e-06	-6.536996e-06
8.648220e+03	1.045969e-04	-9.777048e-05	-4.042232e-06	-1.040393e-04	-4.386920e-06	-2.249368e-06
8.660610e+03	1.254805e-04	4.898723e-05	1.578645e-05	-1.252755e-04	-4.021823e-06	-5.240905e-07
8.673000e+03	1.587258e-05	1.072724e-04	2.074980e-05	-1.954326e-05	-6.195060e-06	3.610011e-06
8.685390e+03	-7.343287e-05	1.067175e-04	-1.499298e-06	6.792526e-05	-5.310854e-06	5.447799e-06
8.697780e+03	-1.405860e-04	-1.581311e-05	2.247268e-05	1.251386e-04	1.462996e-05	1.538926e-05
8.710170e+03	-6.975785e-05	-6.332789e-05	-1.614259e-05	7.980822e-05	2.145241e-05	-9.755747e-06
8.722560e+03	-3.048708e-05	-1.449600e-04	-3.021876e-06	2.119844e-05	-1.303392e-05	1.030301e-05
8.734950e+03	1.027989e-04	-8.796399e-05	-1.011114e-05	-9.151260e-05	-4.989362e-07	-1.130481e-05
8.747340e+03	1.493021e-04	-1.145282e-05	2.074228e-05	-1.387632e-04	-1.282211e-05	-1.079320e-05
8.759730e+03	8.901802e-05	5.603741e-05	1.486607e-05	-7.471910e-05	-1.106338e-05	-1.425722e-05
8.772120e+03	3.030026e-05	9.217401e-05	2.808550e-05	-2.243456e-05	-9.274864e-07	-8.765355e-06
8.784510e+03	3.135761e-07	5.695100e-05	2.974080e-05	1.102671e-05	1.518802e-05	-1.095928e-05
8.796900e+03	-3.323602e-05	4.858721e-05	2.302877e-06	2.748844e-05	9.278492e-06	6.039235e-06
8.809290e+03	-6.997241e-06	-4.296831e-05	6.646360e-06	-7.384776e-06	3.015812e-05	1.294491e-05
8.821680e+03	1.920181e-05	-5.028273e-05	-2.462995e-05	-2.612723e-05	2.617672e-05	7.887666e-06
8.834070e+03	9.847109e-05	3.728617e-05	-2.508004e-05	-8.861747e-05	-1.384687e-05	-9.641334e-06
8.846460e+03	3.903970e-05	8.898842e-05	-8.427092e-06	-4.644073e-05	-1.232721e-05	6.671942e-06
8.858850e+03	-1.506811e-05	1.189003e-04	-3.684489e-06	3.234028e-05	-2.778567e-05	-1.702074e-05
8.871240e+03	-7.856623e-05	9.091266e-05	3.507852e-05	9.905347e-05	-9.193400e-06	-2.071483e-05
8.883630e+03	-1.120564e-04	-1.526378e-06	3.549730e-05	1.194950e-04	-2.686426e-07	-6.776463e-06
8.896020e+03	-1.034765e-04	-8.242804e-05	3.648694e-05	1.132075e-04	3.249312e-05	-1.028582e-05
8.908410e+03	-4.905618e-06	-1.059351e-04	-1.484204e-05	2.518192e-05	4.316588e-05	-1.777587e-05
8.920800e+03	6.915646e-05	-1.126722e-04	-2.162815e-05	-8.017531e-05	2.456789e-05	9.112489e-06
8.933190e+03	1.284913e-04	-3.866055e-05	-1.562191e-05	-1.328354e-04	-1.101286e-05	4.470199e-06
8.945580e+03	1.028575e-04	8.286801e-05	-1.912184e-05	-1.104470e-04	-3.318920e-05	5.879486e-06
8.957970e+03	5.889787e-05	1.725709e-04	3.295134e-05	-5.991574e-05	-3.313370e-05	1.193826e-06
8.970360e+03	-6.382687e-05	1.506525e-04	3.167892e-05	7.982580e-05	5.852474e-06	-1.307618e-05
