1.499190e+03	-6.800021e-02	-7.668313e-02	5.887423e-05	6.735494e-02	-6.992452e-05	7.054242e-04
1.511580e+03	-4.318677e-02	-9.244367e-02	2.218684e-05	4.274852e-02	2.221585e-06	4.315196e-04
1.523970e+03	-1.631756e-02	-1.013022e-01	2.186326e-05	1.594830e-02	-1.816139e-05	3.708990e-04
1.536360e+03	1.149845e-02	-1.023517e-01	-5.987490e-05	-1.197849e-02	-8.037152e-05	4.576111e-04
1.548750e+03	3.987085e-02	-9.550143e-02	-5.868756e-05	-4.037692e-02	-8.179310e-05	5.231969e-04
1.561140e+03	6.551071e-02	-8.056189e-02	6.175022e-05	-6.581693e-02	-5.146393e-05	2.886954e-04
1.573530e+03	8.601808e-02	-5.919863e-02	-6.405362e-06	-8.622351e-02	-3.864339e-05	1.849345e-04
1.585920e+03	9.999840e-02	-3.254289e-02	4.816828e-05	-1.000966e-01	4.051626e-05	1.146617e-04
1.598310e+03	1.060000e-01	-2.319437e-03	-1.497429e-07	-1.060000e-01	2.944046e-05	3.237126e-04
1.610700e+03	1.023289e-01	2.905977e-02	2.081146e-05	-1.023413e-01	-2.422787e-05	1.573974e-04
1.623090e+03	8.995768e-02	5.778858e-02	-3.732717e-05	-8.986659e-02	-9.998198e-06	-6.859845e-05
1.635480e+03	6.908985e-02	8.197368e-02	-3.625124e-05	-6.872431e-02	3.369500e-05	-3.418819e-04
1.647870e+03	4.241349e-02	9.937054e-02	-5.746766e-05	-4.211722e-02	-1.559370e-06	-2.667654e-04
1.660260e+03	1.080312e-02	1.083027e-01	2.461549e-06	-1.061283e-02	-7.752743e-05	-1.815878e-04
1.672650e+03	-2.239147e-02	1.070850e-01	-1.197358e-05	2.246284e-02	-3.890848e-05	-1.311523e-04
1.685040e+03	-5.389877e-02	9.546521e-02	-4.729780e-06	5.424253e-02	-4.263752e-05	-3.836867e-04
1.697430e+03	-8.080144e-02	7.484916e-02	6.666124e-05	8.135734e-02	-6.322936e-05	-5.939014e-04
1.709820e+03	-1.005772e-01	4.681284e-02	-1.322134e-05	1.015260e-01	-3.673289e-05	-4.937520e-04
1.722210e+03	-1.107951e-01	1.287045e-02	8.180645e-05	1.117951e-01	-3.313182e-05	-4.033036e-04
1.734600e+03	-1.101094e-01	-2.334645e-02	-1.737323e-05	1.101338e-01	-4.127663e-05	-5.454761e-04
1.746990e+03	-9.689813e-02	-5.710399e-02	1.288231e-05	9.748786e-02	-4.466174e-05	-5.946291e-04
1.759380e+03	-7.416506e-02	-8.496472e-02	1.036603e-04	7.487084e-02	-2.154940e-05	-6.475458e-04
1.771770e+03	-4.324272e-02	-1.045416e-01	1.654660e-04	4.392571e-02	6.322371e-05	-7.238082e-04
1.784160e+03	-7.515511e-03	-1.130000e-01	5.327577e-05	8.124978e-03	9.419576e-06	-5.975141e-04
1.796550e+03	2.895016e-02	-1.105990e-01	1.629881e-05	-2.846458e-02	-1.077437e-05	-4.900590e-04
1.808940e+03	6.337000e-02	-9.494640e-02	2.980593e-05	-6.272148e-02	2.868811e-05	-6.962558e-04
1.821330e+03	9.093908e-02	-6.951687e-02	3.050091e-05	-9.020544e-02	5.580093e-05	-6.843936e-04
1.833720e+03	1.091591e-01	-3.665708e-02	1.244184e-05	-1.084100e-01	1.316009e-05	-6.958344e-04
1.846110e+03	1.149207e-01	7.848527e-04	1.091808e-05	-1.139207e-01	2.991777e-05	-6.756880e-04
1.858500e+03	1.078813e-01	3.820184e-02	1.906223e-05	-1.079076e-01	8.322649e-05	-4.453358e-04
1.870890e+03	8.939048e-02	7.188708e-02	-7.952412e-05	-8.899732e-02	1.319930e-04	-3.520421e-04
1.883280e+03	6.121695e-02	9.653695e-02	-9.715115e-05	-6.081933e-02	1.752058e-04	-3.915288e-04
1.895670e+03	2.597033e-02	1.106622e-01	-9.844778e-05	-2.550801e-02	2.647058e-05	-4.029425e-04
1.908060e+03	-1.159898e-02	1.137528e-01	-1.415077e-04	1.176565e-02	5.759118e-05	-1.510341e-04
1.920450e+03	-4.800314e-02	1.036353e-01	-1.440646e-04	4.801792e-02	-2.831189e-07	-5.950783e-05
1.932840e+03	-7.901095e-02	8.157424e-02	-9.764598e-05	7.911095e-02	-5.086946e-05	-1.225610e-04
1.945230e+03	-1.012654e-01	5.127884e-02	-2.337094e-05	1.013106e-01	-9.400368e-05	-7.557052e-05
1.957620e+03	-1.122889e-01	1.558520e-02	-2.073179e-05	1.122889e-01	-1.108211e-04	-2.924787e-05
1.970010e+03	-1.113069e-01	-2.238987e-02	-2.479070e-05	1.113069e-01	-1.221343e-04	1.079957e-04
1.982400e+03	-9.780866e-02	-5.708286e-02	1.265911e-04	9.748556e-02	-7.074626e-05	2.897409e-04
1.994790e+03	-7.357219e-02	-8.538167e-02	8.889003e-05	7.326863e-02	-5.886245e-05	2.583848e-04
2.007180e+03	-4.192553e-02	-1.037158e-01	7.812926e-05	4.162831e-02	-3.809388e-05	2.618220e-04
2.019570e+03	-5.676950e-03	-1.120000e-01	-3.027465e-05	5.262096e-03	-1.355807e-04	4.205228e-04
2.031960e+03	3.077093e-02	-1.073595e-01	1.230469e-04	-3.124730e-02	1.025706e-04	4.363980e-04
2.044350e+03	6.434009e-02	-9.185099e-02	4.511524e-05	-6.491234e-02	2.099625e-05	5.460606e-04
2.056740e+03	9.057795e-02	-6.614926e-02	5.318903e-05	-9.121864e-02	6.210211e-05	5.955464e-04
2.069130e+03	1.075582e-01	-3.256379e-02	3.046253e-05	-1.075323e-01	7.145127e-05	5.163202e-04
2.081520e+03	1.116517e-01	4.445189e-03	-1.206631e-05	-1.120000e-01	1.399882e-04	4.592192e-04
2.093910e+03	1.045984e-01	4.124201e-02	-3.899352e-05	-1.051451e-01	1.086587e-04	6.922162e-04
2.106300e+03	8.509016e-02	7.350530e-02	-6.354035e-05	-8.575181e-02	1.009595e-04	6.746507e-04
2.118690e+03	5.630610e-02	9.754479e-02	-1.284528e-04	-5.692614e-02	8.599033e-05	6.057020e-04
2.131080e+03	2.106344e-02	1.107543e-01	-1.686308e-04	-2.156131e-02	8.500931e-05	4.962289e-04
2.143470e+03	-1.703860e-02	1.119873e-01	-2.790299e-05	1.643882e-02	-1.029954e-04	5.889736e-04
2.155860e+03	-5.337286e-02	1.001288e-01	-2.356780e-04	5.287227e-02	-1.553011e-05	5.079364e-04
2.168250e+03	-8.424353e-02	7.726027e-02	-3.774868e-05	8.384180e-02	-1.389130e-04	4.369320e-04
2.180640e+03	-1.063319e-01	4.398018e-02	2.141238e-05	1.060532e-01	-1.386553e-04	5.872709e-04
2.193030e+03	-1.150000e-01	5.289624e-03	1.238430e-04	1.145618e-01	-1.382547e-04	3.961613e-04
2.205420e+03	-1.106603e-01	-3.490219e-02	1.496034e-04	1.106720e-01	-9.368581e-05	2.697355e-04
2.217810e+03	-9.207711e-02	-7.161723e-02	1.569063e-04	9.175695e-02	-4.615348e-05	3.088916e-04
2.230200e+03	-6.172329e-02	-9.960332e-02	3.695441e-05	6.141656e-02	-7.508700e-05	3.252047e-04
2.242590e+03	-2.281283e-02	-1.151401e-01	1.191978e-04	2.261452e-02	5.080786e-05	1.590190e-04
2.254980e+03	1.983797e-02	-1.164231e-01	6.688359e-05	-1.995249e-02	-1.429100e-05	1.286811e-04
2.267370e+03	6.102634e-02	-1.025031e-01	5.884286e-05	-6.102873e-02	-1.977523e-05	-3.110636e-05
2.279760e+03	9.456363e-02	-7.370539e-02	1.154876e-04	-9.446701e-02	1.316053e-04	-1.203114e-04
2.292150e+03	1.159230e-01	-3.459396e-02	5.963333e-05	-1.159230e-01	1.397313e-04	8.372547e-05
2.304540e+03	1.217340e-01	1.125999e-02	4.536696e-06	-1.217340e-01	1.346957e-04	-7.154187e-05
2.316930e+03	1.088775e-01	5.603155e-02	-1.540199e-05	-1.085769e-01	1.505094e-04	-1.822736e-04
2.329320e+03	7.998899e-02	9.337378e-02	-1.028789e-04	-7.978664e-02	1.585511e-04	-2.758534e-04
2.341710e+03	3.880926e-02	1.182354e-01	-1.400432e-04	-3.867841e-02	8.689799e-05	-1.917912e-04
2.354100e+03	-9.665054e-03	1.234795e-01	-2.289905e-04	9.962787e-03	7.795832e-05	-2.536097e-04
2.366490e+03	-5.778559e-02	1.114067e-01	-2.404782e-04	5.799314e-02	-5.121639e-06	-2.483504e-04
2.378880e+03	-9.691676e-02	8.016647e-02	-1.258755e-04	9.733078e-02	-1.289747e-04	-4.514248e-04
2.391270e+03	-1.211906e-01	3.561030e-02	-4.781596e-05	1.221986e-01	-1.898405e-04	-4.052006e-04
2.403660e+03	-1.268247e-01	-1.646202e-02	5.184319e-05	1.268247e-01	-1.454911e-04	-2.932482e-04
2.416050e+03	-1.096774e-01	-6.661000e-02	-6.075264e-06	1.097572e-01	-1.533567e-04	-2.630556e-04
2.428440e+03	-7.313468e-02	-1.059493e-01	1.272225e-04	7.335204e-02	-1.048123e-04	-2.254888e-04
2.440830e+03	-2.343781e-02	-1.273693e-01	8.200083e-05	2.373157e-02	-1.325153e-04	-3.689748e-04
2.453220e+03	3.122094e-02	-1.260134e-01	1.607008e-04	-3.081657e-02	-5.392564e-05	-4.133171e-04
2.465610e+03	8.103275e-02	-1.019081e-01	1.333549e-04	-8.059855e-02	-3.782548e-05	-4.113127e-04
2.478000e+03	1.164643e-01	-5.896677e-02	1.552835e-04	-1.164666e-01	7.666759e-05	-2.843514e-04
2.490390e+03	1.310000e-01	-4.255553e-03	1.060008e-04	-1.310000e-01	9.572933e-05	-3.180144e-04
2.502780e+03	1.207186e-01	5.233016e-02	1.663930e-05	-1.207275e-01	3.755239e-04	-3.653681e-04
2.515170e+03	8.725783e-02	9.874778e-02	-8.763645e-05	-8.710376e-02	2.717438e-04	-2.276356e-04
2.527560e+03	3.679774e-02	1.274834e-01	-2.012870e-04	-3.668252e-02	2.059301e-04	-8.163317e-05
2.539950e+03	-2.143155e-02	1.306719e-01	-2.027189e-04	2.161712e-02	3.514428e-05	-2.021666e-04
2.552340e+03	-7.602744e-02	1.085468e-01	-2.119233e-04	7.617278e-02	-9.299900e-05	-1.270000e-04
2.564730e+03	-1.166015e-01	6.475443e-02	-2.442984e-04	1.165995e-01	-1.479073e-04	-4.757940e-05
2.577120e+03	-1.328838e-01	7.540199e-03	2.459922e-06	1.328838e-01	-2.140365e-04	-9.459531e-05
2.589510e+03	-1.231762e-01	-5.184266e-02	-8.608055e-05	1.231762e-01	-2.380951e-04	7.453583e-05
2.601900e+03	-8.793140e-02	-1.004469e-01	5.741242e-05	8.793915e-02	-2.560016e-04	2.443442e-05
2.614290e+03	-3.446514e-02	-1.290645e-01	1.191056e-04	3.437181e-02	-2.238765e-04	1.106106e-04
2.626680e+03	2.661980e-02	-1.317936e-01	2.095277e-04	-2.668644e-02	-1.557907e-04	6.181601e-05
2.639070e+03	8.253453e-02	-1.055682e-01	2.978410e-04	-8.258626e-02	4.150973e-05	5.724651e-05
2.651460e+03	1.216932e-01	-5.811398e-02	2.745641e-04	-1.216932e-01	1.552111e-04	1.848017e-04
2.663850e+03	1.349333e-01	3.067504e-03	1.576151e-04	-1.349333e-01	2.609915e-04	3.952511e-04
2.676240e+03	1.187353e-01	6.420933e-02	6.656668e-05	-1.196496e-01	2.961109e-04	1.875743e-04
2.688630e+03	7.703762e-02	1.119746e-01	-9.265795e-05	-7.723756e-02	3.360001e-04	2.210001e-04
2.701020e+03	1.725719e-02	1.343907e-01	-2.700135e-04	-1.735446e-02	2.613544e-04	1.232708e-04
2.713410e+03	-4.703884e-02	1.287868e-01	-3.191270e-04	4.681682e-02	6.014005e-05	2.221531e-04
2.725800e+03	-1.016942e-01	9.203902e-02	-4.362563e-04	1.015049e-01	-8.211702e-05	3.283367e-04
2.738190e+03	-1.341551e-01	3.408978e-02	-1.173682e-04	1.341551e-01	-2.700054e-04	3.814983e-04
2.750580e+03	-1.343329e-01	-3.367406e-02	-2.369582e-04	1.343329e-01	-3.348515e-04	3.574428e-04
2.762970e+03	-1.023790e-01	-9.331310e-02	-2.341857e-05	1.022505e-01	-3.630200e-04	2.507794e-04
2.775360e+03	-4.509994e-02	-1.324323e-01	2.369643e-04	4.468786e-02	-2.284304e-04	3.765734e-04
2.787750e+03	2.498823e-02	-1.381702e-01	2.568410e-04	-2.518685e-02	-2.194598e-04	1.923160e-04
2.800140e+03	9.053813e-02	-1.085770e-01	3.497302e-04	-9.100869e-02	-2.646541e-05	5.600086e-04
2.812530e+03	1.335521e-01	-4.971363e-02	4.129943e-04	-1.345835e-01	2.333278e-04	6.200829e-04
2.824920e+03	1.419304e-01	2.533180e-02	2.392983e-04	-1.427438e-01	3.521794e-04	6.183683e-04
2.837310e+03	1.095456e-01	9.541263e-02	3.273086e-05	-1.098388e-01	4.245059e-04	6.259208e-04
2.849700e+03	4.380735e-02	1.401715e-01	-3.108756e-04	-4.446258e-02	4.188990e-04	6.166845e-04
2.862090e+03	-3.789859e-02	1.433684e-01	-5.262293e-04	3.710766e-02	2.110020e-04	7.581112e-04
2.874480e+03	-1.113425e-01	1.011738e-01	-5.182175e-04	1.103743e-01	-9.896689e-05	7.521250e-04
2.886870e+03	-1.510167e-01	2.292615e-02	-1.550577e-04	1.500167e-01	-3.254814e-04	9.030449e-04
2.899260e+03	-1.395536e-01	-6.804714e-02	3.667334e-05	1.375232e-01	-4.604306e-04	1.176827e-03
2.911650e+03	-7.348420e-02	-1.380601e-01	1.975163e-04	7.235747e-02	-3.899004e-04	1.157692e-03
2.924040e+03	2.551073e-02	-1.559274e-01	2.507069e-04	-2.690856e-02	-3.657557e-04	1.396220e-03
2.936430e+03	1.190044e-01	-1.061340e-01	5.090866e-04	-1.208942e-01	6.182394e-05	1.616541e-03
2.948820e+03	1.598771e-01	3.430936e-03	3.532076e-04	-1.618771e-01	5.403486e-04	1.822404e-03
2.961210e+03	1.105858e-01	1.159400e-01	-1.454753e-04	-1.122862e-01	7.376142e-04	1.630455e-03
2.973600e+03	-8.290214e-03	1.560000e-01	-6.844649e-04	7.341584e-03	4.274797e-04	8.881093e-04
2.985990e+03	-1.210448e-01	8.903731e-02	-5.961272e-04	1.211115e-01	-2.961694e-04	-8.993129e-05
2.998380e+03	-1.325901e-01	-4.112442e-02	1.148910e-05	1.335782e-01	-6.307909e-04	-1.193714e-03
3.010770e+03	-3.087374e-02	-1.172994e-01	4.793332e-04	3.307506e-02	-3.251293e-04	-2.210014e-03
3.023160e+03	7.453107e-02	-6.566184e-02	3.680918e-04	-7.071924e-02	2.083150e-04	-3.889442e-03
3.035550e+03	6.846374e-02	2.957898e-02	-7.871557e-06	-6.421212e-02	3.713495e-04	-4.152512e-03
3.047940e+03	-4.559472e-03	4.586903e-02	-2.009673e-04	9.675360e-03	5.414413e-05	-4.818567e-03
3.060330e+03	-2.075027e-02	-2.520094e-03	-1.658574e-04	2.504450e-02	1.568362e-04	-4.236598e-03
3.072720e+03	1.134472e-02	-6.621297e-03	-1.135009e-04	-7.676752e-03	-1.420234e-04	-3.672098e-03
3.085110e+03	5.121938e-04	2.016136e-02	-1.123647e-04	3.590852e-03	-2.312934e-04	-4.096037e-03
3.097500e+03	-2.740549e-02	-3.272687e-03	7.131318e-06	3.210549e-02	-1.961645e-04	-4.713404e-03
3.109890e+03	2.139870e-03	-3.804865e-02	2.774172e-04	2.598929e-03	-1.004656e-04	-4.693430e-03
3.122280e+03	4.476549e-02	-1.071022e-02	1.537939e-04	-4.273187e-02	1.999597e-04	-2.009583e-03
3.134670e+03	2.684927e-02	4.348778e-02	-1.279573e-04	-2.873951e-02	2.031980e-04	1.890521e-03
3.147060e+03	-3.569196e-02	4.755645e-02	-1.063391e-04	3.013184e-02	1.114809e-04	5.592257e-03
3.159450e+03	-6.586894e-02	-9.593351e-03	-1.267983e-04	5.916860e-02	-1.561029e-04	6.757020e-03
3.171840e+03	-2.421632e-02	-6.496228e-02	3.411283e-05	1.896101e-02	-1.109358e-04	5.302455e-03
3.184230e+03	4.952274e-02	-5.025215e-02	1.293562e-04	-5.149381e-02	1.128351e-04	1.975218e-03
3.196620e+03	6.800640e-02	2.469015e-02	4.403811e-05	-6.707093e-02	3.060152e-04	-1.002010e-03
3.209010e+03	2.663182e-03	6.967214e-02	-2.665798e-04	-9.198778e-05	9.801723e-05	-2.569360e-03
3.221400e+03	-6.049706e-02	2.140929e-02	-2.759879e-04	6.297174e-02	-3.262909e-04	-2.507362e-03
3.233790e+03	-3.106059e-02	-4.915391e-02	2.448753e-04	3.272901e-02	-3.911767e-04	-1.607573e-03
3.246180e+03	3.897440e-02	-3.461143e-02	3.697599e-04	-3.807283e-02	1.500108e-04	-8.989277e-04
3.258570e+03	3.599882e-02	3.300992e-02	1.062881e-04	-3.496739e-02	4.109452e-04	-1.001607e-03
3.270960e+03	-2.996885e-02	3.756163e-02	-3.849291e-04	3.133567e-02	1.055639e-04	-1.339894e-03
3.283350e+03	-4.244927e-02	-2.821642e-02	-2.180537e-04	4.449334e-02	-1.751163e-04	-2.037846e-03
3.295740e+03	2.148117e-02	-5.262751e-02	1.909864e-04	-2.000382e-02	-2.473425e-04	-1.492177e-03
3.308130e+03	5.965066e-02	8.483219e-03	1.928265e-04	-5.916358e-02	8.099742e-06	-4.510844e-04
3.320520e+03	8.836435e-03	6.273556e-02	7.004849e-05	-1.019095e-02	1.326831e-04	1.328738e-03
3.332910e+03	-6.123421e-02	2.850698e-02	-9.813164e-05	5.883520e-02	8.359773e-05	2.385032e-03
3.345300e+03	-4.876164e-02	-4.933776e-02	-2.439913e-04	4.646069e-02	-1.279964e-04	2.290560e-03
3.357690e+03	3.160096e-02	-6.283594e-02	5.202444e-05	-3.301977e-02	3.624995e-05	1.391385e-03
3.370080e+03	7.084275e-02	1.106066e-02	5.091472e-05	-7.099498e-02	6.251132e-05	1.513013e-04
3.382470e+03	1.097840e-02	7.144550e-02	-1.049758e-04	-1.039652e-02	1.019592e-05	-5.700727e-04
3.394860e+03	-6.459780e-02	2.623243e-02	1.424017e-05	6.578996e-02	-9.413006e-05	-1.230184e-03
3.407250e+03	-4.453685e-02	-5.528102e-02	2.917926e-04	4.561506e-02	-4.859235e-05	-1.096882e-03
3.419640e+03	4.228513e-02	-5.574797e-02	8.353093e-05	-4.113480e-02	1.927589e-04	-1.092469e-03
3.432030e+03	6.364219e-02	2.706804e-02	-8.373481e-05	-6.197794e-02	1.143854e-04	-1.650691e-03
3.444420e+03	-1.226192e-02	6.565466e-02	-1.149841e-04	1.329450e-02	-2.298694e-04	-1.042182e-03
3.456810e+03	-6.598348e-02	1.890200e-03	1.989387e-04	6.659062e-02	-3.067974e-04	-5.331619e-04
3.469200e+03	-1.784330e-02	-6.500209e-02	4.668148e-04	1.761370e-02	1.542707e-04	2.139877e-04
3.481590e+03	5.745607e-02	-3.397584e-02	8.688928e-05	-5.841581e-02	4.179276e-04	9.288926e-04
3.493980e+03	5.005757e-02	4.596567e-02	-1.870225e-04	-5.075640e-02	4.567410e-04	7.066572e-04
3.506370e+03	-2.876471e-02	6.127276e-02	-5.193109e-04	2.816898e-02	-3.836404e-04	6.227451e-04
3.518760e+03	-6.647555e-02	-8.039574e-03	5.041210e-04	6.602584e-02	-7.981114e-04	4.831269e-04
3.531150e+03	-1.281236e-02	-6.480551e-02	4.291501e-04	1.253763e-02	-1.592551e-04	2.941567e-04
3.543540e+03	5.557341e-02	-3.132576e-02	2.362957e-04	-5.566154e-02	3.353653e-04	1.160653e-04
3.555930e+03	4.474562e-02	4.236176e-02	-2.623993e-04	-4.464056e-02	4.227033e-04	-2.331080e-05
3.568320e+03	-2.728529e-02	5.237150e-02	-5.071184e-04	2.755020e-02	-9.459144e-05	-3.088193e-04
3.580710e+03	-5.503220e-02	-1.281967e-02	-2.637917e-04	5.587078e-02	-6.077096e-04	-7.352695e-04
3.593100e+03	-8.772488e-04	-5.375192e-02	4.386097e-04	1.477759e-03	-2.122847e-04	-5.762226e-04
3.605490e+03	5.134828e-02	-1.362296e-02	7.860654e-04	-5.059594e-02	-7.532136e-05	-7.102009e-04
3.617880e+03	2.424073e-02	4.531207e-02	3.348237e-05	-2.413454e-02	3.652752e-04	-7.829947e-05
3.630270e+03	-3.755046e-02	3.456327e-02	-4.170916e-04	3.767286e-02	3.842356e-05	-9.600573e-05
3.642660e+03	-4.303432e-02	-2.729673e-02	-7.129032e-04	4.304373e-02	-6.408766e-04	-2.645450e-05
3.655050e+03	1.362614e-02	-4.669741e-02	-2.964182e-04	-1.349195e-02	-3.410449e-04	-3.299597e-05
3.667440e+03	4.926444e-02	-7.276720e-04	1.537696e-04	-4.946475e-02	-4.253001e-04	2.705937e-04
3.679830e+03	1.436590e-02	4.746054e-02	1.291561e-04	-1.477862e-02	2.965848e-05	4.085202e-04
3.692220e+03	-4.088681e-02	2.701788e-02	-5.450053e-05	4.055244e-02	1.764138e-04	3.174616e-04
3.704610e+03	-3.710667e-02	-3.137166e-02	2.057041e-05	3.690992e-02	1.617891e-04	2.616069e-04
3.717000e+03	1.957217e-02	-4.375891e-02	-1.365154e-04	-1.977861e-02	4.270531e-05	1.820361e-04
3.729390e+03	4.717124e-02	6.857992e-03	2.356338e-05	-4.697197e-02	8.786841e-06	-1.564944e-04
3.741780e+03	5.551655e-03	4.619794e-02	-6.429884e-06	-5.210279e-03	4.446547e-05	-3.416593e-04
3.754170e+03	-4.324049e-02	1.705937e-02	-9.521021e-05	4.364489e-02	-6.178320e-05	-3.863339e-04
3.766560e+03	-2.673133e-02	-3.768450e-02	1.998921e-04	2.712361e-02	-4.460484e-05	-4.187800e-04
3.778950e+03	2.954373e-02	-3.569475e-02	3.295620e-04	-2.906329e-02	-1.775758e-04	-4.922761e-04
3.791340e+03	4.157429e-02	1.893246e-02	-1.727436e-04	-4.128004e-02	-1.775988e-05	-3.889092e-04
3.803730e+03	-7.148230e-03	4.483849e-02	1.061259e-04	7.251319e-03	-3.327742e-04	-1.481324e-04
3.816120e+03	-4.492465e-02	5.855078e-03	-5.258668e-05	4.509807e-02	-1.684375e-04	-1.200812e-04
3.828510e+03	-1.866207e-02	-4.155096e-02	1.533878e-04	1.840296e-02	1.548328e-05	2.885759e-04
3.840900e+03	3.381951e-02	-2.948987e-02	-1.131040e-04	-3.401608e-02	1.510640e-04	2.855775e-04
3.853290e+03	3.816279e-02	2.324254e-02	-2.069071e-04	-3.818377e-02	9.332731e-05	7.394480e-05
3.865680e+03	-1.130748e-02	4.279693e-02	8.371693e-07	1.107212e-02	-2.287812e-04	1.982357e-04
3.878070e+03	-4.358917e-02	1.781082e-03	2.427009e-04	4.348835e-02	-1.947787e-04	9.429131e-05
3.890460e+03	-1.418374e-02	-4.053101e-02	2.000420e-04	1.418040e-02	-1.359667e-04	-3.113552e-05
3.902850e+03	3.390279e-02	-2.441704e-02	6.736085e-05	-3.360252e-02	1.987318e-04	-2.705109e-04
3.915240e+03	3.190523e-02	2.564659e-02	-2.848140e-04	-3.151825e-02	1.864647e-04	-3.778627e-04
3.927630e+03	-1.569955e-02	3.647093e-02	-1.591164e-04	1.620040e-02	-1.483640e-04	-4.605166e-04
3.940020e+03	-3.858743e-02	-5.816411e-03	1.687690e-04	3.898748e-02	-1.089618e-04	-3.623228e-04
3.952410e+03	-4.816438e-03	-3.829808e-02	3.229297e-04	4.982324e-03	-5.203244e-05	-1.654963e-04
3.964800e+03	3.498122e-02	-1.523239e-02	1.409264e-04	-3.488122e-02	1.192403e-04	-1.615098e-04
3.977190e+03	2.372279e-02	2.894283e-02	-1.091508e-04	-2.381908e-02	2.026577e-04	1.104126e-04
3.989580e+03	-2.109129e-02	3.037434e-02	-2.442722e-04	2.098334e-02	-3.196872e-04	9.195546e-05
4.001970e+03	-3.474514e-02	-1.118240e-02	-1.302475e-04	3.459147e-02	-1.649494e-04	1.627689e-04
4.014360e+03	5.767258e-04	-3.543884e-02	2.156998e-04	-7.172372e-04	-1.316061e-04	1.488272e-04
4.026750e+03	3.351231e-02	-9.053699e-03	1.969945e-04	-3.351072e-02	-2.029309e-05	5.089755e-05
4.039140e+03	1.721188e-02	2.913043e-02	6.933299e-05	-1.714175e-02	1.734447e-04	-5.713972e-05
4.051530e+03	-2.295949e-02	2.391921e-02	-7.158845e-05	2.316210e-02	4.900984e-05	-1.445867e-04
4.063920e+03	-2.852421e-02	-1.573721e-02	7.009070e-07	2.882606e-02	-1.191660e-05	-3.068197e-04
4.076310e+03	7.629847e-03	-3.099909e-02	8.325269e-05	-7.325225e-03	-7.772634e-05	-3.023096e-04
4.088700e+03	3.131311e-02	-8.753432e-04	1.515200e-04	-3.101284e-02	7.795607e-05	-2.690999e-04
4.101090e+03	8.527864e-03	2.979039e-02	7.440113e-05	-8.229241e-03	8.216099e-06	-2.906547e-04
4.113480e+03	-2.645813e-02	1.594631e-02	7.043768e-05	2.658735e-02	-1.430473e-04	-1.871368e-04
4.125870e+03	-2.210190e-02	-2.112819e-02	1.907756e-04	2.219501e-02	-7.265177e-05	-1.083847e-04
4.138260e+03	1.248494e-02	-2.533543e-02	1.475553e-04	-1.252749e-02	5.273875e-06	5.370586e-05
4.150650e+03	2.895087e-02	6.743663e-03	-2.878798e-05	-2.894357e-02	-6.732881e-05	4.462828e-05
4.163040e+03	1.158978e-03	2.937271e-02	-8.748849e-05	-1.145613e-03	2.527324e-07	-5.480903e-06
4.175430e+03	-2.800729e-02	8.865789e-03	-1.237104e-04	2.795368e-02	-1.937648e-04	8.120168e-05
4.187820e+03	-1.594414e-02	-2.431849e-02	1.398826e-04	1.591827e-02	-1.685706e-04	1.492268e-05
4.200210e+03	1.927198e-02	-2.126036e-02	8.851780e-05	-1.918129e-02	2.987415e-05	-1.348047e-04
4.212600e+03	2.542265e-02	1.301899e-02	-1.066654e-04	-2.520842e-02	1.554477e-04	-1.468818e-04
4.224990e+03	-6.112637e-03	2.728367e-02	-2.075228e-04	6.280274e-03	1.423113e-05	-1.832054e-04
4.237380e+03	-2.759833e-02	9.513932e-04	5.281095e-06	2.769710e-02	-1.070484e-04	-1.440240e-04
4.249770e+03	-7.956699e-03	-2.637479e-02	1.506803e-04	8.046908e-03	8.681708e-05	-8.636738e-05
4.262160e+03	2.287185e-02	-1.465207e-02	1.624764e-05	-2.276409e-02	4.662778e-06	-6.348421e-05
4.274550e+03	1.986406e-02	1.823470e-02	-9.698389e-05	-1.977667e-02	7.455420e-05	-1.059957e-04
4.286940e+03	-1.238830e-02	2.344664e-02	-3.186424e-05	1.235266e-02	-2.250595e-05	6.740064e-05
4.299330e+03	-2.581512e-02	-5.427496e-03	-5.043001e-05	2.575543e-02	-1.659115e-04	1.257496e-05
4.311720e+03	-1.898738e-03	-2.609998e-02	1.729789e-04	1.878734e-03	-6.270118e-05	2.110081e-05
4.324110e+03	2.411577e-02	-8.638675e-03	2.067024e-04	-2.412275e-02	1.467188e-04	1.462697e-05
4.336500e+03	1.463880e-02	2.084007e-02	-3.555644e-05	-1.443918e-02	1.319992e-04	-1.384538e-04
4.348890e+03	-1.641016e-02	1.835720e-02	-1.063217e-04	1.652096e-02	-6.438345e-05	-4.468481e-05
4.361280e+03	-2.284861e-02	-1.003316e-02	-1.080176e-05	2.278613e-02	-1.117910e-04	1.826157e-05
4.373670e+03	3.563956e-03	-2.409086e-02	4.996927e-05	-3.447027e-03	-1.761675e-05	-1.074681e-04
4.386060e+03	2.350000e-02	-3.221485e-03	7.586642e-05	-2.350000e-02	1.097821e-04	-3.158972e-05
4.398450e+03	9.059731e-03	2.164468e-02	2.768560e-05	-8.959731e-03	1.421070e-04	-9.978149e-05
4.410840e+03	-1.829068e-02	1.434982e-02	-2.103720e-05	1.841634e-02	-7.721291e-05	-1.679115e-04
4.423230e+03	-1.835928e-02	-1.346672e-02	1.003138e-04	1.850899e-02	-4.946182e-05	-1.256338e-04
4.435620e+03	8.117637e-03	-2.092833e-02	2.088101e-05	-7.991914e-03	2.588844e-05	-1.246099e-04
4.448010e+03	2.157342e-02	2.107693e-03	2.384600e-05	-2.165030e-02	7.411214e-05	3.012071e-05
4.460400e+03	3.598304e-03	2.128991e-02	-2.102357e-05	-3.639838e-03	5.581893e-05	3.995713e-05
4.472790e+03	-1.928930e-02	9.071351e-03	1.743259e-06	1.929269e-02	-7.058914e-05	1.147847e-05
4.485180e+03	-1.365227e-02	-1.580825e-02	-2.270700e-05	1.355442e-02	8.935762e-05	8.488935e-05
4.497570e+03	1.113571e-02	-1.697722e-02	9.147274e-05	-1.111395e-02	1.025488e-05	-5.454966e-05
4.509960e+03	1.878606e-02	6.114655e-03	2.224585e-05	-1.879316e-02	1.087895e-05	-6.202143e-05
4.522350e+03	-9.981937e-04	1.898664e-02	-4.155756e-05	1.081756e-03	-8.029921e-05	-7.048763e-05
4.534740e+03	-1.841565e-02	4.137123e-03	1.439068e-04	1.846623e-02	-6.982406e-05	1.071058e-05
4.547130e+03	-8.800974e-03	-1.631209e-02	2.078183e-04	8.769927e-03	7.888034e-06	7.889448e-06
4.559520e+03	1.336387e-02	-1.223938e-02	-3.653027e-05	-1.346614e-02	8.620016e-05	1.504344e-05
4.571910e+03	1.500654e-02	9.099038e-03	-9.231029e-05	-1.483027e-02	5.879326e-05	-1.389463e-04
4.584300e+03	-4.720017e-03	1.626565e-02	-9.474277e-05	4.849803e-03	-1.299157e-04	-1.289539e-04
4.596690e+03	-1.626743e-02	-3.125438e-04	-3.999305e-05	1.620000e-02	-1.222159e-04	5.437626e-06
4.609080e+03	-3.921001e-03	-1.556450e-02	1.066609e-04	4.025695e-03	7.284592e-05	-1.090449e-04
4.621470e+03	1.354711e-02	-7.585652e-03	6.954498e-05	-1.343033e-02	7.760156e-05	-9.651004e-05
4.633860e+03	1.056543e-02	1.055774e-02	-1.896640e-04	-1.046777e-02	1.710045e-04	-4.235712e-05
4.646250e+03	-7.363904e-03	1.246268e-02	-4.906102e-05	7.385722e-03	-6.110983e-05	-2.046811e-05
4.658640e+03	-1.361383e-02	-3.842734e-03	2.815445e-05	1.368405e-02	-6.376135e-05	-3.258633e-05
4.671030e+03	2.185298e-04	-1.370000e-02	6.079791e-05	-1.785616e-04	-2.250004e-05	-4.010088e-05
4.683420e+03	1.261238e-02	-3.038201e-03	1.278189e-04	-1.261259e-02	9.083289e-05	5.250941e-05
4.695810e+03	6.085780e-03	1.097477e-02	-1.352540e-05	-5.955781e-03	1.988277e-05	-1.208770e-04
4.708200e+03	-8.915299e-03	8.329842e-03	1.143588e-05	9.012965e-03	-4.250564e-06	-9.197985e-05
4.720590e+03	-9.912043e-03	-6.279848e-03	5.394780e-05	9.929626e-03	-7.901942e-05	-5.380722e-05
4.732980e+03	3.424366e-03	-1.079906e-02	8.649980e-05	-3.364308e-03	2.027253e-06	-5.944988e-05
4.745370e+03	1.085653e-02	5.693590e-04	-5.932433e-05	-1.075649e-02	-3.179051e-05	-6.430831e-05
4.757760e+03	1.945818e-03	1.029119e-02	-6.026291e-06	-1.893061e-03	1.406713e-05	-4.941596e-05
4.770150e+03	-9.570600e-03	4.441986e-03	5.226398e-05	9.594231e-03	-9.900472e-05	-7.734583e-05
4.782540e+03	-6.292131e-03	-7.780769e-03	1.906927e-05	6.212495e-03	-1.019997e-04	7.528546e-05
4.794930e+03	5.815467e-03	-7.903211e-03	5.177038e-05	-5.816325e-03	1.453283e-05	-1.800748e-06
4.807320e+03	8.714345e-03	3.558672e-03	2.310788e-05	-8.640494e-03	1.008851e-04	-7.008450e-05
4.819710e+03	-1.387598e-03	9.160781e-03	2.184454e-05	1.456524e-03	2.101563e-06	-7.162947e-05
4.832100e+03	-8.958829e-03	8.335845e-04	1.055449e-05	9.003419e-03	-6.678812e-06	-4.108217e-05
4.844490e+03	-3.044784e-03	-8.283146e-03	5.008549e-06	3.079302e-03	-1.794068e-05	-3.146617e-05
4.856880e+03	6.895311e-03	-4.887507e-03	-2.580350e-06	-6.727105e-03	-2.110350e-05	-1.683838e-04
4.869270e+03	6.268528e-03	5.416450e-03	5.131087e-06	-6.243568e-03	4.255735e-05	-2.575351e-05
4.881660e+03	-3.569376e-03	7.226255e-03	-2.253822e-05	3.644901e-03	-5.507245e-05	-8.088567e-05
4.894050e+03	-7.685977e-03	-1.575794e-03	9.162056e-05	7.660499e-03	1.801879e-05	4.171482e-05
4.906440e+03	-4.087936e-04	-7.581314e-03	2.999822e-05	4.614298e-04	-3.120384e-05	-5.046587e-05
4.918830e+03	7.041855e-03	-2.333661e-03	5.009943e-05	-7.044584e-03	3.572447e-05	3.167758e-06
4.931220e+03	3.789152e-03	6.207221e-03	4.450243e-05	-3.665595e-03	5.461907e-05	-1.319531e-04
4.943610e+03	-4.842686e-03	5.245295e-03	5.720378e-05	4.915283e-03	5.441191e-06	-7.216751e-05
4.956000e+03	-6.148736e-03	-3.304242e-03	8.274295e-05	6.209789e-03	-1.051370e-05	-6.044571e-05
4.968390e+03	1.509370e-03	-6.427766e-03	9.523842e-05	-1.421034e-03	1.266517e-04	-8.887949e-05
4.980780e+03	6.373830e-03	-2.870740e-04	3.792696e-05	-6.395522e-03	6.170623e-05	6.389318e-06
4.993170e+03	1.768256e-03	5.940818e-03	-3.300000e-05	-1.743183e-03	2.716433e-05	-2.114091e-05
5.005560e+03	-5.180948e-03	3.175404e-03	2.119340e-05	5.192870e-03	-4.392404e-05	-1.487204e-05
5.017950e+03	-4.234926e-03	-4.078684e-03	7.352535e-05	4.298337e-03	-4.262725e-05	-6.872543e-05
5.030340e+03	2.728464e-03	-5.009969e-03	9.021400e-05	-2.690338e-03	3.744206e-05	-4.534449e-05
5.042730e+03	5.388181e-03	1.179174e-03	-3.278191e-05	-5.347382e-03	-8.530112e-06	-4.538332e-05
5.055120e+03	1.675899e-04	5.257787e-03	-5.997033e-05	-1.254569e-04	-1.227647e-05	-4.203104e-05
5.067510e+03	-4.933789e-03	1.464555e-03	1.825351e-05	4.879824e-03	-1.624394e-05	3.523797e-05
5.079900e+03	-2.629494e-03	-4.075571e-03	1.038941e-04	2.676004e-03	2.430005e-05	-4.440222e-05
5.092290e+03	3.058033e-03	-3.427085e-03	1.230845e-05	-3.023259e-03	1.414089e-05	-3.748522e-05
5.104680e+03	4.007922e-03	2.011382e-03	2.046018e-05	-3.943338e-03	3.009116e-05	-5.631994e-05
5.117070e+03	-8.631996e-04	3.927460e-03	8.746422e-06	8.798814e-04	-5.320734e-05	-1.664421e-05
5.129460e+03	-4.159386e-03	7.730931e-05	5.226360e-06	4.029592e-03	-5.866310e-05	1.297552e-04
5.141850e+03	-1.192318e-03	-3.595550e-03	6.356262e-05	1.172655e-03	-6.195889e-06	2.092200e-05
5.154240e+03	3.023906e-03	-1.975300e-03	8.925494e-05	-3.002802e-03	8.846799e-06	-1.898210e-05
5.166630e+03	2.564631e-03	2.234111e-03	-2.031284e-06	-2.505162e-03	2.065232e-05	-6.289568e-05
5.179020e+03	-1.403682e-03	2.824729e-03	-1.121160e-05	1.440391e-03	-5.083248e-06	-2.709234e-05
5.191410e+03	-2.993951e-03	-5.932093e-04	2.703123e-05	3.016352e-03	-3.354706e-05	-2.518628e-05
5.203800e+03	-1.342001e-04	-2.881186e-03	-5.284841e-06	2.256705e-04	-5.521747e-05	-9.375901e-05
5.216190e+03	2.406904e-03	-1.002182e-03	1.561900e-06	-2.378939e-03	-3.237234e-05	-4.754639e-05
5.228580e+03	1.534059e-03	1.873256e-03	4.379916e-05	-1.469257e-03	-1.113367e-05	-6.420199e-05
5.240970e+03	-1.385904e-03	1.758056e-03	-2.416202e-05	1.426976e-03	2.459194e-05	-4.117693e-05
5.253360e+03	-2.040554e-03	-8.008148e-04	-2.108512e-05	2.027565e-03	-9.011013e-06	1.897979e-05
5.265750e+03	2.535081e-04	-1.954161e-03	4.421589e-05	-2.192554e-04	-3.609608e-05	-3.254848e-05
5.278140e+03	1.683873e-03	-4.129581e-04	4.101287e-05	-1.630000e-03	-7.855108e-05	-4.443632e-05
5.290530e+03	7.916368e-04	1.289934e-03	5.097194e-05	-6.904184e-04	-2.293609e-05	-9.397793e-05
5.302920e+03	-1.052592e-03	8.317073e-04	1.850533e-05	1.145924e-03	3.391687e-05	-8.003366e-05
5.315310e+03	-1.109726e-03	-6.661197e-04	1.156405e-05	1.141722e-03	5.953959e-05	-3.128065e-05
5.327700e+03	2.871805e-04	-1.061810e-03	-2.285769e-05	-2.629930e-04	-1.407954e-06	-2.580354e-05
5.340090e+03	8.591606e-04	-1.114438e-04	-5.172511e-06	-7.977602e-04	-5.832851e-05	-6.170480e-05
5.352480e+03	6.463643e-05	7.049796e-04	-8.101055e-06	-1.503418e-04	-3.077273e-05	8.413292e-05
5.364870e+03	-5.617698e-04	2.006912e-04	3.729635e-05	5.465877e-04	2.480787e-05	1.347163e-05
5.377260e+03	-3.401823e-04	-4.315301e-04	1.549990e-05	2.585141e-04	1.013087e-05	8.271585e-05
5.389650e+03	1.767499e-04	-3.673560e-04	-5.646946e-06	-1.508974e-04	1.074658e-05	-2.959222e-05
5.402040e+03	3.149332e-04	1.115185e-04	1.353674e-05	-3.148432e-04	-1.699763e-05	-1.105225e-05
5.414430e+03	9.259149e-06	1.666388e-04	5.285168e-05	3.673369e-05	6.439155e-06	-4.734489e-05
5.426820e+03	-2.719229e-04	-8.605585e-05	-9.947272e-07	2.835988e-04	8.397542e-06	-1.278853e-05
