1.325730e+03	9.879110e-02	1.208158e-02	5.887120e-06	-9.945685e-02	4.146445e-04	3.317703e-04
1.338120e+03	9.335059e-02	3.626715e-02	3.216424e-05	-9.336512e-02	-4.317949e-06	2.699084e-05
1.350510e+03	8.038361e-02	5.913112e-02	-1.239093e-05	-8.020740e-02	5.964160e-05	-1.341608e-04
1.362900e+03	6.192658e-02	7.796533e-02	2.619517e-05	-6.183218e-02	1.205258e-05	-4.537917e-05
1.375290e+03	3.916777e-02	9.177225e-02	-1.460791e-05	-3.936546e-02	4.399705e-05	2.158483e-04
1.387680e+03	1.376147e-02	9.895808e-02	-1.366922e-05	-1.414259e-02	2.297844e-05	3.909578e-04
1.400070e+03	-1.305803e-02	9.905386e-02	2.166312e-05	1.267767e-02	2.648786e-05	3.907409e-04
1.412460e+03	-3.840436e-02	9.204106e-02	-5.950584e-07	3.813400e-02	1.354447e-05	2.597955e-04
1.424850e+03	-6.084680e-02	7.856589e-02	-1.312722e-05	6.075671e-02	2.455449e-05	6.362276e-05
1.437240e+03	-7.955168e-02	6.016375e-02	-6.565239e-05	7.924385e-02	1.238732e-05	2.217304e-04
1.449630e+03	-9.382749e-02	3.685845e-02	2.229097e-06	9.323277e-02	1.615722e-05	6.742407e-04
1.462020e+03	-9.981528e-02	1.056369e-02	4.207047e-05	9.963856e-02	2.967750e-05	5.686167e-04
1.474410e+03	-9.909408e-02	-1.660017e-02	2.717056e-05	9.875448e-02	3.521380e-05	3.731584e-04
1.486800e+03	-9.098599e-02	-4.244062e-02	-2.479401e-05	9.060240e-02	3.701417e-05	3.955048e-04
1.499190e+03	-7.627676e-02	-6.489877e-02	5.355742e-05	7.605155e-02	6.352087e-05	2.384756e-04
1.511580e+03	-5.638214e-02	-8.281912e-02	-1.105317e-04	5.618222e-02	-3.258740e-05	2.802231e-04
1.523970e+03	-3.220510e-02	-9.546289e-02	-7.196511e-05	3.171181e-02	-1.606987e-05	5.607703e-04
1.536360e+03	-5.497403e-03	-1.008254e-01	-8.807917e-05	4.961128e-03	-1.650083e-05	5.321325e-04
1.548750e+03	2.217821e-02	-9.831506e-02	-6.211072e-05	-2.252171e-02	-4.095341e-05	3.289451e-04
1.561140e+03	4.769626e-02	-8.866533e-02	-7.317137e-05	-4.785316e-02	-6.910802e-05	1.133383e-04
1.573530e+03	7.049027e-02	-7.278735e-02	-9.767133e-05	-7.064782e-02	-1.263921e-04	1.752676e-04
1.585920e+03	8.807350e-02	-5.122482e-02	-4.128765e-05	-8.837183e-02	-1.538250e-04	2.877039e-04
1.598310e+03	9.953915e-02	-2.478368e-02	5.666667e-06	-9.958044e-02	-9.405920e-05	3.932937e-04
1.610700e+03	1.028845e-01	3.916943e-03	1.256502e-05	-1.030000e-01	-1.581099e-04	3.777687e-04
1.623090e+03	9.766740e-02	3.270682e-02	1.069255e-05	-9.772230e-02	-2.170587e-05	1.413804e-04
1.635480e+03	8.480544e-02	5.883224e-02	5.804358e-05	-8.479633e-02	-8.808199e-05	-1.304033e-07
1.647870e+03	6.503849e-02	8.059971e-02	-2.144491e-05	-6.503681e-02	4.325024e-05	-3.231890e-05
1.660260e+03	3.997509e-02	9.614395e-02	3.690388e-05	-4.008080e-02	-4.593255e-05	1.547070e-04
1.672650e+03	1.107876e-02	1.038038e-01	3.694119e-05	-1.127742e-02	-5.960519e-05	1.944221e-04
1.685040e+03	-1.926311e-02	1.031116e-01	4.771859e-05	1.925568e-02	-2.793769e-06	4.393084e-05
1.697430e+03	-4.810218e-02	9.362763e-02	3.324981e-05	4.824961e-02	3.148366e-06	-1.731191e-04
1.709820e+03	-7.319136e-02	7.586039e-02	6.121734e-05	7.360916e-02	-1.112052e-05	-4.094530e-04
1.722210e+03	-9.255695e-02	5.179267e-02	-1.259847e-05	9.281519e-02	3.744614e-05	-2.753037e-04
1.734600e+03	-1.051677e-01	2.223645e-02	8.777831e-05	1.051671e-01	3.735460e-05	-2.253372e-05
1.746990e+03	-1.070000e-01	-1.005013e-02	8.139504e-05	1.070000e-01	7.905232e-06	4.296874e-05
1.759380e+03	-9.936282e-02	-4.165731e-02	4.110347e-05	9.949021e-02	7.204262e-05	-2.184686e-04
1.771770e+03	-8.215346e-02	-6.948189e-02	-4.128857e-05	8.261489e-02	6.281135e-05	-4.399375e-04
1.784160e+03	-5.797207e-02	-9.109089e-02	8.746009e-05	5.845376e-02	1.244290e-04	-4.764237e-04
1.796550e+03	-2.793860e-02	-1.051732e-01	-1.211352e-04	2.816348e-02	2.854446e-05	-3.067501e-04
1.808940e+03	5.015405e-03	-1.089872e-01	4.324405e-07	-4.801325e-03	5.984167e-05	-2.166146e-04
1.821330e+03	3.832238e-02	-1.026393e-01	-8.162598e-05	-3.812695e-02	1.103121e-05	-2.145554e-04
1.833720e+03	6.796104e-02	-8.617412e-02	-7.438662e-05	-6.759621e-02	-1.201958e-06	-3.225446e-04
1.846110e+03	9.110397e-02	-6.117484e-02	-1.158782e-05	-9.051276e-02	-2.663218e-05	-5.628308e-04
1.858500e+03	1.059769e-01	-3.043260e-02	-4.979752e-05	-1.055262e-01	-6.219967e-05	-3.623126e-04
1.870890e+03	1.107805e-01	4.041525e-03	-1.274376e-05	-1.099046e-01	-2.365349e-05	-1.898758e-04
1.883280e+03	1.043236e-01	3.866680e-02	-6.020353e-06	-1.043077e-01	1.304356e-05	-2.131927e-04
1.895670e+03	8.669427e-02	6.918816e-02	9.691501e-06	-8.669089e-02	7.638068e-05	-9.472044e-05
1.908060e+03	6.068400e-02	9.262513e-02	8.461752e-06	-6.045121e-02	3.898350e-05	-2.497361e-04
1.920450e+03	2.866040e-02	1.065627e-01	-4.099048e-05	-2.836137e-02	3.292389e-05	-3.478545e-04
1.932840e+03	-5.848704e-03	1.103088e-01	1.047773e-05	6.193749e-03	1.442830e-05	-3.532764e-04
1.945230e+03	-4.035818e-02	1.029468e-01	-3.426050e-05	4.055571e-02	3.538519e-05	-1.699021e-04
1.957620e+03	-7.103067e-02	8.539697e-02	4.282383e-05	7.112712e-02	-3.356033e-06	-1.419189e-04
1.970010e+03	-9.458427e-02	5.836936e-02	3.362614e-05	9.458239e-02	-1.503603e-06	1.259766e-05
1.982400e+03	-1.086981e-01	2.515651e-02	1.036618e-04	1.086981e-01	2.925214e-05	-1.217378e-04
1.994790e+03	-1.103498e-01	-1.018595e-02	-3.373150e-05	1.103498e-01	3.965547e-05	-1.126317e-04
2.007180e+03	-1.015650e-01	-4.470368e-02	-3.493824e-05	1.016319e-01	1.670516e-05	-1.343115e-04
2.019570e+03	-8.226138e-02	-7.469026e-02	5.481736e-05	8.225352e-02	9.682088e-05	6.432533e-05
2.031960e+03	-5.415996e-02	-9.721881e-02	-7.653546e-05	5.409661e-02	1.786546e-05	8.719121e-05
2.044350e+03	-2.036143e-02	-1.087807e-01	-8.970610e-05	2.027937e-02	2.796996e-05	1.176315e-04
2.056740e+03	1.524384e-02	-1.099015e-01	-2.982786e-05	-1.534583e-02	5.451805e-05	1.177909e-04
2.069130e+03	4.961422e-02	-9.900683e-02	-6.820207e-05	-4.951602e-02	-3.253254e-05	-8.463327e-05
2.081520e+03	7.849452e-02	-7.838101e-02	-6.609281e-05	-7.849071e-02	2.734714e-05	5.928108e-06
2.093910e+03	1.000275e-01	-4.925191e-02	-5.183744e-05	-1.001226e-01	-6.144910e-05	2.525393e-04
2.106300e+03	1.103647e-01	-1.430058e-02	-5.335758e-05	-1.109840e-01	-1.592590e-04	3.004448e-04
2.118690e+03	1.100684e-01	2.245082e-02	6.379960e-06	-1.098221e-01	5.701546e-05	2.424531e-04
2.131080e+03	9.617092e-02	5.634120e-02	-6.204924e-06	-9.616949e-02	-7.527095e-05	6.413387e-05
2.143470e+03	7.268215e-02	8.459095e-02	-1.970027e-05	-7.278135e-02	2.362924e-05	4.890315e-05
2.155860e+03	4.173030e-02	1.034683e-01	-7.154679e-05	-4.201602e-02	1.185870e-04	2.872639e-04
2.168250e+03	5.855887e-03	1.118670e-01	7.286743e-05	-5.949905e-03	-1.190979e-04	8.486720e-05
2.180640e+03	-3.093787e-02	1.076890e-01	4.279223e-05	3.070292e-02	-8.232037e-05	2.796597e-04
2.193030e+03	-6.454613e-02	9.203403e-02	7.261218e-05	6.438882e-02	-2.168815e-05	1.498381e-04
2.205420e+03	-9.095273e-02	6.578873e-02	5.588079e-05	9.095273e-02	-3.587419e-05	3.189532e-05
2.217810e+03	-1.082053e-01	3.264484e-02	1.266686e-04	1.082053e-01	-2.822609e-05	1.929104e-04
2.230200e+03	-1.129966e-01	-5.305368e-03	-3.058801e-05	1.129941e-01	3.003501e-05	3.365066e-04
2.242590e+03	-1.050285e-01	-4.289982e-02	2.815309e-05	1.049140e-01	7.089885e-05	3.387340e-04
2.254980e+03	-8.516995e-02	-7.535772e-02	7.469291e-06	8.501148e-02	5.151406e-05	1.289619e-04
2.267370e+03	-5.486572e-02	-9.982445e-02	-1.675217e-06	5.477865e-02	7.393497e-05	8.202175e-05
2.279760e+03	-1.844372e-02	-1.126905e-01	-4.029362e-06	1.836139e-02	6.374829e-05	4.753867e-05
2.292150e+03	2.034984e-02	-1.123811e-01	-9.128862e-05	-2.038704e-02	9.860694e-06	4.924504e-05
2.304540e+03	5.735284e-02	-9.993172e-02	-1.058183e-05	-5.765789e-02	2.826486e-05	2.627492e-04
2.316930e+03	8.808816e-02	-7.404054e-02	-8.641126e-05	-8.819693e-02	-3.395857e-05	1.124582e-04
2.329320e+03	1.085640e-01	-3.920696e-02	4.060959e-06	-1.085629e-01	-2.058441e-05	8.420465e-05
2.341710e+03	1.158336e-01	8.262446e-04	-1.959975e-05	-1.158336e-01	6.698072e-07	1.336503e-04
2.354100e+03	1.086733e-01	4.112275e-02	-1.943065e-05	-1.086692e-01	-1.940478e-05	3.339006e-05
2.366490e+03	8.787677e-02	7.672803e-02	-1.160968e-04	-8.792576e-02	2.133525e-04	2.035994e-05
2.378880e+03	5.566782e-02	1.031299e-01	-4.508527e-05	-5.578171e-02	-2.506470e-05	1.151136e-04
2.391270e+03	1.564775e-02	1.160545e-01	-6.508221e-05	-1.574473e-02	-8.617895e-06	6.348215e-05
2.403660e+03	-2.659873e-02	1.144983e-01	-1.047937e-04	2.659580e-02	3.342344e-05	-3.115294e-06
2.416050e+03	-6.598356e-02	9.817355e-02	-4.264376e-05	6.602944e-02	-8.517159e-05	-4.684057e-05
2.428440e+03	-9.695484e-02	6.794669e-02	-2.053420e-05	9.695484e-02	-5.027595e-05	-6.493055e-05
2.440830e+03	-1.158230e-01	2.867476e-02	1.262576e-04	1.158230e-01	-6.873849e-05	-4.389969e-05
2.453220e+03	-1.194017e-01	-1.591596e-02	7.178159e-05	1.194017e-01	-5.845543e-05	1.548133e-05
2.465610e+03	-1.049768e-01	-5.873141e-02	9.186145e-05	1.049758e-01	-9.134918e-06	5.612438e-05
2.478000e+03	-7.591010e-02	-9.345988e-02	-6.395518e-06	7.601233e-02	-5.137070e-05	-1.066809e-04
2.490390e+03	-3.628390e-02	-1.154384e-01	5.848588e-05	3.638355e-02	1.744858e-05	-9.422061e-05
2.502780e+03	9.265270e-03	-1.209334e-01	1.827594e-05	-9.074391e-03	7.899332e-05	-1.190258e-04
2.515170e+03	5.444873e-02	-1.090914e-01	3.316139e-05	-5.450681e-02	7.333065e-05	3.350983e-05
2.527560e+03	9.178874e-02	-8.074982e-02	1.103944e-05	-9.179274e-02	-4.393032e-05	-3.898466e-05
2.539950e+03	1.166107e-01	-3.985065e-02	-1.373021e-07	-1.166065e-01	5.052260e-05	2.276562e-04
2.552340e+03	1.227779e-01	7.862697e-03	-5.397120e-05	-1.227779e-01	6.321952e-05	-1.955746e-05
2.564730e+03	1.109476e-01	5.539515e-02	-1.666815e-05	-1.109479e-01	1.599399e-04	1.595090e-05
2.577120e+03	8.073033e-02	9.443523e-02	-1.239814e-04	-8.063417e-02	1.573301e-04	-1.561614e-04
2.589510e+03	3.763277e-02	1.188482e-01	-6.517925e-05	-3.760740e-02	-1.583854e-04	-7.902064e-05
2.601900e+03	-1.230657e-02	1.244574e-01	-2.905805e-04	1.225696e-02	2.263225e-04	2.129780e-05
2.614290e+03	-6.071839e-02	1.102186e-01	1.275568e-05	6.089220e-02	-2.278531e-04	-1.389487e-04
2.626680e+03	-1.002540e-01	7.711351e-02	-3.677250e-05	1.003134e-01	-1.076754e-04	-9.862911e-05
2.639070e+03	-1.231552e-01	3.003340e-02	-3.360788e-05	1.235168e-01	-1.944195e-04	-4.553199e-05
2.651460e+03	-1.256492e-01	-2.258959e-02	2.136687e-04	1.254388e-01	-4.970742e-05	-5.624411e-06
2.663850e+03	-1.052194e-01	-7.213311e-02	1.328827e-04	1.052194e-01	1.048858e-05	1.153505e-05
2.676240e+03	-6.679593e-02	-1.087581e-01	5.973503e-05	6.679905e-02	-8.341727e-05	-1.975115e-05
2.688630e+03	-1.570980e-02	-1.276599e-01	1.483968e-04	1.571984e-02	1.475676e-04	-2.370864e-05
2.701020e+03	3.871808e-02	-1.232346e-01	8.434320e-06	-3.869311e-02	-4.877664e-05	3.650607e-05
2.713410e+03	8.698073e-02	-9.588329e-02	7.498093e-05	-8.693083e-02	1.090436e-04	-8.871818e-05
2.725800e+03	1.200283e-01	-5.095012e-02	3.298111e-05	-1.200283e-01	8.443303e-05	2.513265e-04
2.738190e+03	1.307565e-01	5.390991e-03	-1.819431e-06	-1.307565e-01	5.401264e-05	1.620468e-04
2.750580e+03	1.167242e-01	6.139607e-02	-1.603375e-05	-1.167239e-01	-2.928628e-05	5.454034e-05
2.762970e+03	7.848403e-02	1.069400e-01	-1.161586e-04	-7.858448e-02	2.091227e-04	1.102422e-04
2.775360e+03	2.463863e-02	1.302014e-01	-5.432322e-05	-2.460511e-02	-1.437011e-05	-9.175851e-06
2.787750e+03	-3.486874e-02	1.285184e-01	-2.504119e-04	3.487023e-02	5.985010e-05	-1.922705e-05
2.800140e+03	-8.870481e-02	1.005403e-01	-1.565033e-04	8.869934e-02	-1.415318e-04	-8.000895e-05
2.812530e+03	-1.248966e-01	5.041989e-02	-3.169694e-05	1.249869e-01	-2.082487e-04	2.092721e-04
2.824920e+03	-1.356976e-01	-1.187256e-02	1.610624e-04	1.346923e-01	-2.478077e-04	2.497521e-04
2.837310e+03	-1.154335e-01	-7.247963e-02	8.258871e-05	1.154533e-01	5.564264e-05	3.847712e-04
2.849700e+03	-6.947414e-02	-1.180345e-01	2.589998e-04	6.927508e-02	-3.710748e-05	1.864325e-04
2.862090e+03	-7.326555e-03	-1.374949e-01	2.288676e-04	7.059182e-03	8.226203e-05	2.627521e-04
2.874480e+03	5.871874e-02	-1.254974e-01	1.731301e-04	-5.928951e-02	1.677375e-04	4.933747e-04
2.886870e+03	1.123734e-01	-8.336460e-02	7.685248e-05	-1.128868e-01	6.381719e-05	6.741931e-04
2.899260e+03	1.392875e-01	-1.831149e-02	2.139976e-05	-1.392779e-01	3.481554e-05	5.830733e-04
2.911650e+03	1.313448e-01	5.341236e-02	-8.514595e-05	-1.324463e-01	2.609302e-04	9.195354e-04
2.924040e+03	8.788662e-02	1.127692e-01	-1.201846e-04	-8.858947e-02	2.002326e-04	7.030901e-04
2.936430e+03	1.830922e-02	1.446249e-01	-3.559243e-04	-1.895523e-02	1.608339e-04	6.647460e-04
2.948820e+03	-6.020360e-02	1.342521e-01	-2.331593e-04	5.927605e-02	-1.269514e-04	9.491476e-04
2.961210e+03	-1.241569e-01	8.373793e-02	-2.021380e-04	1.232613e-01	-2.368352e-04	8.012276e-04
2.973600e+03	-1.500000e-01	2.363670e-03	9.680211e-05	1.485840e-01	-2.402243e-04	1.316652e-03
2.985990e+03	-1.277554e-01	-8.423198e-02	1.928207e-04	1.267617e-01	-3.377463e-04	1.851740e-03
2.998380e+03	-5.631355e-02	-1.436576e-01	2.587784e-04	5.477110e-02	-1.467289e-05	1.478332e-03
3.010770e+03	4.233521e-02	-1.492577e-01	2.029323e-04	-4.391062e-02	-8.557570e-05	1.606457e-03
3.023160e+03	1.269242e-01	-8.930327e-02	1.894482e-04	-1.289657e-01	3.417050e-05	1.978053e-03
3.035550e+03	1.526126e-01	1.828071e-02	7.580223e-05	-1.537726e-01	4.628391e-04	1.457292e-03
3.047940e+03	9.195979e-02	1.170724e-01	-2.544631e-04	-9.318865e-02	7.218474e-04	1.133058e-03
3.060330e+03	-2.042934e-02	1.435996e-01	-4.317469e-04	2.006128e-02	3.006023e-04	3.699516e-04
3.072720e+03	-1.115236e-01	7.174990e-02	1.745303e-04	1.139630e-01	2.335461e-04	-2.202946e-03
3.085110e+03	-1.072356e-01	-3.950938e-02	-1.894802e-05	1.101841e-01	-5.055646e-04	-2.816960e-03
3.097500e+03	-2.024754e-02	-9.337682e-02	1.102044e-03	2.276725e-02	1.208564e-03	-2.622979e-03
3.109890e+03	5.425804e-02	-4.478572e-02	-2.714863e-04	-4.928636e-02	-7.889860e-04	-5.248546e-03
3.122280e+03	1.133428e-02	-1.976521e-02	-3.177295e-03	-1.884349e-02	-5.130186e-03	7.140474e-03
3.134670e+03	3.361284e-04	2.476451e-02	6.242850e-04	5.675068e-03	5.378709e-04	-6.006175e-03
3.147060e+03	1.145698e-02	-8.072335e-03	1.167724e-03	-1.279090e-02	1.927853e-03	1.372490e-03
3.159450e+03	1.471879e-02	4.024336e-03	4.405042e-03	-1.201863e-02	6.887909e-03	-2.623504e-03
3.171840e+03	-3.915340e-03	3.685165e-02	-4.596831e-03	5.645949e-03	-7.285201e-03	-2.014589e-03
3.184230e+03	-5.252845e-02	-1.544286e-02	-3.201384e-03	4.345844e-02	-5.015390e-03	9.026903e-03
3.196620e+03	-3.025017e-02	-4.815255e-02	-5.357620e-04	4.158366e-02	-1.030895e-03	-1.101111e-02
3.209010e+03	5.852936e-02	-4.754385e-02	1.193641e-04	-5.400821e-02	7.058294e-04	-4.083390e-03
3.221400e+03	7.861654e-02	2.231595e-02	-8.207820e-04	-7.901283e-02	-5.764196e-04	-1.185460e-04
3.233790e+03	2.198890e-02	8.762563e-02	-6.630874e-06	-2.386089e-02	2.931532e-04	2.085572e-03
3.246180e+03	-6.856089e-02	6.728479e-02	5.688411e-04	6.260234e-02	6.278284e-04	5.827447e-03
3.258570e+03	-9.943496e-02	-1.681869e-02	3.280580e-05	9.255770e-02	-7.509181e-04	6.780515e-03
3.270960e+03	-4.461310e-02	-9.237174e-02	4.658757e-04	4.021524e-02	1.528361e-05	4.388376e-03
3.283350e+03	5.068025e-02	-8.869474e-02	5.278676e-04	-5.145005e-02	6.031688e-04	8.695215e-04
3.295740e+03	1.036157e-01	-1.522547e-03	5.413139e-04	-1.006938e-01	1.127536e-03	-2.812977e-03
3.308130e+03	5.355301e-02	8.319406e-02	-4.440290e-04	-5.155080e-02	2.065841e-04	-2.077367e-03
3.320520e+03	-4.850191e-02	7.746081e-02	1.175692e-04	4.865676e-02	2.297950e-04	-1.540289e-04
3.332910e+03	-8.283346e-02	-9.323351e-03	4.649692e-04	8.357743e-02	-1.201489e-04	-8.651940e-04
3.345300e+03	-1.302867e-02	-6.984090e-02	2.101455e-04	1.134124e-02	-2.884115e-04	1.599863e-03
3.357690e+03	5.530317e-02	-2.828970e-02	-1.943342e-04	-5.502171e-02	-2.461872e-04	-1.103052e-04
3.370080e+03	3.394329e-02	2.899423e-02	5.145318e-05	-4.213959e-02	4.752302e-04	6.820676e-03
3.382470e+03	-4.243979e-02	3.034552e-02	-2.284516e-03	3.935399e-02	-2.186115e-03	3.303675e-03
3.394860e+03	-4.717934e-02	-1.655855e-02	1.071906e-03	5.721950e-02	8.171270e-04	-8.938139e-03
3.407250e+03	1.262744e-02	-5.664493e-02	1.140603e-03	-1.344766e-02	9.415096e-04	7.701362e-04
3.419640e+03	6.893472e-02	7.525476e-03	-1.584455e-04	-6.429325e-02	2.136834e-04	-4.719527e-03
3.432030e+03	1.881900e-02	6.428401e-02	1.399584e-03	-1.693827e-02	1.486902e-03	-2.320648e-03
3.444420e+03	-5.212140e-02	4.346396e-02	-5.879953e-04	5.362113e-02	-6.521776e-04	-8.892592e-04
3.456810e+03	-5.209883e-02	-3.095028e-02	3.429174e-04	5.133013e-02	-1.207249e-04	5.758947e-04
3.469200e+03	5.808521e-03	-6.416099e-02	-3.518854e-04	-6.623528e-03	-5.887095e-04	7.983008e-04
3.481590e+03	6.324726e-02	-1.631217e-02	2.235148e-04	-6.292711e-02	3.494059e-04	-3.352972e-04
3.493980e+03	4.036264e-02	4.812027e-02	-7.579805e-04	-4.272471e-02	-2.171337e-04	2.407397e-03
3.506370e+03	-3.547739e-02	5.616056e-02	-2.680297e-04	3.440776e-02	1.904993e-04	1.085056e-03
3.518760e+03	-6.326445e-02	-1.230295e-02	1.767933e-03	6.155693e-02	1.308483e-03	1.639706e-03
3.531150e+03	-1.224342e-02	-5.709348e-02	-4.755458e-04	1.230146e-02	-4.868352e-04	-1.445484e-04
3.543540e+03	5.662970e-02	-2.218831e-02	5.220142e-04	-5.489533e-02	5.561984e-04	-1.648309e-03
3.555930e+03	3.153142e-02	3.467015e-02	5.648189e-04	-3.517719e-02	3.927944e-04	3.142858e-03
3.568320e+03	-4.074508e-02	4.065665e-02	9.727437e-04	4.225234e-02	3.748060e-04	-5.098738e-04
3.580710e+03	-4.817463e-02	-2.383351e-02	-1.028544e-03	4.906629e-02	-8.828684e-04	-4.451905e-04
3.593100e+03	1.797515e-02	-4.982472e-02	5.290441e-04	-1.829043e-02	3.659436e-04	8.058484e-05
3.605490e+03	5.599630e-02	1.944318e-03	-1.368327e-03	-5.569666e-02	-5.688567e-04	-3.279823e-04
3.617880e+03	2.084861e-02	4.996818e-02	1.182958e-03	-2.063778e-02	1.154855e-03	-2.258979e-04
3.630270e+03	-5.204053e-02	3.420611e-02	2.624379e-04	5.307417e-02	9.373443e-05	-9.978543e-04
3.642660e+03	-4.505562e-02	-3.980921e-02	5.633684e-04	4.338233e-02	6.041365e-05	1.423684e-03
3.655050e+03	1.826632e-02	-5.393988e-02	1.010528e-03	-1.624834e-02	3.145880e-04	-2.062524e-03
3.667440e+03	6.001355e-02	-1.225968e-02	6.535324e-06	-6.312436e-02	2.878047e-05	3.113993e-03
3.679830e+03	3.102508e-02	5.449113e-02	-9.339474e-04	-3.188740e-02	-3.579515e-04	7.956596e-04
3.692220e+03	-3.669943e-02	5.062629e-02	-1.560229e-03	3.614830e-02	-9.186656e-04	4.387734e-04
3.704610e+03	-5.760875e-02	-9.904081e-03	-3.011047e-05	5.932486e-02	-2.574116e-04	-1.569326e-03
3.717000e+03	-4.563578e-03	-5.709955e-02	2.369387e-03	4.624596e-03	1.284970e-03	-3.896412e-05
3.729390e+03	5.126311e-02	-1.992187e-02	1.124284e-03	-5.005250e-02	7.692844e-04	-1.131020e-03
3.741780e+03	3.422559e-02	4.496904e-02	-1.684139e-03	-3.246881e-02	-7.039733e-04	-1.693127e-03
3.754170e+03	-3.073160e-02	4.467918e-02	1.219983e-03	3.053040e-02	8.489875e-04	1.511517e-04
3.766560e+03	-5.017519e-02	-1.189044e-02	1.055402e-03	5.190123e-02	3.631379e-04	-1.614333e-03
3.778950e+03	-3.276961e-03	-4.724145e-02	4.575768e-04	5.345146e-03	-1.299889e-05	-2.083299e-03
3.791340e+03	4.867936e-02	-1.878144e-02	-9.711946e-05	-4.891959e-02	2.079455e-05	1.082191e-04
3.803730e+03	3.775351e-02	4.479794e-02	-1.069592e-04	-3.315705e-02	1.111321e-04	-3.953194e-03
3.816120e+03	-2.955659e-02	3.959761e-02	3.550297e-04	2.736320e-02	1.858282e-04	2.185533e-03
3.828510e+03	-5.158671e-02	-9.317121e-03	-4.567965e-04	5.169953e-02	-3.797828e-04	-2.617475e-05
3.840900e+03	-1.071440e-02	-5.053444e-02	1.849797e-04	9.053944e-03	2.026012e-06	1.747459e-03
3.853290e+03	4.655336e-02	-2.416559e-02	-1.945424e-04	-4.708986e-02	2.671080e-05	5.063379e-04
3.865680e+03	3.726816e-02	3.540173e-02	1.883913e-05	-3.757349e-02	2.116228e-04	4.904400e-04
3.878070e+03	-1.784318e-02	5.001776e-02	-1.038197e-03	1.839415e-02	-5.530188e-04	-3.830296e-04
3.890460e+03	-4.949558e-02	2.266690e-04	-8.681789e-04	5.010432e-02	-5.448511e-04	-6.173656e-04
3.902850e+03	-1.343926e-02	-4.603502e-02	7.929874e-04	1.428684e-02	4.227470e-04	-8.916796e-04
3.915240e+03	4.010155e-02	-2.884331e-02	8.504374e-04	-4.043370e-02	5.204710e-04	4.152910e-05
3.927630e+03	4.599094e-02	3.136272e-02	-3.729858e-04	-4.204112e-02	-2.851202e-05	-4.108417e-03
3.940020e+03	-1.381235e-02	3.970255e-02	-3.833234e-04	1.416103e-02	-2.252348e-04	-5.824778e-04
3.952410e+03	-4.409401e-02	1.572792e-03	-8.684186e-07	4.665463e-02	-2.252335e-04	-2.497971e-03
3.964800e+03	-1.160650e-02	-4.176592e-02	1.267073e-03	1.138067e-02	4.402897e-04	1.669737e-04
3.977190e+03	4.180513e-02	-2.341062e-02	9.302468e-04	-4.120826e-02	4.892020e-04	-8.442029e-04
3.989580e+03	3.401435e-02	2.880120e-02	-6.534029e-04	-3.436173e-02	-4.352366e-05	2.815098e-04
4.001970e+03	-2.406904e-02	4.027941e-02	6.905081e-05	2.185798e-02	-7.340714e-05	2.314905e-03
4.014360e+03	-4.412678e-02	-2.741645e-03	1.469781e-04	4.469717e-02	-1.473573e-04	-6.185048e-04
4.026750e+03	-1.004152e-02	-4.741572e-02	-9.169892e-04	9.381820e-03	-5.211296e-04	4.027490e-04
4.039140e+03	3.841185e-02	-2.889325e-02	1.673253e-04	-3.912836e-02	1.433114e-04	5.860563e-04
4.051530e+03	3.805181e-02	2.784144e-02	6.692480e-04	-3.728042e-02	5.252431e-04	-1.033893e-03
4.063920e+03	-1.227408e-02	4.485861e-02	-5.068663e-04	1.259640e-02	-1.249918e-04	-2.170355e-05
4.076310e+03	-4.210437e-02	7.573234e-03	-6.391262e-06	4.354219e-02	-1.326990e-04	-1.635866e-03
4.088700e+03	-1.759585e-02	-3.631011e-02	3.410000e-04	1.893455e-02	4.393504e-05	-1.313714e-03
4.101090e+03	2.822034e-02	-3.057984e-02	-1.021608e-03	-3.033144e-02	-4.181917e-04	1.909693e-03
4.113480e+03	3.139032e-02	2.230747e-02	1.184248e-03	-3.247354e-02	7.908531e-04	1.522110e-03
4.125870e+03	-1.635020e-02	3.687897e-02	1.479725e-04	1.286804e-02	1.423340e-04	3.727780e-03
4.138260e+03	-4.743691e-02	6.199660e-03	-7.304355e-04	4.694300e-02	-5.208786e-04	5.088462e-04
4.150650e+03	-1.627135e-02	-4.709387e-02	-7.092398e-04	1.393130e-02	-4.193138e-04	2.424990e-03
4.163040e+03	3.128282e-02	-3.195300e-02	2.271490e-03	-3.185816e-02	1.075877e-03	5.886524e-04
4.175430e+03	3.786146e-02	1.745987e-02	-1.559321e-04	-3.847464e-02	9.992866e-06	5.237663e-04
4.187820e+03	8.291204e-05	4.385457e-02	-3.376557e-06	1.671745e-03	-5.146969e-06	-1.783688e-03
4.200210e+03	-4.430792e-02	9.593392e-03	6.165402e-04	4.217356e-02	1.160307e-04	2.079120e-03
4.212600e+03	-2.250011e-02	-3.541716e-02	7.338090e-04	2.215894e-02	1.367889e-04	3.930934e-04
4.224990e+03	2.633880e-02	-3.443431e-02	1.981245e-03	-2.617910e-02	8.848225e-04	-1.319589e-04
4.237380e+03	3.832570e-02	1.088788e-02	2.472618e-04	-3.801988e-02	2.958657e-04	-3.668380e-04
4.249770e+03	-1.451193e-04	3.909585e-02	2.951379e-04	2.051945e-04	3.703331e-05	7.299942e-05
4.262160e+03	-3.995027e-02	1.496040e-02	-5.783525e-05	4.015184e-02	-1.408932e-04	-2.239834e-04
4.274550e+03	-1.938860e-02	-3.670930e-02	9.567378e-04	1.896767e-02	2.763077e-04	2.196648e-04
4.286940e+03	2.326055e-02	-3.107328e-02	-7.162299e-04	-2.130187e-02	-2.455931e-04	-1.522682e-03
4.299330e+03	3.197222e-02	9.692054e-03	-1.054812e-03	-3.322877e-02	-1.961292e-04	1.273417e-03
4.311720e+03	6.945958e-03	3.867384e-02	9.338887e-05	-5.062329e-03	1.273406e-04	-1.786195e-03
4.324110e+03	-2.469232e-02	1.841060e-02	-7.536108e-04	2.869959e-02	-3.808055e-04	-3.980486e-03
4.336500e+03	-2.549027e-02	-2.529748e-02	3.019282e-04	2.508932e-02	8.383210e-05	3.468918e-04
4.348890e+03	1.434279e-02	-3.165634e-02	1.570020e-04	-1.515688e-02	1.433656e-04	1.028863e-03
4.361280e+03	3.414031e-02	6.432014e-03	8.182959e-04	-3.368562e-02	5.279645e-04	-4.161276e-04
4.373670e+03	6.212536e-03	3.481051e-02	8.855532e-05	-5.380542e-03	6.385172e-05	-6.798614e-04
4.386060e+03	-2.847247e-02	1.854588e-02	7.002406e-04	2.996011e-02	1.289279e-04	-1.019642e-03
4.398450e+03	-2.474571e-02	-2.676240e-02	-7.254093e-04	2.353935e-02	-4.437919e-04	1.293536e-03
4.410840e+03	5.106227e-03	-3.081506e-02	-3.862597e-04	-8.952552e-03	-1.387720e-04	2.791597e-03
4.423230e+03	4.054929e-02	5.807302e-03	2.315223e-03	-3.676822e-02	1.344786e-03	-3.806318e-03
4.435620e+03	1.153061e-02	3.591431e-02	-3.063243e-03	-8.130961e-03	-1.227400e-03	-3.412841e-03
4.448010e+03	-3.155958e-02	1.870895e-02	-8.467077e-04	3.047951e-02	-2.679701e-04	1.080191e-03
4.460400e+03	-2.856853e-02	-2.059251e-02	-7.195974e-04	2.654701e-02	-4.287699e-04	1.901148e-03
4.472790e+03	3.783477e-03	-3.179728e-02	3.604083e-03	-7.283325e-03	1.797157e-03	3.576230e-03
4.485180e+03	2.861041e-02	1.350769e-03	3.163926e-04	-2.948400e-02	1.756092e-04	8.607355e-04
4.497570e+03	9.568095e-03	3.160368e-02	1.922114e-03	-8.395911e-03	1.108975e-03	-1.079480e-03
4.509960e+03	-3.243987e-02	1.887677e-02	8.478289e-04	3.142468e-02	5.125959e-04	1.021592e-03
4.522350e+03	-2.814676e-02	-2.087989e-02	2.707586e-04	2.626939e-02	1.591760e-04	1.891977e-03
4.534740e+03	1.025695e-02	-2.993942e-02	-2.610069e-04	-1.016335e-02	-6.947870e-05	8.497725e-05
4.547130e+03	3.493015e-02	3.128402e-04	-1.232367e-03	-3.309515e-02	-2.080724e-04	-1.783492e-03
4.559520e+03	1.498197e-02	3.509048e-02	2.285762e-04	-1.178433e-02	4.963267e-04	-3.310056e-03
4.571910e+03	-1.741932e-02	2.205581e-02	5.222560e-04	1.937809e-02	2.607455e-04	-1.994741e-03
4.584300e+03	-3.210521e-02	-8.687805e-03	-2.068156e-03	3.246388e-02	-9.788861e-04	-1.011976e-03
4.596690e+03	4.808238e-03	-2.861050e-02	-1.260072e-03	-4.030627e-03	-3.796466e-04	-6.782386e-04
4.609080e+03	2.765985e-02	-5.223611e-03	-1.614238e-03	-2.741901e-02	-3.738145e-04	-1.728308e-04
4.621470e+03	1.316084e-02	3.251145e-02	1.287296e-05	-9.948662e-03	5.709898e-04	-3.259997e-03
4.633860e+03	-2.839622e-02	2.020346e-02	5.639913e-04	2.585162e-02	5.959493e-04	2.602899e-03
4.646250e+03	-2.484789e-02	-1.691326e-02	-1.741407e-04	2.335994e-02	-1.774015e-04	1.514151e-03
4.658640e+03	6.373267e-04	-3.086767e-02	-1.177029e-03	-2.435123e-03	-5.224084e-04	1.648359e-03
4.671030e+03	2.718074e-02	-7.673325e-03	1.715907e-03	-2.752888e-02	1.085398e-03	2.796300e-04
4.683420e+03	1.567148e-02	2.661422e-02	4.553822e-04	-1.368566e-02	6.695541e-04	-1.963880e-03
4.695810e+03	-1.195688e-02	2.499241e-02	3.630530e-04	1.452615e-02	3.180209e-04	-2.851268e-03
4.708200e+03	-2.927232e-02	-7.401978e-03	6.756589e-04	2.794310e-02	6.103279e-04	1.336501e-03
4.720590e+03	-4.460341e-03	-2.708144e-02	-2.421515e-03	3.270997e-03	-9.019686e-04	1.431974e-03
4.732980e+03	2.112415e-02	-1.116675e-02	-1.460795e-03	-2.166114e-02	-2.422512e-04	4.734823e-04
4.745370e+03	1.700106e-02	2.287513e-02	-1.961185e-03	-1.502644e-02	-3.351630e-04	-2.342953e-03
4.757760e+03	-1.534129e-02	1.869246e-02	1.557751e-03	1.393052e-02	1.245817e-03	1.213664e-03
4.770150e+03	-2.484790e-02	-8.520541e-03	1.622085e-03	2.345037e-02	1.002247e-03	1.633060e-03
4.782540e+03	-2.167449e-03	-2.753339e-02	3.082999e-03	3.670630e-03	1.009714e-05	3.839703e-04
4.794930e+03	2.357329e-02	-1.062656e-02	-5.101982e-04	-2.297826e-02	-5.994374e-04	-8.604505e-04
4.807320e+03	1.606494e-02	1.900378e-02	7.510381e-05	-1.459100e-02	4.497682e-04	-1.475383e-03
4.819710e+03	-7.025961e-03	2.275374e-02	8.259576e-04	9.553652e-03	6.947071e-04	-2.773833e-03
4.832100e+03	-2.653632e-02	-2.450193e-03	5.526186e-04	2.538725e-02	8.482411e-04	1.152172e-03
4.844490e+03	-8.772375e-03	-2.519608e-02	3.572025e-04	5.797672e-03	5.836083e-04	2.907262e-03
4.856880e+03	1.915921e-02	-1.208371e-02	-2.343501e-03	-1.834169e-02	-1.069544e-03	-7.786834e-04
4.869270e+03	1.448600e-02	1.614928e-02	-2.311544e-04	-1.269474e-02	9.167614e-04	-1.811314e-03
4.881660e+03	-1.126438e-02	1.636915e-02	-3.077626e-04	1.012658e-02	2.848504e-04	1.426806e-03
4.894050e+03	-2.096718e-02	-3.331459e-03	-2.347710e-03	2.031481e-02	-9.992580e-04	8.389306e-04
4.906440e+03	-2.931874e-03	-1.803972e-02	-7.951860e-04	3.562972e-03	-3.194156e-04	-4.271211e-04
4.918830e+03	1.795043e-02	-7.356155e-03	-1.337044e-04	-1.650926e-02	1.718358e-04	-1.431381e-03
4.931220e+03	1.431936e-02	1.313223e-02	-6.050861e-04	-1.269376e-02	-2.058717e-05	-1.382873e-03
4.943610e+03	-7.573482e-03	1.409712e-02	-5.831210e-05	7.148704e-03	4.260372e-04	5.132527e-04
4.956000e+03	-1.732809e-02	-8.514438e-04	1.108703e-03	1.759750e-02	1.099108e-03	-2.801333e-04
4.968390e+03	-3.991507e-03	-1.652548e-02	-1.809985e-03	4.131298e-03	-1.017119e-03	9.592283e-05
4.980780e+03	1.155387e-02	-1.279175e-02	-1.659830e-03	-1.216661e-02	-6.411468e-04	1.227688e-03
4.993170e+03	1.028759e-02	7.432840e-03	-1.355819e-03	-1.043562e-02	-3.822293e-04	5.237819e-05
5.005560e+03	-9.578685e-03	1.404414e-02	1.094703e-03	9.153146e-03	1.634744e-03	3.278376e-04
5.017950e+03	-1.493609e-02	-5.939109e-04	-3.762507e-04	1.549794e-02	1.458129e-04	-5.602858e-04
5.030340e+03	-3.723372e-03	-1.525375e-02	-3.603753e-04	2.747221e-03	-9.669210e-05	8.328227e-04
5.042730e+03	1.191929e-02	-7.337521e-03	-1.324198e-03	-1.194612e-02	-5.993355e-04	5.624029e-05
5.055120e+03	5.888499e-03	8.823579e-03	8.468402e-04	-6.715305e-03	1.468525e-03	7.152017e-04
5.067510e+03	-9.230978e-03	8.049142e-03	-2.102159e-03	7.284332e-03	-6.508019e-04	1.430760e-03
5.079900e+03	-1.310825e-02	-8.245179e-04	-1.293744e-03	1.370017e-02	-4.086200e-04	-7.097155e-04
5.092290e+03	-2.597037e-03	-1.488360e-02	-8.199607e-04	1.481995e-03	-5.338930e-04	1.132154e-03
5.104680e+03	1.035771e-02	-1.055623e-02	2.077019e-03	-1.195301e-02	1.299107e-03	1.617794e-03
5.117070e+03	6.952501e-03	8.042499e-03	6.606233e-04	-5.312505e-03	1.401245e-03	-1.640371e-03
5.129460e+03	-6.012350e-03	7.206124e-03	-8.768991e-04	5.585906e-03	-5.127871e-06	4.201862e-04
5.141850e+03	-8.131721e-03	-2.152043e-03	5.453660e-04	8.269914e-03	4.325767e-04	-1.288697e-04
5.154240e+03	-3.166343e-04	-8.229406e-03	1.184859e-03	5.525668e-04	9.390649e-04	-6.451184e-04
5.166630e+03	6.900684e-03	-3.648984e-03	2.590895e-04	-7.257592e-03	3.676336e-04	2.368039e-04
5.179020e+03	2.072643e-03	8.927348e-03	-7.233436e-04	-7.753834e-04	5.717561e-04	-1.203400e-03
5.191410e+03	-6.815247e-03	7.564986e-03	-1.039003e-03	7.496204e-03	3.842957e-04	-7.114228e-04
5.203800e+03	-9.943353e-03	-1.157446e-03	-2.019478e-03	1.105649e-02	-5.477643e-04	-1.155235e-03
5.216190e+03	8.941113e-05	-7.624699e-03	1.959998e-03	-2.002929e-04	1.643733e-03	1.149522e-04
5.228580e+03	2.398759e-03	-4.226209e-03	-1.668912e-03	-2.609250e-03	-2.636102e-04	-3.409486e-04
5.240970e+03	4.435908e-03	4.395625e-03	1.179421e-04	-3.061304e-03	6.211702e-04	-1.319738e-03
5.253360e+03	-4.245824e-03	1.170441e-03	-5.857000e-05	3.266614e-03	3.493946e-04	1.250439e-03
5.265750e+03	-4.320750e-03	-4.351529e-03	-1.481398e-03	3.649055e-03	-1.171191e-03	4.173585e-04
5.278140e+03	8.963644e-04	-2.988779e-03	6.015982e-04	1.561343e-04	1.062465e-03	-1.098891e-03
5.290530e+03	7.505917e-03	1.119869e-04	3.654574e-04	-6.859901e-03	-1.186882e-04	-5.071271e-04
5.302920e+03	-3.571911e-04	6.168704e-03	-4.128979e-04	1.591455e-03	6.166917e-04	-1.234109e-03
5.315310e+03	-2.248217e-03	2.223218e-04	3.359199e-04	1.759752e-03	1.992382e-04	4.809500e-04
5.327700e+03	-5.325639e-03	-1.705418e-03	1.545995e-03	6.208455e-03	2.626039e-03	-1.072821e-03
5.340090e+03	-9.442832e-04	-1.098818e-02	3.927225e-04	-3.934692e-03	5.748233e-04	4.852080e-03
5.352480e+03	2.876114e-03	-3.338211e-03	-4.393510e-06	-4.536254e-03	2.781377e-04	1.665998e-03
5.364870e+03	-2.223808e-03	4.359949e-03	1.021494e-03	3.693367e-03	2.403328e-03	-1.479067e-03
5.377260e+03	-2.723564e-03	-2.816254e-03	3.668522e-04	9.878879e-04	4.531799e-04	1.669760e-03
5.389650e+03	-1.796595e-03	-3.453961e-03	3.741392e-04	1.710539e-03	1.019440e-03	-5.888289e-05
5.402040e+03	4.217300e-03	-2.493478e-03	5.768237e-04	-4.711616e-03	4.473156e-04	2.821597e-04
5.414430e+03	7.809528e-04	1.841862e-04	-1.394259e-03	-1.762433e-03	-6.176771e-04	9.180808e-04
5.426820e+03	-3.609534e-03	3.917540e-03	-5.820455e-04	4.774689e-03	6.762116e-04	-1.012187e-03
5.439210e+03	-5.365522e-03	-1.163073e-04	-6.948744e-04	7.211118e-03	8.397350e-04	-1.899783e-03
5.451600e+03	-2.271401e-03	-5.526922e-03	-6.668119e-04	1.913575e-03	8.022697e-04	3.090300e-04
5.463990e+03	5.759693e-03	1.058769e-03	-4.038048e-04	-3.430090e-03	-6.715367e-04	-2.329578e-03
5.476380e+03	4.246115e-03	4.175002e-03	3.253900e-04	-2.668102e-03	-1.360063e-04	-1.717499e-03
5.488770e+03	-1.361084e-03	-2.856499e-03	-4.154489e-04	-3.487694e-04	-8.340903e-04	1.978383e-03
5.501160e+03	-4.270279e-03	-5.332581e-03	5.987334e-04	2.017647e-03	1.631887e-03	2.071385e-03
5.513550e+03	2.641708e-04	-4.876901e-03	3.553737e-04	-1.629567e-03	1.192901e-03	1.190137e-03
5.525940e+03	2.038108e-03	8.447351e-04	1.105822e-05	-2.313533e-03	1.200298e-03	1.318684e-04
5.538330e+03	2.950791e-03	3.071514e-03	-1.366082e-03	-2.542594e-03	-2.144485e-03	-2.963034e-04
5.550720e+03	-8.225934e-03	-3.000988e-03	-1.417602e-03	6.561883e-03	1.021842e-03	1.509195e-03
5.563110e+03	-4.369925e-03	-3.490048e-03	-6.976434e-04	5.569869e-03	8.998819e-04	-1.199944e-03
5.575500e+03	1.998863e-03	-5.628648e-03	-5.536031e-04	-3.248940e-03	1.422630e-04	1.310903e-03
5.587890e+03	4.708155e-03	-5.341040e-04	-1.945984e-03	-4.348236e-03	-2.406348e-03	-3.915063e-04
5.600280e+03	-7.049231e-04	2.242883e-03	-4.910197e-04	8.304220e-04	-3.036670e-05	-2.887521e-04
5.612670e+03	-4.933453e-03	-2.492962e-03	-1.878453e-04	4.277485e-03	7.732180e-04	4.256099e-04
5.625060e+03	-1.417981e-03	-3.209586e-03	8.187651e-05	2.159099e-03	7.881017e-04	-1.104692e-03
5.637450e+03	3.276759e-03	-5.499121e-03	-1.419213e-03	-5.166719e-03	-9.885312e-04	1.937379e-03
5.649840e+03	3.233640e-03	5.461915e-03	-9.533421e-05	-1.035008e-03	5.952591e-04	-2.082901e-03
5.662230e+03	1.035228e-04	5.522454e-03	1.238962e-03	3.903657e-04	7.476471e-04	-5.359302e-04
5.674620e+03	-7.666986e-03	-3.141265e-03	-1.375189e-03	7.813184e-03	8.718514e-05	-2.017536e-04
5.687010e+03	1.778455e-04	-4.725286e-03	-4.475538e-04	2.891704e-04	-1.791504e-04	-3.954732e-04
5.699400e+03	4.551961e-03	-3.946893e-03	-1.183225e-03	-4.838985e-03	-1.097626e-03	2.400577e-04
5.711790e+03	2.941640e-03	1.198129e-03	-4.746542e-05	-4.126098e-03	-1.994666e-06	1.387665e-03
5.724180e+03	-3.264786e-03	3.625984e-03	-5.157896e-04	5.272909e-03	1.807825e-04	-1.908138e-03
5.736570e+03	-3.578732e-03	-4.993268e-03	-1.083725e-03	2.739721e-03	-7.971293e-04	9.129108e-04
5.748960e+03	3.562713e-03	-7.904586e-03	7.331888e-04	-7.032427e-03	4.128447e-04	3.469269e-03
5.761350e+03	5.738844e-03	-7.778953e-06	-1.420859e-03	-3.819917e-03	-1.908826e-03	-1.944533e-03
5.773740e+03	1.374082e-03	4.721888e-03	-7.159329e-04	-5.088716e-04	-2.467302e-04	-1.038093e-03
5.786130e+03	-2.436658e-03	4.204317e-03	9.805181e-04	2.730664e-03	5.105543e-04	-3.162343e-04
5.798520e+03	-4.784735e-03	-4.183632e-03	-4.090751e-05	4.418742e-03	8.949426e-04	3.241867e-04
5.810910e+03	1.356352e-03	-4.213557e-03	-9.888866e-04	-1.444705e-04	-6.623806e-04	-1.208177e-03
5.823300e+03	6.810268e-03	3.147413e-03	1.437205e-03	-6.000988e-03	9.424115e-04	-1.089230e-03
5.835690e+03	-3.004829e-03	2.823567e-03	-2.042048e-03	4.185220e-03	4.027802e-04	-1.153378e-03
5.848080e+03	-5.255058e-03	4.256673e-04	-1.039674e-03	5.541364e-03	-2.202727e-05	-4.016615e-04
5.860470e+03	-1.283319e-03	-3.784447e-03	-9.154577e-05	1.656710e-03	-4.510461e-04	-3.024647e-04
5.872860e+03	1.382384e-03	-5.931394e-03	-1.094187e-03	-1.611819e-03	1.649311e-04	2.686171e-04
5.885250e+03	7.461037e-03	1.128699e-03	3.492247e-04	-8.266983e-03	-8.451258e-04	8.015987e-04
5.897640e+03	4.910061e-04	2.882579e-03	-8.663711e-04	-1.304463e-03	-9.285500e-04	8.872279e-04
5.910030e+03	-6.697392e-03	-1.555652e-03	-1.057756e-03	5.799422e-03	4.248261e-04	6.880153e-04
5.922420e+03	-4.824028e-03	-9.060700e-03	-1.541283e-03	2.848021e-03	-1.414546e-04	2.061908e-03
5.934810e+03	5.608364e-03	-5.871137e-03	-1.129172e-03	-6.547978e-03	-2.727194e-03	9.356149e-04
5.947200e+03	7.211810e-03	9.046687e-04	-7.522616e-04	-7.549737e-03	-2.297453e-03	3.139621e-04
5.959590e+03	-2.926509e-03	1.489584e-03	-1.340818e-03	2.559732e-03	4.340072e-05	4.310602e-04
5.971980e+03	-4.356984e-03	8.511392e-04	1.257281e-03	4.452439e-03	1.808974e-03	-3.810785e-05
5.984370e+03	-1.133586e-03	-5.491374e-03	-3.324102e-04	1.341634e-03	-7.316628e-05	-2.774196e-04
5.996760e+03	7.481919e-03	-6.161832e-03	-1.272075e-03	-9.590311e-03	-3.340528e-03	2.089634e-03
6.009150e+03	5.013543e-03	2.413928e-03	-2.869492e-04	-5.137712e-03	-6.265534e-04	-2.923501e-05
6.021540e+03	1.365608e-05	5.520671e-03	7.463506e-04	-8.499836e-05	-1.963822e-04	1.335372e-04
6.033930e+03	-5.120994e-03	-1.809809e-04	-8.567930e-04	6.305879e-03	-6.480876e-04	-1.029923e-03
6.046320e+03	3.768561e-04	-3.915061e-03	1.136889e-03	-1.185746e-03	1.229686e-03	8.059446e-04
6.058710e+03	3.793078e-03	-1.362792e-03	3.717019e-04	-3.359345e-03	1.244351e-03	-2.927375e-04
6.071100e+03	2.879459e-03	4.211898e-03	-9.130911e-04	-1.012142e-03	-3.957955e-04	-1.795568e-03
6.083490e+03	-3.800988e-03	5.917419e-04	-2.378055e-03	4.690426e-03	-1.400105e-03	-3.719436e-04
6.095880e+03	-2.384055e-03	-3.922086e-03	-1.399699e-03	1.593550e-03	-2.513512e-03	7.831344e-04
6.108270e+03	1.618472e-03	-7.287368e-03	1.932628e-04	-4.139463e-03	8.734058e-05	2.136102e-03
6.120660e+03	5.718130e-03	-1.400727e-03	4.987095e-04	-6.764209e-03	1.750512e-04	8.758563e-04
6.133050e+03	6.289746e-04	5.904996e-03	3.191534e-05	1.559859e-03	1.545196e-03	-2.188834e-03
6.145440e+03	-4.203818e-03	5.059844e-03	-1.102201e-03	6.574555e-03	-4.414387e-04	-2.382000e-03
6.157830e+03	-7.969389e-03	-4.228272e-03	-2.181020e-03	8.248616e-03	-1.488056e-04	-3.429490e-04
6.170220e+03	-3.605198e-03	-7.739190e-03	-2.060108e-03	3.439115e-03	9.207583e-04	1.634484e-04
6.182610e+03	3.226483e-03	-2.674298e-03	-5.405425e-04	-4.555408e-03	9.584564e-04	1.337954e-03
6.195000e+03	-4.069354e-03	9.940072e-04	-3.229770e-03	5.579093e-03	5.156255e-04	-1.499718e-03
6.207390e+03	-5.962574e-03	1.655610e-03	-1.296902e-03	6.664442e-03	5.438301e-04	-7.046277e-04
6.219780e+03	-8.103416e-03	-4.188827e-03	-1.044783e-03	8.537058e-03	2.141921e-03	-2.870270e-04
6.232170e+03	9.337759e-04	-5.773450e-03	-1.130160e-03	-4.470640e-04	-4.391777e-04	-3.124533e-04
6.244560e+03	5.157549e-03	7.728232e-04	-8.206825e-04	-4.070057e-03	-5.803842e-04	-1.074964e-03
6.256950e+03	-1.990480e-03	4.838571e-03	-1.410228e-03	4.113767e-03	7.803840e-04	-2.127108e-03
6.269340e+03	-5.209939e-03	4.846450e-03	8.243365e-04	6.199277e-03	2.077663e-03	-9.904035e-04
6.281730e+03	-1.909385e-03	-5.420348e-03	-1.173394e-03	4.185165e-04	-2.455195e-03	1.465763e-03
6.294120e+03	2.279307e-03	-6.936534e-03	-7.497492e-04	-3.830434e-03	-5.139078e-04	2.027618e-03
6.306510e+03	2.145395e-03	-2.974583e-03	-7.872872e-04	-3.853414e-03	1.240976e-03	1.714278e-03
6.318900e+03	3.617830e-04	4.269121e-03	7.182333e-04	-1.006562e-03	1.495162e-03	5.376280e-04
6.331290e+03	-4.558563e-03	-3.216894e-04	-2.690991e-03	6.770009e-03	-2.969024e-03	-2.126068e-03
6.343680e+03	-3.653726e-03	-7.349601e-03	-3.200724e-03	4.275737e-03	-2.705541e-03	-5.716822e-04
6.356070e+03	3.085206e-03	-3.626562e-03	-4.124728e-04	-2.004542e-03	-3.575840e-04	-6.548782e-04
6.368460e+03	5.910790e-03	3.493841e-04	-7.215543e-04	-6.052512e-03	-1.904312e-03	2.985719e-04
6.380850e+03	2.883645e-04	7.700502e-03	2.713692e-04	3.271131e-03	3.449117e-04	-3.047447e-03
6.393240e+03	-1.713224e-03	3.318550e-03	4.394474e-04	3.221642e-03	-1.288187e-03	-1.533626e-03
6.405630e+03	-4.374986e-03	-3.824990e-03	-6.836896e-04	5.491764e-03	1.051711e-03	-1.017864e-03
6.418020e+03	3.082858e-03	-4.968301e-03	-6.372507e-04	-4.161169e-03	-3.035530e-04	1.139434e-03
6.430410e+03	6.308754e-04	1.298500e-03	6.988473e-04	-1.710000e-03	3.930162e-03	7.200000e-04
6.442800e+03	-3.162001e-03	6.699886e-03	1.415759e-03	4.500299e-03	3.471042e-03	-1.326039e-03
6.455190e+03	-4.570518e-03	3.288467e-03	1.953041e-03	5.496819e-03	2.985644e-03	-1.025923e-03
6.467580e+03	-3.539602e-03	-5.535662e-03	-2.511819e-04	3.059934e-03	1.579967e-03	4.714375e-04
6.479970e+03	5.586933e-03	-1.531078e-03	4.896358e-04	-5.064221e-03	-1.129907e-03	-8.535927e-04
6.492360e+03	6.655050e-03	9.005388e-04	-7.517946e-04	-7.390701e-03	-2.863930e-03	5.023159e-04
6.504750e+03	-2.540701e-03	-5.923913e-04	-1.194836e-03	-4.543052e-04	4.967462e-05	2.583483e-03
6.517140e+03	-6.995256e-03	9.503977e-04	-1.611151e-04	9.268916e-03	1.653141e-03	-2.128630e-03
6.529530e+03	-1.997888e-03	-3.662383e-03	2.799184e-04	1.927928e-03	9.103336e-04	7.263906e-05
6.541920e+03	1.845266e-03	-1.467526e-03	-1.429159e-03	7.106493e-04	-1.148538e-03	-2.862525e-03
6.554310e+03	2.569546e-03	3.729813e-03	-4.575471e-04	-5.293400e-04	-4.544184e-04	-2.041459e-03
6.566700e+03	-2.479885e-03	6.437362e-04	-1.468128e-03	1.459644e-03	-4.656661e-04	9.925768e-04
6.579090e+03	-7.186755e-03	-2.657247e-03	-1.610389e-03	7.997207e-03	8.487168e-04	-6.191109e-04
6.591480e+03	-2.744804e-03	-4.069220e-03	-2.253803e-03	6.052837e-03	-8.412472e-04	-3.308295e-03
6.603870e+03	2.492280e-03	-2.898773e-03	-6.629724e-04	-2.701928e-03	7.717246e-04	3.361617e-04
6.616260e+03	6.830085e-04	3.131564e-03	1.556497e-03	-2.408413e-03	3.705237e-03	1.729094e-03
6.628650e+03	-3.345714e-03	3.237007e-03	8.797297e-04	2.501008e-03	2.040964e-03	8.493809e-04
6.641040e+03	-5.760459e-03	-5.484556e-04	-1.259667e-03	8.342525e-03	3.248960e-04	-2.469353e-03
6.653430e+03	-1.103828e-03	-5.900095e-03	-1.519696e-03	9.255982e-04	-2.775850e-04	1.783209e-04
6.665820e+03	4.838598e-04	-2.839436e-03	-1.847488e-03	9.039578e-04	4.402397e-04	-1.365234e-03
6.678210e+03	-1.529683e-03	3.656329e-03	-6.886380e-04	3.779708e-03	2.199794e-03	-2.259971e-03
6.690600e+03	-6.370023e-03	5.776967e-04	-1.436330e-03	6.592556e-03	2.100132e-03	-3.248897e-04
6.702990e+03	-6.710890e-03	-5.062074e-03	-2.348903e-03	6.424281e-03	5.663221e-04	2.611067e-04
6.715380e+03	-9.337271e-04	-5.090533e-03	-1.243847e-03	8.995329e-04	-7.150298e-04	-1.219989e-04
6.727770e+03	1.583776e-03	2.532488e-05	-9.854287e-04	2.798325e-04	3.609305e-04	-1.806692e-03
6.740160e+03	7.261026e-04	4.780599e-03	1.043512e-03	-3.447573e-04	2.704338e-03	-3.198534e-04
6.752550e+03	-2.727680e-03	9.384409e-04	2.467179e-04	9.562877e-04	1.282097e-03	1.746541e-03
6.764940e+03	-3.639745e-03	-1.828904e-03	3.324572e-04	3.517439e-03	1.131658e-03	3.553046e-05
6.777330e+03	2.676981e-03	-2.387156e-03	-5.300246e-04	-5.923331e-04	-2.358330e-03	-1.988669e-03
6.789720e+03	2.954527e-04	-2.209216e-03	-5.532045e-04	-9.332486e-04	2.631257e-03	6.286322e-04
6.802110e+03	-2.751034e-03	7.699812e-04	-1.217149e-04	1.665562e-03	4.181278e-03	1.231685e-03
6.814500e+03	-2.818682e-03	2.638706e-03	-3.703642e-04	4.047787e-03	2.246828e-04	-1.266501e-03
6.826890e+03	-3.489602e-03	-1.104535e-03	7.684289e-04	3.348001e-03	2.814766e-03	1.242764e-04
6.839280e+03	-1.513976e-03	-5.035411e-03	-7.921394e-04	4.339030e-04	1.617835e-03	1.079792e-03
6.851670e+03	4.085051e-03	-7.208012e-04	-1.340772e-03	-2.026955e-03	-2.243544e-03	-1.630649e-03
6.864060e+03	3.151031e-03	2.899179e-03	5.063313e-04	-3.568023e-03	-7.563657e-04	2.535037e-04
6.876450e+03	-8.374758e-04	1.777784e-03	-1.977731e-04	1.979600e-03	-1.025418e-03	-9.428394e-04
6.888840e+03	1.815389e-05	-1.772231e-03	1.053957e-05	4.154707e-04	-1.285550e-03	-4.219869e-04
6.901230e+03	1.436816e-03	-3.499615e-03	-1.201286e-03	1.479454e-04	-1.356958e-03	-1.279929e-03
6.913620e+03	2.233295e-03	-1.562289e-03	-9.111400e-04	-1.737541e-03	-1.342602e-04	2.210133e-05
6.926010e+03	2.576079e-03	2.143270e-03	-2.789676e-04	-1.857238e-03	-1.155647e-03	-7.568691e-04
6.938400e+03	-4.709090e-03	-4.379345e-03	-2.539818e-03	3.366462e-03	9.672570e-04	1.319746e-03
6.950790e+03	-3.148627e-03	-4.296066e-03	-1.476659e-03	3.279408e-03	1.244067e-05	-1.603952e-04
6.963180e+03	-5.995849e-04	-6.907731e-03	-1.266052e-03	-1.635797e-03	9.350905e-04	2.320466e-03
6.975570e+03	1.344905e-03	-3.196497e-03	-1.341741e-03	-2.355259e-03	-4.851949e-04	1.066128e-03
6.987960e+03	5.802953e-04	3.723775e-03	6.561927e-05	2.193855e-03	-3.359230e-04	-2.940719e-03
7.000350e+03	-3.818213e-04	5.274802e-03	7.484590e-04	4.197643e-03	-6.530878e-05	-3.758856e-03
7.012740e+03	-1.900210e-03	-6.830407e-04	-9.890081e-04	4.178170e-03	-7.150470e-05	-2.521943e-03
7.025130e+03	-1.312646e-04	-2.878746e-03	-1.697662e-03	1.604602e-03	-5.653238e-04	-1.472698e-03
7.037520e+03	3.564695e-03	2.484553e-03	1.633570e-03	-3.461133e-03	1.157904e-03	-3.148099e-05
7.049910e+03	2.416477e-03	8.836979e-04	1.271840e-03	-4.442122e-03	1.022937e-03	2.054334e-03
7.062300e+03	1.348752e-03	-1.488372e-03	-1.087416e-03	-1.585519e-03	-2.418612e-03	2.075094e-04
7.074690e+03	-4.019721e-03	-3.701526e-03	-9.701221e-04	3.727225e-03	3.518000e-03	2.991129e-04
7.087080e+03	1.197701e-04	-2.062845e-03	7.443049e-05	-9.324839e-04	1.554064e-03	8.686686e-04
7.099470e+03	-5.139448e-04	-1.167485e-03	-1.120371e-03	1.438436e-03	9.237433e-04	-9.157319e-04
7.111860e+03	1.231979e-03	3.719685e-04	3.330463e-04	-2.219496e-03	5.197323e-04	9.919978e-04
7.124250e+03	-6.428693e-04	-3.027457e-03	-6.695019e-04	-1.919221e-03	6.726920e-04	2.593635e-03
7.136640e+03	4.049628e-04	-1.011580e-03	-1.062599e-04	-6.365773e-05	-2.267808e-04	-1.164572e-04
7.149030e+03	9.258607e-04	-9.027259e-04	4.176934e-04	-1.094252e-03	8.528711e-04	1.770552e-04
7.161420e+03	-7.315895e-04	-1.256205e-03	-3.888572e-04	9.053856e-04	1.922006e-03	-1.264656e-04
7.173810e+03	-1.766353e-03	1.965453e-03	8.878771e-04	3.050982e-03	3.427950e-03	-1.254762e-03
7.186200e+03	-1.856522e-03	-5.816781e-04	-5.741921e-04	3.179136e-03	1.197319e-03	-1.326471e-03
7.198590e+03	-9.591351e-04	-3.833971e-03	-2.341952e-04	-2.762150e-03	2.148054e-03	3.232945e-03
7.210980e+03	3.109000e-03	-9.378265e-04	7.995513e-04	-5.950221e-03	-2.119525e-04	2.680795e-03
7.223370e+03	2.480617e-03	-3.599916e-04	-3.971705e-04	-1.440017e-03	-1.364857e-03	-1.041084e-03
7.235760e+03	6.864816e-04	-1.070499e-03	7.574788e-04	-3.359069e-03	2.385680e-03	2.684007e-03
7.248150e+03	1.051230e-05	-2.991744e-03	-1.731784e-03	-1.496556e-04	-9.822930e-04	-2.880228e-05
7.260540e+03	3.272077e-04	-2.712720e-03	-1.459617e-03	-6.861168e-04	-7.769924e-04	3.671258e-04
7.272930e+03	3.632205e-03	3.153991e-04	-2.125135e-05	-2.917935e-03	-2.793328e-03	-7.161200e-04
7.285320e+03	3.184654e-03	3.049225e-04	-7.214627e-04	-1.476697e-03	-2.259654e-03	-1.773670e-03
7.297710e+03	2.403956e-03	2.678705e-04	-2.583945e-04	-1.379417e-03	-6.590671e-04	-1.009859e-03
7.310100e+03	8.889475e-05	-1.159823e-04	1.469423e-04	-3.286241e-05	1.495980e-03	-1.980241e-04
7.322490e+03	1.495210e-03	5.463647e-04	8.795827e-04	-2.808952e-03	1.226290e-03	1.313123e-03
7.334880e+03	9.094303e-04	1.846073e-03	1.103376e-03	-3.394253e-04	1.256171e-03	-4.770423e-04
7.347270e+03	-3.165414e-04	5.849992e-04	-5.638227e-05	1.280785e-03	1.358699e-03	-1.145466e-03
7.359660e+03	2.466720e-03	2.641084e-04	-5.931719e-04	-1.467961e-03	-2.336505e-03	-1.050087e-03
7.372050e+03	6.490599e-04	-4.146677e-03	-2.210478e-03	-1.776157e-03	-4.804090e-04	1.135210e-03
7.384440e+03	1.821165e-03	-2.222603e-03	-1.278857e-03	-2.292424e-03	-1.314537e-03	5.452684e-04
7.396830e+03	-1.017496e-03	-8.654341e-04	-5.591562e-04	1.877867e-03	2.158415e-03	-8.604871e-04
7.409220e+03	2.854465e-04	-4.705466e-03	-2.819105e-03	-2.390342e-04	-1.280952e-03	7.622433e-07
7.421610e+03	-1.238225e-03	-4.176475e-03	-2.119750e-03	5.975927e-04	9.337365e-04	3.394338e-04
7.434000e+03	2.590876e-03	-1.822485e-03	-1.079680e-03	-3.379678e-03	-1.690201e-03	7.846853e-04
7.446390e+03	1.555916e-03	-4.039433e-03	-1.218407e-03	-6.321350e-03	8.493631e-04	4.281533e-03
7.458780e+03	4.393899e-03	-1.371325e-03	-1.410492e-03	-3.658902e-03	-4.458022e-03	-8.616358e-04
7.471170e+03	3.051758e-03	-4.094984e-03	-2.455680e-03	-2.809834e-03	-4.210687e-03	-2.316296e-04
7.483560e+03	2.298098e-03	-1.005198e-03	-4.700657e-04	-2.614490e-03	-1.419289e-03	1.319536e-04
7.495950e+03	3.144461e-03	-6.159355e-04	-8.703273e-04	-2.149477e-03	-2.634827e-03	-1.168657e-03
7.508340e+03	8.916767e-04	-2.966454e-03	-2.860813e-03	6.612080e-04	-1.586811e-03	-1.556928e-03
