1.313340e+03	9.831925e-02	-1.958275e-02	1.947946e-06	-9.790619e-02	-1.561228e-04	4.106507e-04
1.325730e+03	9.912209e-02	7.809423e-03	2.936821e-05	-9.912984e-02	-3.102303e-05	-1.061276e-05
1.338120e+03	9.328387e-02	3.366694e-02	4.464005e-05	-9.313672e-02	-4.401698e-05	-9.139413e-05
1.350510e+03	8.100128e-02	5.706241e-02	3.427149e-05	-8.113996e-02	4.402392e-05	8.202296e-05
1.362900e+03	6.322120e-02	7.651316e-02	1.647043e-05	-6.355431e-02	5.616868e-05	3.142427e-04
1.375290e+03	4.062637e-02	9.052543e-02	-7.691337e-06	-4.103745e-02	2.438262e-05	4.702642e-04
1.387680e+03	1.491740e-02	9.812730e-02	1.788317e-06	-1.545570e-02	4.593499e-05	5.167922e-04
1.400070e+03	-1.121549e-02	9.826499e-02	-4.554397e-05	1.098436e-02	3.464988e-05	2.364523e-04
1.412460e+03	-3.616615e-02	9.117564e-02	1.466410e-05	3.627267e-02	-2.751529e-05	-7.962459e-05
1.424850e+03	-5.943551e-02	7.908074e-02	1.890078e-05	5.912655e-02	-4.575481e-05	2.861593e-04
1.437240e+03	-7.917534e-02	6.072776e-02	7.275646e-06	7.857512e-02	-2.718846e-05	6.630658e-04
1.449630e+03	-9.282695e-02	3.707728e-02	-9.408498e-05	9.216705e-02	3.578193e-05	6.792475e-04
1.462020e+03	-9.909778e-02	1.104520e-02	1.047975e-04	9.862579e-02	-1.180714e-05	4.436695e-04
1.474410e+03	-9.791671e-02	-1.596458e-02	2.292061e-05	9.763959e-02	9.219290e-06	2.632992e-04
1.486800e+03	-9.014993e-02	-4.153670e-02	2.630181e-05	8.988476e-02	-2.105759e-05	2.232538e-04
1.499190e+03	-7.600619e-02	-6.438085e-02	1.145545e-05	7.559380e-02	-2.227916e-05	3.493045e-04
1.511580e+03	-5.630548e-02	-8.283676e-02	2.918286e-05	5.567507e-02	-1.120385e-05	6.369987e-04
1.523970e+03	-3.171172e-02	-9.526017e-02	2.244286e-05	3.098414e-02	-1.150488e-05	6.939393e-04
1.536360e+03	-4.509024e-03	-9.977150e-02	-1.714103e-05	4.144291e-03	-6.120655e-05	3.542399e-04
1.548750e+03	2.282470e-02	-9.723217e-02	4.768279e-05	-2.294560e-02	4.390633e-06	1.178602e-04
1.561140e+03	4.842151e-02	-8.780112e-02	2.403136e-05	-4.854077e-02	-1.474481e-05	1.307666e-04
1.573530e+03	7.095931e-02	-7.179394e-02	7.014762e-05	-7.134886e-02	2.231549e-05	3.273957e-04
1.585920e+03	8.873537e-02	-4.980835e-02	1.454399e-05	-8.929200e-02	-4.787315e-05	5.674184e-04
1.598310e+03	9.949198e-02	-2.282128e-02	4.576897e-05	-9.993469e-02	1.010564e-04	4.762587e-04
1.610700e+03	1.020722e-01	6.426949e-03	1.997781e-05	-1.021374e-01	1.426792e-05	2.477565e-04
1.623090e+03	9.639506e-02	3.462036e-02	2.138093e-06	-9.626875e-02	1.828274e-04	-3.936448e-05
1.635480e+03	8.295739e-02	6.054177e-02	-6.151206e-05	-8.313249e-02	1.417910e-04	1.189302e-04
1.647870e+03	6.284313e-02	8.190484e-02	-6.416282e-05	-6.297827e-02	3.191986e-05	1.355633e-04
1.660260e+03	3.691918e-02	9.698007e-02	-9.640224e-05	-3.719573e-02	6.541554e-05	2.206639e-04
1.672650e+03	7.787792e-03	1.037918e-01	-9.263386e-05	-7.887332e-03	5.920912e-05	1.065691e-04
1.685040e+03	-2.254901e-02	1.016511e-01	-1.553315e-04	2.257959e-02	2.551561e-05	-2.933856e-05
1.697430e+03	-5.094417e-02	9.122936e-02	-1.115035e-04	5.118562e-02	-4.300983e-05	-2.056381e-04
1.709820e+03	-7.580713e-02	7.273627e-02	-9.746346e-05	7.601140e-02	-8.858533e-05	-1.674303e-04
1.722210e+03	-9.452211e-02	4.781122e-02	-6.492638e-05	9.448042e-02	-9.326188e-05	-4.559686e-05
1.734600e+03	-1.047331e-01	1.755742e-02	1.303420e-05	1.054691e-01	-1.358557e-04	-3.868174e-05
1.746990e+03	-1.057178e-01	-1.486256e-02	3.960295e-05	1.056518e-01	-1.116872e-04	-1.771531e-04
1.759380e+03	-9.642571e-02	-4.613892e-02	-4.622747e-05	9.666822e-02	-1.030057e-04	-2.526319e-04
1.771770e+03	-7.792130e-02	-7.318082e-02	6.574948e-05	7.835407e-02	-7.988925e-05	-4.365312e-04
1.784160e+03	-5.263368e-02	-9.358582e-02	1.250117e-04	5.296809e-02	-9.849731e-05	-3.503523e-04
1.796550e+03	-2.205266e-02	-1.054544e-01	1.106957e-04	2.230360e-02	-6.300841e-05	-2.309756e-04
1.808940e+03	1.160714e-02	-1.073615e-01	1.140323e-04	-1.139635e-02	-1.939525e-05	-1.915601e-04
1.821330e+03	4.388104e-02	-9.908171e-02	1.092293e-04	-4.353479e-02	4.580293e-05	-3.049210e-04
1.833720e+03	7.236607e-02	-8.116506e-02	1.338057e-04	-7.199480e-02	5.783414e-05	-3.673326e-04
1.846110e+03	9.401873e-02	-5.522413e-02	8.985969e-05	-9.373936e-02	2.053920e-04	-3.667817e-04
1.858500e+03	1.068283e-01	-2.339333e-02	3.230973e-05	-1.066012e-01	1.157995e-04	-2.652170e-04
1.870890e+03	1.095458e-01	1.108910e-02	-3.221911e-05	-1.089005e-01	1.670608e-04	-1.510733e-04
1.883280e+03	1.004106e-01	4.485260e-02	-6.349062e-05	-1.004485e-01	2.252529e-04	-1.223349e-04
1.895670e+03	8.108752e-02	7.383348e-02	-1.419275e-04	-8.092183e-02	1.433231e-04	-2.047787e-04
1.908060e+03	5.404755e-02	9.528460e-02	-1.811154e-04	-5.372374e-02	9.848128e-05	-3.318868e-04
1.920450e+03	2.139652e-02	1.067807e-01	-2.012195e-04	-2.115846e-02	7.826029e-05	-2.548592e-04
1.932840e+03	-1.342123e-02	1.089021e-01	-1.835599e-04	1.364455e-02	8.370828e-06	-2.173721e-04
1.945230e+03	-4.658763e-02	9.925589e-02	-1.937446e-04	4.671714e-02	-1.138420e-04	-1.408590e-04
1.957620e+03	-7.611918e-02	7.942552e-02	-6.401080e-05	7.605173e-02	-2.139567e-04	3.494666e-05
1.970010e+03	-9.710038e-02	5.108049e-02	-5.394572e-05	9.700783e-02	-2.031819e-04	2.837067e-05
1.982400e+03	-1.087079e-01	1.776987e-02	8.300320e-05	1.086714e-01	-1.889990e-04	-5.183566e-05
1.994790e+03	-1.083459e-01	-1.762790e-02	1.137695e-04	1.082807e-01	-1.891673e-04	-8.184671e-05
2.007180e+03	-9.681233e-02	-5.113210e-02	1.103358e-04	9.683489e-02	-1.563445e-04	-3.520500e-05
2.019570e+03	-7.581917e-02	-7.895862e-02	1.564708e-04	7.576305e-02	-9.770246e-05	7.469215e-05
2.031960e+03	-4.710171e-02	-9.965389e-02	1.720564e-04	4.682885e-02	-4.812380e-05	2.763660e-04
2.044350e+03	-1.265401e-02	-1.093432e-01	1.440652e-04	1.234602e-02	5.917676e-06	3.151515e-04
2.056740e+03	2.238558e-02	-1.071749e-01	2.050318e-04	-2.248575e-02	5.938924e-05	1.034355e-04
2.069130e+03	5.538147e-02	-9.424287e-02	1.196366e-04	-5.544664e-02	9.628339e-05	4.728969e-05
2.081520e+03	8.247827e-02	-7.208682e-02	1.035272e-04	-8.262825e-02	1.608086e-04	1.077576e-04
2.093910e+03	1.013618e-01	-4.208364e-02	8.474151e-05	-1.020181e-01	1.926598e-04	3.334696e-04
2.106300e+03	1.095436e-01	-7.193145e-03	-1.713344e-05	-1.101374e-01	2.754817e-04	4.580400e-04
2.118690e+03	1.060923e-01	2.895356e-02	-4.771380e-05	-1.071430e-01	2.208134e-04	3.665901e-04
2.131080e+03	9.108932e-02	6.153285e-02	-1.076014e-04	-9.146636e-02	1.436024e-04	3.236237e-04
2.143470e+03	6.669677e-02	8.775128e-02	-1.954437e-04	-6.684772e-02	1.230709e-04	1.778683e-04
2.155860e+03	3.482282e-02	1.044358e-01	-2.825129e-04	-3.499497e-02	1.296382e-04	1.758410e-04
2.168250e+03	-8.546600e-04	1.100024e-01	-3.035398e-04	4.061434e-04	-1.687162e-05	4.441316e-04
2.180640e+03	-3.687376e-02	1.043923e-01	-2.581297e-04	3.641241e-02	-6.404807e-05	3.998394e-04
2.193030e+03	-6.929036e-02	8.708013e-02	-9.341691e-05	6.901459e-02	-2.311399e-04	3.161748e-04
2.205420e+03	-9.440696e-02	5.937433e-02	-9.588313e-05	9.411157e-02	-2.909206e-04	3.362931e-04
2.217810e+03	-1.089530e-01	2.510325e-02	1.127807e-04	1.088910e-01	-3.026916e-04	2.523779e-04
2.230200e+03	-1.113710e-01	-1.230316e-02	1.610342e-04	1.113058e-01	-2.197642e-04	3.198466e-04
2.242590e+03	-1.012440e-01	-4.898335e-02	2.651265e-04	1.009859e-01	-1.409454e-04	3.204746e-04
2.254980e+03	-7.932535e-02	-8.036023e-02	2.624408e-04	7.895389e-02	-8.340272e-05	3.294990e-04
2.267370e+03	-4.782441e-02	-1.022787e-01	1.555673e-04	4.756597e-02	-5.740329e-05	2.256413e-04
2.279760e+03	-1.042643e-02	-1.126706e-01	2.524824e-04	1.020947e-02	8.394168e-05	2.088250e-04
2.292150e+03	2.874527e-02	-1.105265e-01	2.085186e-04	-2.893655e-02	1.673574e-04	1.538885e-04
2.304540e+03	6.462862e-02	-9.417416e-02	1.376655e-04	-6.464914e-02	2.039813e-04	5.869869e-05
2.316930e+03	9.346814e-02	-6.664208e-02	1.004876e-04	-9.361466e-02	2.987525e-04	1.517422e-04
2.329320e+03	1.116678e-01	-3.014629e-02	-4.114507e-05	-1.117330e-01	2.194148e-04	1.669182e-04
2.341710e+03	1.158443e-01	1.101449e-02	-9.696263e-05	-1.159833e-01	2.152959e-04	1.475496e-04
2.354100e+03	1.049458e-01	5.081297e-02	-1.734648e-04	-1.049256e-01	1.902044e-04	1.701911e-05
2.366490e+03	7.999286e-02	8.466029e-02	-2.516730e-04	-7.984855e-02	1.525428e-04	-1.529242e-04
2.378880e+03	4.521697e-02	1.073575e-01	-2.950053e-04	-4.498668e-02	7.361270e-05	-1.766394e-04
2.391270e+03	3.512266e-03	1.170012e-01	-3.464755e-04	-3.457470e-03	-4.729559e-05	-5.705662e-05
2.403660e+03	-3.917976e-02	1.115235e-01	-2.433664e-04	3.901637e-02	-1.340474e-04	1.088293e-04
2.416050e+03	-7.684283e-02	8.985201e-02	-1.048955e-04	7.687908e-02	-2.196117e-04	-3.158584e-05
2.428440e+03	-1.040407e-01	5.574584e-02	-1.151465e-04	1.039873e-01	-2.391535e-04	2.706619e-05
2.440830e+03	-1.177186e-01	1.342746e-02	1.263526e-04	1.185657e-01	-2.958335e-04	-1.192022e-04
2.453220e+03	-1.154508e-01	-3.105161e-02	1.707914e-04	1.152766e-01	-1.917174e-04	-7.306279e-05
2.465610e+03	-9.545746e-02	-7.222761e-02	2.621217e-04	9.574386e-02	-1.173913e-04	3.909864e-05
2.478000e+03	-6.226237e-02	-1.034754e-01	2.952500e-04	6.216292e-02	2.300398e-05	1.335125e-04
2.490390e+03	-1.862310e-02	-1.189724e-01	2.140423e-04	1.864287e-02	9.451534e-05	9.599525e-06
2.502780e+03	2.772400e-02	-1.181647e-01	1.954609e-04	-2.770069e-02	1.336797e-04	-1.871818e-05
2.515170e+03	7.074679e-02	-9.858208e-02	1.019435e-04	-7.053753e-02	2.457946e-04	-2.216187e-04
2.527560e+03	1.032127e-01	-6.476732e-02	1.831876e-05	-1.032889e-01	2.104501e-04	6.027537e-05
2.539950e+03	1.208477e-01	-2.008408e-02	-5.810510e-05	-1.209129e-01	3.149765e-04	1.011266e-04
2.552340e+03	1.196167e-01	2.878195e-02	-1.819872e-04	-1.196819e-01	1.338156e-04	1.274159e-04
2.564730e+03	9.938657e-02	7.350775e-02	-2.838030e-04	-9.939013e-02	2.390177e-04	1.368884e-04
2.577120e+03	6.237824e-02	1.067574e-01	-3.272261e-04	-6.252159e-02	1.618038e-04	6.318727e-05
2.589510e+03	1.560360e-02	1.228375e-01	-2.869140e-04	-1.549439e-02	-1.885510e-04	-1.039621e-04
2.601900e+03	-3.421929e-02	1.196235e-01	-2.165349e-04	3.427986e-02	-2.027951e-04	-8.323208e-05
2.614290e+03	-7.927585e-02	9.646559e-02	-1.737802e-04	7.926675e-02	-2.964845e-04	-4.079775e-05
2.626680e+03	-1.122378e-01	5.647007e-02	1.048106e-04	1.121770e-01	-3.367470e-04	1.035438e-04
2.639070e+03	-1.258994e-01	5.794888e-03	2.154939e-04	1.258343e-01	-2.355027e-04	1.619590e-04
2.651460e+03	-1.177978e-01	-4.604951e-02	2.664355e-04	1.177326e-01	-2.207876e-04	1.477612e-04
2.663850e+03	-8.870126e-02	-9.049175e-02	3.345559e-04	8.863048e-02	-7.403345e-05	7.226433e-05
2.676240e+03	-4.408568e-02	-1.198070e-01	3.519778e-04	4.382129e-02	1.106464e-04	2.835302e-04
2.688630e+03	9.678125e-03	-1.269753e-01	2.231374e-04	-9.773899e-03	1.529241e-04	9.817355e-05
2.701020e+03	6.214176e-02	-1.126046e-01	1.575372e-04	-6.230890e-02	2.971891e-04	2.290210e-04
2.713410e+03	1.040535e-01	-7.592266e-02	1.222679e-05	-1.041187e-01	3.230048e-04	1.721408e-04
2.725800e+03	1.269118e-01	-2.470435e-02	-7.469010e-06	-1.280102e-01	5.495731e-04	2.737729e-04
2.738190e+03	1.255412e-01	3.215001e-02	-2.409794e-04	-1.256064e-01	3.243954e-04	1.227543e-04
2.750580e+03	1.000932e-01	8.397049e-02	-3.360280e-04	-1.002469e-01	8.588999e-05	1.658453e-04
2.762970e+03	5.402618e-02	1.202913e-01	-3.023702e-04	-5.401069e-02	-1.416102e-05	-1.315451e-05
2.775360e+03	-4.200486e-03	1.319151e-01	-2.503100e-04	3.921890e-03	-1.859396e-04	2.746079e-04
2.787750e+03	-6.254778e-02	1.171272e-01	-2.366150e-04	6.228279e-02	-3.573516e-04	2.324686e-04
2.800140e+03	-1.085933e-01	7.751422e-02	-1.817017e-04	1.084925e-01	-4.244861e-04	2.836883e-04
2.812530e+03	-1.331016e-01	1.952502e-02	1.320136e-04	1.330364e-01	-4.172140e-04	3.781133e-04
2.824920e+03	-1.276074e-01	-4.353571e-02	2.344792e-04	1.275422e-01	-3.027611e-04	2.885769e-04
2.837310e+03	-9.376871e-02	-9.852331e-02	4.127764e-04	9.337227e-02	-1.006703e-04	5.563188e-04
2.849700e+03	-3.734193e-02	-1.320428e-01	4.378341e-04	3.678887e-02	1.796000e-04	5.042853e-04
2.862090e+03	3.020731e-02	-1.349009e-01	2.601199e-04	-3.083417e-02	2.304508e-04	6.258071e-04
2.874480e+03	9.180793e-02	-1.041923e-01	1.975394e-04	-9.276256e-02	4.690119e-04	6.719234e-04
2.886870e+03	1.325637e-01	-4.610185e-02	4.776666e-06	-1.337699e-01	4.403497e-04	8.374591e-04
2.899260e+03	1.397133e-01	2.698064e-02	-2.818350e-04	-1.401627e-01	3.251755e-04	8.767913e-04
2.911650e+03	1.069318e-01	9.588094e-02	-3.673095e-04	-1.078975e-01	3.393240e-04	8.075563e-04
2.924040e+03	4.180411e-02	1.394460e-01	-4.932046e-04	-4.293628e-02	-2.228198e-04	1.107109e-03
2.936430e+03	-3.882935e-02	1.421011e-01	-3.458160e-04	3.793675e-02	-1.822649e-04	8.884611e-04
2.948820e+03	-1.119920e-01	9.850176e-02	-2.045686e-04	1.102817e-01	-4.659032e-04	1.196053e-03
2.961210e+03	-1.481619e-01	1.918266e-02	2.141480e-04	1.471090e-01	-4.618356e-04	9.866874e-04
2.973600e+03	-1.325128e-01	-7.155253e-02	3.964685e-04	1.318738e-01	-3.457746e-04	1.075428e-03
2.985990e+03	-6.138133e-02	-1.372023e-01	3.930226e-04	6.048557e-02	-1.249568e-04	8.850708e-04
2.998380e+03	3.840635e-02	-1.438915e-01	3.128536e-04	-3.955148e-02	2.103769e-04	1.114376e-03
3.010770e+03	1.174168e-01	-8.266751e-02	1.041426e-05	-1.196041e-01	4.681021e-04	1.426989e-03
3.023160e+03	1.358110e-01	2.173787e-02	-9.469279e-05	-1.347513e-01	4.482207e-04	-5.673971e-04
3.035550e+03	7.780539e-02	1.031576e-01	4.887523e-05	-7.605997e-02	5.199531e-04	-1.767841e-03
3.047940e+03	-1.632232e-02	1.127989e-01	-7.955462e-04	1.846528e-02	-1.345336e-04	-2.096576e-03
3.060330e+03	-7.550471e-02	5.386187e-02	-4.046260e-04	7.801252e-02	-4.677160e-04	-2.365534e-03
3.072720e+03	-6.355539e-02	-1.987239e-02	-2.845353e-04	6.568413e-02	-5.579863e-04	-2.062032e-03
3.085110e+03	-1.487589e-02	-3.403421e-02	2.429190e-04	2.220814e-02	-1.836995e-04	-7.194187e-03
3.097500e+03	-1.668819e-03	-2.155692e-02	-1.564704e-04	3.325762e-03	-6.617570e-05	-1.460529e-03
3.109890e+03	-7.985209e-03	-1.835956e-02	-5.480871e-04	7.808488e-03	-1.608414e-04	4.141118e-04
3.122280e+03	-7.302914e-03	-3.464743e-02	3.771223e-04	5.934683e-03	3.181916e-04	7.701263e-04
3.134670e+03	3.516699e-02	-3.110791e-02	2.535532e-04	-3.190796e-02	1.131418e-04	-3.028939e-03
3.147060e+03	4.835541e-02	1.178288e-02	8.747401e-04	-4.684445e-02	5.874919e-04	-1.517525e-03
3.159450e+03	2.870307e-02	5.704086e-02	3.273816e-04	-2.396328e-02	2.269428e-04	-4.390188e-03
3.171840e+03	-3.332654e-02	3.892505e-02	8.138545e-04	3.510841e-02	2.672502e-04	-1.729941e-03
3.184230e+03	-6.156729e-02	-1.426298e-02	4.295138e-04	6.477193e-02	-1.720493e-04	-3.030343e-03
3.196620e+03	-2.078812e-02	-6.474692e-02	-1.231761e-04	2.013763e-02	-6.849193e-05	6.837491e-04
3.209010e+03	5.515374e-02	-4.947348e-02	4.332350e-04	-5.543349e-02	3.767059e-04	5.224197e-04
3.221400e+03	7.377060e-02	2.062132e-02	-5.903689e-04	-7.579786e-02	-2.167877e-04	2.364470e-03
3.233790e+03	1.532910e-02	7.653064e-02	-1.404323e-04	-1.989777e-02	-4.900657e-05	4.472036e-03
3.246180e+03	-6.487297e-02	5.609474e-02	-9.721494e-04	5.798674e-02	-7.390131e-04	7.111042e-03
3.258570e+03	-8.091850e-02	-1.824481e-02	9.972824e-04	7.828928e-02	2.884652e-04	2.881616e-03
3.270960e+03	-2.069322e-02	-7.346952e-02	9.163177e-04	2.237804e-02	3.305472e-04	-1.713172e-03
3.283350e+03	5.282285e-02	-5.275676e-02	2.546757e-04	-5.170202e-02	2.579465e-04	-1.217494e-03
3.295740e+03	6.645952e-02	2.728166e-02	-7.852944e-04	-6.360830e-02	-2.108702e-04	-2.804948e-03
3.308130e+03	6.865065e-03	6.470176e-02	6.507275e-04	-2.216593e-03	1.703422e-04	-4.895274e-03
3.320520e+03	-5.596703e-02	1.934225e-02	-3.884941e-04	5.651032e-02	-3.200400e-04	-8.015617e-05
3.332910e+03	-2.115033e-02	-4.542888e-02	7.235500e-04	2.235801e-02	1.941109e-04	-9.877245e-04
3.345300e+03	2.972963e-02	-3.979442e-02	4.667681e-04	-3.172473e-02	3.496066e-04	1.967616e-03
3.357690e+03	5.084353e-02	2.062411e-02	-2.728062e-04	-4.883934e-02	4.351583e-05	-1.887574e-03
3.370080e+03	-4.344768e-03	5.518000e-02	5.926309e-04	5.455458e-03	6.146486e-05	-1.066341e-03
3.382470e+03	-4.989105e-02	2.361641e-02	9.467062e-05	5.276594e-02	-2.146613e-04	-2.721656e-03
3.394860e+03	-4.113189e-02	-4.088335e-02	-7.115179e-04	4.100486e-02	-4.162181e-04	2.236693e-05
3.407250e+03	1.767063e-02	-5.170809e-02	-7.236423e-04	-1.714200e-02	-1.347659e-04	-3.443767e-04
3.419640e+03	4.917251e-02	-1.216667e-02	2.427941e-04	-5.348137e-02	4.139565e-04	4.091212e-03
3.432030e+03	3.197289e-02	4.301337e-02	1.596519e-04	-3.348811e-02	2.483003e-04	1.659072e-03
3.444420e+03	-3.019800e-02	4.524050e-02	-2.594062e-04	2.731928e-02	-1.465561e-04	2.841542e-03
3.456810e+03	-5.406069e-02	-7.404694e-03	3.494492e-04	5.162808e-02	-8.761298e-05	2.391688e-03
3.469200e+03	-9.246770e-03	-4.801634e-02	-7.889403e-04	1.070509e-02	-3.046294e-04	-1.450974e-03
3.481590e+03	3.225436e-02	-3.018019e-02	4.859588e-05	-3.579457e-02	2.814193e-04	2.944787e-03
3.493980e+03	3.932771e-02	2.824486e-02	-5.876210e-06	-3.930199e-02	1.457611e-04	-1.776710e-05
3.506370e+03	-9.238217e-03	4.361592e-02	-3.910341e-04	1.021435e-02	-1.955739e-04	-8.341825e-04
3.518760e+03	-4.822776e-02	5.858581e-03	-1.354152e-03	4.776250e-02	-5.108872e-04	4.354605e-04
3.531150e+03	-1.278208e-02	-4.165616e-02	2.437631e-04	1.546135e-02	2.451241e-05	-2.530796e-03
3.543540e+03	3.590807e-02	-3.171517e-02	-5.632208e-04	-3.406434e-02	1.211886e-04	-1.903890e-03
3.555930e+03	4.323811e-02	1.640031e-02	2.441765e-04	-4.251051e-02	3.285088e-04	-7.026295e-04
3.568320e+03	-2.942247e-03	4.538158e-02	2.728269e-04	2.743936e-03	-2.351511e-05	2.268031e-04
3.580710e+03	-4.227428e-02	1.483925e-02	-8.813621e-04	4.112285e-02	-3.535922e-04	1.185159e-03
3.593100e+03	-2.752462e-02	-3.186321e-02	3.695406e-04	2.636434e-02	4.806501e-05	1.162143e-03
3.605490e+03	2.237112e-02	-3.781566e-02	-4.107773e-05	-2.258029e-02	6.864157e-06	2.465214e-04
3.617880e+03	4.151072e-02	7.453349e-03	-1.781867e-05	-4.099216e-02	2.204218e-04	-5.743245e-04
3.630270e+03	6.989884e-03	3.877025e-02	-2.975564e-05	-8.907383e-03	-3.030734e-05	1.892910e-03
3.642660e+03	-2.866005e-02	2.371570e-02	-1.725407e-04	2.916398e-02	-1.596460e-04	-4.367598e-04
3.655050e+03	-3.288225e-02	-1.868091e-02	1.994544e-04	3.222823e-02	-2.845776e-05	4.773573e-04
3.667440e+03	1.114036e-02	-3.089748e-02	-7.270312e-04	-8.725185e-03	-6.160053e-05	-2.409714e-03
3.679830e+03	3.174045e-02	-1.114433e-02	-9.049293e-04	-3.425245e-02	2.413219e-05	2.557497e-03
3.692220e+03	1.065507e-02	3.137158e-02	2.116998e-04	-1.144333e-02	1.122363e-04	8.998782e-04
3.704610e+03	-2.353458e-02	2.322948e-02	-9.226146e-04	2.419200e-02	-2.654455e-04	-4.804925e-04
3.717000e+03	-2.371936e-02	-1.271630e-02	7.769399e-05	2.639397e-02	-2.991868e-05	-1.879602e-03
3.729390e+03	7.611699e-03	-3.529349e-02	2.402745e-03	-7.787599e-03	6.241760e-04	2.064944e-04
3.741780e+03	3.783002e-02	-6.741745e-03	3.631252e-04	-3.540312e-02	1.938263e-04	-2.551461e-03
3.754170e+03	1.782403e-02	3.046890e-02	-2.304298e-04	-1.627256e-02	-3.055477e-05	-1.680671e-03
3.766560e+03	-2.618658e-02	2.775631e-02	3.845355e-04	2.466234e-02	-1.114180e-04	1.447778e-03
3.778950e+03	-3.554309e-02	-1.281442e-02	-4.725317e-04	3.309592e-02	-1.302761e-04	2.172277e-03
3.791340e+03	-4.215180e-04	-3.547965e-02	1.146225e-03	1.438169e-04	2.943082e-04	2.387927e-04
3.803730e+03	3.320447e-02	-1.398230e-02	-6.465065e-04	-3.308466e-02	1.432770e-04	-2.097735e-04
3.816120e+03	2.694611e-02	2.706310e-02	6.376938e-04	-2.428743e-02	1.414664e-04	-2.753629e-03
3.828510e+03	-1.662720e-02	2.964518e-02	-2.965130e-04	1.643212e-02	-1.892980e-04	2.805637e-04
3.840900e+03	-3.397773e-02	-3.797445e-03	-3.015797e-04	3.447028e-02	-1.128885e-04	-2.052692e-04
3.853290e+03	-4.710800e-03	-3.567558e-02	9.952787e-04	5.615331e-03	5.682661e-05	-1.125733e-03
3.865680e+03	2.812369e-02	-1.790590e-02	3.932834e-04	-2.873899e-02	1.780271e-06	7.586938e-04
3.878070e+03	2.866571e-02	2.412180e-02	5.865507e-04	-2.840901e-02	1.188920e-04	-4.480328e-04
3.890460e+03	-8.880340e-03	3.915659e-02	-3.844709e-04	9.198895e-03	-1.994333e-04	-3.516015e-04
3.902850e+03	-3.713285e-02	7.766855e-03	9.722777e-04	3.617310e-02	3.061696e-05	7.285141e-04
3.915240e+03	-1.974560e-02	-3.320743e-02	8.564210e-04	1.829324e-02	3.283092e-05	1.340515e-03
3.927630e+03	2.402540e-02	-2.561361e-02	2.567722e-04	-2.246127e-02	-5.022990e-05	-1.505037e-03
3.940020e+03	3.180845e-02	9.881041e-03	7.231954e-05	-3.244304e-02	8.939489e-05	5.674070e-04
3.952410e+03	3.552069e-03	3.307025e-02	1.036811e-03	-3.840518e-03	2.553506e-04	2.699796e-04
3.964800e+03	-3.129625e-02	1.590502e-02	-1.186285e-03	3.002539e-02	-2.340229e-04	1.263070e-03
3.977190e+03	-2.270020e-02	-2.041466e-02	-1.116839e-03	2.249373e-02	-2.717989e-05	2.421070e-04
3.989580e+03	1.152370e-02	-2.861415e-02	3.173221e-04	-1.223218e-02	1.385273e-04	5.604386e-04
4.001970e+03	3.047672e-02	3.889106e-03	-2.033569e-03	-2.983980e-02	-1.178245e-04	-6.621975e-04
4.014360e+03	6.876948e-03	3.006589e-02	4.929740e-05	-7.712512e-03	3.432176e-05	7.907316e-04
4.026750e+03	-2.776899e-02	1.842545e-02	1.629153e-03	2.568687e-02	1.034516e-04	1.924231e-03
4.039140e+03	-2.801233e-02	-1.483023e-02	6.515994e-04	2.634890e-02	4.646232e-06	1.649478e-03
4.051530e+03	6.540930e-03	-2.650943e-02	7.695665e-04	-5.830261e-03	1.186459e-04	-7.492702e-04
4.063920e+03	2.844668e-02	-6.751189e-03	-5.102154e-04	-2.762058e-02	-1.028679e-04	-8.059586e-04
4.076310e+03	1.272816e-02	2.290374e-02	-4.536716e-04	-1.249535e-02	-7.410092e-05	-4.206094e-06
4.088700e+03	-1.365119e-02	1.951974e-02	-1.398036e-03	1.444160e-02	-1.357389e-04	-8.984333e-04
4.101090e+03	-1.980931e-02	-9.519531e-03	-1.323557e-03	2.035382e-02	-1.142206e-04	-6.629305e-04
4.113480e+03	1.718522e-03	-2.241812e-02	1.273294e-03	-1.628906e-03	5.299387e-04	-5.911317e-05
4.125870e+03	2.086939e-02	-7.550375e-03	8.493874e-04	-2.133176e-02	7.436878e-05	4.846892e-04
4.138260e+03	1.097893e-02	2.066071e-02	-1.100529e-04	-1.151380e-02	-8.403085e-05	2.976020e-04
4.150650e+03	-1.214799e-02	1.968747e-02	-3.083658e-03	1.162057e-02	-3.569509e-04	3.886926e-04
4.163040e+03	-2.095798e-02	-6.318244e-03	2.274639e-04	1.983936e-02	2.097170e-04	1.145776e-03
4.175430e+03	-2.417884e-03	-1.794263e-02	5.457352e-04	2.869736e-03	1.467031e-04	-1.189727e-04
4.187820e+03	1.475647e-02	-6.284486e-03	-1.149134e-03	-1.521003e-02	-2.005416e-04	6.778766e-04
4.200210e+03	1.608556e-02	1.172594e-02	-8.556717e-04	-1.425019e-02	1.990943e-05	-1.711358e-03
4.212600e+03	-1.020219e-02	1.268762e-02	5.159962e-04	8.884538e-03	1.638379e-04	1.004648e-03
4.224990e+03	-1.762835e-02	-3.376611e-03	5.942309e-04	1.659663e-02	-3.227475e-05	1.020677e-03
4.237380e+03	-1.155608e-03	-1.359970e-02	3.301836e-04	1.388766e-03	3.905107e-05	-2.536086e-04
4.249770e+03	1.378996e-02	-5.361546e-03	-4.113541e-04	-1.385725e-02	-8.894584e-05	7.523161e-05
4.262160e+03	7.194728e-03	1.075000e-02	-1.020929e-04	-8.382279e-03	-6.968341e-05	1.367662e-03
4.274550e+03	-5.256656e-03	1.325696e-02	-1.437770e-04	5.777924e-03	-8.262607e-05	-5.081333e-04
4.286940e+03	-1.349383e-02	-1.707522e-03	9.128363e-04	1.304876e-02	-8.385998e-05	3.930524e-04
4.299330e+03	-4.563854e-04	-1.141486e-02	-2.208934e-04	1.499477e-03	8.370703e-06	-9.541235e-04
4.311720e+03	9.540299e-03	-5.585844e-03	1.036163e-03	-9.471491e-03	1.671655e-04	-2.094949e-04
4.324110e+03	1.058237e-02	8.581614e-03	-5.989898e-04	-8.948842e-03	-1.431966e-04	-1.332078e-03
4.336500e+03	-2.305681e-03	1.018525e-02	1.745295e-03	3.644626e-03	1.854060e-04	-1.097972e-03
4.348890e+03	-1.165765e-02	-1.057432e-03	-1.850845e-03	1.126388e-02	-3.219316e-04	3.472584e-04
4.361280e+03	1.576751e-03	-1.023863e-02	-9.040389e-04	-8.310664e-04	1.354688e-04	-7.370456e-04
4.373670e+03	9.478021e-03	-3.092809e-03	3.784959e-04	-9.486859e-03	4.207769e-05	-1.846444e-05
4.386060e+03	8.220773e-03	8.635401e-03	-1.569947e-04	-7.464533e-03	-1.812594e-05	-8.633602e-04
4.398450e+03	-8.310432e-03	9.454694e-03	9.247473e-04	6.665071e-03	1.949617e-04	1.647157e-03
4.410840e+03	-9.602434e-03	-2.825890e-04	-1.329051e-03	9.030668e-03	-3.643420e-04	5.699983e-04
4.423230e+03	-1.101417e-03	-8.678869e-03	-1.022083e-04	1.026551e-03	2.490373e-04	7.108984e-05
4.435620e+03	4.644319e-03	-1.300825e-03	-9.350153e-04	-5.209729e-03	-2.035501e-04	5.623839e-04
4.448010e+03	7.946401e-04	7.372295e-03	1.262304e-03	-2.578815e-03	1.841470e-04	1.722050e-03
4.460400e+03	-6.993301e-03	6.788172e-03	-2.260884e-04	5.123168e-03	-1.237661e-04	1.868373e-03
4.472790e+03	-6.452877e-03	-9.528568e-04	2.376535e-03	6.288507e-03	2.729148e-04	1.527438e-04
4.485180e+03	2.362410e-03	-6.546528e-03	-1.567575e-06	-1.356814e-03	-1.699354e-04	-1.009006e-03
4.497570e+03	5.996135e-03	2.311463e-03	7.678627e-05	-6.505267e-03	1.116496e-05	5.041805e-04
4.509960e+03	1.599663e-03	6.543825e-03	-1.907050e-04	-2.620122e-03	-1.041749e-04	1.113158e-03
4.522350e+03	-2.970935e-03	8.119960e-03	7.447357e-04	3.474249e-03	3.143663e-06	-5.180427e-04
4.534740e+03	-5.387463e-03	2.230915e-04	-7.579664e-05	5.060545e-03	-2.716069e-05	2.992655e-04
4.547130e+03	-1.943900e-03	-4.537974e-03	5.413604e-04	1.421396e-03	-8.182044e-05	5.243987e-04
4.559520e+03	3.776784e-04	6.257924e-04	-9.401354e-04	-1.486821e-03	-9.067458e-05	1.099868e-03
4.571910e+03	-2.320598e-04	4.090674e-03	-2.153478e-03	-1.147798e-03	-3.306085e-04	1.370156e-03
4.584300e+03	-4.451042e-03	6.740888e-03	-1.516665e-03	4.151849e-03	-7.602706e-05	3.020966e-04
4.596690e+03	-4.804228e-03	-2.970468e-03	-9.159226e-04	3.476764e-03	1.244536e-05	1.332400e-03
4.609080e+03	-5.005146e-04	-4.177916e-03	2.763300e-04	-3.200663e-04	-6.285616e-05	8.034338e-04
4.621470e+03	6.495848e-03	1.483586e-03	2.455870e-03	-5.126727e-03	2.274265e-04	-1.370624e-03
4.633860e+03	2.539636e-03	2.064934e-03	-4.275442e-04	-2.004332e-03	-1.237155e-04	-5.631117e-04
4.646250e+03	-3.916265e-03	1.245245e-03	1.043665e-03	3.515610e-03	2.540732e-04	3.666074e-04
4.658640e+03	-2.436375e-03	1.962045e-03	1.951955e-03	2.737674e-03	1.297448e-04	-3.266919e-04
4.671030e+03	2.091902e-03	-1.345313e-03	1.644234e-03	-1.567126e-03	4.552969e-04	-5.288008e-04
4.683420e+03	2.199846e-03	1.403416e-03	1.162459e-03	-2.106419e-03	-2.489257e-05	-6.723541e-05
4.695810e+03	-3.616884e-03	3.979286e-03	1.111692e-04	2.268224e-03	-2.698284e-05	1.330784e-03
4.708200e+03	-5.206442e-03	-1.393771e-04	-2.356440e-03	3.512468e-03	-3.979590e-04	1.695346e-03
4.720590e+03	-9.575774e-04	-1.400357e-03	-8.818581e-04	8.507384e-04	1.133583e-04	1.078331e-04
4.732980e+03	1.019818e-03	1.861833e-04	-1.791821e-03	-1.631463e-03	-2.507048e-04	6.082689e-04
4.745370e+03	4.599151e-03	-1.709101e-03	3.159442e-04	-4.339318e-03	2.619172e-04	-2.643274e-04
4.757760e+03	4.418626e-04	4.673696e-03	1.512138e-03	6.015258e-04	-3.711078e-05	-1.007832e-03
4.770150e+03	-1.434324e-03	1.008595e-03	-8.311133e-04	2.071674e-03	-1.554085e-04	-6.384375e-04
4.782540e+03	6.102003e-04	-3.048812e-03	-1.204040e-03	-5.012012e-04	1.922119e-05	-1.120255e-04
4.794930e+03	-9.161708e-04	-9.166239e-04	1.756168e-03	-4.885133e-04	8.090878e-05	1.407821e-03
4.807320e+03	-6.704181e-04	3.102806e-03	2.951462e-03	-2.738381e-04	1.583967e-04	9.433052e-04
4.819710e+03	-3.188796e-04	3.247740e-03	2.877960e-04	1.023009e-03	-1.329896e-04	-6.971116e-04
4.832100e+03	-1.757957e-03	-1.707568e-03	8.609061e-04	1.988748e-03	5.011997e-05	-1.539284e-04
4.844490e+03	-2.379434e-04	-4.182765e-03	-9.485828e-04	-2.516415e-04	1.402711e-05	5.007892e-04
4.856880e+03	4.737247e-03	1.934711e-03	-4.735130e-04	-4.011806e-03	3.929270e-05	-7.290554e-04
4.869270e+03	-3.386166e-04	6.496663e-04	-6.917880e-04	-1.142099e-03	-1.345251e-05	1.496712e-03
4.881660e+03	-6.551611e-04	2.356816e-03	-7.061429e-04	1.210552e-03	-1.092027e-04	-5.912089e-04
4.894050e+03	-4.301618e-03	-4.378096e-04	-3.273492e-04	3.320032e-03	5.566164e-05	1.017047e-03
4.906440e+03	-1.977617e-03	-7.562365e-04	1.107670e-03	7.723425e-04	2.070706e-04	1.201856e-03
4.918830e+03	2.248499e-04	9.105568e-04	-1.334612e-03	-1.373506e-03	-3.168289e-04	1.139449e-03
4.931220e+03	3.063842e-03	1.371218e-03	1.318866e-03	-2.305058e-03	2.589801e-04	-7.618101e-04
4.943610e+03	-3.591068e-03	1.524150e-04	9.166219e-05	2.917586e-03	-7.808105e-05	6.687566e-04
4.956000e+03	-1.504532e-03	-1.697503e-03	1.864296e-03	1.775129e-03	-2.846508e-05	-2.720218e-04
4.968390e+03	-3.750977e-03	-4.639815e-03	1.407613e-03	1.474798e-03	-4.337998e-05	2.308776e-03
4.980780e+03	4.477285e-03	2.295187e-03	3.323530e-04	-3.617293e-03	1.678252e-04	-8.561686e-04
4.993170e+03	1.172938e-04	4.046429e-03	-6.911244e-04	-6.474719e-04	-1.150688e-04	4.012842e-04
5.005560e+03	-1.281688e-03	2.146825e-03	1.399992e-04	1.389561e-03	-2.636533e-05	-1.103061e-04
5.017950e+03	-2.787231e-03	-1.749003e-03	1.027941e-03	2.222939e-03	2.611937e-05	5.606008e-04
5.030340e+03	4.146774e-03	-1.038980e-04	1.912869e-03	-2.412173e-03	2.525810e-05	-1.737616e-03
5.042730e+03	2.569068e-04	2.564259e-03	-9.675356e-04	-1.158347e-03	-1.403284e-04	8.589801e-04
5.055120e+03	1.036775e-03	3.927181e-03	5.597206e-04	-8.273204e-04	1.217186e-04	-2.109828e-04
5.067510e+03	-4.180024e-03	2.342557e-03	1.597586e-03	3.319668e-03	1.914220e-06	8.624433e-04
5.079900e+03	-1.660000e-03	-3.074657e-03	4.233768e-04	1.024743e-03	6.680699e-05	6.370574e-04
5.092290e+03	1.473226e-05	1.643816e-04	-2.015740e-03	-4.827523e-04	-1.558010e-04	4.191738e-04
5.104680e+03	1.714830e-03	7.422829e-04	5.661723e-04	-2.110449e-03	1.557145e-04	3.919199e-04
5.117070e+03	-1.464551e-03	3.134175e-03	8.917135e-06	7.075002e-04	-1.839113e-04	7.485965e-04
5.129460e+03	7.837530e-04	3.679470e-03	9.234871e-04	2.232724e-04	-5.755598e-05	-1.007461e-03
5.141850e+03	-3.379050e-03	-6.438887e-04	-4.116381e-05	2.720185e-03	2.354045e-04	6.458701e-04
5.154240e+03	-1.755352e-03	8.684385e-05	2.116578e-03	8.013980e-04	2.603546e-04	9.586627e-04
5.166630e+03	2.811495e-03	1.510137e-03	7.057222e-04	-2.140678e-03	-1.484500e-04	-6.686920e-04
5.179020e+03	-1.756567e-03	2.939914e-03	1.975711e-03	8.379775e-04	-1.035477e-04	9.065078e-04
5.191410e+03	-2.704354e-03	5.042280e-03	-5.630850e-04	2.341271e-03	-2.756533e-04	3.226138e-04
5.203800e+03	-1.517680e-03	1.587919e-03	7.516679e-04	1.054338e-03	-1.262668e-05	5.453223e-04
5.216190e+03	2.555214e-03	-5.766844e-04	9.031832e-04	-1.992488e-03	6.830869e-06	-5.763755e-04
5.228580e+03	-5.710497e-05	1.366855e-03	3.843328e-04	-6.423570e-04	-2.154990e-04	6.953880e-04
5.240970e+03	-2.723816e-03	3.330648e-03	1.395653e-04	1.148959e-03	1.067991e-04	1.530529e-03
5.253360e+03	2.041854e-04	-9.541904e-04	6.433611e-04	4.157041e-04	5.025448e-05	-6.218235e-04
5.265750e+03	8.485646e-04	-1.586112e-03	1.780370e-03	-1.203041e-05	1.126745e-05	-8.610168e-04
5.278140e+03	4.662709e-04	-1.803146e-03	1.295915e-04	-6.874389e-04	-9.186389e-05	2.077392e-04
5.290530e+03	-8.176893e-04	2.261963e-03	7.380672e-04	7.833493e-04	2.143049e-04	2.521590e-05
5.302920e+03	4.618303e-04	3.240035e-03	5.132419e-04	2.109859e-04	-7.980200e-05	-6.558136e-04
5.315310e+03	9.689033e-04	3.093838e-03	-7.020409e-04	-1.366084e-04	-5.532155e-06	-8.271871e-04
5.327700e+03	3.164895e-03	1.960648e-03	3.201269e-04	-1.386569e-03	-1.429792e-04	-1.770745e-03
5.340090e+03	9.749065e-04	6.411708e-04	-9.826956e-04	-1.450362e-03	1.939195e-04	3.277538e-04
5.352480e+03	3.443023e-04	2.864412e-03	-1.355439e-03	-2.248568e-04	7.000468e-05	-1.224720e-04
5.364870e+03	9.333962e-04	1.579324e-03	-8.483801e-04	7.441234e-05	1.731922e-05	-1.101068e-03
5.377260e+03	-1.195539e-03	-5.521962e-05	-1.243468e-04	9.976001e-04	1.279936e-04	1.917624e-04
5.389650e+03	9.276513e-05	3.363136e-03	-2.441696e-04	2.170216e-04	-1.396807e-04	-3.088362e-04
5.402040e+03	-1.815449e-04	1.536338e-03	1.336922e-04	-2.233792e-04	4.359308e-06	3.092571e-04
5.414430e+03	5.690134e-04	3.311625e-03	1.227405e-04	-1.396233e-04	2.002431e-05	-4.326259e-04
5.426820e+03	-1.639672e-03	4.468209e-03	1.937425e-04	1.982337e-03	2.919729e-04	-4.804218e-04
5.439210e+03	-1.406702e-03	1.709027e-03	-6.861708e-05	1.391525e-03	-2.485985e-05	1.222011e-05
5.451600e+03	-3.939425e-03	-1.327065e-03	-4.848018e-04	2.452520e-03	-1.058341e-05	1.482725e-03
5.463990e+03	2.269366e-03	-7.476061e-04	-7.872190e-04	-1.174378e-03	2.845239e-05	-1.079872e-03
5.476380e+03	-2.541778e-03	5.142531e-03	2.168702e-04	2.222704e-03	1.245300e-04	3.169850e-04
5.488770e+03	-1.031046e-03	3.938466e-03	5.538694e-05	1.163143e-03	-7.031394e-05	-1.209092e-04
5.501160e+03	5.055284e-05	-2.018721e-04	-2.435181e-04	5.785222e-04	1.090803e-04	-6.310881e-04
5.513550e+03	2.086854e-03	1.789294e-03	7.321290e-05	-4.271435e-04	-4.132502e-05	-1.672502e-03
5.525940e+03	-1.708814e-04	2.118817e-03	-4.864372e-04	5.716566e-05	-2.213048e-05	1.277700e-04
5.538330e+03	-1.036352e-04	-8.396683e-04	-5.428491e-05	4.609172e-04	6.617588e-05	-3.642876e-04
5.550720e+03	-3.968192e-03	3.280127e-03	-3.041551e-04	3.365128e-03	-1.067095e-04	6.251008e-04
5.563110e+03	-3.718165e-04	2.001306e-03	-2.086425e-04	4.860417e-04	-1.160585e-04	-1.240073e-04
5.575500e+03	-1.131368e-03	2.007824e-03	-1.058548e-03	1.288367e-03	-4.915629e-06	-2.079379e-04
5.587890e+03	-1.021360e-03	2.412225e-03	4.791666e-04	7.321844e-04	7.579804e-05	2.717473e-04
5.600280e+03	-2.534380e-03	9.495206e-04	-5.531442e-04	2.509095e-03	-1.965848e-04	1.591879e-05
5.612670e+03	-2.435836e-03	4.917821e-03	1.126239e-04	3.337994e-03	1.016045e-05	-1.112275e-04
5.625060e+03	-3.785403e-03	-2.645777e-03	7.039965e-04	2.486058e-03	7.942736e-05	1.294923e-03
5.637450e+03	-1.164303e-03	1.677231e-03	-6.800781e-04	1.582499e-03	-1.632228e-04	-4.867171e-04
5.649840e+03	1.379325e-03	3.862743e-03	-3.461948e-04	-1.031203e-04	6.063908e-06	-1.276599e-03
5.662230e+03	-1.504279e-03	1.080686e-03	7.942238e-04	1.585597e-03	7.237804e-05	-8.283662e-05
5.674620e+03	-5.572433e-03	-3.994774e-03	2.027766e-04	3.381049e-03	4.659475e-05	2.330722e-03
5.687010e+03	-7.062193e-04	3.602117e-03	-2.378561e-04	7.502289e-04	-7.306391e-05	-1.263977e-04
5.699400e+03	-2.826040e-03	2.416957e-03	7.141235e-04	2.899248e-03	-3.151736e-05	-8.567344e-05
5.711790e+03	-7.381773e-03	2.110935e-03	-1.428948e-04	4.325126e-03	-6.384669e-05	3.049876e-03
5.724180e+03	-3.730640e-03	1.682348e-03	-1.173258e-03	2.847163e-03	-1.071104e-04	8.820625e-04
5.736570e+03	-5.007100e-03	2.459628e-03	4.123174e-04	3.870291e-03	1.251925e-04	1.128807e-03
5.748960e+03	-1.396140e-03	2.586607e-03	6.465501e-04	1.651164e-03	8.007640e-06	-2.998254e-04
5.761350e+03	-2.710366e-03	3.594983e-03	1.441210e-03	2.580416e-03	1.187510e-04	6.927422e-05
5.773740e+03	-1.112327e-03	1.847372e-03	-6.072840e-04	1.539319e-03	-5.191366e-05	-4.487139e-04
5.786130e+03	1.164141e-03	-1.859045e-03	-6.234626e-04	1.359563e-04	6.753380e-05	-1.287054e-03
5.798520e+03	-3.356353e-03	4.113805e-03	-5.725030e-04	3.631498e-03	-5.244705e-05	-2.917922e-04
5.810910e+03	-7.098866e-03	-9.204219e-04	3.370601e-04	3.791388e-03	1.210903e-04	3.292795e-03
5.823300e+03	-1.005282e-03	3.582246e-03	3.844891e-04	1.875187e-03	1.029037e-04	-7.278905e-04
