1.300950e+03	9.774424e-02	7.448123e-02	-1.751333e-04	-9.838464e-02	6.750950e-05	7.311976e-04
1.313340e+03	6.871599e-02	9.931869e-02	-5.210493e-05	-6.903732e-02	4.169912e-05	3.999043e-04
1.325730e+03	3.902722e-02	1.141265e-01	-9.703258e-05	-3.912354e-02	-1.735267e-05	1.407097e-04
1.338120e+03	6.162970e-03	1.199761e-01	3.635045e-05	-6.334673e-03	9.643543e-06	1.762775e-04
1.350510e+03	-2.605035e-02	1.172624e-01	-7.245920e-05	2.595101e-02	7.082954e-05	1.559907e-04
1.362900e+03	-5.748545e-02	1.053979e-01	2.347126e-05	5.718754e-02	-2.758088e-05	3.185125e-04
1.375290e+03	-8.364738e-02	8.596044e-02	1.369335e-04	8.334615e-02	-7.429712e-05	3.160638e-04
1.387680e+03	-1.056610e-01	5.895384e-02	4.681149e-05	1.046510e-01	2.930425e-05	6.749932e-04
1.400070e+03	-1.174163e-01	2.761505e-02	2.417519e-05	1.165753e-01	-1.361802e-06	4.886432e-04
1.412460e+03	-1.199294e-01	-5.556748e-03	1.703010e-05	1.199334e-01	2.720008e-06	4.142333e-04
1.424850e+03	-1.145447e-01	-3.837058e-02	5.779478e-05	1.134273e-01	6.366443e-05	8.229674e-04
1.437240e+03	-9.961207e-02	-6.845553e-02	-4.488722e-05	9.869962e-02	-4.993288e-06	9.379201e-04
1.449630e+03	-7.556090e-02	-9.317005e-02	2.811392e-05	7.501440e-02	5.953314e-05	5.740050e-04
1.462020e+03	-4.708820e-02	-1.103430e-01	-2.389683e-05	4.643083e-02	3.947696e-05	6.578930e-04
1.474410e+03	-1.501167e-02	-1.192059e-01	-3.945401e-05	1.435273e-02	1.310236e-05	6.327622e-04
1.486800e+03	1.874791e-02	-1.189861e-01	-5.919256e-05	-1.951475e-02	1.773011e-05	7.929900e-04
1.499190e+03	5.128143e-02	-1.096094e-01	-1.887500e-05	-5.227573e-02	-4.500391e-05	9.188609e-04
1.511580e+03	8.067935e-02	-9.033945e-02	-3.404885e-05	-8.157692e-02	-1.125531e-04	8.504966e-04
1.523970e+03	1.028682e-01	-6.424355e-02	-2.970374e-05	-1.028752e-01	-7.234583e-05	5.154928e-04
1.536360e+03	1.177684e-01	-3.149266e-02	2.093178e-05	-1.187694e-01	4.638079e-05	7.384783e-04
1.548750e+03	1.229983e-01	3.723313e-03	-3.385321e-05	-1.229993e-01	1.476371e-06	8.479959e-04
1.561140e+03	1.165214e-01	3.971097e-02	-2.164612e-05	-1.175214e-01	6.994807e-05	7.467314e-04
1.573530e+03	9.932139e-02	7.284568e-02	-5.896127e-05	-1.002704e-01	5.919114e-05	6.068372e-04
1.585920e+03	7.495460e-02	9.873477e-02	-4.588595e-05	-7.564678e-02	-3.192888e-05	6.211493e-04
1.598310e+03	4.244482e-02	1.173286e-01	-5.030806e-05	-4.289497e-02	8.333076e-06	4.741555e-04
1.610700e+03	5.602391e-03	1.250940e-01	5.542597e-05	-5.943148e-03	-1.247833e-04	3.322214e-04
1.623090e+03	-3.247529e-02	1.218198e-01	-2.010754e-05	3.206463e-02	-6.557936e-05	4.196141e-04
1.635480e+03	-6.904261e-02	1.068864e-01	-3.945125e-05	6.873415e-02	-2.881323e-05	2.549476e-04
1.647870e+03	-9.876442e-02	8.166815e-02	1.876286e-05	9.879709e-02	-5.447952e-05	1.472080e-04
1.660260e+03	-1.213764e-01	4.679950e-02	-1.493414e-05	1.202631e-01	4.320844e-06	1.977469e-04
1.672650e+03	-1.299285e-01	6.905859e-03	7.208673e-05	1.299314e-01	-2.109296e-05	-9.994809e-05
1.685040e+03	-1.262764e-01	-3.639470e-02	1.495754e-04	1.262764e-01	-1.331668e-06	-7.431887e-05
1.697430e+03	-1.087137e-01	-7.573724e-02	1.378328e-04	1.087147e-01	4.663795e-05	5.708362e-06
1.709820e+03	-7.833651e-02	-1.065879e-01	1.677980e-04	7.863241e-02	1.267083e-04	-2.428594e-04
1.722210e+03	-3.833793e-02	-1.283292e-01	-3.751335e-05	3.856224e-02	-2.125583e-05	-2.507097e-04
1.734600e+03	6.504296e-03	-1.347055e-01	-4.697405e-05	-6.196956e-03	1.038996e-05	-2.891863e-04
1.746990e+03	5.151744e-02	-1.258412e-01	4.836747e-05	-5.109863e-02	1.181759e-04	-4.383102e-04
1.759380e+03	9.299617e-02	-1.004432e-01	-3.857132e-05	-9.222757e-02	-5.745685e-05	-5.647863e-04
1.771770e+03	1.229257e-01	-6.301640e-02	-2.116015e-05	-1.226131e-01	9.247275e-05	-3.597779e-04
1.784160e+03	1.385628e-01	-1.665100e-02	-3.229654e-05	-1.376916e-01	5.649846e-05	-5.497828e-04
1.796550e+03	1.350952e-01	3.420012e-02	-4.406881e-05	-1.349479e-01	-3.249692e-05	-6.179758e-04
1.808940e+03	1.148295e-01	8.090008e-02	-1.341748e-04	-1.147903e-01	1.072813e-04	-4.228707e-04
1.821330e+03	7.809762e-02	1.177013e-01	-7.104698e-05	-7.760008e-02	-3.696464e-05	-4.551515e-04
1.833720e+03	3.022566e-02	1.388598e-01	-1.116554e-04	-2.980474e-02	-2.558071e-05	-4.776926e-04
1.846110e+03	-2.309048e-02	1.413182e-01	-2.340929e-05	2.347267e-02	-6.745594e-05	-3.632669e-04
1.858500e+03	-7.450725e-02	1.223161e-01	1.286790e-05	7.503977e-02	-1.191576e-04	-5.336744e-04
1.870890e+03	-1.158139e-01	8.525390e-02	4.884823e-05	1.163062e-01	-9.047382e-05	-6.179713e-04
1.883280e+03	-1.406845e-01	3.486033e-02	1.071929e-04	1.408132e-01	-8.404765e-05	-4.678513e-04
1.895670e+03	-1.438483e-01	-2.213930e-02	2.100243e-04	1.442091e-01	-2.220369e-05	-3.309417e-04
1.908060e+03	-1.244830e-01	-7.633268e-02	2.287567e-04	1.244409e-01	1.078377e-04	-3.120423e-04
1.920450e+03	-8.539049e-02	-1.192018e-01	5.964637e-05	8.562071e-02	1.462574e-04	-2.039781e-04
1.932840e+03	-3.160493e-02	-1.433846e-01	9.731095e-05	3.171330e-02	1.159137e-04	-5.730488e-05
1.945230e+03	2.717495e-02	-1.442207e-01	-1.088157e-04	-2.678200e-02	-8.065236e-06	-4.007332e-04
1.957620e+03	8.317445e-02	-1.226120e-01	-3.540894e-05	-8.303444e-02	4.944031e-05	-1.865029e-04
1.970010e+03	1.249841e-01	-7.950768e-02	-7.530999e-05	-1.254738e-01	1.376436e-05	1.405712e-07
1.982400e+03	1.473868e-01	-2.134063e-02	-8.784815e-05	-1.473576e-01	-8.771930e-05	6.282369e-05
1.994790e+03	1.438191e-01	4.071431e-02	-8.009804e-05	-1.438607e-01	1.119605e-04	1.627678e-04
2.007180e+03	1.139562e-01	9.640324e-02	-1.350964e-04	-1.139132e-01	-1.742910e-05	-2.138592e-04
2.019570e+03	6.453357e-02	1.352845e-01	-1.161253e-04	-6.464061e-02	7.497553e-06	1.293075e-04
2.031960e+03	2.479158e-03	1.499970e-01	-1.457632e-04	-2.480689e-03	-2.726588e-05	4.997368e-07
2.044350e+03	-6.049946e-02	1.391827e-01	3.502972e-05	6.019746e-02	-1.819680e-04	3.169159e-04
2.056740e+03	-1.136807e-01	1.010601e-01	2.113932e-04	1.136907e-01	-1.882479e-04	2.853404e-04
2.069130e+03	-1.461398e-01	4.310447e-02	1.481643e-04	1.457615e-01	-9.658013e-05	2.560709e-05
2.081520e+03	-1.511082e-01	-2.469799e-02	2.040005e-04	1.511082e-01	-2.294610e-05	1.633804e-04
2.093910e+03	-1.262745e-01	-8.785744e-02	1.953112e-04	1.262910e-01	6.318985e-05	3.070554e-04
2.106300e+03	-7.495654e-02	-1.353202e-01	1.649056e-04	7.452238e-02	1.357475e-04	3.683482e-04
2.118690e+03	-8.018175e-03	-1.544249e-01	-4.423190e-05	7.730137e-03	8.940362e-05	2.898193e-04
2.131080e+03	6.187306e-02	-1.429398e-01	-1.161491e-04	-6.206191e-02	-3.207855e-05	2.370940e-04
2.143470e+03	1.203187e-01	-1.000463e-01	2.640707e-06	-1.203914e-01	2.698121e-04	2.407084e-04
2.155860e+03	1.542971e-01	-3.451241e-02	-7.268667e-05	-1.553004e-01	-7.176248e-05	7.296378e-04
2.168250e+03	1.532685e-01	4.228930e-02	-3.358754e-05	-1.542685e-01	5.532695e-05	6.671230e-04
2.180640e+03	1.169691e-01	1.091553e-01	-1.648788e-04	-1.169586e-01	1.343024e-04	3.273526e-04
2.193030e+03	5.087401e-02	1.534916e-01	-1.414980e-04	-5.146390e-02	3.076426e-05	6.023423e-04
2.205420e+03	-3.021323e-02	1.604433e-01	-6.911611e-05	2.970578e-02	-9.754412e-05	5.217221e-04
2.217810e+03	-1.060923e-01	1.260023e-01	7.139409e-05	1.056043e-01	-1.893967e-04	6.567529e-04
2.230200e+03	-1.575792e-01	5.612676e-02	1.337885e-04	1.565383e-01	-2.043324e-04	1.053347e-03
2.242590e+03	-1.656589e-01	-3.324372e-02	7.374780e-05	1.646589e-01	-1.400000e-04	9.169929e-04
2.254980e+03	-1.133410e-01	-1.245594e-01	5.710521e-04	1.136953e-01	1.136307e-04	-9.321701e-04
2.267370e+03	-4.320619e-02	-1.668102e-01	1.102282e-04	4.216924e-02	4.228013e-05	1.187656e-03
2.279760e+03	5.715759e-02	-1.645035e-01	-1.495178e-05	-5.855982e-02	-1.582328e-05	1.420675e-03
2.292150e+03	1.429056e-01	-1.025797e-01	4.082241e-05	-1.449240e-01	7.911537e-05	1.791405e-03
2.304540e+03	1.758198e-01	5.077427e-03	1.951684e-05	-1.778198e-01	3.048475e-04	1.752598e-03
2.316930e+03	1.351103e-01	1.164897e-01	-9.667351e-05	-1.371276e-01	2.108772e-04	2.293124e-03
2.329320e+03	2.413663e-02	1.752148e-01	-3.188020e-04	-2.624771e-02	1.360653e-04	2.094444e-03
2.341710e+03	-1.023881e-01	1.418899e-01	-3.270711e-04	1.006251e-01	-1.529483e-04	1.672336e-03
2.354100e+03	-1.650000e-01	2.162685e-02	-7.075883e-06	1.645264e-01	-3.740877e-04	9.319897e-04
2.366490e+03	-1.118982e-01	-1.049196e-01	3.234777e-04	1.129246e-01	-2.203517e-04	-1.290758e-03
2.378880e+03	1.989619e-02	-1.341316e-01	1.369160e-04	-1.572611e-02	-5.420791e-05	-4.217485e-03
2.391270e+03	1.034013e-01	-4.629705e-02	-1.514659e-04	-9.833328e-02	2.425621e-04	-4.527378e-03
2.403660e+03	6.629404e-02	5.006061e-02	5.642415e-05	-6.156898e-02	-4.441454e-04	-4.717809e-03
2.416050e+03	-1.030808e-02	4.561746e-02	1.614635e-04	1.503328e-02	1.087143e-03	-4.767650e-03
2.428440e+03	-1.105489e-02	1.822267e-03	4.284528e-05	8.706208e-03	-1.551789e-03	2.329255e-03
2.440830e+03	6.932484e-03	1.060955e-02	-6.022595e-04	-3.681443e-03	1.486347e-03	-3.256898e-03
2.453220e+03	-3.372914e-02	1.207099e-02	-7.345428e-03	2.369287e-02	-1.200832e-03	9.668894e-03
2.465610e+03	-2.873892e-02	-1.236578e-02	4.110126e-03	3.878726e-02	-1.322876e-03	-8.952644e-03
2.478000e+03	1.654823e-02	-4.259123e-02	-9.217550e-04	-1.624107e-02	-1.070535e-02	-2.938867e-04
2.490390e+03	5.794618e-02	1.035884e-02	2.085562e-03	-5.106435e-02	1.787712e-03	-6.817538e-03
2.502780e+03	4.381458e-03	7.278002e-02	-1.141700e-03	3.416158e-03	4.370746e-04	-7.826484e-03
2.515170e+03	-7.919288e-02	2.767149e-02	-5.147785e-04	8.010840e-02	-1.141568e-03	-8.943505e-04
2.527560e+03	-6.525217e-02	-7.110029e-02	1.405741e-03	6.238162e-02	-7.116720e-04	2.757569e-03
2.539950e+03	3.289290e-02	-1.019566e-01	8.782464e-04	-3.906960e-02	3.406361e-04	6.238644e-03
2.552340e+03	1.077907e-01	-2.485386e-02	9.860913e-04	-1.147961e-01	6.767837e-04	7.464095e-03
2.564730e+03	8.339050e-02	8.001376e-02	-7.076847e-04	-8.914233e-02	7.044264e-04	5.689223e-03
2.577120e+03	-1.671909e-02	1.196661e-01	-1.399546e-04	1.355815e-02	6.617308e-04	3.204969e-03
2.589510e+03	-1.079148e-01	5.598368e-02	-9.936808e-04	1.075493e-01	-8.558255e-04	9.843469e-04
2.601900e+03	-1.055586e-01	-5.760872e-02	-2.517835e-04	1.057427e-01	-1.575640e-03	-4.234828e-04
2.614290e+03	-4.637576e-03	-1.145514e-01	1.069548e-03	4.173161e-03	-7.730603e-04	4.966111e-04
2.626680e+03	9.171683e-02	-5.277715e-02	1.577672e-03	-9.160558e-02	1.943784e-04	-8.551910e-05
2.639070e+03	7.384627e-02	5.432603e-02	5.357253e-04	-7.347269e-02	1.754729e-03	-4.052363e-04
2.651460e+03	-2.148913e-02	7.016682e-02	3.214038e-05	2.012054e-02	4.661525e-04	1.222135e-03
2.663850e+03	-5.857040e-02	-7.712130e-03	-2.848567e-03	6.060900e-02	-5.149890e-03	-1.978447e-03
2.676240e+03	-6.784651e-04	-5.063674e-02	-1.786606e-03	2.810249e-03	8.808994e-04	-2.205452e-03
2.688630e+03	5.169627e-02	-2.474125e-03	-2.426753e-03	-4.765205e-02	-1.129775e-03	-3.709989e-03
2.701020e+03	1.027351e-02	5.478138e-02	-4.281198e-04	-6.747842e-03	-2.598703e-03	-3.462146e-03
2.713410e+03	-5.569779e-02	2.238291e-02	2.162387e-03	5.936478e-02	-1.005518e-04	-3.649344e-03
2.725800e+03	-4.002065e-02	-5.235329e-02	1.051689e-03	4.361271e-02	8.354085e-04	-3.599239e-03
2.738190e+03	3.454043e-02	-6.027753e-02	-1.808956e-03	-3.315426e-02	1.725070e-03	-1.450913e-03
2.750580e+03	7.449532e-02	6.951312e-03	-7.583754e-04	-7.369649e-02	-1.116714e-04	-7.296445e-04
2.762970e+03	2.718902e-02	7.150055e-02	-6.524943e-04	-2.877460e-02	-1.551262e-04	1.659060e-03
2.775360e+03	-5.170933e-02	5.998619e-02	-4.954251e-04	4.826495e-02	-2.179393e-04	3.443306e-03
2.787750e+03	-7.833148e-02	-1.532076e-02	1.008555e-04	7.439667e-02	-4.250154e-04	3.915025e-03
2.800140e+03	-2.349693e-02	-7.493861e-02	6.240552e-04	1.983071e-02	-2.636930e-04	3.682675e-03
2.812530e+03	5.530778e-02	-5.282802e-02	7.674500e-04	-5.730931e-02	2.945046e-04	1.974128e-03
2.824920e+03	6.898561e-02	2.901614e-02	1.716279e-04	-6.884077e-02	3.903198e-04	-1.510628e-04
2.837310e+03	-1.142188e-03	7.062193e-02	-7.624508e-04	3.020590e-03	5.016399e-04	-1.918347e-03
2.849700e+03	-6.238918e-02	1.959960e-02	-5.699355e-04	6.494849e-02	8.685714e-05	-2.448509e-03
2.862090e+03	-2.993700e-02	-5.016311e-02	-3.663669e-04	3.196169e-02	5.891065e-04	-2.096442e-03
2.874480e+03	4.015691e-02	-3.954944e-02	3.485380e-04	-3.898125e-02	-3.033059e-04	-1.240101e-03
2.886870e+03	4.653820e-02	2.998578e-02	1.300567e-05	-4.414598e-02	-9.944013e-05	-2.384525e-03
2.899260e+03	-1.886378e-02	5.109813e-02	9.547548e-05	2.006876e-02	-1.229155e-04	-1.365189e-03
2.911650e+03	-5.549709e-02	-5.176528e-03	5.900316e-04	5.668242e-02	3.263671e-04	-1.185872e-03
2.924040e+03	-1.129912e-02	-5.687611e-02	2.476968e-04	1.319802e-02	-2.460171e-04	-1.899395e-03
2.936430e+03	5.211381e-02	-3.282550e-02	-4.672197e-04	-5.087912e-02	-7.903784e-04	-1.189570e-03
2.948820e+03	5.156647e-02	3.457134e-02	2.561863e-04	-5.186673e-02	1.785666e-05	3.080900e-04
2.961210e+03	-1.023368e-02	6.378380e-02	2.908275e-04	8.673163e-03	-3.362478e-04	1.551483e-03
2.973600e+03	-6.282185e-02	1.958420e-02	6.457106e-04	6.017625e-02	3.017396e-04	2.653104e-03
2.985990e+03	-4.563070e-02	-4.588458e-02	3.529166e-04	4.380668e-02	1.433287e-04	1.831215e-03
2.998380e+03	2.249259e-02	-5.903093e-02	-5.576738e-05	-2.378319e-02	1.702925e-04	1.324689e-03
3.010770e+03	6.118961e-02	-1.318192e-03	-1.849880e-04	-6.098786e-02	3.078597e-04	-2.259068e-04
3.023160e+03	2.284466e-02	5.491135e-02	-4.864740e-04	-2.150956e-02	-5.988166e-05	-1.308891e-03
3.035550e+03	-4.162233e-02	3.643737e-02	-8.358358e-07	4.352170e-02	-3.066180e-04	-1.885651e-03
3.047940e+03	-4.435757e-02	-2.942927e-02	4.661288e-05	4.606998e-02	-7.788092e-05	-1.779506e-03
3.060330e+03	1.639923e-02	-5.058791e-02	2.027852e-04	-1.502695e-02	2.041418e-05	-1.370391e-03
3.072720e+03	5.377045e-02	9.271184e-04	7.132892e-06	-5.237220e-02	5.537656e-05	-1.369248e-03
3.085110e+03	1.496265e-02	5.203819e-02	1.773178e-04	-1.414865e-02	-3.073139e-04	-8.207267e-04
3.097500e+03	-4.441138e-02	3.286985e-02	7.251278e-05	4.559531e-02	4.969962e-05	-1.203414e-03
3.109890e+03	-4.711112e-02	-3.082324e-02	1.140094e-04	4.800955e-02	4.367016e-04	-8.833583e-04
3.122280e+03	1.096907e-02	-5.585680e-02	-1.874605e-04	-1.065435e-02	-6.416814e-05	-2.145718e-04
3.134670e+03	5.617683e-02	-1.271165e-02	1.769758e-04	-5.727109e-02	-3.448278e-05	1.075559e-03
3.147060e+03	3.333867e-02	4.711429e-02	-1.353274e-04	-3.478879e-02	-1.845814e-04	1.486049e-03
3.159450e+03	-2.983596e-02	4.958961e-02	-7.773080e-05	2.854312e-02	-3.830758e-05	1.298546e-03
3.171840e+03	-5.651792e-02	-7.900260e-03	1.786482e-04	5.544855e-02	-4.479633e-05	1.014950e-03
3.184230e+03	-1.308617e-02	-5.358207e-02	2.927725e-04	1.336140e-02	-4.857100e-05	-2.773399e-04
3.196620e+03	4.475754e-02	-2.955857e-02	-2.143003e-05	-4.348623e-02	-1.047406e-04	-1.230547e-03
3.209010e+03	4.231465e-02	3.108917e-02	1.041289e-04	-4.111308e-02	1.223655e-04	-1.248047e-03
3.221400e+03	-1.525747e-02	4.754122e-02	3.453337e-05	1.619261e-02	4.393404e-04	-1.026724e-03
3.233790e+03	-4.859297e-02	-9.979517e-04	1.740406e-04	4.899502e-02	-1.039254e-04	-3.996944e-04
3.246180e+03	-1.386038e-02	-4.729322e-02	6.099836e-04	1.476017e-02	-3.139959e-04	-9.640007e-04
3.258570e+03	4.088615e-02	-2.796288e-02	2.574477e-04	-4.002617e-02	9.611254e-04	-8.371569e-04
3.270960e+03	4.011715e-02	2.848740e-02	1.056511e-05	-3.917331e-02	1.168020e-04	-8.766477e-04
3.283350e+03	-1.305429e-02	4.760603e-02	-2.606679e-04	1.330447e-02	-3.308876e-04	-2.682504e-04
3.295740e+03	-4.899987e-02	5.595362e-03	-2.869911e-04	4.889988e-02	-4.239897e-04	9.953901e-05
3.308130e+03	-2.287722e-02	-4.296245e-02	1.419229e-04	2.228819e-02	-4.523968e-04	6.392424e-04
3.320520e+03	3.099406e-02	-3.669789e-02	2.733339e-04	-3.188425e-02	-3.495597e-05	8.841033e-04
3.332910e+03	4.488632e-02	1.613427e-02	5.752687e-06	-4.542103e-02	1.879551e-04	5.239383e-04
3.345300e+03	1.703869e-03	4.764767e-02	-2.234475e-04	-1.953481e-03	3.211292e-04	2.788566e-04
3.357690e+03	-4.352761e-02	1.784839e-02	-1.173421e-04	4.338307e-02	-1.769821e-04	1.509737e-04
3.370080e+03	-3.121814e-02	-3.524039e-02	3.056032e-04	3.162687e-02	-1.277331e-04	-4.270153e-04
3.382470e+03	2.296798e-02	-4.009672e-02	-6.001324e-05	-2.189262e-02	-4.225404e-04	-1.032306e-03
3.394860e+03	4.643647e-02	9.241664e-03	-2.327291e-04	-4.562895e-02	-5.756296e-05	-8.089784e-04
3.407250e+03	7.293713e-03	4.571554e-02	1.582517e-06	-6.757785e-03	3.200624e-04	-5.272410e-04
3.419640e+03	-4.115231e-02	2.137856e-02	-3.564207e-04	4.213030e-02	3.500177e-06	-9.024459e-04
3.432030e+03	-3.294349e-02	-3.260335e-02	8.999813e-05	3.355549e-02	-2.304664e-04	-5.653044e-04
3.444420e+03	1.954631e-02	-4.261614e-02	2.049214e-04	-1.910298e-02	-3.733371e-04	-5.026142e-04
3.456810e+03	4.738957e-02	3.228843e-03	9.039817e-05	-4.738531e-02	3.378513e-04	-3.582903e-05
3.469200e+03	1.405702e-02	4.515593e-02	1.218090e-04	-1.435458e-02	2.020743e-04	2.983394e-04
3.481590e+03	-3.651952e-02	3.073212e-02	-3.782732e-04	3.628226e-02	5.672953e-05	2.745740e-04
3.493980e+03	-4.145658e-02	-2.248546e-02	3.033427e-05	4.094111e-02	-4.356818e-04	4.471163e-04
3.506370e+03	6.383280e-03	-4.583984e-02	8.660013e-05	-6.844416e-03	-3.611570e-05	4.768259e-04
3.518760e+03	4.511304e-02	-1.070459e-02	2.189766e-04	-4.530817e-02	9.759971e-05	1.427323e-04
3.531150e+03	2.527664e-02	3.835082e-02	-1.644061e-04	-2.496304e-02	-6.867812e-05	-3.092769e-04
3.543540e+03	-2.669192e-02	3.634295e-02	-1.308461e-04	2.728644e-02	-6.472442e-05	-5.637803e-04
3.555930e+03	-4.211841e-02	-1.366063e-02	1.318589e-04	4.241383e-02	-1.662332e-04	-4.263778e-04
3.568320e+03	-4.858436e-04	-4.337303e-02	1.719921e-04	1.271411e-03	-1.915018e-04	-7.654263e-04
3.580710e+03	4.145643e-02	-1.407580e-02	2.976537e-05	-4.065375e-02	3.119106e-04	-8.459337e-04
3.593100e+03	2.677515e-02	3.434695e-02	-1.164953e-04	-2.620577e-02	-1.677509e-04	-5.518556e-04
3.605490e+03	-2.264095e-02	3.728458e-02	-1.842514e-04	2.292692e-02	-2.190350e-04	-2.356501e-04
3.617880e+03	-4.251518e-02	-8.936158e-03	1.110607e-04	4.257620e-02	-2.163214e-04	-4.659028e-05
3.630270e+03	-6.422699e-03	-4.208003e-02	9.128141e-05	6.403257e-03	-6.776561e-05	2.968852e-05
3.642660e+03	3.733441e-02	-2.067031e-02	1.785023e-05	-3.740698e-02	2.922891e-05	5.586553e-05
3.655050e+03	3.241054e-02	2.769912e-02	-1.190161e-04	-3.262845e-02	1.298492e-04	2.019653e-04
3.667440e+03	-1.423897e-02	4.030578e-02	-1.899067e-04	1.426993e-02	-1.712974e-04	6.261365e-05
3.679830e+03	-4.184056e-02	4.512305e-04	3.372332e-06	4.164147e-02	-6.469470e-05	1.776401e-04
3.692220e+03	-1.422022e-02	-3.862702e-02	1.556383e-04	1.434993e-02	9.277391e-05	-1.380310e-04
3.704610e+03	3.164900e-02	-2.642044e-02	1.958509e-04	-3.151230e-02	4.088679e-04	-1.898471e-04
3.717000e+03	3.509709e-02	2.135229e-02	2.270110e-05	-3.444148e-02	-7.993063e-05	-5.369308e-04
3.729390e+03	-8.096386e-03	3.911398e-02	-2.411447e-04	8.364858e-03	-1.762647e-04	-2.714476e-04
3.741780e+03	-3.913357e-02	5.185161e-03	-2.544196e-04	3.973357e-02	-2.255204e-04	-5.634287e-04
3.754170e+03	-1.754591e-02	-3.612730e-02	3.852694e-04	1.772592e-02	1.179067e-04	-2.251126e-04
3.766560e+03	2.841348e-02	-2.783697e-02	-2.390952e-05	-2.803194e-02	4.710771e-05	-4.038169e-04
3.778950e+03	3.524828e-02	1.750038e-02	-7.664135e-05	-3.484637e-02	-1.200084e-04	-3.849853e-04
3.791340e+03	-4.350126e-03	3.918413e-02	-8.294178e-05	4.514895e-03	-2.614628e-04	-1.615842e-04
3.803730e+03	-3.817169e-02	9.103477e-03	1.105701e-04	3.822061e-02	-4.454027e-05	-9.151885e-05
3.816120e+03	-2.141942e-02	-3.256662e-02	-3.018836e-05	2.118915e-02	-8.872387e-05	1.747665e-04
3.828510e+03	2.300000e-02	-3.080000e-02	1.040000e-04	-2.310000e-02	1.160000e-04	7.550000e-05
3.840900e+03	3.670272e-02	1.150991e-02	-2.366359e-04	-3.673478e-02	6.357798e-05	5.665336e-05
3.853290e+03	1.439417e-03	3.791079e-02	-3.437897e-04	-1.632107e-03	-3.286126e-04	1.574091e-04
3.865680e+03	-3.517088e-02	1.455061e-02	-6.656620e-05	3.541272e-02	-2.868519e-04	-2.548788e-04
3.878070e+03	-2.454540e-02	-2.825852e-02	1.334712e-04	2.472292e-02	-1.889980e-04	-2.081594e-04
3.890460e+03	1.896215e-02	-3.237115e-02	2.639139e-04	-1.866105e-02	1.938461e-04	-2.532061e-04
3.902850e+03	3.644976e-02	7.534465e-03	2.954490e-05	-3.602898e-02	1.141260e-04	-3.870242e-04
3.915240e+03	4.752034e-03	3.659044e-02	-3.948095e-05	-4.365782e-03	1.541814e-04	-3.924176e-04
3.927630e+03	-3.258739e-02	1.622611e-02	-3.361964e-04	3.302076e-02	-2.548807e-04	-4.622443e-04
3.940020e+03	-2.519680e-02	-2.587624e-02	-3.387501e-05	2.559871e-02	-1.288443e-04	-4.165533e-04
3.952410e+03	1.659257e-02	-3.280177e-02	1.764439e-04	-1.620724e-02	1.632900e-04	-4.124530e-04
3.964800e+03	3.671532e-02	5.138143e-03	3.532542e-05	-3.632424e-02	2.048852e-04	-4.329991e-04
3.977190e+03	7.772215e-03	3.572046e-02	-6.115843e-06	-7.647849e-03	9.804566e-05	-1.340472e-04
3.989580e+03	-3.073178e-02	1.918711e-02	-1.605116e-04	3.081414e-02	-2.089818e-04	-1.384201e-04
4.001970e+03	-2.813383e-02	-2.233811e-02	1.256533e-04	2.834118e-02	-2.407568e-04	-1.496500e-04
4.014360e+03	1.219315e-02	-3.392496e-02	1.495652e-04	-1.207957e-02	1.640952e-04	-1.158615e-04
4.026750e+03	3.536895e-02	4.644965e-04	2.257219e-04	-3.516311e-02	1.968090e-04	-1.771049e-04
4.039140e+03	1.187832e-02	3.387882e-02	-1.936254e-04	-1.147422e-02	6.222723e-05	-3.685667e-04
4.051530e+03	-2.788868e-02	2.158852e-02	-1.557107e-04	2.819439e-02	-2.679429e-04	-3.450056e-04
4.063920e+03	-2.811227e-02	-1.964200e-02	1.668851e-04	2.882411e-02	-1.721376e-04	-6.462693e-04
4.076310e+03	9.781949e-03	-3.332325e-02	1.194678e-04	-9.381265e-03	4.317427e-05	-3.988419e-04
4.088700e+03	3.441128e-02	-1.177901e-03	2.908238e-04	-3.403507e-02	2.072319e-04	-3.474383e-04
4.101090e+03	1.295051e-02	3.308781e-02	5.234372e-06	-1.247385e-02	1.313203e-05	-4.583942e-04
4.113480e+03	-2.628409e-02	2.289947e-02	-6.324302e-05	2.665063e-02	-4.458652e-05	-3.569453e-04
4.125870e+03	-3.000177e-02	-1.784351e-02	-4.643330e-05	2.999972e-02	-9.310220e-05	-8.337913e-05
4.138260e+03	6.974130e-03	-3.377357e-02	2.623242e-04	-6.719811e-03	1.126384e-04	-2.753726e-04
4.150650e+03	3.421845e-02	-4.535377e-03	-1.055584e-04	-3.409343e-02	1.787941e-04	-1.540989e-04
4.163040e+03	1.582134e-02	3.049265e-02	-1.130640e-04	-1.569796e-02	2.182356e-04	-7.943353e-05
4.175430e+03	-2.402680e-02	2.493633e-02	-9.929919e-05	2.382088e-02	-6.910621e-05	1.244058e-04
4.187820e+03	-3.074653e-02	-1.363440e-02	-2.111808e-04	3.072872e-02	-2.077814e-04	-4.693744e-05
4.200210e+03	3.759825e-03	-3.339558e-02	2.699148e-05	-3.506452e-03	1.364112e-04	-2.537067e-04
4.212600e+03	3.301427e-02	-7.897621e-03	-5.222376e-05	-3.281427e-02	1.313115e-04	-2.613172e-04
4.224990e+03	1.825047e-02	2.817237e-02	5.487615e-05	-1.772793e-02	5.121043e-05	-4.616512e-04
4.237380e+03	-2.043027e-02	2.599478e-02	9.067231e-05	2.090765e-02	-1.545986e-04	-4.624448e-04
4.249770e+03	-3.053072e-02	-1.130521e-02	1.506117e-04	3.106549e-02	-1.406305e-04	-4.317684e-04
4.262160e+03	9.710299e-04	-3.259205e-02	-6.971440e-05	-7.948508e-04	2.124727e-05	-1.794521e-04
4.274550e+03	3.162731e-02	-9.735303e-03	-1.845282e-04	-3.123610e-02	1.335250e-04	-4.139613e-04
4.286940e+03	1.916678e-02	2.636215e-02	-2.426121e-04	-1.911022e-02	4.257130e-05	-3.517082e-05
4.299330e+03	-1.786481e-02	2.681208e-02	-1.349497e-05	1.819242e-02	-2.052989e-04	-2.799991e-04
4.311720e+03	-2.989800e-02	-8.470379e-03	1.795670e-05	3.041410e-02	-1.826409e-04	-4.241804e-04
4.324110e+03	-2.040329e-03	-3.109107e-02	1.238964e-04	2.096685e-03	2.350711e-05	-7.036385e-05
4.336500e+03	2.893193e-02	-1.173191e-02	7.553317e-05	-2.872213e-02	6.906719e-05	-2.499626e-04
4.348890e+03	2.061072e-02	2.375850e-02	5.593626e-05	-2.036718e-02	-3.849862e-05	-2.548716e-04
4.361280e+03	-1.506837e-02	2.652435e-02	-7.695831e-05	1.531015e-02	-5.055435e-05	-1.896083e-04
4.373670e+03	-2.905506e-02	-5.507385e-03	2.443383e-04	2.947353e-02	-2.271679e-04	-3.855858e-04
4.386060e+03	-3.826783e-03	-2.897573e-02	3.648696e-04	4.100397e-03	-4.083125e-06	-2.655486e-04
4.398450e+03	2.662991e-02	-1.241662e-02	-1.169055e-04	-2.617412e-02	2.224251e-04	-4.491443e-04
4.410840e+03	2.011863e-02	2.098781e-02	-2.108730e-04	-1.991736e-02	2.329340e-04	-2.191818e-04
4.423230e+03	-1.341939e-02	2.541160e-02	7.770315e-06	1.356072e-02	-6.883097e-05	-1.596526e-04
4.435620e+03	-2.775612e-02	-4.724119e-03	1.307106e-04	2.800225e-02	-1.279159e-04	-2.864609e-04
4.448010e+03	-4.074947e-03	-2.749977e-02	1.950916e-04	4.517538e-03	-3.060629e-05	-4.369567e-04
4.460400e+03	2.483969e-02	-1.280781e-02	8.318315e-05	-2.457059e-02	1.857780e-04	-2.074808e-04
4.472790e+03	1.971012e-02	1.926149e-02	1.346817e-04	-1.960434e-02	7.711326e-05	-8.603126e-05
4.485180e+03	-1.098219e-02	2.459514e-02	-7.832755e-05	1.148484e-02	-2.703726e-05	-4.847810e-04
4.497570e+03	-2.657822e-02	-2.689938e-03	2.000308e-04	2.671848e-02	-2.075022e-04	-1.188807e-04
4.509960e+03	-5.763670e-03	-2.555746e-02	2.961703e-04	5.781119e-03	1.124719e-05	-1.754819e-05
4.522350e+03	2.310483e-02	-1.272189e-02	5.481580e-05	-2.283912e-02	7.124789e-05	-2.683581e-04
4.534740e+03	1.988905e-02	1.772151e-02	-1.979936e-04	-1.981125e-02	5.133835e-05	-1.422136e-04
4.547130e+03	-1.015003e-02	2.397911e-02	-1.573173e-04	1.028377e-02	-5.083568e-05	-1.357259e-04
4.559520e+03	-2.469907e-02	-2.328354e-03	7.553357e-05	2.509908e-02	-2.841399e-04	-3.896600e-04
4.571910e+03	-5.279111e-03	-2.445841e-02	2.189378e-04	5.627593e-03	-8.268010e-05	-3.407678e-04
4.584300e+03	2.153065e-02	-1.257784e-02	2.020549e-04	-2.123678e-02	5.328625e-05	-3.045785e-04
4.596690e+03	1.903505e-02	1.637260e-02	2.199279e-04	-1.856441e-02	-8.529803e-05	-4.459617e-04
4.609080e+03	-9.103188e-03	2.331113e-02	-5.080682e-05	9.326506e-03	-1.817589e-04	-2.394050e-04
4.621470e+03	-2.423382e-02	-1.333477e-03	9.803461e-05	2.435137e-02	-1.428461e-04	-2.097185e-04
4.633860e+03	-6.320382e-03	-2.303193e-02	1.620695e-04	6.411565e-03	6.085004e-05	-8.702734e-05
4.646250e+03	1.992876e-02	-1.269703e-02	1.543747e-04	-1.962853e-02	1.524757e-04	-3.226313e-04
4.658640e+03	1.846534e-02	1.499290e-02	-1.385792e-04	-1.833885e-02	1.866581e-04	-1.244451e-04
4.671030e+03	-7.938159e-03	2.186857e-02	-1.103078e-05	8.196949e-03	-1.071343e-04	-2.663949e-04
4.683420e+03	-2.260598e-02	-6.870845e-04	1.765663e-05	2.289448e-02	-8.006695e-05	-2.168177e-04
4.695810e+03	-6.332708e-03	-2.149434e-02	-2.330729e-05	6.603620e-03	1.042703e-04	-2.728830e-04
4.708200e+03	1.850736e-02	-1.227464e-02	3.117501e-04	-1.806213e-02	-1.103410e-04	-4.310156e-04
4.720590e+03	1.741888e-02	1.349219e-02	-1.004116e-04	-1.701780e-02	9.311007e-05	-4.240645e-04
4.732980e+03	-7.174602e-03	2.067699e-02	-2.889801e-04	7.305047e-03	2.109277e-04	-1.290187e-04
4.745370e+03	-2.119021e-02	-3.245697e-04	2.404691e-05	2.139786e-02	-1.158970e-04	-2.560331e-04
4.757760e+03	-5.919709e-03	-1.982420e-02	2.016805e-04	6.136676e-03	-1.896695e-04	-2.375192e-04
4.770150e+03	1.708481e-02	-1.174719e-02	6.640419e-05	-1.686857e-02	1.344101e-04	-2.648840e-04
4.782540e+03	1.664174e-02	1.266071e-02	-3.569346e-05	-1.654785e-02	1.776708e-05	-4.511352e-05
4.794930e+03	-6.193097e-03	1.946679e-02	7.199332e-06	6.298341e-03	-7.238808e-05	-1.106631e-04
4.807320e+03	-1.958512e-02	5.928434e-05	7.226803e-05	1.978806e-02	-3.912689e-05	-1.713251e-04
4.819710e+03	-5.702061e-03	-1.866433e-02	1.407466e-04	6.057019e-03	-2.539500e-04	-3.488405e-04
4.832100e+03	1.544334e-02	-1.089053e-02	-1.345638e-05	-1.517488e-02	1.045294e-04	-2.341428e-04
4.844490e+03	1.524800e-02	1.101825e-02	-9.103459e-05	-1.497517e-02	5.205270e-05	-2.961885e-04
4.856880e+03	-5.494650e-03	1.761268e-02	-5.331595e-05	5.706183e-03	-2.218650e-04	-2.119251e-04
4.869270e+03	-1.760979e-02	-2.169854e-04	3.726563e-05	1.811128e-02	-4.105257e-04	-4.541210e-04
4.881660e+03	-4.929788e-03	-1.684293e-02	5.839341e-05	5.326682e-03	-3.934570e-04	-3.733979e-04
4.894050e+03	1.424089e-02	-9.792360e-03	5.146319e-05	-1.394214e-02	-7.030786e-05	-2.847663e-04
4.906440e+03	1.351120e-02	1.034819e-02	-9.956423e-05	-1.311166e-02	-1.084440e-05	-4.535593e-04
4.918830e+03	-5.516558e-03	1.627092e-02	-2.923435e-05	5.709997e-03	2.890297e-04	-1.878087e-04
4.931220e+03	-1.593209e-02	-2.432111e-05	1.023521e-04	1.613190e-02	-5.068645e-05	-2.107001e-04
4.943610e+03	-4.275142e-03	-1.498103e-02	7.771364e-05	4.398523e-03	-1.555956e-05	-1.448354e-04
4.956000e+03	1.305344e-02	-8.512398e-03	7.627320e-05	-1.284016e-02	1.666448e-04	-2.060791e-04
4.968390e+03	1.216461e-02	9.534056e-03	-2.266434e-05	-1.192367e-02	3.014110e-05	-2.320413e-04
4.980780e+03	-4.842338e-03	1.394796e-02	-1.898742e-05	5.026991e-03	-5.150015e-05	-1.678324e-04
4.993170e+03	-1.416034e-02	-6.486240e-04	1.377119e-04	1.425072e-02	-3.314423e-05	-6.030737e-05
5.005560e+03	-3.513587e-03	-1.334510e-02	1.696686e-04	3.700215e-03	-7.487887e-05	-1.898171e-04
5.017950e+03	1.168157e-02	-6.989337e-03	1.421639e-04	-1.148472e-02	1.839291e-04	-1.695352e-04
5.030340e+03	1.021158e-02	8.756844e-03	-8.361134e-06	-9.947545e-03	6.123446e-05	-2.758313e-04
5.042730e+03	-4.916857e-03	1.230750e-02	7.854786e-05	4.972087e-03	1.248765e-04	-6.667790e-05
5.055120e+03	-1.227182e-02	-1.170854e-03	8.066386e-05	1.254854e-02	-3.055161e-04	-3.065352e-04
5.067510e+03	-2.282949e-03	-1.214397e-02	1.247380e-04	2.444433e-03	1.202605e-04	-1.640850e-04
5.079900e+03	1.052923e-02	-5.393714e-03	4.622526e-05	-1.013336e-02	-1.473551e-06	-4.291103e-04
5.092290e+03	7.963803e-03	5.643431e-03	-1.449961e-04	-8.008079e-03	-4.196670e-04	-1.599214e-05
5.104680e+03	-6.000616e-03	8.000468e-03	-1.848869e-04	5.695275e-03	-2.836539e-04	3.086032e-04
5.117070e+03	-1.139210e-02	-2.576237e-03	-1.151735e-04	1.148937e-02	-2.046862e-04	-5.380576e-05
5.129460e+03	-1.407081e-03	-1.116897e-02	-1.848120e-04	1.324963e-03	-2.043533e-04	6.389316e-05
5.141850e+03	9.698203e-03	-3.976806e-03	-7.826221e-05	-9.596343e-03	-4.095385e-05	-1.385100e-04
5.154240e+03	6.663495e-03	7.985347e-03	-1.045068e-04	-6.543871e-03	-9.416898e-05	-1.314313e-04
5.166630e+03	-5.406764e-03	8.623870e-03	1.151981e-06	5.668326e-03	-2.156837e-05	-2.577291e-04
5.179020e+03	-9.267154e-03	-2.794287e-03	4.090397e-05	9.321863e-03	-6.747742e-05	-7.834457e-05
5.191410e+03	-2.769507e-04	-9.689666e-03	-1.711318e-05	2.937063e-04	-3.266090e-05	-3.223721e-05
5.203800e+03	8.755445e-03	-2.487441e-03	-1.388567e-04	-8.567741e-03	-4.444986e-05	-1.840316e-04
5.216190e+03	4.992345e-03	7.496883e-03	-9.566451e-05	-4.809699e-03	-5.926658e-05	-1.885709e-04
5.228580e+03	-5.337343e-03	6.797111e-03	-1.449494e-04	5.618180e-03	-1.673233e-04	-2.793997e-04
5.240970e+03	-7.615427e-03	-3.481121e-03	7.323103e-05	7.932281e-03	-6.917895e-05	-3.101891e-04
5.253360e+03	1.490419e-03	-8.281905e-03	-7.508319e-05	-1.180435e-03	-1.008323e-04	-3.100630e-04
5.265750e+03	8.503482e-03	-9.001565e-04	-3.117030e-05	-8.111944e-03	-1.816598e-06	-3.773247e-04
5.278140e+03	3.592504e-03	7.736659e-03	-2.956785e-05	-3.323283e-03	-2.308113e-05	-2.612632e-04
5.290530e+03	-5.965023e-03	5.331048e-03	-4.749192e-05	6.155132e-03	-3.258963e-05	-1.723218e-04
5.302920e+03	-6.087574e-03	-3.876654e-03	-1.542140e-04	6.476883e-03	-2.154466e-05	-3.846353e-04
5.315310e+03	2.924936e-03	-7.181058e-03	-2.069001e-04	-2.538507e-03	-8.112783e-06	-3.937595e-04
5.327700e+03	7.482066e-03	-9.490830e-05	-1.850265e-04	-7.477824e-03	-4.350895e-05	-8.925501e-06
5.340090e+03	1.693805e-03	7.199127e-03	-1.574044e-05	-1.599740e-03	-3.204686e-05	-1.222276e-04
5.352480e+03	-6.582606e-03	3.452142e-03	-2.331169e-05	6.618959e-03	-8.454684e-05	-6.119088e-05
5.364870e+03	-5.602960e-03	-4.974378e-03	-5.409674e-05	5.721919e-03	-7.265832e-06	-1.555321e-04
5.377260e+03	2.664914e-03	-6.519726e-03	-3.805314e-05	-2.760761e-03	1.748996e-05	4.082364e-05
5.389650e+03	7.164651e-03	1.634633e-03	-4.629327e-04	-6.938749e-03	-3.259754e-05	-2.317952e-04
5.402040e+03	1.687465e-04	7.396874e-03	-2.659851e-04	-2.607543e-04	-5.613187e-05	6.247254e-05
5.414430e+03	-6.493318e-03	2.964988e-03	-9.153472e-05	6.752632e-03	-6.619221e-05	-2.200307e-04
5.426820e+03	-4.387981e-03	-5.119437e-03	3.107042e-05	4.528607e-03	-2.936862e-05	-1.383689e-04
5.439210e+03	4.690242e-03	-5.372691e-03	-2.697590e-05	-4.298635e-03	4.171396e-05	-4.066049e-04
5.451600e+03	7.280493e-03	2.463531e-03	4.478127e-05	-6.833642e-03	9.669970e-05	-4.567692e-04
5.463990e+03	-4.722608e-04	6.974591e-03	1.775367e-04	6.066302e-04	1.099752e-05	-1.292814e-04
5.476380e+03	-6.660011e-03	1.398576e-03	1.405653e-04	6.815392e-03	-3.329625e-05	-1.677061e-04
5.488770e+03	-3.142800e-03	-6.332088e-03	2.032583e-04	3.376767e-03	-8.677215e-05	-2.328971e-04
5.501160e+03	5.210635e-03	-4.907523e-03	1.770212e-04	-4.914479e-03	-3.580705e-05	-2.658072e-04
5.513550e+03	6.593130e-03	3.670792e-03	2.191431e-04	-6.385955e-03	-7.198447e-05	-2.086169e-04
5.525940e+03	-1.145461e-03	6.838730e-03	3.518153e-04	1.312788e-03	-9.616481e-05	-1.699551e-04
5.538330e+03	-6.640017e-03	8.957040e-04	1.410569e-04	6.834068e-03	-8.129058e-05	-1.911134e-04
5.550720e+03	-2.432420e-03	-6.084585e-03	1.804591e-04	2.566184e-03	-1.138125e-04	-1.351648e-04
5.563110e+03	5.692107e-03	-4.269401e-03	1.867676e-04	-5.301588e-03	-1.413725e-04	-3.923671e-04
5.575500e+03	5.789676e-03	4.139921e-03	5.967816e-04	-5.505968e-03	-3.048561e-04	-3.055123e-04
5.587890e+03	-2.417247e-03	6.614268e-03	2.020199e-04	2.548220e-03	-1.918925e-04	-1.394314e-04
5.600280e+03	-6.875872e-03	-4.888688e-04	2.264678e-04	7.129359e-03	-1.984383e-04	-3.067966e-04
5.612670e+03	-1.479403e-03	-6.729382e-03	1.778895e-04	1.734280e-03	-8.492770e-05	-2.549845e-04
5.625060e+03	5.939358e-03	-3.449930e-03	2.885492e-04	-5.732343e-03	-1.575509e-04	-2.055227e-04
5.637450e+03	5.180789e-03	4.967812e-03	8.450883e-05	-4.959609e-03	-4.735788e-05	-2.240968e-04
5.649840e+03	-2.922942e-03	6.491641e-03	-6.352800e-05	2.959780e-03	3.861383e-05	-4.501258e-05
5.662230e+03	-6.685094e-03	-5.775089e-04	2.122151e-05	6.624864e-03	2.795375e-05	5.095541e-05
5.674620e+03	-5.892554e-04	-6.433599e-03	4.068898e-05	6.178831e-04	-1.007005e-05	-2.946978e-05
5.687010e+03	6.600375e-03	-1.907468e-03	-2.318516e-04	-6.785168e-03	1.309764e-04	1.491110e-04
5.699400e+03	4.642650e-03	5.643379e-03	-1.579534e-04	-4.372623e-03	9.645925e-05	-2.680297e-04
5.711790e+03	-3.642799e-03	6.058030e-03	9.209258e-05	3.967285e-03	-8.983437e-05	-3.431523e-04
5.724180e+03	-6.350717e-03	-1.666419e-03	-4.427247e-07	6.528942e-03	1.474013e-05	-2.079498e-04
5.736570e+03	3.963347e-04	-6.568964e-03	3.861015e-05	-2.484248e-04	4.090877e-05	-1.492815e-04
5.748960e+03	6.980311e-03	-1.870540e-03	5.723003e-05	-6.758127e-03	-1.451529e-04	-2.655944e-04
5.761350e+03	4.360372e-03	6.369941e-03	3.523411e-05	-3.998033e-03	-2.065135e-04	-3.532751e-04
5.773740e+03	-4.097004e-03	5.805759e-03	-1.013876e-06	4.230192e-03	-1.699107e-04	-1.421683e-04
5.786130e+03	-6.406277e-03	-2.435016e-03	1.182582e-04	6.517923e-03	-2.932385e-04	-1.220421e-04
5.798520e+03	8.028953e-04	-6.497689e-03	9.507730e-05	-7.723404e-04	7.454389e-06	-3.946502e-05
5.810910e+03	7.091121e-03	-7.887790e-04	7.388708e-05	-6.862508e-03	-2.599648e-05	-2.257468e-04
5.823300e+03	3.322980e-03	7.074324e-03	-3.766897e-05	-3.062190e-03	1.306959e-04	-2.546493e-04
5.835690e+03	-4.985342e-03	5.646328e-03	9.336267e-05	5.053029e-03	3.494712e-05	-7.390241e-05
5.848080e+03	-6.314137e-03	-3.133947e-03	1.190653e-04	6.449975e-03	5.581817e-05	-1.657391e-04
5.860470e+03	1.601720e-03	-6.866264e-03	1.057751e-04	-1.510139e-03	-1.176390e-04	-1.239484e-04
5.872860e+03	7.338886e-03	-7.114895e-04	3.796177e-06	-7.115042e-03	1.350000e-04	-2.500081e-04
5.885250e+03	3.420298e-03	6.649877e-03	1.504489e-05	-3.368125e-03	-5.838962e-05	-8.506521e-05
5.897640e+03	-5.030623e-03	5.045311e-03	3.292779e-05	5.052656e-03	-2.011180e-04	-2.930609e-05
5.910030e+03	-6.129537e-03	-3.801820e-03	5.915666e-06	6.309796e-03	-2.797669e-05	-1.807973e-04
5.922420e+03	1.909282e-03	-7.115259e-03	1.466434e-05	-1.774016e-03	-1.181497e-04	-1.346703e-04
5.934810e+03	7.369998e-03	-2.937942e-04	-3.037424e-05	-7.269999e-03	8.019619e-05	-1.036702e-04
5.947200e+03	2.636275e-03	7.191726e-03	-4.661880e-06	-2.635611e-03	9.269320e-05	1.322740e-05
5.959590e+03	-5.671252e-03	4.354131e-03	-5.660020e-05	5.795172e-03	-1.752080e-04	-1.346405e-04
5.971980e+03	-5.818429e-03	-3.789967e-03	6.532121e-05	6.076165e-03	3.485040e-05	-2.599858e-04
5.984370e+03	2.232182e-03	-6.614855e-03	1.025394e-04	-2.038627e-03	1.463817e-04	-1.974973e-04
5.996760e+03	7.147056e-03	3.609733e-04	5.201061e-07	-6.862927e-03	-8.538119e-05	-2.945559e-04
6.009150e+03	1.888118e-03	7.050900e-03	-1.212611e-04	-1.733641e-03	-1.237020e-04	-1.599835e-04
6.021540e+03	-5.914075e-03	4.337821e-03	-4.491108e-05	6.022867e-03	-1.104528e-04	-1.321695e-04
6.033930e+03	-5.627170e-03	-4.319332e-03	-8.760825e-05	5.815448e-03	-3.949493e-05	-1.861077e-04
6.046320e+03	2.728344e-03	-6.450343e-03	1.399415e-05	-2.569721e-03	4.280277e-05	-1.589511e-04
6.058710e+03	7.380171e-03	5.370049e-04	1.198700e-04	-7.133955e-03	1.623653e-04	-2.263081e-04
6.071100e+03	1.948589e-03	7.021437e-03	-4.494061e-05	-1.633960e-03	3.331807e-05	-3.080845e-04
6.083490e+03	-5.661637e-03	4.049715e-03	-1.931814e-04	6.000199e-03	-1.356709e-04	-3.252722e-04
6.095880e+03	-5.133360e-03	-4.185618e-03	-3.898637e-05	5.430757e-03	-2.864794e-05	-2.877008e-04
6.108270e+03	2.963922e-03	-5.526551e-03	-1.839223e-04	-2.394671e-03	-1.488813e-04	-5.727740e-04
6.120660e+03	7.196143e-03	1.336773e-03	-1.277478e-04	-6.698175e-03	-9.466182e-05	-4.979744e-04
6.133050e+03	1.711024e-03	6.922135e-03	-2.036859e-05	-1.460563e-03	-2.637430e-05	-2.550981e-04
6.145440e+03	-5.654376e-03	3.866718e-03	2.108331e-04	5.934651e-03	1.490681e-04	-2.594274e-04
6.157830e+03	-5.064706e-03	-3.971074e-03	5.117941e-05	5.216181e-03	8.156577e-05	-1.755234e-04
6.170220e+03	2.731289e-03	-5.807209e-03	5.882775e-06	-2.655629e-03	1.492183e-05	-9.275285e-05
6.182610e+03	6.969768e-03	1.068935e-03	-1.665965e-04	-6.554791e-03	-7.272183e-05	-4.059785e-04
6.195000e+03	1.699175e-03	6.391483e-03	-1.850572e-04	-1.369046e-03	-5.488482e-05	-2.988058e-04
6.207390e+03	-5.537847e-03	3.062806e-03	-2.614083e-04	5.669862e-03	-1.218818e-04	-1.451412e-04
6.219780e+03	-4.824419e-03	-4.359674e-03	-1.412069e-04	4.892587e-03	-1.211025e-05	-6.162032e-05
6.232170e+03	2.313939e-03	-5.583950e-03	-3.717342e-05	-2.258831e-03	-4.108311e-06	-8.972994e-05
6.244560e+03	5.455738e-03	1.127023e-03	-1.170361e-04	-5.399501e-03	4.203560e-05	-7.363198e-05
6.256950e+03	3.301426e-04	5.992019e-03	4.918539e-05	-4.163450e-04	4.625662e-06	6.579342e-05
6.269340e+03	-5.738504e-03	2.513067e-03	1.940168e-04	5.650088e-03	-1.300266e-04	1.060003e-04
6.281730e+03	-4.676821e-03	-3.615686e-03	-1.275124e-04	4.658394e-03	2.068260e-05	1.436578e-05
