1.313340e+03	1.523959e-02	-8.197748e-02	-3.679130e-05	-1.547231e-02	-3.495105e-05	2.999599e-05
1.325730e+03	3.562622e-02	-7.489613e-02	-1.505774e-05	-3.540545e-02	-3.857292e-05	-2.131648e-04
1.338120e+03	5.311045e-02	-6.345363e-02	1.702462e-05	-5.280214e-02	-2.649682e-05	-2.583314e-04
1.350510e+03	6.727601e-02	-4.822924e-02	-1.276593e-05	-6.713736e-02	-5.002903e-05	-1.781733e-04
1.362900e+03	7.753781e-02	-2.993212e-02	2.948376e-05	-7.763530e-02	-1.385211e-05	1.063114e-04
1.375290e+03	8.248051e-02	-9.405741e-03	2.817084e-05	-8.268850e-02	5.361786e-05	1.459557e-04
1.387680e+03	8.212421e-02	1.198264e-02	2.691933e-05	-8.222597e-02	3.177253e-05	1.188171e-04
1.400070e+03	7.584775e-02	3.211928e-02	1.513527e-05	-7.588349e-02	3.156872e-05	2.804663e-06
1.412460e+03	6.548788e-02	4.970285e-02	7.606461e-06	-6.538708e-02	5.965777e-05	-5.362355e-05
1.424850e+03	5.087797e-02	6.443641e-02	3.482521e-07	-5.096271e-02	2.094626e-05	8.107942e-05
1.437240e+03	3.309670e-02	7.541037e-02	-8.530905e-06	-3.338500e-02	1.580751e-05	3.599986e-04
1.449630e+03	1.306849e-02	8.102314e-02	-4.721548e-05	-1.335847e-02	3.148040e-05	3.606672e-04
1.462020e+03	-7.418437e-03	8.133817e-02	-4.602633e-05	7.274755e-03	2.258445e-05	1.143138e-04
1.474410e+03	-2.727042e-02	7.689146e-02	-1.241264e-05	2.717437e-02	-1.425197e-05	9.288221e-05
1.486800e+03	-4.558529e-02	6.786695e-02	-6.393981e-05	4.535956e-02	4.086723e-06	1.763205e-04
1.499190e+03	-6.148271e-02	5.455959e-02	-1.745961e-05	6.103574e-02	-2.262269e-05	3.983424e-04
1.511580e+03	-7.348000e-02	3.752932e-02	-3.900648e-05	7.298206e-02	-1.397251e-06	4.977833e-04
1.523970e+03	-8.029162e-02	1.781746e-02	-2.868028e-07	7.994170e-02	-3.273458e-05	3.418371e-04
1.536360e+03	-8.164066e-02	-2.832645e-03	3.334369e-05	8.140000e-02	-3.207690e-05	2.247866e-04
1.548750e+03	-7.861076e-02	-2.332724e-02	1.772277e-05	7.840537e-02	-2.221387e-05	1.711202e-04
1.561140e+03	-7.050566e-02	-4.227173e-02	2.440640e-05	7.016002e-02	-2.903336e-05	3.508567e-04
1.573530e+03	-5.797148e-02	-5.886406e-02	-8.426865e-06	5.738763e-02	-3.768031e-05	5.538421e-04
1.585920e+03	-4.096869e-02	-7.158346e-02	1.072687e-05	4.048977e-02	-4.267325e-05	5.019635e-04
1.598310e+03	-2.149741e-02	-7.936256e-02	2.429845e-05	2.122394e-02	-2.040333e-05	3.085685e-04
1.610700e+03	-7.119748e-04	-8.199755e-02	6.611074e-06	5.332335e-04	-3.962267e-05	1.791075e-04
1.623090e+03	1.985327e-02	-7.989259e-02	4.789104e-05	-2.011528e-02	7.096665e-06	2.275729e-04
1.635480e+03	3.969353e-02	-7.264069e-02	3.083892e-05	-4.009130e-02	-5.663574e-06	4.163202e-04
1.647870e+03	5.718648e-02	-6.027983e-02	2.181303e-05	-5.768464e-02	-2.669363e-05	4.913433e-04
1.660260e+03	7.107408e-02	-4.342024e-02	5.333738e-05	-7.143870e-02	4.106588e-05	3.654528e-04
1.672650e+03	8.009256e-02	-2.346071e-02	2.897183e-05	-8.021292e-02	-1.908340e-05	1.618435e-04
1.685040e+03	8.349013e-02	-2.011059e-03	5.233280e-05	-8.359696e-02	7.326953e-05	1.675337e-04
1.697430e+03	8.179884e-02	1.995620e-02	2.515252e-05	-8.214003e-02	5.861844e-05	2.758303e-04
1.709820e+03	7.385235e-02	4.109192e-02	-5.408753e-06	-7.415235e-02	8.586814e-05	3.364330e-04
1.722210e+03	6.059828e-02	5.926221e-02	-1.800076e-05	-6.088273e-02	7.868011e-05	2.597526e-04
1.734600e+03	4.276955e-02	7.333437e-02	-4.305528e-05	-4.284089e-02	6.329430e-05	7.258853e-05
1.746990e+03	2.194736e-02	8.211290e-02	-7.569992e-05	-2.184722e-02	6.455411e-05	-3.088357e-05
1.759380e+03	-5.010317e-04	8.500000e-02	-7.425937e-05	5.566331e-04	3.615399e-05	-4.282774e-05
1.771770e+03	-2.360025e-02	8.273899e-02	-9.848428e-05	2.352670e-02	1.678049e-05	7.785696e-05
1.784160e+03	-4.551593e-02	7.389917e-02	-1.367504e-04	4.531838e-02	3.326936e-06	1.649317e-04
1.796550e+03	-6.416563e-02	5.876859e-02	-4.545575e-05	6.416315e-02	-5.738971e-05	2.804028e-05
1.808940e+03	-7.786984e-02	3.886295e-02	-4.126703e-06	7.805518e-02	-7.349397e-05	-1.976979e-04
1.821330e+03	-8.586071e-02	1.616842e-02	-3.957575e-05	8.613694e-02	-7.510988e-05	-2.629960e-04
1.833720e+03	-8.742043e-02	-8.443371e-03	2.269093e-05	8.757747e-02	-8.507649e-05	-1.411592e-04
1.846110e+03	-8.236358e-02	-3.304595e-02	9.544773e-05	8.236507e-02	-5.945397e-05	-4.068060e-05
1.858500e+03	-6.984593e-02	-5.510032e-02	-1.294020e-05	6.998413e-02	-7.259610e-05	-1.019236e-04
1.870890e+03	-5.134991e-02	-7.277911e-02	9.859697e-05	5.154052e-02	-3.206523e-05	-2.586331e-04
1.883280e+03	-2.871426e-02	-8.432532e-02	2.567361e-05	2.912369e-02	-3.835664e-05	-3.464219e-04
1.895670e+03	-3.652926e-03	-8.925185e-02	6.560883e-05	4.017446e-03	-2.031735e-05	-3.396959e-04
1.908060e+03	2.221064e-02	-8.736576e-02	6.685475e-05	-2.209807e-02	8.099373e-06	-1.601441e-04
1.920450e+03	4.664327e-02	-7.763423e-02	6.585754e-05	-4.641711e-02	2.151751e-05	-1.991098e-04
1.932840e+03	6.749724e-02	-6.088473e-02	5.684075e-05	-6.720307e-02	3.386901e-05	-2.988889e-04
1.945230e+03	8.248323e-02	-3.863688e-02	4.670966e-05	-8.208330e-02	9.649937e-05	-3.999396e-04
1.957620e+03	9.033019e-02	-1.303383e-02	3.245655e-05	-8.993019e-02	5.786715e-05	-4.100115e-04
1.970010e+03	9.035051e-02	1.405761e-02	2.519576e-05	-8.994730e-02	6.393684e-05	-3.722596e-04
1.982400e+03	8.283464e-02	4.030557e-02	-6.160203e-06	-8.265189e-02	2.969485e-05	-2.049180e-04
1.994790e+03	6.691262e-02	6.316383e-02	-4.283865e-05	-6.666422e-02	8.399937e-05	-2.525608e-04
2.007180e+03	4.513261e-02	7.998885e-02	-7.773787e-05	-4.483586e-02	9.882195e-05	-3.444078e-04
2.019570e+03	1.946820e-02	8.962110e-02	-1.030548e-04	-1.906290e-02	5.799557e-05	-3.900467e-04
2.031960e+03	-7.928121e-03	9.117692e-02	-1.115215e-04	8.259766e-03	7.454471e-06	-3.359395e-04
2.044350e+03	-3.490131e-02	8.528280e-02	-8.208426e-05	3.509798e-02	-2.424830e-05	-1.820816e-04
2.056740e+03	-5.905582e-02	7.112099e-02	-9.788041e-05	5.919072e-02	-4.839889e-05	-1.114015e-04
2.069130e+03	-7.777588e-02	4.997919e-02	-5.176861e-05	7.797727e-02	-7.391878e-05	-1.549017e-04
2.081520e+03	-8.897162e-02	2.422428e-02	-5.625951e-06	8.919007e-02	-1.041598e-04	-1.971386e-04
2.093910e+03	-9.166916e-02	-3.634138e-03	3.928327e-05	9.193415e-02	-8.448590e-05	-2.359697e-04
2.106300e+03	-8.681740e-02	-3.128328e-02	3.397634e-05	8.701814e-02	-7.122460e-05	-1.731305e-04
2.118690e+03	-7.352321e-02	-5.605850e-02	2.084728e-05	7.358875e-02	-6.863098e-05	-7.502535e-05
2.131080e+03	-5.303189e-02	-7.570765e-02	9.121164e-05	5.302130e-02	-2.578456e-05	-8.003647e-06
2.143470e+03	-2.783992e-02	-8.779902e-02	3.433173e-05	2.794321e-02	-3.994033e-05	-7.395067e-05
2.155860e+03	-5.843195e-05	-9.153455e-02	5.986311e-05	1.641611e-04	-2.964725e-05	-9.692786e-05
2.168250e+03	2.752414e-02	-8.771789e-02	5.671483e-05	-2.751265e-02	-2.889526e-05	-5.091420e-05
2.180640e+03	5.251947e-02	-7.575512e-02	8.073185e-05	-5.253509e-02	8.582935e-06	5.770070e-05
2.193030e+03	7.314447e-02	-5.634255e-02	7.850654e-05	-7.331343e-02	4.262935e-05	1.598907e-04
2.205420e+03	8.670138e-02	-3.142166e-02	6.397916e-05	-8.690672e-02	5.758574e-05	1.739521e-04
2.217810e+03	9.148783e-02	-3.664445e-03	3.073227e-05	-9.148783e-02	1.145376e-04	1.692968e-05
2.230200e+03	8.865281e-02	2.422107e-02	-6.108327e-06	-8.864942e-02	1.317360e-04	-2.877721e-05
2.242590e+03	7.741181e-02	4.997278e-02	-4.355807e-05	-7.752278e-02	1.404621e-04	1.312031e-04
2.254980e+03	5.845397e-02	7.113864e-02	-6.779307e-05	-5.866199e-02	7.180863e-05	2.058153e-04
2.267370e+03	3.423010e-02	8.550470e-02	-5.943390e-05	-3.443499e-02	2.002210e-05	2.070929e-04
2.279760e+03	6.678898e-03	9.127853e-02	-1.379850e-04	-6.774010e-03	5.237132e-05	1.371203e-04
2.292150e+03	-2.132725e-02	8.945329e-02	-1.405944e-04	2.115530e-02	6.080303e-06	1.285049e-04
2.304540e+03	-4.742848e-02	7.885683e-02	-5.797776e-05	4.722847e-02	-7.040299e-05	1.466504e-04
2.316930e+03	-6.937323e-02	6.098382e-02	-9.873476e-05	6.914346e-02	-8.103161e-05	2.628236e-04
2.329320e+03	-8.516503e-02	3.690995e-02	-7.759323e-05	8.476861e-02	-1.196122e-04	3.467829e-04
2.341710e+03	-9.221928e-02	9.143281e-03	-2.824704e-05	9.191929e-02	-1.128190e-04	3.174803e-04
2.354100e+03	-9.087985e-02	-1.976630e-02	4.150961e-05	9.061335e-02	-1.145972e-04	2.058177e-04
2.366490e+03	-8.006986e-02	-4.677248e-02	-6.875968e-06	7.996235e-02	-1.314803e-04	1.182480e-04
2.378880e+03	-6.207035e-02	-6.915507e-02	7.619561e-05	6.184388e-02	-9.824340e-05	1.789062e-04
2.391270e+03	-3.784990e-02	-8.534344e-02	1.139145e-04	3.761087e-02	-7.486175e-05	2.879675e-04
2.403660e+03	-9.502270e-03	-9.299528e-02	1.053728e-04	9.222495e-03	-5.900646e-05	2.743037e-04
2.416050e+03	2.022212e-02	-9.152167e-02	1.551656e-04	-2.037987e-02	1.912143e-05	2.069574e-04
2.428440e+03	4.761162e-02	-8.051520e-02	1.432082e-04	-4.778784e-02	8.171952e-06	1.407954e-04
2.440830e+03	7.079006e-02	-6.187826e-02	1.486874e-04	-7.099851e-02	1.241656e-04	1.950949e-04
2.453220e+03	8.716894e-02	-3.660719e-02	9.481223e-05	-8.748514e-02	1.507524e-04	2.777474e-04
2.465610e+03	9.478139e-02	-6.806021e-03	5.707335e-05	-9.498524e-02	1.570607e-04	2.843925e-04
2.478000e+03	9.237584e-02	2.409469e-02	-5.059468e-06	-9.268445e-02	2.282191e-04	2.714015e-04
2.490390e+03	7.956101e-02	5.269640e-02	-7.655627e-05	-7.970080e-02	1.607232e-04	1.224080e-04
2.502780e+03	5.855582e-02	7.564581e-02	-1.669478e-04	-5.855641e-02	2.046629e-04	1.672965e-05
2.515170e+03	3.118058e-02	9.096996e-02	-1.396931e-04	-3.128665e-02	4.166784e-05	1.164892e-04
2.527560e+03	-3.306353e-04	9.634648e-02	-2.602606e-04	1.874267e-04	5.266095e-05	1.396854e-04
2.539950e+03	-3.228605e-02	9.185430e-02	-2.124761e-04	3.209139e-02	-6.091659e-05	1.673142e-04
2.552340e+03	-6.111302e-02	7.615334e-02	-1.346223e-04	6.101857e-02	-1.461797e-04	1.114700e-04
2.564730e+03	-8.350334e-02	5.153902e-02	-3.474063e-05	8.339581e-02	-1.891290e-04	5.159744e-05
2.577120e+03	-9.621660e-02	2.083090e-02	-5.608576e-05	9.621908e-02	-1.998607e-04	1.483879e-05
2.589510e+03	-9.800860e-02	-1.330762e-02	3.621662e-05	9.795930e-02	-1.900420e-04	8.857232e-05
2.601900e+03	-8.844812e-02	-4.640973e-02	1.332210e-04	8.834812e-02	-1.448209e-04	1.140307e-04
2.614290e+03	-6.741231e-02	-7.451449e-02	1.607671e-04	6.730850e-02	-9.899446e-05	1.158843e-04
2.626680e+03	-3.737977e-02	-9.360343e-02	1.289051e-04	3.735852e-02	-7.701773e-05	-1.948088e-05
2.639070e+03	-2.595635e-03	-1.009601e-01	1.993508e-04	2.624191e-03	2.994645e-05	-2.798804e-05
2.651460e+03	3.334016e-02	-9.630347e-02	1.568113e-04	-3.334922e-02	4.212976e-05	-5.643543e-05
2.663850e+03	6.570251e-02	-7.865549e-02	1.323258e-04	-6.559857e-02	8.028048e-05	-5.862466e-05
2.676240e+03	9.039063e-02	-5.021796e-02	1.316298e-04	-9.050582e-02	1.574843e-04	9.539330e-05
2.688630e+03	1.031824e-01	-1.410524e-02	5.516656e-05	-1.032002e-01	2.884380e-04	4.080652e-05
2.701020e+03	1.017627e-01	2.477417e-02	-3.071940e-05	-1.017615e-01	2.004714e-04	8.008384e-06
2.713410e+03	8.598780e-02	6.082019e-02	-1.156533e-04	-8.591905e-02	2.171947e-04	-4.326441e-06
2.725800e+03	5.759402e-02	8.887170e-02	-1.863107e-04	-5.749961e-02	1.271415e-04	-1.446019e-05
2.738190e+03	2.020211e-02	1.042645e-01	-2.674057e-04	-2.030945e-02	6.936101e-05	1.199822e-04
2.750580e+03	-2.119269e-02	1.047977e-01	-3.056596e-04	2.103496e-02	-3.445807e-05	1.293641e-04
2.762970e+03	-6.029953e-02	8.974359e-02	-1.660756e-04	6.019973e-02	-2.024284e-04	8.665640e-05
2.775360e+03	-9.118326e-02	6.009963e-02	-1.696540e-04	9.066488e-02	-2.486829e-04	1.710050e-04
2.787750e+03	-1.092218e-01	1.993347e-02	-2.458045e-05	1.082133e-01	-2.976882e-04	2.263587e-04
2.800140e+03	-1.084641e-01	-2.468311e-02	1.780359e-04	1.086428e-01	-2.676648e-04	3.221852e-04
2.812530e+03	-9.015668e-02	-6.682998e-02	1.794355e-04	8.971652e-02	-2.125313e-04	4.285804e-04
2.824920e+03	-5.567344e-02	-9.824362e-02	3.154714e-04	5.527616e-02	-6.410084e-05	4.324500e-04
2.837310e+03	-1.061927e-02	-1.129604e-01	2.707297e-04	1.008846e-02	-6.246531e-06	5.057535e-04
2.849700e+03	3.787606e-02	-1.088441e-01	2.041900e-04	-3.853723e-02	5.164376e-05	6.212507e-04
2.862090e+03	8.112441e-02	-8.319875e-02	1.920054e-04	-8.203068e-02	1.951783e-04	8.593093e-04
2.874480e+03	1.105722e-01	-4.008564e-02	1.139871e-04	-1.123071e-01	2.657229e-04	1.012649e-03
2.886870e+03	1.179370e-01	1.400005e-02	1.855944e-05	-1.189714e-01	2.876210e-04	1.251891e-03
2.899260e+03	1.005231e-01	6.711184e-02	-1.620438e-04	-1.015875e-01	4.237469e-04	1.400137e-03
2.911650e+03	5.781725e-02	1.079028e-01	-3.210686e-04	-5.940529e-02	2.866311e-04	1.552367e-03
2.924040e+03	-5.948671e-04	1.239975e-01	-3.735630e-04	-1.082441e-03	4.803846e-05	1.669576e-03
2.936430e+03	-6.274304e-02	1.094503e-01	-3.851487e-04	6.096160e-02	-1.518082e-04	1.724139e-03
2.948820e+03	-1.111435e-01	6.274985e-02	-2.779016e-04	1.101676e-01	-3.732909e-04	1.742614e-03
2.961210e+03	-1.275349e-01	-8.284521e-03	3.263464e-06	1.255967e-01	-4.840808e-04	1.442831e-03
2.973600e+03	-9.919976e-02	-7.911875e-02	3.413103e-04	9.830044e-02	-3.846085e-04	1.014084e-03
2.985990e+03	-3.261135e-02	-1.194805e-01	4.077434e-04	3.247033e-02	-1.666703e-04	1.281434e-04
2.998380e+03	4.634705e-02	-1.116366e-01	4.054813e-04	-4.561842e-02	1.261504e-04	-7.236226e-04
3.010770e+03	1.023001e-01	-5.281512e-02	2.206215e-04	-9.981679e-02	3.794641e-04	-1.906726e-03
3.023160e+03	1.032283e-01	2.443732e-02	-8.549598e-05	-1.003336e-01	4.217083e-04	-2.725357e-03
3.035550e+03	5.374778e-02	7.760561e-02	-3.420148e-04	-5.051458e-02	2.566622e-04	-3.230425e-03
3.047940e+03	-1.141320e-02	7.860804e-02	-4.738185e-04	1.460509e-02	-2.911277e-05	-3.273620e-03
3.060330e+03	-5.066626e-02	3.820441e-02	-2.636538e-04	5.436444e-02	-2.679572e-04	-3.710000e-03
3.072720e+03	-4.798541e-02	-7.506086e-03	1.073276e-04	5.163888e-02	-3.807507e-04	-3.590175e-03
3.085110e+03	-2.104646e-02	-2.768073e-02	2.415808e-04	2.433833e-02	-1.735601e-04	-3.287854e-03
3.097500e+03	4.326882e-04	-2.416769e-02	1.616476e-04	2.197240e-03	-4.644290e-05	-2.645844e-03
3.109890e+03	6.626041e-03	-1.383566e-02	2.052014e-04	-4.513859e-03	4.815789e-05	-2.083639e-03
3.122280e+03	5.681727e-03	-1.170000e-02	1.894804e-04	-4.474641e-03	3.622627e-04	-1.202455e-03
3.134670e+03	1.087842e-02	-1.393317e-02	-4.257588e-05	-1.084790e-02	3.321563e-04	-7.213461e-05
3.147060e+03	2.357836e-02	-8.902700e-03	-2.945159e-04	-2.461576e-02	2.162713e-04	1.001020e-03
3.159450e+03	3.089662e-02	1.121824e-02	-4.189037e-04	-3.279699e-02	-5.759294e-05	1.977670e-03
3.171840e+03	1.826207e-02	3.734566e-02	-2.750368e-04	-2.059452e-02	-2.923023e-04	2.248537e-03
3.184230e+03	-1.471324e-02	4.704515e-02	2.776694e-05	1.282757e-02	-4.200866e-04	1.852442e-03
3.196620e+03	-5.083686e-02	2.837100e-02	2.399757e-04	4.994934e-02	-3.586397e-04	8.542315e-04
3.209010e+03	-6.242782e-02	-1.755592e-02	4.628154e-04	6.284589e-02	-1.155853e-04	-5.259909e-04
3.221400e+03	-3.361559e-02	-6.208754e-02	3.917156e-04	3.553892e-02	2.062313e-04	-1.928584e-03
3.233790e+03	2.236474e-02	-7.197437e-02	1.696510e-04	-1.977445e-02	4.293181e-04	-2.610303e-03
3.246180e+03	7.142337e-02	-3.910815e-02	-1.647639e-04	-6.875151e-02	3.443281e-04	-2.687831e-03
3.258570e+03	8.020467e-02	2.338359e-02	-3.537846e-04	-7.799493e-02	2.102288e-04	-2.132198e-03
3.270960e+03	4.184948e-02	7.545447e-02	-4.197817e-04	-4.093285e-02	5.373401e-07	-9.575421e-04
3.283350e+03	-2.469855e-02	8.348706e-02	-2.566498e-04	2.408747e-02	-2.795584e-04	6.215746e-04
3.295740e+03	-7.893180e-02	4.191942e-02	-1.099590e-04	7.677452e-02	-3.287129e-04	2.129094e-03
3.308130e+03	-8.671111e-02	-2.387434e-02	2.180938e-04	8.380100e-02	-3.548170e-04	2.941265e-03
3.320520e+03	-4.510042e-02	-7.617919e-02	3.440402e-04	4.222781e-02	-1.629388e-04	2.859404e-03
3.332910e+03	2.030211e-02	-8.399463e-02	3.905811e-04	-2.233450e-02	1.420881e-04	2.056289e-03
3.345300e+03	7.270556e-02	-4.322306e-02	1.743828e-04	-7.349815e-02	3.493465e-04	8.120606e-04
3.357690e+03	7.916769e-02	2.088741e-02	-9.408420e-05	-7.907830e-02	4.041446e-04	-1.851516e-04
3.370080e+03	3.877136e-02	6.772615e-02	-4.395615e-04	-3.796684e-02	2.783719e-04	-7.829822e-04
3.382470e+03	-2.208693e-02	6.909418e-02	-4.612287e-04	2.289890e-02	-1.047461e-04	-7.777655e-04
3.394860e+03	-5.992261e-02	2.670060e-02	-2.734538e-04	6.039487e-02	-3.666717e-04	-4.927341e-04
3.407250e+03	-5.309888e-02	-2.587719e-02	1.408914e-04	5.339035e-02	-4.502159e-04	-1.996582e-04
3.419640e+03	-1.099207e-02	-4.979536e-02	5.238057e-04	1.118992e-02	-1.734660e-04	-1.951551e-04
3.432030e+03	2.803688e-02	-3.212986e-02	4.153904e-04	-2.746507e-02	1.959713e-04	-5.374677e-04
3.444420e+03	3.426365e-02	4.046216e-03	1.082822e-04	-3.322959e-02	4.983164e-04	-1.092440e-03
3.456810e+03	1.081086e-02	2.552464e-02	-3.354038e-04	-9.556544e-03	3.547334e-04	-1.257487e-03
3.469200e+03	-1.564968e-02	1.601872e-02	-4.962199e-04	1.677226e-02	-1.927731e-05	-1.172237e-03
3.481590e+03	-1.882109e-02	-9.043006e-03	-2.894954e-04	1.966723e-02	-3.672894e-04	-8.075173e-04
3.493980e+03	9.182809e-04	-2.270296e-02	6.014515e-05	-6.898160e-04	-4.947800e-04	-2.334876e-04
3.506370e+03	2.369407e-02	-1.152038e-02	4.107583e-04	-2.383371e-02	-2.221066e-04	1.449934e-04
3.518760e+03	2.544568e-02	1.536501e-02	3.916234e-04	-2.578150e-02	1.265705e-04	3.580684e-04
3.531150e+03	2.219147e-03	3.252417e-02	1.535751e-04	-2.636949e-03	3.647339e-04	4.181873e-04
3.543540e+03	-2.830380e-02	2.389280e-02	-1.743544e-04	2.790440e-02	3.297631e-04	4.326197e-04
3.555930e+03	-3.839161e-02	-8.745999e-03	-3.414328e-04	3.780000e-02	5.481023e-05	5.839634e-04
3.568320e+03	-1.857830e-02	-3.947883e-02	-2.013823e-04	1.786711e-02	-2.195272e-04	6.910965e-04
3.580710e+03	2.046512e-02	-4.169856e-02	2.930439e-05	-2.115772e-02	-2.099064e-04	6.089029e-04
3.593100e+03	4.841003e-02	-6.830371e-03	1.963514e-04	-4.884599e-02	-7.932274e-05	4.492971e-04
3.605490e+03	3.915551e-02	3.347687e-02	2.155083e-04	-3.918579e-02	9.185536e-05	1.485766e-05
3.617880e+03	-2.220384e-03	5.365033e-02	-1.300269e-05	2.573714e-03	2.045360e-04	-3.517305e-04
3.630270e+03	-4.460404e-02	3.333955e-02	-1.178681e-04	4.543902e-02	1.035226e-04	-8.340267e-04
3.642660e+03	-5.487581e-02	-1.352681e-02	-1.341498e-04	5.589197e-02	2.710342e-05	-1.046548e-03
3.655050e+03	-2.441774e-02	-5.242412e-02	-5.528854e-05	2.532490e-02	-1.598625e-04	-8.975675e-04
3.667440e+03	2.459282e-02	-5.258192e-02	7.810293e-05	-2.414531e-02	-8.387823e-05	-4.468719e-04
3.679830e+03	5.460500e-02	-1.537004e-02	1.084768e-04	-5.494359e-02	-4.500056e-05	2.557288e-04
3.692220e+03	4.632674e-02	3.236362e-02	7.712020e-05	-4.723191e-02	1.130235e-04	9.469546e-04
3.704610e+03	4.346199e-03	5.455475e-02	-1.209152e-04	-5.705811e-03	9.301719e-05	1.367260e-03
3.717000e+03	-3.877448e-02	3.843838e-02	-1.111849e-04	3.739406e-02	4.942551e-05	1.409106e-03
3.729390e+03	-5.221742e-02	-4.733969e-03	-1.277968e-04	5.111936e-02	-1.009446e-04	1.113525e-03
3.741780e+03	-2.764712e-02	-4.176858e-02	8.741697e-05	2.698114e-02	-1.547009e-04	6.334945e-04
3.754170e+03	1.501178e-02	-4.466859e-02	1.741352e-04	-1.514020e-02	-1.786352e-05	1.421331e-04
3.766560e+03	4.155083e-02	-1.459503e-02	1.266047e-04	-4.116142e-02	5.470241e-05	-3.333944e-04
3.778950e+03	3.489803e-02	2.355020e-02	-2.414483e-05	-3.417878e-02	1.848604e-04	-6.716936e-04
3.791340e+03	1.269064e-03	3.854253e-02	-1.763669e-04	-3.319093e-04	1.514506e-04	-9.350977e-04
3.803730e+03	-2.938210e-02	2.126837e-02	-2.131082e-04	3.040634e-02	-1.550632e-05	-9.884666e-04
3.816120e+03	-3.141325e-02	-1.179176e-02	-1.405443e-04	3.231952e-02	-1.722168e-04	-8.869409e-04
3.828510e+03	-6.502020e-03	-3.017686e-02	4.468157e-05	7.124466e-03	-2.336308e-04	-5.911426e-04
3.840900e+03	2.140814e-02	-2.099057e-02	1.530495e-04	-2.118611e-02	-1.215755e-04	-2.656390e-04
3.853290e+03	2.736111e-02	6.767836e-03	1.878516e-04	-2.746700e-02	3.084275e-05	1.254924e-04
3.865680e+03	8.937091e-03	2.638597e-02	1.158362e-04	-9.417015e-03	1.735572e-04	5.143534e-04
3.878070e+03	-1.809777e-02	2.233398e-02	-8.611630e-05	1.739626e-02	2.345809e-04	7.758077e-04
3.890460e+03	-2.872222e-02	-3.038027e-03	-1.886065e-04	2.792722e-02	8.917408e-05	7.726804e-04
3.902850e+03	-1.444557e-02	-2.684504e-02	-1.500913e-04	1.384074e-02	-1.700217e-05	6.154597e-04
3.915240e+03	1.459944e-02	-2.807556e-02	-8.501087e-05	-1.495564e-02	-1.638437e-04	3.336079e-04
3.927630e+03	3.268827e-02	-3.501224e-03	4.567605e-05	-3.259517e-02	-1.583971e-04	-9.984218e-05
3.940020e+03	2.303623e-02	2.594216e-02	8.646617e-05	-2.261641e-02	-4.736448e-05	-4.173904e-04
3.952410e+03	-7.656512e-03	3.471725e-02	4.876816e-05	8.335845e-03	1.843316e-05	-6.697545e-04
3.964800e+03	-3.387840e-02	1.446717e-02	2.486495e-05	3.457378e-02	4.991868e-05	-7.481785e-04
3.977190e+03	-3.237391e-02	-1.985725e-02	3.672379e-05	3.311655e-02	1.351102e-05	-7.637394e-04
3.989580e+03	-3.919724e-03	-3.820897e-02	3.886877e-05	4.460154e-03	-1.170169e-05	-5.219879e-04
4.001970e+03	2.940631e-02	-2.776885e-02	1.255795e-05	-2.911903e-02	1.879579e-05	-3.059643e-04
4.014360e+03	3.988933e-02	6.526258e-03	-4.159067e-05	-4.007237e-02	7.247542e-05	1.075549e-04
4.026750e+03	2.062264e-02	3.697562e-02	-7.743006e-05	-2.092220e-02	7.040618e-05	3.665176e-04
4.039140e+03	-1.618473e-02	4.009565e-02	-1.046474e-04	1.568398e-02	1.312913e-06	5.378365e-04
4.051530e+03	-4.195715e-02	1.218194e-02	-5.225654e-05	4.136360e-02	-1.215196e-04	5.968592e-04
4.063920e+03	-3.602771e-02	-2.450730e-02	5.050663e-05	3.558321e-02	-1.349158e-04	4.644293e-04
4.076310e+03	-3.254759e-03	-4.220826e-02	1.300597e-04	3.000416e-03	-7.117167e-05	2.593871e-04
4.088700e+03	3.151697e-02	-2.877459e-02	1.537462e-04	-3.165507e-02	1.005840e-04	1.149176e-04
4.101090e+03	4.099989e-02	6.821525e-03	6.601043e-05	-4.083761e-02	1.542041e-04	-1.229211e-04
4.113480e+03	2.017475e-02	3.625813e-02	-1.549968e-04	-1.985889e-02	1.873167e-04	-2.530419e-04
4.125870e+03	-1.638269e-02	3.708969e-02	-1.533130e-04	1.677465e-02	4.930237e-05	-3.804378e-04
4.138260e+03	-3.825723e-02	9.401991e-03	-1.437113e-04	3.865723e-02	-1.308508e-04	-4.201459e-04
4.150650e+03	-3.047892e-02	-2.474951e-02	-2.453864e-05	3.086781e-02	-1.596614e-04	-3.780402e-04
4.163040e+03	1.773840e-03	-3.784521e-02	1.114268e-04	-1.518337e-03	-1.453802e-04	-2.611398e-04
4.175430e+03	3.093603e-02	-2.124180e-02	1.797247e-04	-3.084385e-02	2.124070e-05	-1.102596e-04
4.187820e+03	3.491453e-02	1.123510e-02	6.317791e-05	-3.502100e-02	1.438288e-04	1.074673e-04
4.200210e+03	1.088077e-02	3.380695e-02	-2.348185e-05	-1.114188e-02	1.487925e-04	2.531352e-04
4.212600e+03	-1.975337e-02	2.843313e-02	-1.708538e-04	1.945183e-02	8.415196e-05	3.286558e-04
4.224990e+03	-3.312694e-02	1.230596e-03	-9.119802e-05	3.282694e-02	-3.858826e-05	3.582290e-04
4.237380e+03	-2.014435e-02	-2.567412e-02	1.895373e-06	1.983896e-02	-1.267591e-04	2.738913e-04
4.249770e+03	8.216788e-03	-3.021269e-02	7.576860e-05	-8.371048e-03	-4.307499e-05	1.665101e-04
4.262160e+03	2.841619e-02	-1.069377e-02	6.869517e-05	-2.840302e-02	-3.452979e-06	-1.340879e-05
4.274550e+03	2.466709e-02	1.702096e-02	-1.300894e-05	-2.449056e-02	1.233664e-04	-1.208343e-04
4.286940e+03	6.336590e-04	2.813744e-02	-1.194563e-04	-4.700687e-04	9.808032e-06	-1.680868e-04
4.299330e+03	-2.296093e-02	1.707058e-02	-9.537267e-05	2.327756e-02	-1.900937e-05	-2.790897e-04
4.311720e+03	-2.639955e-02	-9.337342e-03	-4.687775e-05	2.680030e-02	-1.569563e-04	-3.414566e-04
4.324110e+03	-7.729794e-03	-2.700366e-02	1.185452e-04	8.028255e-03	-5.600091e-05	-3.097206e-04
4.336500e+03	1.775634e-02	-2.234373e-02	1.141691e-04	-1.755594e-02	1.003937e-05	-2.069475e-04
4.348890e+03	2.838388e-02	1.657790e-03	2.733967e-05	-2.828324e-02	1.507795e-04	-8.162985e-05
4.361280e+03	1.530166e-02	2.427896e-02	-1.287654e-04	-1.536560e-02	1.209315e-04	7.490821e-05
4.373670e+03	-1.050810e-02	2.687583e-02	-1.705573e-04	1.025554e-02	7.485928e-05	2.172305e-04
4.386060e+03	-2.771709e-02	7.388123e-03	-1.801364e-04	2.750864e-02	-1.246675e-04	2.659649e-04
4.398450e+03	-2.256567e-02	-1.812649e-02	5.237107e-05	2.226495e-02	-1.506494e-04	3.000860e-04
4.410840e+03	9.998787e-04	-2.798035e-02	1.490504e-04	-1.242707e-03	-1.295646e-04	2.444568e-04
4.423230e+03	2.378286e-02	-1.637620e-02	1.658336e-04	-2.388045e-02	5.479854e-05	1.419837e-04
4.435620e+03	2.709616e-02	9.656438e-03	8.208712e-05	-2.711382e-02	1.806800e-04	4.337573e-05
4.448010e+03	8.418771e-03	2.779953e-02	-1.175291e-04	-8.368136e-03	1.952496e-04	-3.829455e-05
4.460400e+03	-1.733266e-02	2.373492e-02	-2.215995e-04	1.751293e-02	5.728173e-05	-1.333308e-04
4.472790e+03	-2.916585e-02	-3.021010e-04	-1.931854e-04	2.936460e-02	-1.142154e-04	-2.184712e-04
4.485180e+03	-1.722367e-02	-2.421594e-02	-2.465448e-05	1.742422e-02	-2.325570e-04	-1.740026e-04
4.497570e+03	8.959469e-03	-2.864625e-02	1.375026e-04	-8.789411e-03	-1.316394e-04	-1.813557e-04
4.509960e+03	2.844900e-02	-9.742094e-03	1.882127e-04	-2.833288e-02	-2.583593e-05	-7.925151e-05
4.522350e+03	2.498561e-02	1.676164e-02	1.014270e-04	-2.503229e-02	1.799902e-04	5.079909e-05
4.534740e+03	1.545266e-03	2.918980e-02	-6.287185e-05	-1.679387e-03	1.428330e-04	1.338706e-04
4.547130e+03	-2.295215e-02	1.894399e-02	-1.546241e-04	2.276155e-02	7.276115e-05	1.925290e-04
4.559520e+03	-2.829533e-02	-6.799192e-03	-1.355084e-04	2.799533e-02	-6.498189e-05	2.667923e-04
4.571910e+03	-1.192134e-02	-2.637085e-02	-5.625597e-05	1.163382e-02	-1.169342e-04	2.114964e-04
4.584300e+03	1.442304e-02	-2.503061e-02	9.100614e-05	-1.462065e-02	-7.394382e-05	1.437143e-04
4.596690e+03	2.777404e-02	-3.590111e-03	7.879899e-05	-2.784175e-02	1.731162e-05	6.117691e-05
4.609080e+03	2.000953e-02	2.057622e-02	2.711033e-05	-2.000624e-02	6.452153e-05	-4.615928e-06
4.621470e+03	-4.633045e-03	2.727929e-02	-5.911055e-05	4.719523e-03	8.794818e-05	-9.008021e-05
4.633860e+03	-2.569580e-02	1.036770e-02	-1.132818e-04	2.589748e-02	-2.524598e-06	-1.765793e-04
4.646250e+03	-2.506907e-02	-1.218757e-02	-2.673895e-05	2.526986e-02	-7.843661e-05	-1.696543e-04
4.658640e+03	-4.654525e-03	-2.669359e-02	6.489805e-05	4.822418e-03	-5.808444e-05	-1.667210e-04
4.671030e+03	1.892224e-02	-1.949640e-02	6.483317e-05	-1.871974e-02	-1.568497e-07	-1.245496e-04
4.683420e+03	2.607906e-02	3.523099e-03	3.804418e-05	-2.600008e-02	9.116920e-05	-7.237729e-06
4.695810e+03	1.261150e-02	2.310623e-02	-6.321001e-05	-1.271436e-02	1.097079e-04	5.045420e-05
4.708200e+03	-1.123221e-02	2.345093e-02	-1.212071e-04	1.113759e-02	8.178411e-06	1.469016e-04
4.720590e+03	-2.492773e-02	5.228083e-03	-6.789621e-05	2.472714e-02	-5.067907e-05	1.602601e-04
4.732980e+03	-1.924924e-02	-1.719182e-02	4.285294e-05	1.915125e-02	-1.113810e-04	1.687875e-04
4.745370e+03	2.517381e-03	-2.459130e-02	8.156421e-05	-2.676188e-03	-7.755825e-05	1.563783e-04
4.757760e+03	2.165840e-02	-1.294627e-02	1.147389e-04	-2.175673e-02	5.920999e-05	7.565534e-05
4.770150e+03	2.315004e-02	9.790782e-03	5.345833e-05	-2.313671e-02	8.942087e-05	5.757435e-05
4.782540e+03	5.472536e-03	2.425602e-02	-7.701635e-05	-5.441084e-03	1.032994e-04	-2.599566e-05
4.794930e+03	-1.610385e-02	1.863016e-02	-1.547700e-04	1.620765e-02	2.898804e-05	-9.902448e-05
4.807320e+03	-2.412915e-02	-1.975894e-03	-9.984646e-05	2.422876e-02	-8.364134e-05	-1.645114e-04
4.819710e+03	-1.243055e-02	-2.095908e-02	4.707866e-06	1.262390e-02	-1.320542e-04	-1.754313e-04
4.832100e+03	9.503539e-03	-2.218384e-02	1.128810e-04	-9.321131e-03	-8.277976e-05	-1.300854e-04
4.844490e+03	2.290418e-02	-5.741213e-03	1.198740e-04	-2.280518e-02	1.331702e-05	-7.243141e-05
4.856880e+03	1.831322e-02	1.538372e-02	3.281732e-05	-1.841291e-02	1.129765e-04	1.201291e-05
4.869270e+03	-1.622257e-03	2.325059e-02	-4.367768e-05	1.558793e-03	1.215082e-04	6.477925e-05
4.881660e+03	-2.024091e-02	1.299044e-02	-1.356959e-04	2.013978e-02	2.787443e-05	9.398496e-05
4.894050e+03	-2.248918e-02	-8.417646e-03	-1.022761e-04	2.238920e-02	-5.912751e-05	9.107192e-05
4.906440e+03	-6.455155e-03	-2.304643e-02	2.419192e-05	6.345090e-03	-9.938009e-05	1.127256e-04
4.918830e+03	1.446558e-02	-1.897797e-02	7.894910e-05	-1.456631e-02	-9.376187e-05	5.966686e-05
4.931220e+03	2.340667e-02	3.345316e-04	5.855094e-05	-2.340689e-02	4.113796e-05	4.634590e-05
4.943610e+03	1.367309e-02	1.916406e-02	2.944463e-05	-1.358359e-02	4.791938e-05	-2.368501e-05
4.956000e+03	-7.160098e-03	2.203027e-02	-3.927473e-05	7.214845e-03	1.045083e-04	-3.500686e-05
4.968390e+03	-2.139417e-02	7.602690e-03	-7.815667e-05	2.152136e-02	6.140666e-06	-1.083743e-04
4.980780e+03	-1.872072e-02	-1.324027e-02	-3.039159e-05	1.883310e-02	-4.983792e-05	-8.763556e-05
4.993170e+03	-5.397603e-04	-2.204335e-02	4.513632e-06	6.628699e-04	-5.525822e-05	-1.122234e-04
5.005560e+03	1.768232e-02	-1.406346e-02	3.316982e-05	-1.766312e-02	-1.126319e-05	-9.427968e-05
5.017950e+03	2.139662e-02	6.009815e-03	1.681955e-05	-2.137647e-02	4.822405e-05	-2.392551e-05
5.030340e+03	8.194659e-03	2.071751e-02	2.956504e-06	-8.202177e-03	5.443370e-05	1.209293e-06
5.042730e+03	-1.163232e-02	1.896980e-02	-5.716706e-05	1.158216e-02	8.128407e-06	6.161474e-05
5.055120e+03	-2.155940e-02	1.905207e-03	-1.361590e-05	2.146545e-02	-1.412308e-06	4.187020e-05
5.067510e+03	-1.442900e-02	-1.614122e-02	2.040604e-05	1.433622e-02	-2.408711e-05	7.139020e-05
5.079900e+03	4.226570e-03	-2.082336e-02	2.383817e-06	-4.298881e-03	-6.524823e-05	7.507907e-05
5.092290e+03	1.932574e-02	-8.535383e-03	2.124331e-05	-1.933922e-02	4.690225e-05	4.514397e-05
5.104680e+03	1.812952e-02	9.965276e-03	-3.429694e-05	-1.822961e-02	9.101808e-05	2.140001e-05
5.117070e+03	2.502571e-03	1.999656e-02	-8.663616e-05	-2.501390e-03	2.791331e-05	-1.975725e-06
5.129460e+03	-1.459996e-02	1.371614e-02	-7.453749e-05	1.470875e-02	-4.601514e-05	-5.910158e-05
5.141850e+03	-1.918444e-02	-3.553466e-03	-3.376139e-05	1.920407e-02	-8.982830e-05	-6.695903e-05
5.154240e+03	-8.348112e-03	-1.735626e-02	5.540593e-05	8.457989e-03	-7.667797e-05	-1.089671e-04
5.166630e+03	9.145573e-03	-1.669601e-02	8.504685e-05	-9.051208e-03	-5.916280e-06	-8.182922e-05
5.179020e+03	1.803147e-02	-2.614371e-03	7.410657e-05	-1.798721e-02	7.222321e-05	-6.825367e-05
5.191410e+03	1.286914e-02	1.332162e-02	-4.043353e-05	-1.276669e-02	1.218977e-04	-2.559071e-05
5.203800e+03	-3.366617e-03	1.755814e-02	-7.927936e-05	3.370829e-03	5.068277e-05	-4.616832e-06
5.216190e+03	-1.626765e-02	7.933994e-03	-1.194900e-04	1.616496e-02	-4.366747e-05	4.686965e-05
5.228580e+03	-1.589562e-02	-8.453020e-03	-2.035833e-05	1.590558e-02	-7.810456e-05	6.271954e-05
5.240970e+03	-2.551921e-03	-1.755450e-02	5.471649e-05	2.466851e-03	-8.209444e-05	8.450805e-05
5.253360e+03	1.268523e-02	-1.230867e-02	8.681323e-05	-1.272145e-02	-9.254520e-06	4.541860e-05
5.265750e+03	1.707771e-02	2.896975e-03	6.929727e-05	-1.708750e-02	7.156084e-05	1.425567e-05
5.278140e+03	7.682005e-03	1.543034e-02	-5.076174e-05	-7.667796e-03	1.074652e-04	-1.610540e-05
5.290530e+03	-7.924560e-03	1.508845e-02	-9.707464e-05	7.927047e-03	4.248445e-05	-5.487561e-06
5.302920e+03	-1.628607e-02	2.655394e-03	-8.680099e-05	1.633780e-02	-3.360186e-05	-3.481692e-05
5.315310e+03	-1.191056e-02	-1.190911e-02	-4.991277e-05	1.190759e-02	-1.234212e-04	-5.261082e-05
5.327700e+03	2.569751e-03	-1.613911e-02	6.656806e-05	-2.510913e-03	-7.090476e-05	-5.001745e-05
5.340090e+03	1.483712e-02	-7.825184e-03	6.573290e-05	-1.483867e-02	-1.476330e-05	-3.637591e-05
5.352480e+03	1.515357e-02	7.143701e-03	6.866636e-05	-1.515348e-02	8.708181e-05	-1.554950e-05
5.364870e+03	3.088050e-03	1.622818e-02	-2.594746e-06	-3.098500e-03	8.763997e-05	9.790701e-06
5.377260e+03	-1.111370e-02	1.216058e-02	-1.156476e-04	1.113634e-02	3.839827e-05	-5.070895e-06
5.389650e+03	-1.599529e-02	-1.653975e-03	-6.894657e-05	1.589470e-02	-2.365224e-05	1.504161e-05
5.402040e+03	-8.099809e-03	-1.375760e-02	-2.128362e-05	8.087556e-03	-5.451609e-05	1.520164e-05
5.414430e+03	6.218296e-03	-1.446526e-02	3.541675e-05	-6.223730e-03	-6.598161e-05	1.046707e-05
5.426820e+03	1.481926e-02	-3.774960e-03	4.151241e-05	-1.487262e-02	-2.608936e-05	9.253780e-06
5.439210e+03	1.201106e-02	9.879026e-03	3.056600e-05	-1.201104e-02	6.976618e-05	4.058321e-05
5.451600e+03	-7.366900e-04	1.495099e-02	-3.321090e-05	7.107238e-04	5.578263e-05	1.958915e-05
5.463990e+03	-1.257217e-02	8.564533e-03	-6.008148e-05	1.250306e-02	1.917748e-05	-3.236398e-06
5.476380e+03	-1.431068e-02	-4.758139e-03	-4.231442e-05	1.431065e-02	-2.250618e-05	-1.983696e-05
5.488770e+03	-4.452532e-03	-1.398604e-02	7.801190e-07	4.459112e-03	-4.827798e-05	-1.230446e-05
5.501160e+03	8.364364e-03	-1.182903e-02	2.890438e-05	-8.344100e-03	-3.782680e-05	-1.806916e-05
5.513550e+03	1.394672e-02	-2.911838e-04	2.502298e-05	-1.394681e-02	1.443259e-05	-1.704684e-05
5.525940e+03	8.483257e-03	1.106771e-02	1.623670e-05	-8.446182e-03	6.494635e-05	-4.209605e-05
5.538330e+03	-3.563792e-03	1.289690e-02	-5.652038e-05	3.562124e-03	2.933949e-05	4.507952e-06
5.550720e+03	-1.222795e-02	4.925912e-03	3.968959e-06	1.222795e-02	-5.691818e-07	-1.341743e-05
5.563110e+03	-1.108554e-02	-6.877774e-03	-3.617330e-05	1.099106e-02	-3.877555e-05	2.861795e-05
5.575500e+03	-1.070423e-03	-1.234966e-02	3.153530e-05	1.048115e-03	-2.961610e-05	2.792132e-05
5.587890e+03	9.215928e-03	-8.294498e-03	2.387807e-05	-9.235452e-03	5.794097e-06	3.558251e-05
5.600280e+03	1.178495e-02	2.487459e-03	3.106403e-05	-1.178600e-02	3.437703e-05	2.392698e-06
5.612670e+03	4.978875e-03	1.062470e-02	-1.959230e-05	-4.968115e-03	3.998632e-05	-3.532563e-06
5.625060e+03	-5.358238e-03	1.025957e-02	-6.483776e-05	5.358880e-03	1.821461e-06	-7.042036e-06
5.637450e+03	-1.097137e-02	1.626402e-03	-3.525759e-05	1.107000e-02	-3.198515e-05	-6.504820e-05
5.649840e+03	-7.639904e-03	-7.639571e-03	6.664712e-06	7.680775e-03	-2.943503e-05	-5.553791e-05
5.662230e+03	1.458551e-03	-1.032423e-02	2.095654e-05	-1.443901e-03	-2.042149e-05	-1.628616e-05
5.674620e+03	8.880863e-03	-4.886532e-03	5.751708e-05	-8.891216e-03	2.823965e-05	1.127307e-05
5.687010e+03	8.861276e-03	4.159447e-03	-9.888929e-06	-8.873172e-03	2.938791e-05	1.903390e-05
5.699400e+03	2.003302e-03	9.068410e-03	-1.390144e-05	-2.011621e-03	5.008919e-05	9.594833e-06
5.711790e+03	-6.124569e-03	6.855738e-03	-4.640112e-05	6.094626e-03	2.779795e-05	2.399962e-05
5.724180e+03	-8.510000e-03	-7.273361e-04	-5.734390e-05	8.535829e-03	-3.802529e-05	-2.337277e-05
5.736570e+03	-4.565392e-03	-7.256714e-03	8.394151e-06	4.572739e-03	-3.734617e-05	-6.380549e-06
5.748960e+03	3.039389e-03	-7.641490e-03	3.094732e-05	-3.019465e-03	-2.977286e-05	-1.240254e-05
5.761350e+03	7.677504e-03	-2.092746e-03	3.341641e-05	-7.701953e-03	1.477326e-05	1.383798e-05
5.773740e+03	6.121472e-03	4.756241e-03	-7.075617e-06	-6.130367e-03	3.124667e-05	1.031022e-05
5.786130e+03	-1.788588e-04	7.381810e-03	-2.434514e-05	1.702503e-04	3.348271e-05	8.326188e-06
5.798520e+03	-5.758975e-03	4.171405e-03	-2.213561e-05	5.777968e-03	1.378640e-05	-1.859021e-05
5.810910e+03	-6.539089e-03	-1.989376e-03	-4.421666e-05	6.548680e-03	-2.949944e-05	-1.190791e-05
5.823300e+03	-2.149423e-03	-6.049016e-03	-1.209984e-05	2.180324e-03	-2.482183e-05	-3.249349e-05
5.835690e+03	3.373605e-03	-5.211870e-03	2.514667e-05	-3.355143e-03	-8.851226e-06	-1.673958e-05
5.848080e+03	5.771954e-03	-4.374406e-04	4.362682e-06	-5.728026e-03	2.532900e-05	-3.816629e-05
5.860470e+03	3.770720e-03	4.282385e-03	-3.641878e-05	-3.741290e-03	3.874910e-05	-3.301822e-05
5.872860e+03	-1.048976e-03	5.241998e-03	-2.487731e-05	1.069613e-03	7.526494e-06	-1.417529e-05
5.885250e+03	-4.644432e-03	2.258389e-03	-4.865275e-05	4.616078e-03	3.597777e-06	2.802269e-05
5.897640e+03	-4.309383e-03	-2.118410e-03	1.824060e-05	4.335293e-03	-5.717373e-06	-2.308538e-05
5.910030e+03	-8.957523e-04	-4.451373e-03	-1.320364e-05	8.894831e-04	-1.146231e-05	5.286072e-06
5.922420e+03	2.814099e-03	-3.249992e-03	2.448204e-05	-2.802898e-03	-7.335174e-06	-1.017797e-05
5.934810e+03	3.984992e-03	1.644479e-04	-1.439690e-05	-3.993134e-03	1.961961e-06	8.571695e-06
5.947200e+03	2.211502e-03	3.124624e-03	2.270902e-05	-2.160622e-03	2.121232e-05	-5.027984e-05
5.959590e+03	-1.031738e-03	3.307741e-03	-3.285162e-05	1.013364e-03	1.185059e-05	1.293830e-05
5.971980e+03	-2.949310e-03	1.291014e-03	-2.816599e-05	2.994263e-03	2.890349e-06	-4.333831e-05
5.984370e+03	-2.699992e-03	-1.461690e-03	-1.901856e-05	2.703847e-03	-2.272143e-05	-3.845031e-06
5.996760e+03	-5.436447e-04	-2.698472e-03	-2.161678e-05	5.806881e-04	-2.028485e-05	-3.692638e-05
6.009150e+03	1.703635e-03	-2.089491e-03	4.614101e-06	-1.697914e-03	-1.533533e-05	-3.538572e-06
6.021540e+03	2.388256e-03	-5.738025e-05	2.105354e-05	-2.406939e-03	-5.653977e-06	1.797852e-05
6.033930e+03	1.495018e-03	1.707686e-03	3.599422e-05	-1.481982e-03	2.258656e-05	-1.205094e-05
6.046320e+03	-1.994256e-04	2.039586e-03	-2.131628e-05	1.938546e-04	4.008708e-05	4.678013e-06
6.058710e+03	-1.502097e-03	1.179918e-03	-3.133139e-05	1.522354e-03	8.814195e-06	-2.557445e-05
6.071100e+03	-1.726358e-03	-3.628026e-04	-4.790350e-05	1.738554e-03	-2.471725e-06	-1.704405e-05
6.083490e+03	-9.207497e-04	-1.428753e-03	-9.254900e-06	9.077436e-04	-1.672840e-05	4.454371e-06
6.095880e+03	4.237389e-04	-1.606338e-03	-2.797400e-05	-4.128775e-04	-4.364584e-05	-1.128346e-05
6.108270e+03	1.387410e-03	-8.224875e-04	2.843149e-05	-1.377764e-03	-2.529171e-05	-1.184992e-05
6.120660e+03	1.587031e-03	3.822115e-04	1.379767e-05	-1.584536e-03	1.976066e-05	-6.963252e-06
6.133050e+03	9.429124e-04	1.496955e-03	-9.135847e-07	-8.976680e-04	4.765785e-05	-4.680586e-05
6.145440e+03	-5.043208e-04	1.631187e-03	-4.423812e-05	5.154757e-04	-1.796551e-05	-1.389080e-05
6.157830e+03	-1.638343e-03	7.943517e-04	-2.059644e-05	1.673118e-03	-4.085625e-07	-4.078971e-05
6.170220e+03	-1.659748e-03	-6.963733e-04	-3.438253e-05	1.678434e-03	-1.164546e-05	-1.731235e-05
6.182610e+03	-5.252161e-04	-1.867662e-03	-1.494721e-05	5.342783e-04	6.617104e-06	-9.160707e-06
6.195000e+03	1.137312e-03	-1.696508e-03	1.181518e-05	-1.112077e-03	-9.072347e-06	-2.578910e-05
6.207390e+03	2.127337e-03	-2.022742e-04	8.298152e-06	-2.134082e-03	2.145539e-05	3.300566e-06
6.219780e+03	1.655395e-03	1.579629e-03	-9.140725e-06	-1.675648e-03	9.261251e-06	2.111645e-05
6.232170e+03	-2.538478e-04	2.376132e-03	-4.051554e-05	2.264345e-04	3.994246e-05	2.476376e-05
6.244560e+03	-2.105432e-03	1.425259e-03	-3.301326e-05	2.074563e-03	-9.302788e-07	1.361303e-05
6.256950e+03	-2.531948e-03	-7.207208e-04	-3.001882e-05	2.538382e-03	-3.346830e-05	-7.522838e-06
6.269340e+03	-9.047540e-04	-2.526877e-03	2.133494e-05	9.190600e-04	-2.462160e-05	-1.536433e-05
6.281730e+03	1.526079e-03	-2.336693e-03	7.157690e-06	-1.524108e-03	-3.694630e-06	1.637248e-06
6.294120e+03	2.763809e-03	-2.117501e-04	2.153631e-05	-2.732038e-03	2.197217e-05	-2.007996e-05
6.306510e+03	2.033432e-03	2.202671e-03	-1.561850e-05	-2.014761e-03	5.533530e-05	-2.261883e-05
6.318900e+03	-5.976005e-04	2.989015e-03	-3.045074e-05	6.487903e-04	3.526024e-05	-5.034607e-05
6.331290e+03	-2.845053e-03	1.357161e-03	-5.353265e-05	2.885794e-03	-8.847365e-07	-4.248490e-05
6.343680e+03	-2.909123e-03	-1.484810e-03	-1.872190e-05	2.914859e-03	-3.396371e-05	-1.966332e-05
6.356070e+03	-5.341981e-04	-3.291736e-03	1.207690e-05	5.430210e-04	-4.720544e-05	-7.585486e-06
6.368460e+03	2.414587e-03	-2.390734e-03	5.535694e-06	-2.382868e-03	1.102821e-07	-2.198138e-05
6.380850e+03	3.341864e-03	4.902358e-04	2.242714e-05	-3.347888e-03	-3.611787e-06	2.136523e-05
6.393240e+03	1.590004e-03	3.116682e-03	-1.422797e-06	-1.610639e-03	3.230540e-05	2.134572e-05
6.405630e+03	-1.537598e-03	3.166807e-03	-4.599786e-05	1.488761e-03	3.603164e-05	4.891029e-05
6.418020e+03	-3.498184e-03	7.076122e-04	-2.790607e-05	3.463242e-03	8.594856e-07	3.579202e-05
6.430410e+03	-2.725070e-03	-2.545889e-03	-1.137801e-05	2.695339e-03	-3.110502e-05	2.206187e-05
6.442800e+03	5.014062e-04	-3.568706e-03	-9.129122e-06	-4.876989e-04	-2.768566e-05	-1.461562e-05
6.455190e+03	3.323119e-03	-1.862297e-03	1.759560e-05	-3.302192e-03	-5.093983e-06	-1.108975e-05
6.467580e+03	3.576060e-03	1.664607e-03	4.588101e-06	-3.503016e-03	6.868651e-06	-6.217649e-05
6.479970e+03	7.406450e-04	3.885391e-03	3.188406e-06	-6.910761e-04	2.745972e-05	-5.189287e-05
6.492360e+03	-2.719777e-03	2.898216e-03	-2.225531e-05	2.735994e-03	7.101407e-06	-2.468888e-05
6.504750e+03	-3.931222e-03	-4.593625e-04	-8.977704e-06	3.947367e-03	6.464731e-06	-1.650899e-05
6.517140e+03	-1.943886e-03	-3.502489e-03	-3.098890e-05	1.952992e-03	-1.362718e-05	-6.451844e-06
6.529530e+03	1.803956e-03	-3.659718e-03	7.842956e-07	-1.835704e-03	-5.559303e-06	2.775252e-05
6.541920e+03	3.890722e-03	-9.202559e-04	-3.280786e-06	-3.917492e-03	-4.062595e-06	2.731844e-05
6.554310e+03	3.008139e-03	2.828953e-03	-1.027383e-05	-3.027969e-03	1.181124e-05	1.751198e-05
6.566700e+03	-4.297832e-04	3.964092e-03	-1.848371e-05	4.209559e-04	5.265948e-06	1.442868e-05
6.579090e+03	-3.575694e-03	2.064037e-03	-2.270145e-05	3.544817e-03	1.357019e-05	2.993337e-05
6.591480e+03	-3.787577e-03	-1.676006e-03	-2.417105e-05	3.805408e-03	-3.094012e-05	-2.611713e-05
6.603870e+03	-8.436169e-04	-4.025555e-03	8.858478e-06	8.283682e-04	1.413892e-05	1.585115e-05
6.616260e+03	2.781481e-03	-3.123535e-03	6.307493e-06	-2.780541e-03	-1.646440e-05	-2.392266e-07
6.628650e+03	4.127837e-03	3.853723e-04	3.180449e-05	-4.107874e-03	2.096560e-05	-1.718809e-05
6.641040e+03	2.080305e-03	3.676678e-03	-5.802422e-06	-2.055021e-03	2.379309e-05	-2.517457e-05
6.653430e+03	-1.724107e-03	3.833371e-03	-2.526941e-05	1.727951e-03	6.881385e-06	-7.641840e-06
6.665820e+03	-3.991732e-03	8.899531e-04	-3.073471e-05	3.989828e-03	-3.426825e-06	2.194098e-06
6.678210e+03	-3.100937e-03	-2.850747e-03	-2.678033e-06	3.069087e-03	-9.557498e-06	2.950244e-05
6.690600e+03	4.515780e-04	-4.039884e-03	-1.001950e-06	-4.872384e-04	-8.754767e-06	3.155820e-05
6.702990e+03	3.561711e-03	-2.054548e-03	3.415994e-06	-3.594534e-03	7.786903e-06	2.968573e-05
6.715380e+03	3.714576e-03	1.712660e-03	-1.137958e-05	-3.741158e-03	2.883770e-05	3.025985e-05
6.727770e+03	8.364484e-04	3.941410e-03	-9.740067e-06	-8.360657e-04	9.168256e-07	3.712718e-06
6.740160e+03	-2.724713e-03	3.042571e-03	-5.693590e-06	2.728206e-03	-5.187499e-07	-1.566187e-06
6.752550e+03	-3.976607e-03	-4.829990e-04	-5.380596e-06	3.966909e-03	6.822465e-06	1.268519e-05
6.764940e+03	-1.941558e-03	-3.583259e-03	-4.813018e-06	1.953005e-03	6.851512e-06	-7.712786e-06
6.777330e+03	1.656526e-03	-3.662209e-03	-1.312967e-05	-1.671437e-03	-7.425326e-06	8.816618e-06
6.789720e+03	3.939754e-03	-7.609062e-04	-1.195063e-05	-3.929764e-03	2.689796e-05	-1.268658e-05
6.802110e+03	2.898443e-03	2.714127e-03	-2.034314e-05	-2.921245e-03	-1.374294e-05	2.414306e-05
6.814500e+03	-4.541518e-04	3.839409e-03	-2.670055e-05	4.397484e-04	1.532878e-05	1.585974e-05
6.826890e+03	-3.416192e-03	1.878321e-03	2.340599e-05	3.379798e-03	-5.842162e-06	3.915135e-05
6.839280e+03	-3.399122e-03	-1.655650e-03	1.251232e-05	3.387850e-03	2.611008e-06	1.000608e-05
6.851670e+03	-6.435691e-04	-3.620762e-03	-1.532956e-05	6.291616e-04	9.373552e-06	1.681517e-05
6.864060e+03	2.620018e-03	-2.678879e-03	-1.314681e-05	-2.629873e-03	1.609512e-05	1.530099e-05
6.876450e+03	3.608636e-03	5.904236e-04	-1.435028e-05	-3.638044e-03	3.987798e-06	2.945693e-05
6.888840e+03	1.712755e-03	3.342723e-03	-4.851617e-05	-1.745887e-03	2.532522e-06	3.555870e-05
6.901230e+03	-1.697579e-03	3.381324e-03	8.874763e-06	1.673054e-03	-2.668022e-05	1.728668e-05
6.913620e+03	-3.532926e-03	6.351002e-04	-2.070369e-06	3.561354e-03	-1.704873e-05	-2.500207e-05
6.926010e+03	-2.576964e-03	-2.537540e-03	1.996031e-05	2.554505e-03	-2.691305e-06	1.758037e-05
6.938400e+03	5.798426e-04	-3.457142e-03	1.970617e-06	-5.682048e-04	2.243140e-05	-1.283697e-05
6.950790e+03	3.137956e-03	-1.500886e-03	-1.126618e-05	-3.150193e-03	3.800951e-05	9.020695e-06
6.963180e+03	3.064263e-03	1.641515e-03	-2.813031e-05	-3.044550e-03	3.241781e-05	-1.429168e-05
6.975570e+03	4.400720e-04	3.345266e-03	-5.429876e-05	-4.533116e-04	-1.064847e-05	1.270375e-05
6.987960e+03	-2.538631e-03	2.351524e-03	-1.770356e-06	2.508631e-03	-7.230090e-06	3.719979e-05
7.000350e+03	-3.256363e-03	-6.770526e-04	-1.595970e-05	3.241923e-03	-2.937258e-05	1.241216e-05
7.012740e+03	-1.466592e-03	-3.001159e-03	1.870019e-05	1.445924e-03	-2.771551e-05	2.642822e-05
7.025130e+03	1.625897e-03	-2.910799e-03	-4.746746e-06	-1.656230e-03	2.430366e-05	2.482591e-05
7.037520e+03	3.217758e-03	-3.728173e-04	-2.558760e-05	-3.231060e-03	2.356596e-05	1.737866e-05
7.049910e+03	2.227893e-03	2.455329e-03	-8.464360e-06	-2.247105e-03	2.485087e-05	1.752432e-05
7.062300e+03	-5.784020e-04	3.202519e-03	-4.028085e-05	5.875736e-04	3.389274e-05	-7.592819e-06
7.074690e+03	-2.975724e-03	1.308772e-03	-3.675969e-05	2.976438e-03	-1.353741e-05	-5.335495e-07
7.087080e+03	-2.764504e-03	-1.552370e-03	-2.731219e-05	2.761833e-03	-3.210283e-05	6.228760e-07
7.099470e+03	-3.204433e-04	-2.986051e-03	6.399966e-06	3.363996e-04	-3.951243e-05	-1.620614e-05
7.111860e+03	2.231785e-03	-2.008359e-03	3.974416e-05	-2.241400e-03	-9.894225e-06	8.665237e-06
7.124250e+03	2.905632e-03	6.390875e-04	-2.323156e-05	-2.909420e-03	1.029191e-05	8.104051e-06
7.136640e+03	1.173339e-03	2.721247e-03	3.753371e-06	-1.187665e-03	1.701693e-05	1.676735e-05
7.149030e+03	-1.494061e-03	2.549442e-03	-2.804575e-05	1.456286e-03	7.200580e-06	4.280479e-05
7.161420e+03	-2.812543e-03	3.025771e-04	-2.463858e-05	2.790393e-03	-6.540340e-06	2.352280e-05
7.173810e+03	-1.957278e-03	-2.084844e-03	-1.846848e-05	1.934028e-03	-1.430971e-05	2.316637e-05
7.186200e+03	5.666078e-04	-2.689836e-03	-2.528392e-06	-5.868230e-04	-2.132882e-05	1.970727e-05
7.198590e+03	2.532543e-03	-1.073229e-03	6.389136e-06	-2.532089e-03	3.247488e-06	3.927845e-06
7.210980e+03	2.325184e-03	1.349047e-03	-1.255415e-05	-2.313044e-03	8.724833e-07	-7.837177e-06
7.223370e+03	2.473431e-04	2.619292e-03	-8.061517e-06	-2.485894e-04	6.619501e-06	1.793901e-06
7.235760e+03	-2.002169e-03	1.736014e-03	-3.829079e-05	1.975443e-03	-5.576781e-06	9.840505e-06
7.248150e+03	-2.472397e-03	-5.653061e-04	6.518024e-06	2.502943e-03	9.611743e-07	-2.250585e-05
7.260540e+03	-1.006207e-03	-2.258375e-03	1.194422e-05	9.761277e-04	-7.644014e-06	3.584422e-05
7.272930e+03	1.258965e-03	-2.092868e-03	-9.976625e-06	-1.285876e-03	4.751456e-06	3.126949e-05
7.285320e+03	2.274016e-03	-1.989175e-04	-9.904858e-06	-2.299815e-03	7.765162e-06	2.110565e-05
7.297710e+03	1.503644e-03	1.798015e-03	-1.706788e-05	-1.502859e-03	-9.417034e-06	9.085689e-06
7.310100e+03	-5.427553e-04	2.234123e-03	-5.052991e-06	5.554503e-04	-1.830018e-05	-1.180828e-05
7.322490e+03	-2.146505e-03	8.744288e-04	1.846091e-06	2.146912e-03	1.064691e-05	-1.612328e-06
7.334880e+03	-1.942663e-03	-1.211668e-03	-1.127091e-05	1.951791e-03	-1.082898e-05	-1.091113e-06
7.347270e+03	-1.516351e-04	-2.235635e-03	-2.018424e-05	1.593058e-04	-1.789510e-07	-6.902786e-06
7.359660e+03	1.687565e-03	-1.487074e-03	-9.476881e-06	-1.673615e-03	-6.263547e-06	-5.720219e-06
7.372050e+03	2.118743e-03	4.815251e-04	-5.611267e-06	-2.128851e-03	1.318248e-05	1.604686e-05
7.384440e+03	8.320796e-04	1.926982e-03	2.182530e-06	-8.206945e-04	1.406528e-05	-1.175484e-05
7.396830e+03	-1.050452e-03	1.810350e-03	5.294374e-06	1.025619e-03	6.883797e-06	2.057387e-05
7.409220e+03	-1.896495e-03	2.273212e-04	-3.752211e-05	1.887756e-03	3.027074e-06	7.895840e-06
7.421610e+03	-1.308660e-03	-1.392966e-03	-2.538465e-05	1.310099e-03	-4.228585e-06	6.289578e-06
7.434000e+03	3.594290e-04	-1.847405e-03	-2.658733e-05	-3.428257e-04	1.823087e-05	2.474999e-06
7.446390e+03	1.704260e-03	-7.492279e-04	3.804609e-06	-1.704260e-03	-1.299158e-05	-2.829445e-06
7.458780e+03	1.566908e-03	9.166540e-04	6.722204e-06	-1.560525e-03	-1.489362e-05	-1.507685e-06
7.471170e+03	2.060789e-04	1.714539e-03	-1.133154e-05	-2.060890e-04	5.969613e-06	-2.491718e-06
7.483560e+03	-1.268009e-03	1.146721e-03	4.768659e-06	1.276337e-03	-1.540474e-05	-4.838617e-06
7.495950e+03	-1.581730e-03	-3.074490e-04	4.478328e-06	1.582895e-03	3.928416e-08	-5.932717e-06
7.508340e+03	-7.089137e-04	-1.474707e-03	-2.676908e-06	6.942764e-04	2.187848e-05	1.168145e-05
7.520730e+03	7.516826e-04	-1.391617e-03	-3.721020e-06	-7.544826e-04	1.370605e-06	2.889525e-06
7.533120e+03	1.550413e-03	-1.739351e-04	-3.273370e-06	-1.541438e-03	2.518204e-05	-1.211944e-05
7.545510e+03	1.032382e-03	1.143225e-03	-1.597173e-05	-1.019046e-03	-2.011564e-05	-1.293523e-05
7.557900e+03	-2.320741e-04	1.476907e-03	-1.704729e-05	2.470533e-04	8.375639e-06	-1.498834e-05
7.570290e+03	-1.321085e-03	6.413407e-04	8.466521e-06	1.330916e-03	-2.595300e-07	-1.226096e-05
7.582680e+03	-1.279148e-03	-6.469783e-04	-1.733944e-05	1.279711e-03	2.858956e-06	6.831754e-06
7.595070e+03	-2.111457e-04	-1.313693e-03	8.942099e-06	1.919066e-04	4.999383e-06	1.854741e-05
7.607460e+03	8.961217e-04	-9.614812e-04	-3.552936e-05	-9.116116e-04	9.439133e-06	1.610050e-05
7.619850e+03	1.197710e-03	1.841415e-04	-1.116594e-06	-1.222852e-03	1.607776e-06	2.118839e-05
7.632240e+03	6.157624e-04	1.068538e-03	-2.943013e-05	-6.340610e-04	2.164315e-06	1.754143e-05
7.644630e+03	-4.888617e-04	1.084080e-03	-1.447960e-05	4.934006e-04	-1.542558e-05	-3.468413e-06
7.657020e+03	-1.161140e-03	2.591462e-04	1.528592e-06	1.165527e-03	-1.713252e-05	-1.062731e-05
7.669410e+03	-8.213117e-04	-7.469974e-04	-4.507659e-06	8.530523e-04	1.304474e-05	-2.754506e-05
7.681800e+03	6.477698e-05	-1.104643e-03	3.582121e-06	-7.801525e-05	-2.175395e-06	1.170470e-05
7.694190e+03	9.126534e-04	-5.371750e-04	-1.711375e-05	-9.093640e-04	1.984418e-05	-2.853866e-06
7.706580e+03	9.664366e-04	3.465210e-04	-1.137333e-05	-9.706688e-04	8.987684e-06	7.350685e-06
7.718970e+03	3.042664e-04	9.376513e-04	-3.719479e-05	-2.995452e-04	1.814124e-05	-3.626194e-06
7.731360e+03	-5.474322e-04	8.221898e-04	-2.580152e-05	5.325405e-04	-1.321118e-05	1.575611e-05
7.743750e+03	-9.215369e-04	4.262665e-05	-2.158602e-05	9.132593e-04	-6.354500e-06	7.441711e-06
7.756140e+03	-5.938888e-04	-6.849106e-04	1.817718e-06	6.120309e-04	-1.203869e-05	-1.505770e-05
7.768530e+03	2.181202e-04	-8.918988e-04	-7.691644e-07	-1.929461e-04	1.609338e-05	-2.477512e-05
7.780920e+03	7.823700e-04	-3.553540e-04	-1.768477e-05	-7.711769e-04	1.274086e-05	-1.664691e-05
7.793310e+03	7.056995e-04	3.324284e-04	-6.426563e-07	-7.137791e-04	8.339036e-06	3.212312e-06
7.805700e+03	1.773363e-04	8.107404e-04	-1.652990e-05	-1.909548e-04	1.532368e-06	1.292322e-05
7.818090e+03	-4.404626e-04	5.678859e-04	-2.138072e-05	4.277248e-04	-2.305695e-06	1.274033e-05
7.830480e+03	-6.890477e-04	2.146564e-05	-1.426622e-05	6.833304e-04	-8.067107e-06	5.551353e-06
7.842870e+03	-4.786807e-04	-5.029135e-04	1.841013e-06	4.421861e-04	-7.975341e-07	2.915077e-05
7.855260e+03	1.228244e-04	-6.289344e-04	1.355391e-05	-1.290655e-04	1.463475e-05	5.121545e-06
7.867650e+03	5.938254e-04	-2.353270e-04	-1.924209e-05	-5.877319e-04	-5.623475e-06	-8.031679e-06
7.880040e+03	5.218069e-04	2.857540e-04	-1.081961e-05	-5.097710e-04	9.625436e-06	-1.121965e-05
7.892430e+03	1.797348e-04	5.619993e-04	4.104734e-06	-1.387137e-04	1.199956e-05	-4.119071e-05
7.904820e+03	-3.221160e-04	4.800549e-04	-1.734397e-05	3.318475e-04	-1.114717e-05	-1.009475e-05
7.917210e+03	-5.219421e-04	2.445149e-05	-5.614443e-06	5.231186e-04	2.332705e-06	-1.432847e-06
7.929600e+03	-3.929750e-04	-3.143920e-04	-7.506789e-06	3.679619e-04	-2.638958e-06	2.339664e-05
7.941990e+03	6.927295e-05	-4.811081e-04	-8.450788e-07	-6.689418e-05	2.050189e-05	-5.712624e-07
7.954380e+03	3.836776e-04	-2.547095e-04	-1.324339e-05	-3.931226e-04	-5.859719e-06	9.178429e-06
7.966770e+03	4.131175e-04	1.631382e-04	-8.786547e-08	-4.310021e-04	9.001531e-06	1.433483e-05
7.979160e+03	1.736969e-04	4.274982e-04	-2.666812e-05	-1.612466e-04	1.158818e-05	-1.244102e-05
7.991550e+03	-2.388427e-04	4.269708e-04	-1.802100e-05	2.254137e-04	-5.779296e-06	9.191250e-06
8.003940e+03	-4.255804e-04	8.864779e-05	2.549110e-06	4.438325e-04	6.152204e-06	-1.698757e-05
8.016330e+03	-3.595205e-04	-2.330554e-04	-1.454683e-05	3.491972e-04	1.852496e-06	9.699431e-06
8.028720e+03	-5.652277e-05	-4.266815e-04	-3.817368e-06	6.081669e-05	1.107871e-05	-4.426810e-06
8.041110e+03	3.014771e-04	-3.079634e-04	-6.299398e-06	-2.853763e-04	2.688990e-07	-1.724688e-05
8.053500e+03	4.160691e-04	4.572528e-05	-1.063261e-05	-4.129172e-04	-7.527722e-07	-2.596834e-06
8.065890e+03	2.315171e-04	3.238054e-04	-3.084587e-05	-2.188914e-04	-5.006072e-06	-1.227826e-05
8.078280e+03	-9.743794e-05	3.830729e-04	-2.283264e-06	1.001558e-04	1.133640e-05	-2.215787e-06
8.090670e+03	-3.723738e-04	1.699157e-04	6.480545e-06	3.530034e-04	-8.910637e-06	1.961460e-05
8.103060e+03	-3.289613e-04	-1.816921e-04	-6.017543e-06	3.258715e-04	1.729951e-06	2.896728e-06
8.115450e+03	-8.559270e-05	-3.443770e-04	-1.575514e-05	9.297487e-05	9.415539e-06	-9.226134e-06
8.127840e+03	2.234402e-04	-3.189195e-04	5.833338e-06	-2.204769e-04	-7.362078e-08	-3.374010e-06
8.140230e+03	3.822025e-04	9.988236e-06	-1.399211e-05	-3.880758e-04	4.862687e-06	5.395788e-06
8.152620e+03	2.108645e-04	3.056261e-04	-5.928015e-06	-2.087158e-04	1.525732e-05	-5.106905e-07
8.165010e+03	-3.836509e-05	3.621526e-04	-1.386538e-05	5.209286e-05	4.618090e-07	-1.075613e-05
8.177400e+03	-3.523112e-04	1.945598e-04	-2.958804e-05	3.382475e-04	1.298667e-05	1.699894e-05
