1.313340e+03	7.924885e-02	9.579263e-02	-1.557527e-04	-8.031131e-02	2.295694e-05	4.383014e-04
1.325730e+03	4.899294e-02	1.094838e-01	-3.949588e-05	-4.917081e-02	4.336307e-05	1.031536e-04
1.338120e+03	1.744058e-02	1.182456e-01	-3.290639e-05	-1.727892e-02	6.928580e-06	-1.379852e-04
1.350510e+03	-1.538406e-02	1.189412e-01	-7.379787e-05	1.547119e-02	4.660423e-05	-1.059915e-04
1.362900e+03	-4.688170e-02	1.095776e-01	-2.822018e-05	4.679576e-02	-1.632880e-05	1.038276e-04
1.375290e+03	-7.537795e-02	9.321207e-02	5.637702e-06	7.495282e-02	-4.692111e-05	3.646567e-04
1.387680e+03	-9.847286e-02	6.910577e-02	1.710642e-06	9.759305e-02	-4.883249e-05	6.004900e-04
1.400070e+03	-1.139286e-01	3.915603e-02	6.137710e-05	1.130674e-01	-3.233429e-05	6.300532e-04
1.412460e+03	-1.188580e-01	6.372588e-03	7.571884e-06	1.188616e-01	-2.619904e-05	4.743418e-04
1.424850e+03	-1.163300e-01	-2.625673e-02	5.409066e-05	1.163300e-01	9.511519e-06	2.720219e-04
1.437240e+03	-1.043422e-01	-5.714130e-02	2.297139e-05	1.043824e-01	3.299373e-06	3.904798e-04
1.449630e+03	-8.560688e-02	-8.369801e-02	4.735267e-05	8.483426e-02	3.214895e-05	7.491938e-04
1.462020e+03	-5.907818e-02	-1.041803e-01	9.984494e-06	5.827499e-02	3.292405e-05	8.675921e-04
1.474410e+03	-2.810515e-02	-1.163100e-01	-1.597786e-05	2.732379e-02	6.102626e-06	7.723582e-04
1.486800e+03	5.148835e-03	-1.190000e-01	2.259276e-05	-5.853715e-03	6.063046e-05	6.692983e-04
1.499190e+03	3.761844e-02	-1.133241e-01	-4.714946e-05	-3.818609e-02	-4.860645e-05	5.130619e-04
1.511580e+03	6.745557e-02	-9.836660e-02	-1.068044e-05	-6.803757e-02	-4.475216e-05	5.504644e-04
1.523970e+03	9.267884e-02	-7.612222e-02	3.989623e-06	-9.338740e-02	-2.009462e-05	6.826026e-04
1.536360e+03	1.112710e-01	-4.713638e-02	3.234254e-05	-1.122760e-01	4.336817e-05	9.333868e-04
1.548750e+03	1.199078e-01	-1.348081e-02	-2.888054e-05	-1.209078e-01	2.083532e-05	1.001599e-03
1.561140e+03	1.187230e-01	2.165620e-02	-6.723968e-05	-1.197469e-01	1.434366e-04	6.240642e-04
1.573530e+03	1.086145e-01	5.510594e-02	-1.672330e-05	-1.087685e-01	-1.788625e-05	4.914122e-04
1.585920e+03	8.840734e-02	8.386425e-02	-7.867215e-05	-8.889196e-02	9.387266e-05	4.224547e-04
1.598310e+03	6.063310e-02	1.064227e-01	-5.535085e-05	-6.109306e-02	-2.433520e-05	4.459399e-04
1.610700e+03	2.705038e-02	1.203452e-01	-4.149857e-05	-2.774264e-02	-4.201418e-05	6.552830e-04
1.623090e+03	-9.428116e-03	1.236325e-01	-9.185892e-05	8.707466e-03	-4.156541e-05	6.920004e-04
1.635480e+03	-4.587888e-02	1.159700e-01	2.863985e-05	4.545372e-02	-1.414873e-04	4.078084e-04
1.647870e+03	-7.875724e-02	9.723095e-02	-1.762082e-05	7.853754e-02	-1.030725e-04	1.927287e-04
1.660260e+03	-1.047895e-01	6.983758e-02	-1.179424e-05	1.048303e-01	-1.040196e-04	1.260813e-04
1.672650e+03	-1.225825e-01	3.507494e-02	1.465360e-04	1.221497e-01	-1.089302e-04	1.456101e-04
1.685040e+03	-1.289816e-01	-4.702220e-03	-4.679669e-05	1.279892e-01	-6.977422e-05	2.338417e-04
1.697430e+03	-1.217050e-01	-4.510311e-02	1.922573e-04	1.214574e-01	-4.592868e-05	2.018167e-04
1.709820e+03	-1.017464e-01	-8.177552e-02	1.678762e-04	1.017105e-01	4.210321e-05	5.750446e-05
1.722210e+03	-7.027013e-02	-1.095345e-01	9.645875e-05	7.052471e-02	3.920966e-05	-2.426669e-04
1.734600e+03	-3.133407e-02	-1.278820e-01	9.182509e-05	3.173246e-02	6.119515e-05	-4.422420e-04
1.746990e+03	1.152526e-02	-1.314082e-01	8.781425e-05	-1.119010e-02	8.896706e-05	-3.142127e-04
1.759380e+03	5.450534e-02	-1.218849e-01	-8.283740e-06	-5.430469e-02	1.630251e-05	-2.314485e-04
1.771770e+03	9.278010e-02	-9.811155e-02	2.867890e-05	-9.264168e-02	9.809106e-05	-1.909592e-04
1.784160e+03	1.216410e-01	-6.092949e-02	-2.096266e-06	-1.216410e-01	-1.305239e-05	-3.045918e-04
1.796550e+03	1.357745e-01	-1.629670e-02	-1.316219e-05	-1.357745e-01	6.043325e-05	-3.678530e-04
1.808940e+03	1.345265e-01	3.167378e-02	-4.325679e-05	-1.334177e-01	1.716765e-04	-6.119065e-04
1.821330e+03	1.154926e-01	7.659497e-02	-1.175445e-04	-1.144726e-01	1.710831e-04	-7.127387e-04
1.833720e+03	8.191073e-02	1.121966e-01	-1.037925e-04	-8.135810e-02	-8.189831e-06	-5.541543e-04
1.846110e+03	3.694166e-02	1.355359e-01	-1.760532e-04	-3.655051e-02	4.123302e-05	-4.132674e-04
1.858500e+03	-1.375803e-02	1.406692e-01	-1.738075e-04	1.419916e-02	1.837913e-05	-4.326238e-04
1.870890e+03	-6.385790e-02	1.265088e-01	-1.099221e-04	6.432613e-02	-1.176840e-04	-4.123084e-04
1.883280e+03	-1.055582e-01	9.419968e-02	-2.198752e-04	1.056740e-01	-6.662101e-05	-5.443995e-04
1.895670e+03	-1.334340e-01	4.955714e-02	-4.041792e-05	1.342893e-01	-1.871124e-04	-5.194025e-04
1.908060e+03	-1.428014e-01	-3.571031e-03	9.322530e-05	1.436768e-01	-1.670000e-04	-3.660994e-04
1.920450e+03	-1.318470e-01	-5.717817e-02	1.962192e-05	1.326525e-01	-1.419227e-04	-3.623607e-04
1.932840e+03	-1.017735e-01	-1.035841e-01	1.943359e-04	1.017230e-01	-7.034993e-05	-1.836342e-04
1.945230e+03	-5.466977e-02	-1.341461e-01	1.306878e-04	5.496119e-02	-3.366646e-05	-3.273090e-04
1.957620e+03	4.334773e-04	-1.448403e-01	1.004545e-04	-1.334773e-04	1.406435e-05	-2.876696e-04
1.970010e+03	5.618110e-02	-1.343351e-01	1.514997e-04	-5.588110e-02	6.476409e-05	-2.358829e-04
1.982400e+03	1.039417e-01	-1.033124e-01	8.233402e-05	-1.037754e-01	1.393486e-05	-2.140860e-04
1.994790e+03	1.364014e-01	-5.488135e-02	8.344193e-05	-1.364016e-01	2.178711e-04	-1.597817e-04
2.007180e+03	1.467504e-01	3.168536e-03	7.237667e-05	-1.467486e-01	1.102439e-04	1.013306e-04
2.019570e+03	1.348525e-01	6.176068e-02	3.415326e-06	-1.358591e-01	2.133906e-04	2.369517e-04
2.031960e+03	9.935941e-02	1.107159e-01	-6.992364e-05	-9.934426e-02	1.398159e-04	1.177991e-04
2.044350e+03	4.755537e-02	1.410034e-01	-2.200234e-04	-4.756128e-02	2.257677e-04	-5.951124e-05
2.056740e+03	-1.287419e-02	1.481537e-01	-3.059882e-04	1.275212e-02	9.449098e-05	1.797773e-04
2.069130e+03	-7.244266e-02	1.323428e-01	-2.343867e-04	7.207494e-02	-9.669241e-05	3.433464e-04
2.081520e+03	-1.203983e-01	9.126309e-02	-2.293482e-04	1.205180e-01	-1.976216e-04	3.213737e-04
2.093910e+03	-1.477910e-01	3.422299e-02	-1.028310e-05	1.470145e-01	-2.782026e-04	3.907974e-04
2.106300e+03	-1.490378e-01	-3.064747e-02	-3.759640e-05	1.483872e-01	-2.654467e-04	4.002255e-04
2.118690e+03	-1.241732e-01	-9.035467e-02	1.514473e-04	1.231645e-01	-2.151423e-04	3.635845e-04
2.131080e+03	-7.439807e-02	-1.353734e-01	2.484495e-04	7.380261e-02	-6.696809e-05	5.348813e-04
2.143470e+03	-1.048255e-02	-1.534600e-01	2.391935e-04	9.848840e-03	-4.657041e-05	6.111667e-04
2.155860e+03	5.764543e-02	-1.446713e-01	2.336248e-04	-5.823264e-02	3.213137e-05	6.723990e-04
2.168250e+03	1.151558e-01	-1.061790e-01	1.740663e-04	-1.161782e-01	2.363635e-05	6.705888e-04
2.180640e+03	1.520222e-01	-4.388353e-02	1.624171e-04	-1.530222e-01	3.654011e-05	7.265935e-04
2.193030e+03	1.572424e-01	2.932729e-02	1.145305e-04	-1.580324e-01	4.460580e-04	9.539676e-04
2.205420e+03	1.272093e-01	9.857061e-02	-1.480754e-04	-1.280667e-01	4.969213e-04	1.115187e-03
2.217810e+03	6.711330e-02	1.479801e-01	-2.745084e-04	-6.818091e-02	2.281597e-04	1.093240e-03
2.230200e+03	-1.125914e-02	1.639445e-01	-4.216468e-04	1.006582e-02	1.064424e-04	1.271281e-03
2.242590e+03	-9.075979e-02	1.402082e-01	-3.175259e-04	8.952519e-02	-2.126655e-04	1.486906e-03
2.254980e+03	-1.502848e-01	7.707052e-02	-3.498374e-04	1.492849e-01	-3.038411e-04	1.687071e-03
2.267370e+03	-1.684303e-01	-1.085263e-02	2.102125e-05	1.671191e-01	-4.333161e-04	1.951956e-03
2.279760e+03	-1.408551e-01	-1.004224e-01	1.370747e-04	1.388481e-01	-4.059894e-04	2.043303e-03
2.292150e+03	-6.298473e-02	-1.628528e-01	4.466723e-04	6.057697e-02	-1.727036e-04	2.340475e-03
2.304540e+03	4.325530e-02	-1.684501e-01	3.646166e-04	-4.522851e-02	5.041496e-06	1.962121e-03
2.316930e+03	1.359385e-01	-1.046031e-01	3.628921e-04	-1.378098e-01	2.665037e-04	1.772369e-03
2.329320e+03	1.686155e-01	6.466162e-03	1.894416e-04	-1.695719e-01	5.551596e-04	1.057290e-03
2.341710e+03	1.171890e-01	1.120924e-01	-2.116422e-04	-1.171538e-01	6.784754e-04	1.221165e-04
2.354100e+03	5.864125e-03	1.495360e-01	-5.606295e-04	-4.195370e-03	2.623956e-04	-1.722267e-03
2.366490e+03	-9.528603e-02	9.674173e-02	-6.029128e-04	9.770604e-02	-2.791901e-04	-2.430085e-03
2.378880e+03	-1.145711e-01	-1.152485e-02	-2.621014e-05	1.187202e-01	-6.494144e-04	-4.009527e-03
2.391270e+03	-4.713352e-02	-7.923647e-02	5.888035e-04	5.080105e-02	-2.658761e-04	-3.655972e-03
2.403660e+03	2.836783e-02	-6.222038e-02	7.064310e-04	-2.472812e-02	-2.880334e-05	-3.681695e-03
2.416050e+03	4.268249e-02	-6.955887e-03	-2.551063e-04	-3.927722e-02	3.282458e-04	-3.558281e-03
2.428440e+03	1.357707e-02	1.383073e-02	-2.817825e-04	-8.766714e-03	1.182406e-04	-4.605976e-03
2.440830e+03	2.115245e-03	-2.299947e-03	9.461932e-04	1.559416e-03	4.119521e-04	-3.677508e-03
2.453220e+03	1.970059e-02	2.811755e-03	-5.990005e-05	-1.660000e-02	3.109153e-04	-3.130000e-03
2.465610e+03	7.443548e-03	2.815752e-02	2.233574e-04	-2.705204e-03	-6.761693e-04	-4.732227e-03
2.478000e+03	-2.855442e-02	1.930785e-02	2.983844e-04	3.434894e-02	1.644773e-04	-5.756818e-03
2.490390e+03	-3.268394e-02	-2.597880e-02	5.098123e-04	3.858613e-02	-1.414680e-04	-5.909976e-03
2.502780e+03	8.423581e-03	-4.988883e-02	-1.121200e-04	-4.325092e-03	5.924406e-04	-4.080753e-03
2.515170e+03	5.284800e-02	-2.475332e-02	-7.717017e-04	-5.164379e-02	5.788803e-04	-1.129386e-03
2.527560e+03	5.483409e-02	3.039392e-02	-1.197756e-03	-5.787588e-02	-2.108711e-04	3.049718e-03
2.539950e+03	9.196212e-03	6.874121e-02	-2.805869e-04	-1.597921e-02	-1.052364e-03	6.761379e-03
2.552340e+03	-5.243292e-02	5.844702e-02	5.929250e-04	4.355667e-02	-1.061147e-03	8.883699e-03
2.564730e+03	-8.419763e-02	3.397495e-03	1.195650e-03	7.595703e-02	-2.116823e-04	8.322121e-03
2.577120e+03	-6.113234e-02	-6.065019e-02	1.019585e-03	5.543119e-02	9.934093e-04	5.765688e-03
2.589510e+03	7.911237e-03	-8.479624e-02	1.952710e-04	-1.059989e-02	1.321267e-03	2.665043e-03
2.601900e+03	7.484358e-02	-4.793249e-02	-8.880802e-04	-7.441914e-02	7.080695e-04	-4.775678e-04
2.614290e+03	8.233001e-02	3.201696e-02	-1.084052e-03	-7.944191e-02	-3.779345e-04	-2.989414e-03
2.626680e+03	1.734169e-02	8.168896e-02	-3.465889e-04	-1.363890e-02	-8.427608e-04	-3.703912e-03
2.639070e+03	-5.832840e-02	4.684253e-02	4.125082e-04	6.171625e-02	-5.800168e-04	-3.347318e-03
2.651460e+03	-5.685637e-02	-3.338299e-02	8.821229e-04	5.899284e-02	3.426005e-04	-2.127078e-03
2.663850e+03	1.348523e-02	-5.596370e-02	-2.444078e-04	-1.241367e-02	8.490561e-04	-1.089020e-03
2.676240e+03	5.150042e-02	2.279742e-03	-1.557292e-04	-5.121057e-02	2.784522e-05	-1.968695e-04
2.688630e+03	7.653499e-03	5.175144e-02	-6.847185e-04	-6.174209e-03	-9.153007e-04	-1.492956e-03
2.701020e+03	-5.438129e-02	1.773681e-02	1.707671e-04	5.652803e-02	-1.259260e-03	-2.029869e-03
2.713410e+03	-3.415254e-02	-5.293242e-02	1.606545e-03	3.654262e-02	1.226737e-04	-2.305001e-03
2.725800e+03	4.286029e-02	-5.893817e-02	9.900267e-04	-3.919389e-02	1.252712e-03	-3.597143e-03
2.738190e+03	7.853741e-02	1.508067e-02	-7.107588e-04	-7.487686e-02	1.419859e-03	-3.578716e-03
2.750580e+03	2.464549e-02	8.099915e-02	-1.693173e-03	-2.205677e-02	5.267912e-04	-2.572700e-03
2.762970e+03	-6.249201e-02	6.393714e-02	-1.282438e-03	6.315581e-02	-9.487401e-04	-6.427689e-04
2.775360e+03	-9.200742e-02	-1.973617e-02	7.249559e-05	9.047072e-02	-1.721792e-03	1.734461e-03
2.787750e+03	-3.757108e-02	-9.000609e-02	1.262541e-03	3.384893e-02	-1.147117e-03	3.753343e-03
2.800140e+03	5.064446e-02	-8.377139e-02	1.582674e-03	-5.504404e-02	1.972080e-04	4.420102e-03
2.812530e+03	9.741724e-02	-7.413656e-03	8.454266e-04	-1.011242e-01	1.514822e-03	3.889837e-03
2.824920e+03	6.466323e-02	7.670935e-02	-5.029810e-04	-6.729946e-02	1.638566e-03	2.693742e-03
2.837310e+03	-2.421652e-02	9.982070e-02	-1.572170e-03	2.286046e-02	8.380847e-04	1.395809e-03
2.849700e+03	-9.394030e-02	3.635592e-02	-1.376544e-03	9.392577e-02	-5.895906e-04	7.956664e-05
2.862090e+03	-7.864899e-02	-5.647066e-02	-2.547576e-04	7.963939e-02	-1.378822e-03	-9.800981e-04
2.874480e+03	7.494257e-03	-9.216474e-02	9.024560e-04	-6.385137e-03	-9.758535e-04	-1.110383e-03
2.886870e+03	8.107293e-02	-2.719071e-02	1.323145e-03	-7.943674e-02	1.227696e-04	-1.517171e-03
2.899260e+03	6.295345e-02	5.084534e-02	4.786044e-04	-6.185475e-02	1.155280e-03	-1.035149e-03
2.911650e+03	-1.905113e-02	7.068645e-02	-7.191146e-04	1.974145e-02	1.068059e-03	-6.201984e-04
2.924040e+03	-6.624732e-02	8.032239e-03	-1.156380e-03	6.674400e-02	5.394442e-05	-5.070889e-04
2.936430e+03	-2.771268e-02	-5.597896e-02	-7.015246e-04	2.804179e-02	-7.808417e-04	-4.269163e-04
2.948820e+03	4.092788e-02	-4.233810e-02	3.567009e-04	-4.039003e-02	-1.159514e-03	-5.292009e-04
2.961210e+03	5.358207e-02	2.337822e-02	7.956653e-04	-5.223806e-02	-7.856636e-05	-1.295419e-03
2.973600e+03	-1.195712e-03	5.720255e-02	7.168333e-04	2.910959e-03	4.454483e-04	-1.716377e-03
2.985990e+03	-5.379546e-02	2.159899e-02	4.605037e-05	5.511606e-02	8.857601e-04	-1.380356e-03
2.998380e+03	-4.321530e-02	-4.024134e-02	-5.848757e-04	4.417351e-02	6.127459e-04	-9.473873e-04
3.010770e+03	1.695795e-02	-5.738286e-02	-9.123984e-04	-1.688298e-02	-1.476692e-04	-6.858309e-05
3.023160e+03	5.889974e-02	-1.275604e-02	-5.184964e-04	-5.940957e-02	-8.999486e-04	5.688675e-04
3.035550e+03	3.951008e-02	4.597068e-02	2.089279e-04	-4.062387e-02	-9.610473e-04	1.119803e-03
3.047940e+03	-2.113562e-02	5.659348e-02	8.759000e-04	1.946179e-02	-4.072972e-04	1.706865e-03
3.060330e+03	-6.024311e-02	9.943199e-03	9.578944e-04	5.854867e-02	3.293943e-04	1.634754e-03
3.072720e+03	-3.682252e-02	-4.694966e-02	1.824279e-04	3.534994e-02	1.184784e-03	1.463550e-03
3.085110e+03	2.450092e-02	-5.377407e-02	-7.179095e-04	-2.526385e-02	1.006561e-03	7.596686e-04
3.097500e+03	5.773823e-02	-1.054022e-03	-1.059148e-03	-5.784103e-02	1.635722e-05	1.794568e-04
3.109890e+03	2.536986e-02	5.162390e-02	-5.014766e-04	-2.496230e-02	-8.379308e-04	-4.504540e-04
3.122280e+03	-3.636582e-02	4.325140e-02	4.375358e-04	3.715968e-02	-7.504706e-04	-8.194679e-04
3.134670e+03	-5.322301e-02	-1.703468e-02	8.952478e-04	5.407410e-02	1.120738e-04	-8.104832e-04
3.147060e+03	-4.540243e-03	-5.524884e-02	5.482038e-04	5.713476e-03	6.190528e-04	-1.216362e-03
3.159450e+03	5.126444e-02	-2.531090e-02	-3.863659e-04	-5.006386e-02	8.485556e-04	-1.209975e-03
3.171840e+03	4.314694e-02	3.809415e-02	-9.368879e-04	-4.202160e-02	2.782027e-04	-1.150039e-03
3.184230e+03	-1.905218e-02	5.431078e-02	-6.389540e-04	1.968857e-02	-5.756768e-04	-6.747914e-04
3.196620e+03	-5.786527e-02	3.985717e-03	1.545311e-04	5.864249e-02	-8.933788e-04	-7.208795e-04
3.209010e+03	-2.830136e-02	-5.394761e-02	9.570993e-04	2.881447e-02	-3.441313e-04	-5.425002e-04
3.221400e+03	3.714675e-02	-5.079873e-02	7.929568e-04	-3.647759e-02	6.606227e-04	-6.329693e-04
3.233790e+03	6.379428e-02	9.842510e-03	5.057153e-05	-6.359287e-02	9.356768e-04	-1.679519e-04
3.246180e+03	2.145060e-02	6.153952e-02	-6.554122e-04	-2.154846e-02	7.000005e-04	1.036944e-04
3.258570e+03	-4.528601e-02	4.936364e-02	-9.732486e-04	4.462916e-02	-2.413689e-04	7.007042e-04
3.270960e+03	-6.609998e-02	-1.490681e-02	-4.158502e-04	6.500398e-02	-7.619876e-04	1.046651e-03
3.283350e+03	-2.021938e-02	-6.375775e-02	2.940659e-04	1.929912e-02	-6.892055e-04	9.732860e-04
3.295740e+03	4.603486e-02	-4.842056e-02	6.938988e-04	-4.695696e-02	-1.896973e-04	9.881723e-04
3.308130e+03	6.326170e-02	1.655118e-02	4.463787e-04	-6.396846e-02	5.198004e-04	6.419073e-04
3.320520e+03	1.451759e-02	6.145762e-02	1.803266e-06	-1.485077e-02	7.019383e-04	3.400317e-04
3.332910e+03	-4.736864e-02	4.026793e-02	-5.909426e-04	4.735677e-02	1.641039e-04	-1.557189e-05
3.345300e+03	-5.513778e-02	-2.393412e-02	-6.026092e-04	5.528197e-02	-7.582852e-05	-1.241430e-04
3.357690e+03	-1.040145e-03	-5.799987e-02	-2.419991e-04	1.450752e-03	-4.261824e-04	-4.069963e-04
3.370080e+03	5.200940e-02	-2.408905e-02	9.073860e-05	-5.130369e-02	-3.272315e-04	-6.608038e-04
3.382470e+03	4.224301e-02	3.700809e-02	4.182058e-05	-4.158826e-02	-2.631812e-04	-6.144235e-04
3.394860e+03	-1.728248e-02	5.182747e-02	4.640255e-05	1.767860e-02	-3.998924e-05	-4.716924e-04
3.407250e+03	-5.302438e-02	4.454003e-03	1.413486e-04	5.359810e-02	3.007810e-04	-6.555031e-04
3.419640e+03	-2.488648e-02	-4.665765e-02	-2.772984e-04	2.604342e-02	1.034561e-05	-1.098652e-03
3.432030e+03	3.300061e-02	-4.213181e-02	-2.221968e-04	-3.239859e-02	-7.718504e-05	-5.971920e-04
3.444420e+03	5.133583e-02	1.257519e-02	-7.553213e-07	-5.080926e-02	8.687541e-06	-4.650159e-04
3.456810e+03	1.035831e-02	5.101321e-02	1.795427e-05	-1.056511e-02	-1.033967e-04	1.605333e-04
3.469200e+03	-4.206079e-02	3.135426e-02	1.103750e-04	4.170139e-02	3.723426e-07	3.198501e-04
3.481590e+03	-4.677325e-02	-2.404042e-02	1.789952e-04	4.646969e-02	1.662186e-04	2.450000e-04
3.493980e+03	1.177944e-03	-5.120125e-02	-3.071805e-05	-1.501641e-03	1.317268e-04	3.054845e-04
3.506370e+03	4.717549e-02	-2.186616e-02	-2.556362e-04	-4.767393e-02	7.429330e-06	4.101752e-04
3.518760e+03	4.017833e-02	3.279396e-02	-1.620999e-04	-4.058351e-02	-6.673383e-05	4.495703e-04
3.531150e+03	-1.189508e-02	5.011029e-02	7.997143e-05	1.158777e-02	-1.248241e-04	2.711301e-04
3.543540e+03	-4.916307e-02	1.156095e-02	2.469115e-05	4.906859e-02	-2.206281e-04	5.098399e-05
3.555930e+03	-3.084027e-02	-4.001060e-02	4.592988e-05	3.090689e-02	2.520646e-05	-8.038071e-05
3.568320e+03	2.302135e-02	-4.445926e-02	-3.964288e-05	-2.290357e-02	2.367502e-04	-1.394755e-04
3.580710e+03	4.879913e-02	3.620649e-03	-2.876696e-04	-4.839916e-02	1.927481e-04	-3.829938e-04
3.593100e+03	1.616540e-02	4.570942e-02	-2.638151e-04	-1.610596e-02	-5.142564e-05	-5.240354e-05
3.605490e+03	-3.455179e-02	3.330200e-02	-1.154054e-04	3.488064e-02	-2.636791e-04	-3.693955e-04
3.617880e+03	-4.383893e-02	-1.977694e-02	2.606856e-04	4.434638e-02	-1.095944e-04	-4.378703e-04
3.630270e+03	1.048267e-03	-4.799317e-02	2.775235e-04	-4.814672e-04	7.472872e-05	-5.678745e-04
3.642660e+03	4.499046e-02	-1.874916e-02	-5.352018e-06	-4.459606e-02	2.619419e-04	-3.974157e-04
3.655050e+03	3.498399e-02	3.293870e-02	-2.407774e-04	-3.499873e-02	1.990257e-04	-1.779349e-05
3.667440e+03	-1.524991e-02	4.598811e-02	-2.429706e-04	1.553934e-02	-7.376655e-05	-2.778482e-04
3.679830e+03	-4.746201e-02	5.582994e-03	9.199496e-06	4.776095e-02	-1.458528e-04	-2.951864e-04
3.692220e+03	-2.589164e-02	-4.157404e-02	-8.449708e-05	2.599398e-02	-2.417503e-04	-1.325911e-04
3.704610e+03	2.608605e-02	-4.159468e-02	3.245104e-04	-2.634281e-02	1.227622e-04	2.749595e-04
3.717000e+03	4.819498e-02	6.081521e-03	3.819096e-05	-4.859499e-02	2.785788e-04	4.030983e-04
3.729390e+03	1.559210e-02	4.591576e-02	-3.822109e-05	-1.619531e-02	1.775778e-04	5.842726e-04
3.741780e+03	-3.456732e-02	3.396990e-02	-3.065447e-04	3.405422e-02	-7.204614e-05	4.746129e-04
3.754170e+03	-4.556052e-02	-1.573778e-02	7.068294e-05	4.555825e-02	-1.262326e-04	5.736245e-05
3.766560e+03	-4.314145e-03	-4.759254e-02	1.619023e-04	4.563966e-03	-6.066691e-05	-2.566539e-04
3.778950e+03	4.084095e-02	-2.425213e-02	1.873793e-04	-4.076231e-02	1.089672e-04	-1.419978e-04
3.791340e+03	3.863681e-02	2.631096e-02	-2.963586e-05	-3.852602e-02	1.960801e-04	-9.029309e-05
3.803730e+03	-8.453953e-03	4.492641e-02	-1.026406e-04	8.644552e-03	1.105750e-04	-1.789057e-04
3.816120e+03	-4.357116e-02	1.050528e-02	5.293463e-05	4.401430e-02	8.909927e-06	-4.197152e-04
3.828510e+03	-2.690579e-02	-3.529870e-02	-1.628166e-04	2.731441e-02	1.187185e-05	-4.008050e-04
3.840900e+03	2.127136e-02	-3.856743e-02	-7.203274e-05	-2.133446e-02	-4.786158e-05	8.359689e-05
3.853290e+03	4.332161e-02	4.487528e-03	2.560246e-05	-4.340290e-02	-4.456595e-05	5.450238e-05
3.865680e+03	1.360980e-02	4.135293e-02	-2.548110e-04	-1.350715e-02	2.619080e-05	-1.619984e-04
3.878070e+03	-3.216926e-02	2.925066e-02	-1.070477e-04	3.251527e-02	1.651342e-05	-3.474502e-04
3.890460e+03	-3.958006e-02	-1.768901e-02	1.310580e-05	3.996655e-02	1.156116e-04	-3.175484e-04
3.902850e+03	-3.877317e-04	-4.314350e-02	1.849725e-04	4.987878e-04	1.348635e-04	-1.096920e-04
3.915240e+03	3.895510e-02	-1.811992e-02	9.888321e-05	-3.895024e-02	1.400128e-04	-4.610478e-05
3.927630e+03	3.211380e-02	2.735795e-02	1.087449e-05	-3.211322e-02	-9.780258e-07	8.115228e-05
3.940020e+03	-1.121646e-02	4.018678e-02	-2.488499e-04	1.135488e-02	-1.313144e-04	-7.921099e-05
3.952410e+03	-4.097093e-02	6.230125e-03	4.254545e-05	4.097786e-02	-1.246230e-04	-7.907300e-05
3.964800e+03	-2.318608e-02	-3.450498e-02	1.044934e-04	2.291958e-02	6.222896e-05	2.852931e-04
3.977190e+03	2.101116e-02	-3.503929e-02	7.522260e-05	-2.139665e-02	1.660137e-04	3.610972e-04
3.989580e+03	3.967793e-02	5.085699e-03	-2.385881e-04	-3.978474e-02	1.372627e-04	1.388486e-04
4.001970e+03	1.222270e-02	3.795559e-02	-2.423382e-05	-1.193590e-02	-1.814822e-05	-2.672365e-04
4.014360e+03	-2.949566e-02	2.601989e-02	-4.607617e-04	2.989728e-02	1.676305e-06	-3.409579e-04
4.026750e+03	-3.560983e-02	-1.693682e-02	-3.476253e-06	3.591471e-02	-1.141092e-05	-2.563490e-04
4.039140e+03	3.871770e-04	-3.820231e-02	7.678353e-05	-5.916847e-04	8.321731e-05	2.283579e-04
4.051530e+03	3.566179e-02	-1.457088e-02	1.357184e-04	-3.545449e-02	3.602004e-05	-1.504726e-04
4.063920e+03	2.737582e-02	2.588265e-02	-3.533198e-04	-2.685204e-02	1.833402e-04	-5.204973e-04
4.076310e+03	-1.317377e-02	3.519246e-02	-7.714711e-05	1.340274e-02	-6.768295e-05	-1.600136e-04
4.088700e+03	-3.633283e-02	1.231687e-03	5.786747e-05	3.671319e-02	-9.437943e-05	-3.651834e-04
4.101090e+03	-1.638140e-02	-3.240768e-02	9.790216e-05	1.603650e-02	3.053714e-05	2.411628e-04
4.113480e+03	2.320964e-02	-2.763080e-02	-1.416153e-04	-2.320638e-02	3.234080e-04	3.021889e-05
4.125870e+03	3.348294e-02	1.011912e-02	-2.370680e-06	-3.362739e-02	4.535631e-05	1.574369e-04
4.138260e+03	4.975589e-03	3.394424e-02	-2.628142e-05	-4.680397e-03	-7.426008e-05	-3.627784e-04
4.150650e+03	-2.953379e-02	1.826893e-02	4.112474e-07	2.963123e-02	-1.119977e-04	-1.276574e-04
4.163040e+03	-2.842693e-02	-1.899645e-02	-8.733846e-05	2.841867e-02	7.743406e-05	-1.921707e-05
4.175430e+03	5.238349e-03	-3.346879e-02	1.479789e-04	-5.285374e-03	4.971245e-05	2.167700e-05
4.187820e+03	3.233321e-02	-9.169285e-03	-9.629852e-05	-3.199386e-02	1.449230e-04	-2.620053e-04
4.200210e+03	2.065227e-02	2.469603e-02	-6.024439e-05	-2.024716e-02	-4.740163e-05	-3.619964e-04
4.212600e+03	-1.424650e-02	2.929068e-02	-8.062554e-05	1.399282e-02	2.426263e-05	3.087377e-04
4.224990e+03	-3.017506e-02	-1.961001e-03	9.399653e-05	3.036584e-02	-7.023093e-05	-2.002712e-04
4.237380e+03	-1.107906e-02	-2.815574e-02	-6.703504e-05	1.057910e-02	2.306715e-04	4.958647e-04
4.249770e+03	2.105428e-02	-2.094840e-02	2.436141e-04	-2.108593e-02	-1.266300e-04	5.779815e-05
4.262160e+03	2.724154e-02	1.132485e-02	-2.045628e-04	-2.723737e-02	1.419815e-04	3.199302e-05
4.274550e+03	1.066882e-03	2.793448e-02	-1.041735e-04	-7.368152e-04	-3.052570e-05	-3.306285e-04
4.286940e+03	-2.689165e-02	1.220712e-02	6.947415e-05	2.628945e-02	-1.505556e-04	-3.027043e-04
4.299330e+03	-1.998958e-02	-1.873662e-02	9.648736e-05	2.019363e-02	2.699437e-05	-2.226225e-04
4.311720e+03	9.205455e-03	-2.508822e-02	2.762017e-04	-8.953049e-03	-3.428943e-04	-1.704690e-04
4.324110e+03	2.590842e-02	-1.476321e-03	-1.238193e-04	-2.589802e-02	2.286772e-04	-7.500664e-05
4.336500e+03	1.139444e-02	2.192789e-02	5.834315e-06	-1.052391e-02	-2.762228e-04	-7.905507e-04
4.348890e+03	-1.539091e-02	1.879001e-02	-1.443682e-04	1.518116e-02	2.994059e-04	1.603232e-04
4.361280e+03	-2.299161e-02	-6.800277e-03	1.193047e-04	2.294128e-02	-1.528974e-04	6.093649e-05
4.373670e+03	-3.158330e-03	-2.279353e-02	1.730879e-04	3.239488e-03	-1.240487e-04	-8.341315e-05
4.386060e+03	1.982373e-02	-1.170614e-02	-7.819951e-05	-1.972299e-02	9.346709e-05	-8.415388e-05
4.398450e+03	1.782633e-02	1.326861e-02	-8.887982e-05	-1.785324e-02	1.587698e-04	6.489936e-05
4.410840e+03	-4.900921e-03	2.045920e-02	-8.905339e-05	5.117930e-03	5.469454e-05	-2.196871e-04
4.423230e+03	-2.018942e-02	3.197278e-03	-1.939032e-04	2.047230e-02	2.465341e-04	-2.985367e-04
4.435620e+03	-1.102675e-02	-1.649907e-02	2.748612e-05	1.110927e-02	2.829748e-07	-9.991931e-05
4.448010e+03	1.009708e-02	-1.597997e-02	-1.516661e-05	-9.644642e-03	3.386539e-04	-3.912921e-04
4.460400e+03	1.800315e-02	3.089873e-03	-8.170295e-05	-1.793751e-02	1.238410e-04	-8.454765e-05
4.472790e+03	3.987399e-03	1.654840e-02	-4.298213e-05	-4.145979e-03	-2.374957e-04	1.463080e-04
4.485180e+03	-1.381608e-02	9.573093e-03	-3.753702e-06	1.371445e-02	3.288649e-04	8.663651e-05
4.497570e+03	-1.344162e-02	-8.474021e-03	8.939822e-05	1.342500e-02	-2.493526e-04	3.895470e-05
4.509960e+03	2.748851e-03	-1.493256e-02	-6.559557e-06	-2.112414e-03	2.219385e-04	-6.261788e-04
4.522350e+03	1.429742e-02	-2.534951e-03	-2.539953e-05	-1.405529e-02	9.031978e-05	-2.187810e-04
4.534740e+03	6.563769e-03	1.244301e-02	-4.947208e-05	-5.662039e-03	-3.400822e-05	-8.856642e-04
4.547130e+03	-7.614454e-03	1.039272e-02	-6.557955e-05	7.469573e-03	1.300921e-04	1.044490e-04
4.559520e+03	-1.224763e-02	-3.639224e-03	-5.224484e-05	1.246673e-02	-1.657756e-04	-1.718953e-04
4.571910e+03	-1.277240e-03	-1.198835e-02	-2.726226e-05	1.435612e-03	-1.285674e-04	-1.795236e-04
4.584300e+03	1.034241e-02	-5.734698e-03	1.832629e-05	-1.024466e-02	2.489998e-05	-1.357546e-04
4.596690e+03	8.106790e-03	6.789545e-03	-1.487558e-05	-8.055884e-03	3.993035e-04	-4.975928e-06
4.609080e+03	-3.464763e-03	9.963161e-03	-5.950000e-05	3.218305e-03	-1.837018e-04	2.403765e-04
4.621470e+03	-9.921215e-03	2.306090e-04	-2.478923e-05	9.874907e-03	1.307788e-04	4.506818e-05
4.633860e+03	-3.745651e-03	-8.806302e-03	-6.025265e-05	3.972188e-03	-1.866630e-04	-2.207934e-04
4.646250e+03	6.526165e-03	-5.965662e-03	-1.039971e-04	-6.183676e-03	-1.457773e-04	-3.237862e-04
4.658640e+03	7.614715e-03	3.577551e-03	-7.160563e-05	-7.632900e-03	1.402621e-04	2.253248e-05
4.671030e+03	-8.866053e-04	8.056452e-03	4.098568e-05	8.135108e-04	7.717317e-05	7.769554e-05
4.683420e+03	-7.667066e-03	1.538588e-03	3.460638e-05	7.746894e-03	3.834400e-05	-7.899188e-05
4.695810e+03	-4.091566e-03	-6.236745e-03	1.546425e-04	4.209703e-03	3.304292e-04	-1.251104e-04
4.708200e+03	4.199742e-03	-6.033499e-03	-4.366538e-05	-4.221242e-03	6.484495e-05	8.695415e-05
4.720590e+03	6.371288e-03	2.045860e-03	-1.135529e-04	-6.309331e-03	-7.927263e-05	-5.402998e-05
4.732980e+03	-2.362357e-05	6.023212e-03	-6.249635e-05	-1.159703e-04	-9.627200e-06	1.223984e-04
4.745370e+03	-5.387669e-03	2.327969e-03	4.342598e-05	5.489805e-03	1.037331e-04	-1.234307e-04
4.757760e+03	-3.447423e-03	-4.636668e-03	1.143665e-04	3.744013e-03	2.856431e-04	-2.833134e-04
4.770150e+03	4.107905e-03	-4.225307e-03	3.170923e-05	-3.699355e-03	1.097449e-04	-4.002652e-04
4.782540e+03	5.401643e-03	2.014710e-03	-6.147182e-06	-5.151070e-03	9.139073e-05	-2.382640e-04
4.794930e+03	-3.555639e-04	5.755091e-03	-3.118580e-04	6.693698e-04	-2.939940e-04	-3.353859e-04
4.807320e+03	-5.192599e-03	1.643024e-03	1.813789e-04	5.402599e-03	1.659408e-04	-2.135066e-04
4.819710e+03	-2.673574e-03	-4.616626e-03	1.900040e-04	2.836470e-03	1.608626e-04	-1.648533e-04
4.832100e+03	3.602925e-03	-4.687925e-03	-2.027384e-04	-3.603787e-03	-9.956981e-05	2.090516e-06
4.844490e+03	5.592464e-03	1.888748e-03	7.617658e-05	-5.654005e-03	1.391952e-04	6.363630e-05
4.856880e+03	1.802492e-04	5.666258e-03	-3.333260e-04	-3.991470e-04	-3.322328e-04	2.235775e-04
4.869270e+03	-5.531452e-03	1.566335e-03	2.710522e-04	5.313619e-03	3.189794e-04	2.093929e-04
4.881660e+03	-3.992109e-03	-5.039560e-03	2.443203e-05	4.046938e-03	6.598486e-05	-4.253006e-05
4.894050e+03	3.567188e-03	-5.103012e-03	4.954726e-05	-3.279968e-03	1.046030e-04	-3.222933e-04
4.906440e+03	6.627538e-03	2.339425e-04	-5.900970e-05	-6.970817e-03	-5.123488e-05	3.305052e-04
4.918830e+03	1.167161e-03	6.374411e-03	-3.707875e-05	-1.154272e-03	-3.044492e-05	-1.598303e-05
4.931220e+03	-5.616575e-03	2.872538e-03	-3.497529e-06	5.638805e-03	2.093041e-06	3.646313e-05
4.943610e+03	-4.821269e-03	-4.110714e-03	6.267319e-05	5.135151e-03	8.851412e-05	-2.653759e-04
4.956000e+03	2.519711e-03	-6.272898e-03	7.213714e-05	-2.453973e-03	9.313014e-05	-6.215965e-05
4.968390e+03	6.734353e-03	2.298342e-04	2.600398e-04	-6.802060e-03	1.129881e-04	6.705894e-05
4.980780e+03	2.299317e-03	6.551920e-03	-6.362846e-05	-2.357203e-03	-2.583853e-05	6.043250e-05
4.993170e+03	-5.460170e-03	4.442116e-03	-9.715913e-05	5.579802e-03	-8.464011e-05	-1.182141e-04
5.005560e+03	-5.808518e-03	-3.565424e-03	-3.032969e-05	6.221948e-03	5.219554e-05	-3.914285e-04
5.017950e+03	8.346250e-04	-7.767935e-03	1.448693e-04	-1.055999e-03	8.639632e-05	2.221743e-04
5.030340e+03	7.905631e-03	-1.514217e-03	1.897460e-04	-7.684707e-03	1.154143e-04	-2.175536e-04
5.042730e+03	3.790176e-03	6.826598e-03	6.760035e-06	-3.846809e-03	5.681724e-05	3.834821e-05
5.055120e+03	-4.735060e-03	6.508977e-03	9.381128e-05	4.792577e-03	-2.910781e-05	-1.275847e-04
5.067510e+03	-7.729296e-03	-2.199317e-03	-1.406353e-06	7.796105e-03	4.918697e-06	-7.298805e-05
5.079900e+03	-6.180413e-04	-8.137808e-03	-6.802424e-05	6.645609e-04	-2.088599e-05	-4.641216e-05
5.092290e+03	6.895085e-03	-3.865210e-03	1.706737e-05	-7.089721e-03	7.725211e-05	2.097526e-04
5.104680e+03	6.090068e-03	5.006372e-03	1.696863e-05	-6.093278e-03	5.218077e-05	4.547408e-05
5.117070e+03	-2.642264e-03	7.603160e-03	-1.712401e-04	2.640765e-03	4.698138e-05	1.263705e-06
5.129460e+03	-8.118388e-03	9.452237e-05	1.472839e-04	8.154005e-03	9.744490e-07	-3.779313e-05
5.141850e+03	-3.786760e-03	-7.034564e-03	-5.211000e-05	3.371762e-03	1.277559e-05	4.388226e-04
5.154240e+03	6.087679e-03	-6.000357e-03	1.236868e-04	-5.830464e-03	5.798154e-07	-2.305575e-04
5.166630e+03	7.944541e-03	3.130794e-03	3.793996e-05	-7.622496e-03	1.464416e-05	-2.969060e-04
5.179020e+03	-1.399746e-04	7.724553e-03	4.530422e-05	4.194034e-04	5.852194e-06	-2.446457e-04
5.191410e+03	-7.552030e-03	2.670036e-03	2.838049e-04	7.421880e-03	-1.987953e-04	1.577692e-04
5.203800e+03	-4.784082e-03	-6.514265e-03	-2.598843e-05	4.841369e-03	4.445292e-05	-5.913081e-05
5.216190e+03	3.961407e-03	-6.683695e-03	-4.574004e-05	-4.045292e-03	3.110896e-05	8.287667e-05
5.228580e+03	7.475257e-03	1.735793e-03	4.202380e-06	-7.559108e-03	4.012578e-06	8.548232e-05
5.240970e+03	1.451715e-03	7.589057e-03	-1.280281e-04	-1.365344e-03	8.111705e-05	-9.693320e-05
5.253360e+03	-6.448029e-03	4.214080e-03	-3.006898e-05	6.321019e-03	-5.468522e-05	1.241184e-04
5.265750e+03	-6.115203e-03	-5.039109e-03	-5.277137e-05	6.201224e-03	1.176883e-04	-9.474572e-05
5.278140e+03	2.661246e-03	-7.392661e-03	1.140230e-04	-2.736077e-03	-5.377228e-05	4.301201e-05
5.290530e+03	7.830469e-03	-7.340069e-04	-1.216763e-04	-7.605524e-03	1.848092e-04	-2.098148e-04
5.302920e+03	3.062612e-03	6.915731e-03	3.706143e-05	-2.873711e-03	-5.678366e-05	-1.965876e-04
5.315310e+03	-5.402871e-03	5.102558e-03	-3.146693e-05	5.649176e-03	-1.080210e-04	-2.333376e-04
5.327700e+03	-7.595406e-03	-3.397258e-03	2.078695e-04	7.872831e-03	-2.674352e-04	-2.858254e-04
5.340090e+03	3.740056e-04	-7.478871e-03	-9.957255e-05	-5.632040e-04	2.735175e-04	1.742982e-04
5.352480e+03	7.313981e-03	-2.380759e-03	-7.653075e-05	-7.406708e-03	2.062484e-04	1.132164e-04
5.364870e+03	4.892837e-03	5.949942e-03	-2.161120e-06	-4.913334e-03	-3.580896e-05	-9.282078e-06
5.377260e+03	-3.758535e-03	6.311865e-03	-4.978912e-05	3.979222e-03	2.454095e-05	-1.416645e-04
5.389650e+03	-7.375720e-03	-1.513940e-03	-1.649764e-05	7.429889e-03	-3.437288e-05	-8.407124e-05
5.402040e+03	-1.459782e-03	-7.070565e-03	-6.438324e-05	1.104249e-03	4.172522e-04	3.566963e-04
5.414430e+03	5.996248e-03	-4.339577e-03	-1.654633e-05	-5.590694e-03	1.712821e-05	-3.866461e-04
5.426820e+03	6.274080e-03	4.061055e-03	-7.027919e-05	-6.218991e-03	9.436538e-05	-2.115199e-05
5.439210e+03	-1.674342e-03	6.901922e-03	-4.325706e-05	1.633953e-03	-4.524379e-05	3.156303e-05
5.451600e+03	-7.295059e-03	1.175833e-03	1.828943e-05	7.426294e-03	-7.902773e-05	-1.304978e-04
5.463990e+03	-3.362155e-03	-6.499766e-03	2.019439e-05	3.393584e-03	1.096097e-04	-3.551351e-05
5.476380e+03	4.945990e-03	-5.717398e-03	-3.419467e-05	-4.898166e-03	1.346390e-04	-4.898153e-05
5.488770e+03	6.723700e-03	2.689381e-03	-8.540121e-05	-6.491194e-03	-2.237804e-04	-2.289025e-04
5.501160e+03	-1.152795e-04	7.580184e-03	-5.256677e-05	5.298061e-04	-7.627465e-05	-3.967876e-04
5.513550e+03	-6.339703e-03	2.566271e-03	5.400391e-06	6.425134e-03	1.600671e-04	-7.048429e-05
5.525940e+03	-4.877733e-03	-5.320797e-03	-8.882066e-06	5.029364e-03	3.381603e-06	-1.366663e-04
5.538330e+03	3.181936e-03	-5.837771e-03	-8.862581e-05	-2.860117e-03	-1.830575e-04	-2.927998e-04
5.550720e+03	6.876464e-03	2.795163e-04	-2.588545e-04	-7.040742e-03	-3.924727e-04	1.667199e-04
5.563110e+03	2.142102e-03	6.377376e-03	-1.667406e-04	-2.489398e-03	-3.331024e-04	3.159590e-04
5.575500e+03	-5.672810e-03	3.583537e-03	-1.000270e-04	5.474193e-03	-9.837137e-05	1.999219e-04
5.587890e+03	-5.995388e-03	-4.009369e-03	-2.126574e-04	6.006189e-03	-2.339604e-04	-3.603681e-05
5.600280e+03	1.740394e-03	-6.284627e-03	-8.329688e-05	-1.427403e-03	-1.246527e-04	-3.029040e-04
5.612670e+03	6.435662e-03	-7.951056e-04	-2.532840e-04	-6.201785e-03	-2.124205e-04	-2.511437e-04
5.625060e+03	3.707496e-03	5.713327e-03	-4.660969e-06	-3.677020e-03	-3.508488e-06	-2.407946e-06
5.637450e+03	-4.286167e-03	5.551200e-03	6.712205e-05	4.383885e-03	8.510378e-05	-1.422085e-04
5.649840e+03	-6.196564e-03	-2.109448e-03	-3.974982e-05	6.192050e-03	-3.404625e-05	-3.915032e-05
5.662230e+03	-4.501533e-04	-6.511716e-03	1.086605e-04	4.059347e-04	1.319627e-04	3.192478e-05
5.674620e+03	5.940243e-03	-2.983837e-03	1.891001e-04	-6.065255e-03	1.657582e-04	1.699807e-04
5.687010e+03	4.376854e-03	4.240271e-03	2.224310e-04	-4.636422e-03	2.905187e-04	2.627639e-04
5.699400e+03	-2.546935e-03	6.132491e-03	1.625264e-04	2.750395e-03	1.886698e-04	-2.089000e-04
5.711790e+03	-6.027235e-03	-3.510762e-04	5.929022e-05	6.202443e-03	1.732970e-05	-1.936969e-04
5.724180e+03	-1.331971e-03	-5.878019e-03	1.977140e-04	1.639707e-03	1.019025e-04	-2.823443e-04
5.736570e+03	4.415065e-03	-3.873395e-03	1.457156e-04	-4.476910e-03	1.467716e-04	3.961940e-05
5.748960e+03	5.994254e-03	2.883616e-03	-1.505353e-05	-5.812203e-03	-5.660203e-06	-1.909995e-04
5.761350e+03	-9.729164e-04	5.730099e-03	-1.979220e-04	9.498991e-04	-6.416098e-05	7.188342e-05
5.773740e+03	-6.107032e-03	1.200306e-03	1.137967e-04	5.993011e-03	4.894323e-05	1.137634e-04
5.786130e+03	-3.096794e-03	-4.882148e-03	6.439788e-05	3.236663e-03	7.389925e-05	-1.329974e-04
5.798520e+03	3.592034e-03	-4.858791e-03	1.704893e-04	-3.512076e-03	8.659133e-05	-7.611035e-05
5.810910e+03	5.434918e-03	1.353968e-03	7.177511e-05	-5.546249e-03	3.634976e-05	1.259662e-04
5.823300e+03	9.481080e-04	5.260000e-03	7.014903e-06	-8.381114e-04	-3.415307e-05	-1.189192e-04
5.835690e+03	-5.168202e-03	2.519955e-03	-1.571288e-05	5.115365e-03	-2.090619e-05	7.295248e-05
5.848080e+03	-4.197857e-03	-3.443923e-03	1.413670e-04	4.233076e-03	6.829750e-05	-3.494556e-05
5.860470e+03	2.274441e-03	-5.584184e-03	1.094422e-04	-2.053926e-03	-2.616045e-05	-2.409619e-04
5.872860e+03	5.509969e-03	-3.204607e-04	4.448583e-04	-5.509962e-03	1.877569e-05	-2.438780e-06
5.885250e+03	1.799687e-03	4.555714e-03	-2.746121e-04	-1.857379e-03	-1.164208e-06	5.150292e-05
5.897640e+03	-3.557214e-03	3.513948e-03	8.936849e-05	3.741680e-03	1.045957e-05	-1.647143e-04
5.910030e+03	-4.639204e-03	-2.505967e-03	4.291210e-05	4.692866e-03	2.831272e-05	-6.867536e-05
5.922420e+03	4.659635e-04	-5.069419e-03	1.663554e-04	-4.764377e-04	1.764403e-05	2.181252e-05
5.934810e+03	5.092081e-03	-2.071899e-03	-7.430589e-05	-4.856581e-03	3.065675e-05	-2.969079e-04
5.947200e+03	2.668774e-03	3.854709e-03	-3.678922e-04	-2.794555e-03	1.234146e-04	1.305581e-04
5.959590e+03	-2.512963e-03	3.808837e-03	-1.990296e-04	2.769214e-03	6.689807e-05	-2.377623e-04
5.971980e+03	-4.951839e-03	-8.099763e-04	2.769658e-05	4.834136e-03	3.424125e-05	1.097777e-04
5.984370e+03	-1.261200e-03	-4.901869e-03	-9.636400e-05	1.213171e-03	6.766826e-05	2.105254e-05
5.996760e+03	3.851832e-03	-2.780643e-03	9.330314e-06	-3.768319e-03	-1.466989e-05	-7.301747e-05
6.009150e+03	4.215095e-03	2.988165e-03	1.194056e-04	-4.192281e-03	-3.576772e-05	-2.037738e-05
6.021540e+03	-1.294275e-03	4.440646e-03	-1.000443e-04	1.357232e-03	4.950994e-05	-6.127655e-05
6.033930e+03	-4.605803e-03	5.701977e-04	-9.007323e-05	4.607064e-03	8.425977e-05	-6.386551e-06
6.046320e+03	-2.330866e-03	-4.003032e-03	-3.538385e-05	2.324284e-03	2.081432e-05	1.108312e-05
6.058710e+03	3.483797e-03	-3.811175e-03	1.300977e-04	-3.112241e-03	-2.985753e-05	-3.411772e-04
6.071100e+03	3.857293e-03	1.577686e-03	-1.258596e-04	-3.885073e-03	1.424163e-04	-1.725811e-05
6.083490e+03	1.945641e-04	4.133637e-03	-5.682349e-05	-1.456915e-04	7.499910e-05	-5.013202e-05
6.095880e+03	-3.974065e-03	1.779856e-03	3.913047e-05	4.105272e-03	-1.102675e-04	-7.638499e-05
6.108270e+03	-2.833856e-03	-3.016508e-03	-1.027323e-04	3.000565e-03	2.254229e-04	-1.289409e-04
6.120660e+03	1.485102e-03	-3.617557e-03	1.188082e-04	-1.558102e-03	-1.327163e-04	6.819768e-05
6.133050e+03	3.901348e-03	-4.182361e-04	-2.793116e-05	-3.643587e-03	1.009274e-04	-2.575449e-04
6.145440e+03	1.255720e-03	3.575351e-03	-6.759046e-05	-1.282406e-03	6.551252e-05	2.783702e-05
6.157830e+03	-2.637282e-03	2.388861e-03	8.291492e-06	2.669044e-03	-1.019450e-04	-2.712475e-05
6.170220e+03	-3.166105e-03	-1.570666e-03	-6.963693e-05	3.193707e-03	1.193287e-04	-5.027085e-05
6.182610e+03	2.526578e-04	-3.295354e-03	1.545659e-06	-2.044158e-04	-1.445416e-04	-4.717360e-05
6.195000e+03	3.185231e-03	-1.156879e-03	1.719510e-05	-3.243498e-03	-2.953558e-05	6.625645e-05
6.207390e+03	2.023603e-03	2.394206e-03	1.687830e-05	-1.992386e-03	-1.143650e-04	-3.605042e-05
6.219780e+03	-1.409636e-03	2.547815e-03	-1.687073e-05	1.349648e-03	-1.337398e-04	5.799692e-05
6.232170e+03	-2.953374e-03	-5.150129e-04	2.947777e-05	3.036744e-03	-1.055324e-04	-7.111510e-05
6.244560e+03	-4.804125e-04	-2.940995e-03	3.193868e-05	4.022364e-04	2.108066e-04	6.585793e-05
6.256950e+03	2.294646e-03	-1.368087e-03	-6.377422e-05	-2.245259e-03	2.096251e-04	-4.312300e-05
6.269340e+03	2.194455e-03	1.559365e-03	-4.589224e-05	-2.163005e-03	4.211028e-05	-4.915856e-05
6.281730e+03	-3.965767e-04	2.201119e-03	1.165295e-05	3.390914e-04	2.133688e-04	4.280479e-05
6.294120e+03	-2.204315e-03	3.983785e-04	-4.416522e-06	2.230281e-03	-1.371411e-04	-2.607722e-05
6.306510e+03	-1.342421e-03	-1.892080e-03	4.922423e-05	1.498885e-03	4.219180e-05	-1.586029e-04
6.318900e+03	1.385740e-03	-1.730221e-03	-8.644068e-05	-1.453776e-03	-6.166278e-05	6.786454e-05
6.331290e+03	2.228078e-03	5.768624e-04	-8.463982e-05	-2.276620e-03	-2.562398e-05	4.669083e-05
6.343680e+03	1.805332e-04	1.862099e-03	-6.268869e-05	-1.312069e-04	-4.467038e-05	-4.914643e-05
6.356070e+03	-1.725386e-03	6.411455e-04	9.937619e-05	1.721198e-03	1.356009e-04	-2.038406e-05
6.368460e+03	-1.301146e-03	-8.479473e-04	-1.520707e-05	1.460512e-03	-1.685821e-05	-1.725923e-04
6.380850e+03	3.032806e-04	-1.539034e-03	-4.310743e-05	-2.355006e-04	-2.102483e-05	-5.635563e-05
6.393240e+03	1.326622e-03	-2.978955e-04	1.063007e-04	-1.301296e-03	1.604187e-04	-2.419666e-05
6.405630e+03	6.139075e-04	1.155903e-03	-1.230944e-05	-6.059091e-04	-1.687640e-05	-1.114465e-05
6.418020e+03	-6.481186e-04	1.488304e-03	4.557323e-05	9.852658e-04	4.657646e-05	-3.433271e-04
6.430410e+03	-1.116220e-03	-1.826943e-04	-1.465135e-05	1.266349e-03	2.958912e-05	-1.449671e-04
6.442800e+03	-1.967334e-04	-9.565234e-04	-3.920558e-05	3.566005e-04	4.330431e-06	-1.599322e-04
6.455190e+03	7.701738e-04	-1.640075e-04	3.266345e-05	-5.494196e-04	-2.753469e-05	-2.272300e-04
6.467580e+03	8.173968e-04	3.846598e-04	8.002214e-05	-8.467027e-04	1.368104e-04	2.783746e-05
6.479970e+03	-4.184153e-04	6.977531e-04	-7.613352e-05	3.095271e-04	5.270155e-05	7.248658e-05
6.492360e+03	-8.055784e-04	1.639981e-04	4.245182e-05	8.444074e-04	7.812163e-05	-3.644217e-05
6.504750e+03	-8.294309e-04	-6.534162e-04	2.788012e-04	7.932003e-04	1.282764e-04	3.595458e-05
6.517140e+03	7.421227e-05	-5.538177e-04	-1.751274e-04	-2.589661e-06	-8.689389e-05	-5.041425e-05
6.529530e+03	8.664100e-04	1.282209e-05	1.477365e-04	-6.520082e-04	5.837446e-05	-2.140178e-04
6.541920e+03	5.636462e-04	5.070597e-04	3.798825e-05	-3.953431e-04	5.009224e-05	-1.686453e-04
6.554310e+03	-1.020892e-05	4.324048e-04	9.339056e-05	1.590451e-04	7.499879e-05	-1.461177e-04
6.566700e+03	-5.192735e-04	2.138772e-04	-6.356930e-05	5.534140e-04	2.371310e-05	-3.492832e-05
6.579090e+03	-2.854217e-04	-1.585543e-04	-1.051396e-04	3.057827e-04	-9.537592e-07	-1.027349e-05
6.591480e+03	3.488331e-04	-5.689159e-04	-1.593221e-04	-3.258956e-04	2.240545e-05	-5.325353e-05
6.603870e+03	5.074894e-04	-1.062668e-04	-1.347319e-04	-5.134654e-04	5.528337e-06	4.731858e-06
6.616260e+03	3.794487e-04	5.466031e-04	6.447381e-05	-2.864650e-04	8.249088e-06	-9.459081e-05
6.628650e+03	-3.506637e-04	3.521728e-04	-7.803066e-05	3.529105e-04	2.057893e-05	-2.046575e-05
6.641040e+03	-6.242896e-04	-1.007624e-04	-7.344182e-06	5.783382e-04	2.448735e-05	4.457576e-05
6.653430e+03	-6.727585e-05	-6.260459e-04	1.937750e-04	1.238591e-04	-2.221031e-05	-4.803442e-05
6.665820e+03	5.321687e-04	-3.569475e-04	-2.208678e-05	-4.859977e-04	1.236137e-05	-4.745857e-05
6.678210e+03	6.553120e-04	2.831916e-05	-7.616602e-05	-6.102682e-04	4.266776e-05	-5.600613e-05
6.690600e+03	1.824733e-04	3.446497e-04	-1.080776e-04	-9.063447e-05	9.697644e-05	-1.079254e-04
6.702990e+03	-5.337939e-04	1.416316e-04	-4.611084e-05	5.569873e-04	5.025388e-05	-4.049649e-05
6.715380e+03	-5.684037e-04	-3.327533e-04	1.828956e-04	5.631082e-04	-9.090350e-05	1.106440e-05
6.727770e+03	1.329759e-05	-8.402297e-04	-7.266240e-05	5.205847e-05	6.356236e-05	-3.392152e-05
6.740160e+03	7.111676e-04	-1.956274e-04	-1.343395e-05	-6.631312e-04	3.636178e-05	-4.528394e-05
6.752550e+03	3.816114e-04	8.904115e-04	-5.379426e-05	-6.193259e-04	4.189783e-05	2.034090e-04
6.764940e+03	-2.532520e-04	1.522879e-04	-5.139822e-05	5.147738e-04	1.042885e-04	-2.225298e-04
6.777330e+03	-4.892467e-04	-2.191590e-04	-7.267216e-06	6.157819e-04	1.722981e-05	-1.122713e-04
6.789720e+03	-1.074970e-04	-6.910814e-04	-5.911542e-05	1.717562e-04	5.884213e-05	-6.149751e-05
6.802110e+03	5.256191e-04	-4.762016e-04	1.571632e-04	-3.672407e-04	-1.325728e-04	-1.589856e-04
6.814500e+03	5.947771e-04	3.478301e-04	9.366988e-05	-5.796646e-04	-1.413422e-04	-3.851202e-05
6.826890e+03	-1.333873e-04	5.077531e-04	5.374635e-05	2.092681e-04	-5.420952e-05	-9.076595e-05
6.839280e+03	-4.138299e-04	-1.747483e-04	-1.118706e-04	5.874568e-04	1.738476e-04	-1.667437e-04
6.851670e+03	-4.516022e-04	-6.028278e-04	4.973424e-05	5.761417e-04	-3.840038e-06	-1.342789e-04
6.864060e+03	4.340739e-04	-5.491395e-04	1.013739e-05	-4.303555e-04	-5.499038e-05	-3.545546e-06
6.876450e+03	4.676768e-04	1.045264e-04	1.158311e-05	-4.406829e-04	3.532159e-06	-2.492702e-05
6.888840e+03	-5.211107e-06	2.936964e-04	1.321775e-05	2.255713e-04	-6.787827e-05	-1.985419e-04
6.901230e+03	-3.480489e-04	2.040971e-04	-4.767351e-05	3.540491e-04	3.002476e-05	3.385927e-06
6.913620e+03	-2.625257e-04	-3.133941e-04	-8.362955e-06	1.188622e-04	-7.555653e-05	1.272707e-04
6.926010e+03	-9.094235e-05	-6.096185e-04	-1.468671e-05	1.911906e-04	2.533130e-05	-9.587486e-05
6.938400e+03	2.835010e-04	-9.477197e-05	-2.436984e-05	-1.790013e-04	-1.241049e-05	-1.120958e-04
6.950790e+03	3.846082e-04	2.702115e-04	-4.832129e-06	-4.100773e-04	-4.634341e-05	2.468647e-05
6.963180e+03	-1.633267e-04	4.881491e-04	1.704119e-05	2.531369e-04	-3.212872e-04	-8.950293e-05
6.975570e+03	-5.166791e-04	2.587190e-04	-1.271096e-05	6.060612e-04	-8.001122e-05	-8.671467e-05
6.987960e+03	-2.641974e-04	-4.894920e-04	-1.496998e-05	3.037648e-04	-4.415633e-05	-4.462384e-05
7.000350e+03	1.337795e-04	-4.736568e-04	-5.846116e-06	-1.229515e-04	4.179183e-05	-2.215362e-05
7.012740e+03	5.050508e-04	1.690881e-04	4.941745e-05	-5.674260e-04	2.270545e-04	6.100419e-05
7.025130e+03	-1.849802e-04	1.842619e-04	2.847842e-05	3.669146e-04	2.175131e-04	-1.855530e-04
7.037520e+03	-1.112774e-04	3.731528e-04	1.296986e-04	1.510379e-04	3.155046e-04	-3.249098e-05
7.049910e+03	2.019215e-04	-6.765136e-05	-4.740569e-05	-3.318861e-04	-2.001998e-04	1.309641e-04
7.062300e+03	-1.632328e-04	-4.100738e-04	-2.523879e-05	1.733696e-04	3.472155e-05	1.528980e-06
7.074690e+03	2.579493e-04	-1.135969e-04	-6.947019e-05	-2.329634e-04	-1.507623e-04	-4.271918e-05
7.087080e+03	-9.272844e-05	1.474699e-04	-3.899563e-05	2.640363e-04	3.220723e-05	-1.722079e-04
7.099470e+03	-1.779617e-04	1.130261e-04	-3.136759e-05	2.427811e-04	1.889108e-05	-6.306008e-05
7.111860e+03	-1.738834e-04	-6.418258e-05	-3.906543e-05	1.038214e-04	-6.051325e-06	6.949917e-05
7.124250e+03	-2.035681e-04	-2.113798e-05	-8.516271e-05	3.479564e-04	-1.942983e-05	-1.372458e-04
7.136640e+03	2.001915e-04	-2.039276e-05	-4.196759e-05	-3.129425e-05	-2.677661e-07	-1.747982e-04
7.149030e+03	2.978888e-04	-2.266080e-04	3.544545e-05	-3.311590e-04	4.157175e-05	5.035436e-05
7.161420e+03	2.263208e-04	-5.926028e-05	4.009899e-05	-2.831285e-04	3.095773e-05	7.401282e-05
