1.313340e+03	2.120851e-02	-8.062354e-02	1.872322e-06	-2.137198e-02	-4.759870e-05	1.819681e-04
1.325730e+03	4.070558e-02	-7.240428e-02	-1.183422e-05	-4.064846e-02	-4.899288e-05	-7.956617e-05
1.338120e+03	5.752183e-02	-5.970017e-02	2.360882e-05	-5.741187e-02	-5.496280e-06	-1.208617e-04
1.350510e+03	7.078914e-02	-4.334164e-02	1.355408e-05	-7.079760e-02	-2.380098e-05	-9.192081e-06
1.362900e+03	7.970918e-02	-2.432636e-02	2.400885e-05	-7.995302e-02	6.218737e-06	2.815212e-04
1.375290e+03	8.318384e-02	-3.057652e-03	3.324988e-05	-8.358508e-02	5.126524e-06	4.347666e-04
1.387680e+03	8.107050e-02	1.855350e-02	2.126099e-05	-8.146861e-02	9.560428e-05	3.544108e-04
1.400070e+03	7.332284e-02	3.843759e-02	2.455912e-05	-7.347545e-02	1.130773e-05	1.484910e-04
1.412460e+03	6.123640e-02	5.523405e-02	5.908296e-06	-6.124920e-02	6.812032e-05	7.421417e-05
1.424850e+03	4.517156e-02	6.905031e-02	-7.362226e-06	-4.537504e-02	2.680663e-05	2.259926e-04
1.437240e+03	2.630276e-02	7.846062e-02	-2.578518e-05	-2.674828e-02	4.148704e-05	4.661490e-04
1.449630e+03	5.368122e-03	8.256111e-02	-2.809008e-05	-5.886986e-03	3.544473e-05	5.104504e-04
1.462020e+03	-1.574506e-02	8.097937e-02	-2.200956e-05	1.544058e-02	-4.973013e-06	3.064614e-04
1.474410e+03	-3.553398e-02	7.434545e-02	-5.262960e-05	3.534404e-02	1.184113e-05	1.943327e-04
1.486800e+03	-5.325921e-02	6.320688e-02	-2.284557e-05	5.300935e-02	-4.497634e-07	2.856720e-04
1.499190e+03	-6.801979e-02	4.786537e-02	-5.462273e-05	6.752734e-02	-8.003369e-06	4.993890e-04
1.511580e+03	-7.835008e-02	2.905416e-02	-2.177833e-05	7.777324e-02	-3.591665e-06	5.469562e-04
1.523970e+03	-8.319463e-02	7.682721e-03	-2.671998e-06	8.269598e-02	-8.299651e-06	5.359393e-04
1.536360e+03	-8.212027e-02	-1.429846e-02	4.585764e-05	8.179778e-02	4.107898e-06	3.504394e-04
1.548750e+03	-7.559294e-02	-3.463275e-02	-6.170607e-05	7.549879e-02	-1.830311e-05	1.713456e-04
1.561140e+03	-6.452508e-02	-5.320075e-02	-1.051850e-05	6.427292e-02	-2.206791e-05	2.945429e-04
1.573530e+03	-4.884330e-02	-6.862916e-02	-2.794097e-06	4.835698e-02	-2.455137e-05	5.123539e-04
1.585920e+03	-2.950028e-02	-7.918985e-02	-4.159504e-06	2.901629e-02	-2.886943e-05	5.564454e-04
1.598310e+03	-7.240897e-03	-8.408689e-02	-5.898384e-06	6.847936e-03	-4.947045e-05	4.215016e-04
1.610700e+03	1.520942e-02	-8.301718e-02	-2.381827e-05	-1.542314e-02	-8.793093e-05	1.993044e-04
1.623090e+03	3.672515e-02	-7.642166e-02	3.818508e-05	-3.692121e-02	-2.479093e-05	1.921179e-04
1.635480e+03	5.604909e-02	-6.449198e-02	3.011861e-05	-5.636371e-02	-4.641458e-05	3.167102e-04
1.647870e+03	7.211818e-02	-4.722782e-02	3.474458e-05	-7.251269e-02	-1.654192e-05	4.472062e-04
1.660260e+03	8.264838e-02	-2.590050e-02	5.924227e-05	-8.312080e-02	-1.390306e-05	4.938993e-04
1.672650e+03	8.661740e-02	-1.995759e-03	5.831871e-05	-8.677316e-02	1.658036e-05	2.307853e-04
1.685040e+03	8.431624e-02	2.217865e-02	5.309097e-05	-8.441837e-02	4.560896e-06	1.162484e-05
1.697430e+03	7.546935e-02	4.490468e-02	4.098329e-05	-7.545913e-02	9.483321e-05	1.035686e-06
1.709820e+03	6.041609e-02	6.457328e-02	3.334741e-05	-6.046056e-02	3.707420e-05	1.001184e-04
1.722210e+03	3.984309e-02	7.961272e-02	2.155125e-05	-4.004234e-02	5.478035e-05	1.364332e-04
1.734600e+03	1.557696e-02	8.789354e-02	-2.772377e-05	-1.556046e-02	6.585402e-05	3.433460e-05
1.746990e+03	-1.033489e-02	8.894186e-02	-2.043976e-05	1.039386e-02	5.123819e-05	-1.012476e-04
1.759380e+03	-3.535393e-02	8.274738e-02	-6.925032e-05	3.564081e-02	5.781078e-05	-2.536724e-04
1.771770e+03	-5.847085e-02	6.956883e-02	-4.577886e-05	5.863292e-02	2.702892e-05	-1.535815e-04
1.784160e+03	-7.722163e-02	4.990425e-02	-3.135049e-05	7.722221e-02	1.348742e-05	-8.148053e-06
1.796550e+03	-8.945569e-02	2.474359e-02	-2.555398e-05	8.932855e-02	1.134126e-05	1.247167e-05
1.808940e+03	-9.267408e-02	-3.463168e-03	-8.999088e-05	9.288779e-02	-3.675371e-07	-1.911961e-04
1.821330e+03	-8.754068e-02	-3.151807e-02	-5.572627e-05	8.797063e-02	-1.543370e-05	-4.093495e-04
1.833720e+03	-7.434934e-02	-5.687765e-02	-2.160201e-05	7.465500e-02	-1.187315e-05	-3.641204e-04
1.846110e+03	-5.375264e-02	-7.744589e-02	-7.646780e-05	5.414583e-02	-5.560898e-05	-3.393392e-04
1.858500e+03	-2.741929e-02	-9.124893e-02	-3.711186e-05	2.765250e-02	-7.492774e-05	-2.235939e-04
1.870890e+03	2.528367e-03	-9.547761e-02	3.874282e-06	-2.283627e-03	-7.899183e-05	-2.388548e-04
1.883280e+03	3.270962e-02	-9.033035e-02	1.633236e-05	-3.238518e-02	-8.162921e-05	-3.342940e-04
1.895670e+03	5.962241e-02	-7.589776e-02	4.473080e-05	-5.920941e-02	-1.151154e-04	-3.943818e-04
1.908060e+03	8.118777e-02	-5.333207e-02	9.389216e-05	-8.088106e-02	-2.805644e-05	-3.054979e-04
1.920450e+03	9.458002e-02	-2.470374e-02	1.078563e-04	-9.441415e-02	-6.080295e-05	-1.836233e-04
1.932840e+03	9.754319e-02	7.481750e-03	1.053275e-04	-9.744319e-02	2.409919e-05	-1.007490e-04
1.945230e+03	9.038914e-02	3.947563e-02	8.554348e-05	-9.029059e-02	7.392047e-05	-1.539126e-04
1.957620e+03	7.272701e-02	6.706757e-02	6.553646e-05	-7.251727e-02	8.276997e-05	-2.104995e-04
1.970010e+03	4.669642e-02	8.749170e-02	2.260222e-05	-4.650289e-02	1.013394e-04	-2.297200e-04
1.982400e+03	1.549724e-02	9.831576e-02	-6.701468e-05	-1.519437e-02	1.517275e-04	-2.309519e-04
1.994790e+03	-1.838524e-02	9.867642e-02	-7.129253e-05	1.839549e-02	7.774130e-05	-4.715482e-05
2.007180e+03	-5.068821e-02	8.678679e-02	-6.232481e-05	5.064113e-02	2.567015e-05	1.052202e-05
2.019570e+03	-7.716742e-02	6.458098e-02	-1.175520e-04	7.726606e-02	1.014679e-05	-6.758962e-05
2.031960e+03	-9.503124e-02	3.468895e-02	-7.116756e-05	9.502744e-02	-2.958060e-05	8.283773e-06
2.044350e+03	-1.008338e-01	7.161506e-06	-5.109774e-05	1.008338e-01	-5.047013e-05	6.325174e-05
2.056740e+03	-9.606484e-02	-3.493103e-02	-5.985226e-05	9.577174e-02	-6.898775e-05	2.422982e-04
2.069130e+03	-7.839980e-02	-6.632633e-02	-1.368320e-05	7.809980e-02	-6.742998e-05	3.034961e-04
2.081520e+03	-5.031375e-02	-8.982973e-02	-5.055048e-05	5.001375e-02	-8.317199e-05	3.202368e-04
2.093910e+03	-1.548689e-02	-1.019915e-01	8.168368e-05	1.518572e-02	-2.550238e-05	2.907726e-04
2.106300e+03	2.126534e-02	-1.011097e-01	5.551641e-06	-2.145431e-02	-9.711959e-05	2.082952e-04
2.118690e+03	5.597862e-02	-8.760708e-02	6.096495e-05	-5.624050e-02	-8.519362e-05	2.626276e-04
2.131080e+03	8.417287e-02	-6.230162e-02	1.509517e-04	-8.457149e-02	8.900072e-05	4.037204e-04
2.143470e+03	1.018983e-01	-2.758912e-02	1.148737e-04	-1.022174e-01	-7.419708e-05	4.880586e-04
2.155860e+03	1.050733e-01	1.217052e-02	1.360691e-04	-1.050700e-01	6.756470e-05	4.497898e-04
2.168250e+03	9.395807e-02	5.077724e-02	8.610926e-05	-9.435094e-02	1.919195e-04	4.140114e-04
2.180640e+03	6.866102e-02	8.284394e-02	1.075221e-05	-6.919893e-02	1.628746e-04	5.123973e-04
2.193030e+03	3.271682e-02	1.033551e-01	-2.162601e-05	-3.323685e-02	1.032854e-04	5.735044e-04
2.205420e+03	-9.528430e-03	1.089987e-01	-1.491372e-04	8.782051e-03	1.249606e-04	7.071017e-04
2.217810e+03	-5.209000e-02	9.911310e-02	-2.266481e-04	5.117993e-02	5.553489e-05	9.104427e-04
2.230200e+03	-8.810278e-02	7.031205e-02	-7.563988e-05	8.710295e-02	-9.160679e-05	9.347642e-04
2.242590e+03	-1.096676e-01	2.934303e-02	-2.091095e-04	1.097059e-01	-9.934033e-05	9.311938e-04
2.254980e+03	-1.140880e-01	-1.867196e-02	-6.028742e-05	1.130929e-01	-1.473025e-04	1.176324e-03
2.267370e+03	-9.687176e-02	-6.594814e-02	4.494638e-06	9.559357e-02	-1.571717e-04	1.338987e-03
2.279760e+03	-5.978404e-02	-1.021933e-01	8.270742e-05	5.828703e-02	-1.205693e-04	1.499328e-03
2.292150e+03	-8.187940e-03	-1.188947e-01	7.297617e-05	6.491216e-03	-1.297198e-04	1.661861e-03
2.304540e+03	4.850494e-02	-1.104923e-01	1.418374e-04	-5.012939e-02	-4.875878e-05	1.636897e-03
2.316930e+03	9.628894e-02	-7.420181e-02	1.694450e-04	-9.836027e-02	5.929133e-06	1.640162e-03
2.329320e+03	1.200000e-01	-1.654263e-02	1.989957e-04	-1.210000e-01	6.438225e-05	1.508737e-03
2.341710e+03	1.110732e-01	5.133819e-02	1.234410e-04	-1.120901e-01	2.937241e-04	1.125469e-03
2.354100e+03	6.356149e-02	1.028108e-01	-7.700837e-05	-6.401105e-02	3.987312e-04	4.935610e-04
2.366490e+03	-5.801910e-03	1.179457e-01	-2.994650e-04	6.158744e-03	2.469276e-04	-3.556984e-04
2.378880e+03	-7.060899e-02	8.777254e-02	-2.741789e-04	7.199760e-02	-6.858501e-05	-1.428557e-03
2.391270e+03	-1.019973e-01	2.410141e-02	-1.222763e-04	1.049973e-01	-2.579121e-04	-2.455256e-03
2.403660e+03	-8.619518e-02	-4.201456e-02	-2.012273e-05	8.954885e-02	-2.586837e-04	-3.333459e-03
2.416050e+03	-3.330336e-02	-7.849856e-02	1.566047e-04	3.696010e-02	-1.526050e-04	-3.702272e-03
2.428440e+03	2.376945e-02	-7.051057e-02	1.570203e-04	-1.989017e-02	-4.425187e-05	-3.872050e-03
2.440830e+03	5.393443e-02	-3.121931e-02	1.559105e-04	-5.004465e-02	1.167813e-04	-3.822296e-03
2.453220e+03	4.786962e-02	8.189372e-03	2.821532e-05	-4.446586e-02	-3.015046e-05	-3.350954e-03
2.465610e+03	2.347530e-02	2.574790e-02	-3.071618e-06	-2.072353e-02	1.430672e-04	-2.799722e-03
2.478000e+03	3.462673e-03	2.246623e-02	1.455568e-06	-1.320078e-03	6.217445e-05	-2.150249e-03
2.490390e+03	-2.637682e-03	1.307698e-02	-5.153546e-05	4.061979e-03	9.815778e-05	-1.320164e-03
2.502780e+03	-1.684951e-03	1.052588e-02	-5.147674e-05	1.900100e-03	1.541250e-05	-2.923433e-04
2.515170e+03	-4.600001e-03	1.513216e-02	-1.447400e-04	3.816770e-03	-8.153370e-05	7.815635e-04
2.527560e+03	-1.678453e-02	1.668471e-02	-8.029800e-05	1.521589e-02	-8.247978e-05	1.519322e-03
2.539950e+03	-3.188949e-02	5.726296e-03	-9.978811e-06	2.987320e-02	-1.465884e-04	1.910000e-03
2.552340e+03	-3.524556e-02	-1.790543e-02	1.119246e-04	3.350334e-02	-5.329046e-05	1.709682e-03
2.564730e+03	-1.858296e-02	-4.289809e-02	6.745802e-05	1.761138e-02	6.260052e-05	1.007512e-03
2.577120e+03	1.600684e-02	-5.127098e-02	-3.735879e-06	-1.597514e-02	1.821173e-05	-2.346403e-05
2.589510e+03	5.200308e-02	-3.163291e-02	-2.594455e-05	-5.088764e-02	1.250697e-05	-1.064635e-03
2.601900e+03	6.513782e-02	1.134006e-02	-1.293672e-05	-6.325938e-02	-8.765023e-06	-1.834378e-03
2.614290e+03	4.598119e-02	5.531902e-02	9.996641e-05	-4.359195e-02	-6.735021e-05	-2.380649e-03
2.626680e+03	-1.541643e-03	7.389753e-02	1.353951e-04	3.878709e-03	3.904544e-05	-2.361832e-03
2.639070e+03	-5.255855e-02	5.764254e-02	1.104666e-04	5.409353e-02	2.273666e-04	-1.556056e-03
2.651460e+03	-8.054795e-02	8.794624e-03	-1.383776e-04	8.088511e-02	2.031747e-04	-4.907863e-04
2.663850e+03	-6.914582e-02	-4.707930e-02	-2.857638e-04	6.809728e-02	1.547204e-04	1.006439e-03
2.676240e+03	-2.280318e-02	-8.104972e-02	-4.424489e-04	2.060870e-02	-1.735996e-04	2.196119e-03
2.688630e+03	3.643058e-02	-7.668465e-02	-9.146739e-05	-3.911587e-02	-4.416230e-04	2.774457e-03
2.701020e+03	7.801656e-02	-3.434533e-02	2.127876e-04	-8.073841e-02	-4.775023e-04	2.775124e-03
2.713410e+03	8.158602e-02	2.623587e-02	5.948923e-04	-8.350007e-02	-8.789032e-05	1.889491e-03
2.725800e+03	4.408452e-02	7.510946e-02	3.792485e-04	-4.492094e-02	2.465258e-04	8.722566e-04
2.738190e+03	-1.597913e-02	8.490311e-02	1.460477e-04	1.636134e-02	4.551036e-04	-3.774194e-04
2.750580e+03	-6.758075e-02	4.996773e-02	-1.379087e-04	6.882762e-02	3.865000e-04	-1.171115e-03
2.762970e+03	-7.957452e-02	-9.185088e-03	-4.305164e-04	8.117814e-02	1.332719e-04	-1.520000e-03
2.775360e+03	-4.979829e-02	-5.998956e-02	-4.087044e-04	5.104698e-02	-1.621653e-04	-1.319670e-03
2.787750e+03	6.102217e-03	-7.309856e-02	-2.742474e-04	-5.381641e-03	-4.999950e-04	-7.249215e-04
2.800140e+03	5.175023e-02	-4.421814e-02	7.595723e-05	-5.164853e-02	-4.953942e-04	-4.357665e-05
2.812530e+03	6.020086e-02	5.425132e-03	3.841595e-04	-6.059770e-02	-4.560773e-04	3.544366e-04
2.824920e+03	3.330625e-02	4.275529e-02	5.970917e-04	-3.379417e-02	1.171128e-04	4.875764e-04
2.837310e+03	-7.726347e-03	4.627041e-02	3.175050e-04	7.394000e-03	4.630670e-04	3.091568e-04
2.849700e+03	-3.426803e-02	2.076906e-02	-7.544462e-05	3.429995e-02	5.733203e-04	-5.826897e-05
2.862090e+03	-3.080467e-02	-1.173418e-02	-4.307421e-04	3.133534e-02	4.069493e-04	-5.591662e-04
2.874480e+03	-5.857727e-03	-2.658290e-02	-4.830333e-04	6.753451e-03	-2.061786e-05	-9.166887e-04
2.886870e+03	1.794160e-02	-1.573386e-02	-3.259179e-04	-1.674195e-02	-2.190449e-04	-1.199984e-03
2.899260e+03	2.103051e-02	8.213406e-03	1.822130e-05	-1.980858e-02	-3.369496e-04	-1.182783e-03
2.911650e+03	2.577788e-03	2.206789e-02	1.999387e-04	-1.314693e-03	-2.614929e-04	-1.261752e-03
2.924040e+03	-2.004383e-02	1.467584e-02	3.841697e-04	2.120176e-02	-4.221409e-05	-1.120759e-03
2.936430e+03	-2.642383e-02	-9.494168e-03	2.739889e-04	2.732490e-02	4.288721e-05	-8.389686e-04
2.948820e+03	-1.036611e-02	-3.074468e-02	3.010807e-04	1.087493e-02	1.692794e-04	-5.526117e-04
2.961210e+03	1.807691e-02	-3.121761e-02	2.059194e-04	-1.811831e-02	3.379174e-04	-8.490597e-06
2.973600e+03	3.791213e-02	-7.582910e-03	-1.072940e-04	-3.856774e-02	4.261512e-04	6.061945e-04
2.985990e+03	3.338159e-02	2.494001e-02	-2.949197e-04	-3.441891e-02	1.668134e-04	1.015982e-03
2.998380e+03	4.964713e-03	4.378608e-02	-4.047187e-04	-6.314753e-03	-4.239914e-06	1.399127e-03
3.010770e+03	-3.024588e-02	3.685096e-02	-3.227056e-04	2.885710e-02	-2.672644e-04	1.409614e-03
3.023160e+03	-5.009959e-02	4.815027e-03	-6.254279e-05	4.899958e-02	-3.880005e-04	1.170837e-03
3.035550e+03	-3.984299e-02	-3.370337e-02	3.089530e-04	3.925338e-02	-2.613610e-04	6.441774e-04
3.047940e+03	-4.157477e-03	-5.307423e-02	3.475277e-04	4.135833e-03	-5.495947e-05	-1.530944e-05
3.060330e+03	3.704967e-02	-4.199746e-02	2.804230e-04	-3.662076e-02	2.548187e-04	-3.934671e-04
3.072720e+03	5.694947e-02	-2.449077e-03	-7.445485e-05	-5.614687e-02	3.584034e-04	-7.638578e-04
3.085110e+03	4.189160e-02	4.050252e-02	-3.145959e-04	-4.099142e-02	2.751362e-04	-8.749969e-04
3.097500e+03	-6.942220e-04	5.845738e-02	-4.131214e-04	1.412642e-03	-1.998793e-05	-7.187557e-04
3.109890e+03	-4.328267e-02	3.939343e-02	-2.826301e-04	4.370614e-02	-2.797975e-04	-4.116537e-04
3.122280e+03	-5.798081e-02	-4.417638e-03	-1.158804e-05	5.798300e-02	-4.725547e-04	4.763226e-05
3.134670e+03	-3.699355e-02	-4.494605e-02	4.803582e-04	3.660300e-02	-2.509184e-04	4.110244e-04
3.147060e+03	6.301863e-03	-5.708726e-02	4.479964e-04	-7.113628e-03	5.092209e-05	8.076589e-04
3.159450e+03	4.423383e-02	-3.448518e-02	2.350116e-04	-4.533804e-02	3.228328e-04	1.044176e-03
3.171840e+03	5.470599e-02	7.760165e-03	1.368938e-05	-5.580633e-02	4.457457e-04	1.108219e-03
3.184230e+03	3.159059e-02	4.360604e-02	-2.241216e-04	-3.257464e-02	3.460457e-04	1.006437e-03
3.196620e+03	-9.093883e-03	5.218687e-02	-3.839401e-04	8.382780e-03	4.227444e-05	7.188995e-04
3.209010e+03	-4.199671e-02	2.836988e-02	-3.073122e-04	4.161232e-02	-2.025709e-04	3.617273e-04
3.221400e+03	-4.707564e-02	-1.112716e-02	3.829368e-05	4.714221e-02	-3.471454e-04	-5.614366e-05
3.233790e+03	-2.267980e-02	-3.971806e-02	1.588139e-04	2.303543e-02	-3.854365e-04	-3.202393e-04
3.246180e+03	1.306840e-02	-4.154634e-02	3.254609e-04	-1.256290e-02	5.197738e-05	-5.062924e-04
3.258570e+03	3.675240e-02	-1.695369e-02	1.959805e-04	-3.604988e-02	2.570418e-04	-7.031954e-04
3.270960e+03	3.497416e-02	1.508479e-02	-8.195246e-05	-3.416815e-02	2.283027e-04	-7.663568e-04
3.283350e+03	1.061316e-02	3.302302e-02	-2.619429e-04	-1.014842e-02	1.210291e-04	-4.750436e-04
3.295740e+03	-1.701824e-02	2.748343e-02	-3.533818e-04	1.741550e-02	-3.465902e-04	-4.745900e-04
3.308130e+03	-3.012534e-02	4.427861e-03	-7.200921e-05	3.003242e-02	-3.487168e-04	8.975864e-05
3.320520e+03	-2.162975e-02	-1.924251e-02	1.781345e-04	2.139750e-02	-3.328694e-04	2.194896e-04
3.332910e+03	4.768049e-04	-2.668164e-02	1.598539e-04	-1.006079e-03	-1.507642e-05	5.183743e-04
3.345300e+03	2.040026e-02	-1.660539e-02	3.678515e-04	-2.093429e-02	9.493402e-06	5.477120e-04
3.357690e+03	2.505759e-02	5.038363e-03	1.344796e-04	-2.565792e-02	3.598708e-04	6.454075e-04
3.370080e+03	1.186281e-02	2.233514e-02	-3.542918e-05	-1.220515e-02	4.834495e-04	3.243993e-04
3.382470e+03	-9.352310e-03	2.281218e-02	-3.254558e-04	9.131780e-03	9.278756e-05	1.628394e-04
3.394860e+03	-2.314912e-02	7.541116e-03	-2.950503e-04	2.324485e-02	-8.967809e-05	-5.667976e-05
3.407250e+03	-2.013221e-02	-1.340655e-02	-1.791179e-04	2.059906e-02	-3.052473e-04	-4.387724e-04
3.419640e+03	-2.186196e-03	-2.369732e-02	4.002255e-04	2.849116e-03	-3.277205e-04	-6.676293e-04
3.432030e+03	1.789120e-02	-1.750971e-02	3.970939e-04	-1.714338e-02	-1.979658e-04	-7.326807e-04
3.444420e+03	2.527040e-02	2.621606e-03	4.054633e-04	-2.459634e-02	9.979571e-05	-6.286386e-04
3.456810e+03	1.470330e-02	2.144246e-02	2.182643e-04	-1.431172e-02	5.522295e-04	-4.120278e-04
3.469200e+03	-7.140591e-03	2.560303e-02	-5.128812e-05	7.310647e-03	3.201346e-04	-1.465914e-04
3.481590e+03	-2.493166e-02	1.178324e-02	-2.003965e-04	2.507763e-02	1.720107e-04	-4.763733e-05
3.493980e+03	-2.633670e-02	-1.113076e-02	-2.575555e-04	2.604314e-02	-1.567095e-04	2.899419e-04
3.506370e+03	-9.741160e-03	-2.790456e-02	-6.237277e-05	9.371122e-03	-3.581114e-04	3.653628e-04
3.518760e+03	1.416272e-02	-2.639263e-02	1.914341e-04	-1.456132e-02	-3.159957e-04	4.126184e-04
3.531150e+03	2.976334e-02	-7.390375e-03	1.781140e-04	-2.987375e-02	-1.234548e-04	1.689802e-04
3.543540e+03	2.557093e-02	1.736205e-02	3.321871e-04	-2.582066e-02	1.869062e-04	2.417250e-04
3.555930e+03	4.669942e-03	3.128228e-02	-2.841272e-05	-4.709840e-03	3.696271e-04	3.702262e-05
3.568320e+03	-2.015184e-02	2.451520e-02	2.312826e-04	2.036227e-02	2.964985e-04	-2.301397e-04
3.580710e+03	-3.157581e-02	1.741572e-03	-2.866193e-04	3.207155e-02	4.784036e-05	-4.758475e-04
3.593100e+03	-2.285240e-02	-2.274521e-02	-2.095885e-04	2.363173e-02	-3.555697e-04	-6.801310e-04
3.605490e+03	1.364732e-03	-3.235010e-02	1.334526e-04	-9.482028e-04	-2.600080e-04	-4.121633e-04
3.617880e+03	2.517770e-02	-2.151579e-02	2.851087e-04	-2.481779e-02	-1.426824e-04	-4.433525e-04
3.630270e+03	3.260748e-02	3.972305e-03	2.960390e-04	-3.225619e-02	5.039495e-05	-3.313143e-04
3.642660e+03	1.926617e-02	2.630301e-02	1.290840e-04	-1.929815e-02	3.031756e-04	2.251733e-05
3.655050e+03	-6.418762e-03	3.206103e-02	-7.792852e-05	6.305285e-03	2.776030e-04	1.130888e-04
3.667440e+03	-2.769661e-02	1.669260e-02	-3.287708e-04	2.730423e-02	-1.554563e-05	3.979500e-04
3.679830e+03	-3.069704e-02	-8.629201e-03	-2.826798e-04	3.096000e-02	-3.435551e-04	-2.989443e-04
3.692220e+03	-1.510328e-02	-2.891034e-02	-2.356293e-04	1.458794e-02	-4.305436e-04	5.573046e-04
3.704610e+03	1.078954e-02	-2.981695e-02	1.991173e-04	-1.098304e-02	-2.616994e-04	2.018163e-04
3.717000e+03	2.878966e-02	-1.231480e-02	3.139129e-04	-2.895177e-02	-8.410388e-05	1.804769e-04
3.729390e+03	2.844542e-02	1.294991e-02	2.561505e-04	-2.812273e-02	4.435594e-04	-2.572176e-04
3.741780e+03	9.206209e-03	2.989337e-02	3.745207e-05	-8.848181e-03	4.015401e-04	-3.644191e-04
3.754170e+03	-1.555146e-02	2.628895e-02	-2.771593e-04	1.583045e-02	2.066997e-04	-3.030535e-04
3.766560e+03	-2.902641e-02	5.821622e-03	-2.979671e-04	2.932763e-02	1.042308e-04	-2.899326e-04
3.778950e+03	-2.380522e-02	-1.803435e-02	-2.488076e-04	2.404432e-02	-2.416930e-04	-1.700582e-04
3.791340e+03	-2.473092e-03	-2.896857e-02	1.699664e-05	2.576384e-03	-3.331553e-04	-9.664721e-05
3.803730e+03	1.987748e-02	-2.107295e-02	3.110418e-04	-1.987364e-02	-3.315823e-04	-3.037576e-05
3.816120e+03	2.869243e-02	7.167204e-04	2.398903e-05	-2.829482e-02	2.827888e-04	-4.125324e-04
3.828510e+03	1.811724e-02	2.104102e-02	2.980029e-04	-1.831571e-02	2.234346e-04	2.241545e-04
3.840900e+03	-3.392527e-03	2.709904e-02	-4.131764e-05	3.233236e-03	2.769175e-04	1.605650e-04
3.853290e+03	-2.208403e-02	1.520391e-02	-1.754841e-04	2.188403e-02	2.302103e-04	2.249513e-04
3.865680e+03	-2.544038e-02	-6.127787e-03	-1.515255e-04	2.545451e-02	5.798856e-05	2.166867e-05
3.878070e+03	-1.234004e-02	-2.275499e-02	-1.887921e-04	1.224493e-02	-1.871968e-04	5.461050e-05
3.890460e+03	9.161818e-03	-2.397184e-02	1.161767e-04	-9.091135e-03	-2.695372e-04	-7.657939e-05
3.902850e+03	2.323874e-02	-9.000506e-03	2.378510e-04	-2.312769e-02	-1.767144e-04	-1.143179e-04
3.915240e+03	2.216726e-02	1.155476e-02	2.093917e-04	-2.186407e-02	1.815442e-05	-2.537434e-04
3.927630e+03	6.423984e-03	2.357248e-02	2.652402e-04	-5.614457e-03	3.143480e-04	-7.977161e-04
3.940020e+03	-1.364720e-02	1.971346e-02	-8.166568e-06	1.384599e-02	2.759084e-04	-1.490698e-04
3.952410e+03	-2.309453e-02	2.748109e-03	-4.494723e-04	2.319455e-02	1.773590e-04	-7.337024e-05
3.964800e+03	-1.745462e-02	-1.577002e-02	-1.778388e-04	1.733993e-02	-7.031388e-05	3.452825e-05
3.977190e+03	3.354481e-04	-2.323868e-02	-4.599104e-05	-4.399977e-04	-1.656913e-04	1.104950e-04
3.989580e+03	1.752360e-02	-1.497869e-02	5.027398e-05	-1.765919e-02	-8.718612e-05	1.195795e-04
4.001970e+03	2.261235e-02	3.277787e-03	1.638623e-04	-2.292922e-02	-9.040879e-05	2.710922e-04
4.014360e+03	1.249414e-02	1.899951e-02	1.864635e-04	-1.267178e-02	6.796799e-05	2.121599e-04
4.026750e+03	-5.953484e-03	2.202418e-02	3.982865e-05	5.800154e-03	1.558116e-04	1.586729e-04
4.039140e+03	-2.010716e-02	1.006586e-02	-3.504677e-05	2.000716e-02	1.359433e-04	9.293221e-05
4.051530e+03	-2.064696e-02	-8.282775e-03	-6.825787e-05	2.089550e-02	-7.407251e-05	-1.251512e-04
4.063920e+03	-7.294153e-03	-2.061951e-02	-9.151690e-05	7.384283e-03	-6.059101e-05	-9.469127e-05
4.076310e+03	1.071772e-02	-1.887871e-02	-8.912474e-05	-1.060769e-02	-4.841511e-06	-1.027865e-04
4.088700e+03	2.099242e-02	-4.492732e-03	1.131542e-04	-2.055885e-02	-4.195749e-05	-3.070506e-04
4.101090e+03	1.718444e-02	1.271153e-02	1.273713e-04	-1.718010e-02	4.626588e-05	-1.159171e-04
4.113480e+03	1.740257e-03	2.076539e-02	1.419089e-04	-1.551553e-03	3.613711e-05	-1.900033e-04
4.125870e+03	-1.472796e-02	1.498310e-02	4.688493e-05	1.462053e-02	1.135084e-04	6.958623e-05
4.138260e+03	-2.056512e-02	-1.163563e-03	5.539088e-05	2.055181e-02	-1.998638e-05	5.247990e-06
4.150650e+03	-1.266988e-02	-1.632186e-02	-4.750060e-05	1.257139e-02	2.269865e-04	8.720310e-05
4.163040e+03	3.893756e-03	-2.003308e-02	-2.711450e-05	-4.161683e-03	-1.655792e-04	2.663824e-04
4.175430e+03	1.757693e-02	-1.034088e-02	2.072932e-04	-1.767365e-02	-1.207519e-04	9.775470e-05
4.187820e+03	1.916498e-02	6.310801e-03	1.387679e-04	-1.931122e-02	-4.679576e-05	1.153146e-04
4.200210e+03	7.904821e-03	1.847402e-02	9.983118e-05	-7.868360e-03	9.335661e-05	-2.649473e-05
4.212600e+03	-1.125014e-02	1.595727e-02	1.792264e-04	9.838576e-03	4.463589e-05	5.066838e-05
4.224990e+03	-1.899580e-02	5.122054e-03	-2.396903e-05	1.916244e-02	1.241687e-04	-7.555917e-05
4.237380e+03	-1.630982e-02	-1.112209e-02	1.110106e-04	1.653101e-02	-4.330346e-05	-2.254702e-04
4.249770e+03	-1.887351e-03	-1.981367e-02	-7.221710e-05	2.063472e-03	-1.636201e-04	-1.662172e-04
4.262160e+03	1.354814e-02	-1.464741e-02	2.918045e-05	-1.356420e-02	-8.616926e-05	3.043262e-05
4.274550e+03	1.959278e-02	5.980846e-04	1.393617e-05	-1.974490e-02	-1.469226e-04	1.175104e-04
4.286940e+03	1.301921e-02	1.541056e-02	8.771305e-05	-1.294216e-02	1.028957e-04	9.762580e-06
4.299330e+03	-3.189901e-03	1.980363e-02	7.626575e-05	3.150889e-03	6.369171e-05	5.265231e-05
4.311720e+03	-1.694169e-02	1.052233e-02	-2.966369e-05	1.684133e-02	1.493632e-04	8.812260e-05
4.324110e+03	-1.858303e-02	-6.194781e-03	-2.525834e-04	1.839737e-02	-3.064201e-04	1.367717e-04
4.336500e+03	-7.817544e-03	-1.817298e-02	-8.166458e-06	7.779542e-03	3.485830e-05	6.055878e-05
4.348890e+03	8.486716e-03	-1.797695e-02	-1.502603e-04	-8.649109e-03	-1.707377e-04	1.555012e-04
4.361280e+03	1.900523e-02	-5.160130e-03	-2.615141e-05	-1.904139e-02	-4.140066e-05	7.791029e-05
4.373670e+03	1.649498e-02	1.123446e-02	-4.275160e-05	-1.646496e-02	-2.264163e-05	-6.127338e-05
4.386060e+03	2.400460e-03	1.939259e-02	7.778542e-06	-2.312852e-03	-3.659413e-05	-7.658738e-05
4.398450e+03	-1.348477e-02	1.475347e-02	3.094114e-05	1.357646e-02	-6.130879e-05	-1.107716e-04
4.410840e+03	-2.022657e-02	-1.348651e-03	2.588344e-06	1.974830e-02	-7.251216e-05	4.883451e-04
4.423230e+03	-1.243776e-02	-1.528706e-02	1.002578e-04	1.243782e-02	4.576883e-05	7.653524e-05
4.435620e+03	3.373150e-03	-1.969929e-02	5.837067e-05	-3.403143e-03	6.664990e-05	2.749617e-05
4.448010e+03	1.729090e-02	-1.026307e-02	4.997672e-06	-1.717541e-02	8.419426e-05	-5.148454e-05
4.460400e+03	1.882432e-02	6.361136e-03	-5.319768e-05	-1.892607e-02	8.358380e-05	5.762525e-05
4.472790e+03	7.694096e-03	1.888689e-02	-7.586240e-05	-7.697108e-03	7.081279e-05	3.060826e-05
4.485180e+03	-9.222837e-03	1.819580e-02	-1.496431e-04	9.157961e-03	-5.905093e-05	6.383527e-05
4.497570e+03	-1.955954e-02	5.055865e-03	-2.976271e-05	1.958328e-02	-9.695754e-05	-7.800104e-05
4.509960e+03	-1.688518e-02	-1.150943e-02	7.910296e-05	1.687379e-02	-9.362288e-05	5.514188e-05
4.522350e+03	-2.533985e-03	-2.013080e-02	1.557426e-04	2.440142e-03	-2.313247e-05	8.650510e-05
4.534740e+03	1.367276e-02	-1.521476e-02	1.159928e-04	-1.366501e-02	5.756226e-05	-4.102779e-05
4.547130e+03	2.029249e-02	4.547576e-04	9.806005e-05	-2.029308e-02	1.279072e-04	-1.183922e-05
4.559520e+03	1.308855e-02	1.568184e-02	-3.600870e-05	-1.309210e-02	1.639547e-04	3.746173e-05
4.571910e+03	-3.216987e-03	2.009523e-02	-1.384106e-04	3.290092e-03	-6.582604e-05	-3.571604e-05
4.584300e+03	-1.752278e-02	1.076314e-02	-1.440942e-04	1.734820e-02	-1.541471e-04	1.917819e-04
4.596690e+03	-1.958069e-02	-6.010423e-03	5.754068e-05	1.954105e-02	-1.673973e-04	3.628663e-05
4.609080e+03	-8.651850e-03	-1.880531e-02	-5.949674e-05	8.530399e-03	-1.329891e-04	9.224462e-05
4.621470e+03	8.251890e-03	-1.907558e-02	1.126558e-04	-8.419582e-03	-3.510250e-05	1.364126e-04
4.633860e+03	1.934568e-02	-6.033525e-03	1.734916e-04	-1.931662e-02	4.574252e-05	-4.939242e-05
4.646250e+03	1.728337e-02	1.057356e-02	5.289406e-05	-1.727207e-02	1.735702e-04	1.110769e-06
4.658640e+03	3.420179e-03	1.969844e-02	-8.832707e-05	-3.314051e-03	1.932928e-05	-1.104206e-04
4.671030e+03	-1.264997e-02	1.530370e-02	-1.320684e-04	1.264441e-02	2.983037e-05	-3.617267e-05
4.683420e+03	-1.963152e-02	4.358216e-04	-1.257554e-04	1.963722e-02	-9.223075e-05	-7.245035e-06
4.695810e+03	-1.320441e-02	-1.469564e-02	2.699213e-05	1.327350e-02	-2.569150e-04	-1.069913e-04
4.708200e+03	2.373207e-03	-1.930856e-02	6.308606e-05	-2.186328e-03	-4.163730e-05	-1.705710e-04
4.720590e+03	1.628494e-02	-1.129470e-02	1.932095e-04	-1.635816e-02	-6.549441e-05	1.361755e-05
4.732980e+03	1.910801e-02	4.860211e-03	1.583657e-04	-1.918431e-02	7.006993e-05	9.518230e-05
4.745370e+03	9.075975e-03	1.710355e-02	1.865500e-05	-9.052353e-03	1.692442e-04	2.484548e-05
4.757760e+03	-6.943525e-03	1.789907e-02	-1.080018e-04	6.953541e-03	1.140000e-04	-8.909995e-06
4.770150e+03	-1.799964e-02	6.394850e-03	-1.304226e-04	1.799959e-02	-6.402426e-07	-2.754378e-05
4.782540e+03	-1.626464e-02	-9.215401e-03	-6.617424e-05	1.633241e-02	-7.608410e-05	-8.670964e-05
4.794930e+03	-3.517889e-03	-1.820141e-02	2.955450e-05	3.545892e-03	-2.127885e-04	-2.771534e-05
4.807320e+03	1.144501e-02	-1.463082e-02	1.295104e-04	-1.129578e-02	-7.164502e-05	-1.220805e-04
4.819710e+03	1.805760e-02	-9.223132e-04	1.360927e-04	-1.805702e-02	5.683372e-05	-2.150289e-05
4.832100e+03	1.231466e-02	1.253867e-02	1.086122e-04	-1.281816e-02	1.454643e-04	4.070917e-04
4.844490e+03	-1.542845e-03	1.799866e-02	-5.709275e-05	1.561741e-03	1.319728e-04	-1.819231e-05
4.856880e+03	-1.473685e-02	1.049478e-02	-5.411412e-05	1.464257e-02	3.283008e-05	6.026863e-05
4.869270e+03	-1.693838e-02	-4.080485e-03	-8.395211e-05	1.699929e-02	-5.795840e-05	-4.866657e-05
4.881660e+03	-8.182171e-03	-1.557879e-02	-3.732319e-05	8.181557e-03	-9.494132e-05	-1.721725e-05
4.894050e+03	6.417560e-03	-1.648719e-02	2.460874e-04	-6.106897e-03	-4.442756e-06	-3.484317e-04
4.906440e+03	1.615464e-02	-5.602763e-03	1.305963e-04	-1.625588e-02	5.108259e-05	8.133611e-05
4.918830e+03	1.460837e-02	8.699612e-03	1.049707e-04	-1.460268e-02	8.861251e-05	-3.322969e-05
4.931220e+03	2.840879e-03	1.665156e-02	-3.675472e-06	-2.809012e-03	1.130225e-04	-3.577135e-05
4.943610e+03	-1.132669e-02	1.267476e-02	-5.871479e-04	1.152488e-02	4.772730e-06	-1.706185e-04
4.956000e+03	-1.616282e-02	8.671125e-05	-5.269752e-05	1.624227e-02	-4.121715e-05	-9.634208e-05
4.968390e+03	-1.082060e-02	-1.248704e-02	-2.503335e-05	1.082606e-02	-1.095051e-04	-2.038794e-05
4.980780e+03	2.440857e-03	-1.620974e-02	9.247905e-05	-2.378689e-03	-6.991918e-05	-6.122666e-05
4.993170e+03	1.372091e-02	-8.581579e-03	1.337099e-04	-1.372208e-02	-3.314393e-06	-3.787282e-05
5.005560e+03	1.513776e-02	4.935041e-03	1.317675e-04	-1.513776e-02	1.022405e-04	1.539765e-05
5.017950e+03	6.050887e-03	1.491108e-02	9.574229e-06	-6.044688e-03	1.195509e-04	-2.398671e-05
5.030340e+03	-7.310917e-03	1.408936e-02	-4.457729e-05	7.266679e-03	1.034180e-04	5.465464e-05
5.042730e+03	-1.522088e-02	3.483635e-03	-9.188871e-05	1.522088e-02	1.245893e-05	-8.304478e-06
5.055120e+03	-1.274394e-02	-9.485824e-03	-1.445667e-04	1.264514e-02	-5.744370e-05	4.097690e-05
5.067510e+03	-8.581736e-04	-1.579983e-02	4.687148e-05	9.011688e-04	-7.782691e-05	-4.309739e-05
5.079900e+03	1.155734e-02	-1.091262e-02	1.029951e-04	-1.147503e-02	-2.743952e-05	-5.506434e-05
5.092290e+03	1.537448e-02	1.549205e-03	6.672434e-05	-1.525943e-02	3.863745e-06	-1.086115e-04
5.104680e+03	8.683076e-03	1.302408e-02	7.508699e-05	-8.799553e-03	6.330464e-05	4.989501e-05
5.117070e+03	-3.946567e-03	1.511083e-02	-4.706931e-05	3.984341e-03	1.218258e-04	-3.154250e-05
5.129460e+03	-1.398215e-02	6.666899e-03	-1.148983e-04	1.397169e-02	7.356036e-05	2.004253e-05
5.141850e+03	-1.398102e-02	-6.523759e-03	-6.422359e-05	1.396711e-02	-1.459262e-05	-9.031222e-06
5.154240e+03	-3.675134e-03	-1.495818e-02	-2.000249e-04	4.204853e-03	5.502308e-04	-4.922961e-04
5.166630e+03	8.357410e-03	-1.294737e-02	1.972409e-04	-8.672402e-03	-1.610785e-04	2.613146e-04
5.179020e+03	1.515196e-02	-1.046598e-03	1.256836e-04	-1.516735e-02	1.034131e-06	-5.869176e-05
5.191410e+03	1.148026e-02	1.054242e-02	6.445581e-05	-1.146685e-02	8.705263e-05	4.924525e-05
5.203800e+03	-5.427900e-04	1.541543e-02	5.285711e-06	5.516390e-04	6.718617e-05	-1.113244e-05
5.216190e+03	-1.203940e-02	9.596813e-03	-5.088520e-05	1.203940e-02	2.582299e-05	-1.937703e-06
5.228580e+03	-1.495994e-02	-2.854059e-03	1.285949e-04	1.488803e-02	-1.459888e-04	5.042774e-05
5.240970e+03	-7.800174e-03	-1.356698e-02	7.650891e-05	7.688835e-03	-4.304276e-05	1.536261e-04
5.253360e+03	5.537720e-03	-1.450498e-02	1.583696e-05	-5.504322e-03	-6.188049e-05	-1.489321e-05
5.265750e+03	1.436460e-02	-5.200076e-03	6.883729e-05	-1.443616e-02	-1.240492e-05	1.621693e-06
5.278140e+03	1.347510e-02	7.712023e-03	3.291958e-05	-1.347513e-02	2.910834e-05	-1.092901e-06
5.290530e+03	2.749899e-03	1.532056e-02	5.575463e-05	-2.702420e-03	-1.889550e-05	-4.359639e-05
5.302920e+03	-9.723845e-03	1.199323e-02	-1.319221e-05	9.710908e-03	-3.524764e-06	-5.900362e-05
5.315310e+03	-1.495324e-02	3.345136e-04	-4.459976e-05	1.505330e-02	5.266617e-06	-5.247661e-05
5.327700e+03	-1.028050e-02	-1.145211e-02	-2.820000e-06	1.028780e-02	-5.426654e-05	-2.737604e-05
5.340090e+03	1.893776e-03	-1.528446e-02	-1.335027e-04	-1.929208e-03	-5.092418e-05	2.911482e-05
5.352480e+03	1.294490e-02	-8.338162e-03	6.029319e-05	-1.275112e-02	-8.861910e-05	-1.909781e-04
5.364870e+03	1.459220e-02	4.405434e-03	6.843581e-05	-1.459220e-02	2.696390e-05	-9.167614e-06
5.377260e+03	6.202415e-03	1.419863e-02	3.946306e-06	-6.225563e-03	4.237661e-05	9.657740e-06
5.389650e+03	-6.539802e-03	1.395637e-02	-2.699099e-05	6.604385e-03	6.051788e-05	-6.207082e-05
5.402040e+03	-1.451831e-02	3.965424e-03	-6.291943e-05	1.460174e-02	1.154545e-05	-2.114190e-05
5.414430e+03	-1.310274e-02	-8.141470e-03	1.161023e-04	1.276328e-02	-1.271617e-04	3.121500e-04
5.426820e+03	-1.603226e-03	-1.528120e-02	1.068516e-05	1.633086e-03	-5.355083e-05	-2.566698e-05
5.439210e+03	1.041070e-02	-1.116490e-02	6.788752e-05	-1.051279e-02	-1.845292e-05	5.844689e-05
5.451600e+03	1.481126e-02	7.723343e-04	6.593446e-05	-1.474211e-02	1.325116e-05	-2.156899e-05
5.463990e+03	9.343249e-03	1.199507e-02	3.248567e-05	-9.373512e-03	4.711351e-05	4.349830e-05
5.476380e+03	-3.016123e-03	1.483799e-02	-2.877504e-05	3.028421e-03	3.483664e-05	-6.925711e-06
5.488770e+03	-1.327142e-02	7.243064e-03	-3.815401e-05	1.327084e-02	5.781104e-06	-1.977523e-06
5.501160e+03	-1.361573e-02	-5.217178e-03	-7.246036e-05	1.395572e-02	4.344401e-04	-3.781509e-04
5.513550e+03	-5.167645e-03	-1.412848e-02	-4.149102e-05	5.150951e-03	-9.763670e-05	-2.582192e-05
5.525940e+03	7.380507e-03	-1.317251e-02	7.086780e-05	-7.313037e-03	-3.918273e-05	-3.987149e-05
5.538330e+03	1.450000e-02	-2.854578e-03	8.044868e-05	-1.442455e-02	-5.110120e-05	-7.530890e-05
5.550720e+03	1.163770e-02	9.201735e-03	3.938066e-05	-1.163783e-02	9.320731e-05	-1.491945e-05
5.563110e+03	5.804894e-04	1.460696e-02	-3.251568e-05	-5.852792e-04	8.273578e-05	-1.175614e-07
5.575500e+03	-1.089382e-02	9.995256e-03	-4.934600e-06	1.080902e-02	2.085631e-05	4.091435e-05
5.587890e+03	-1.437955e-02	-1.731719e-03	-4.299714e-05	1.437946e-02	-3.151989e-05	-7.938691e-06
5.600280e+03	-8.076627e-03	-1.207142e-02	-1.670796e-05	8.104067e-03	1.560706e-05	-1.593423e-05
5.612670e+03	4.108214e-03	-1.393003e-02	-1.178889e-04	-3.886535e-03	2.563333e-04	-2.259372e-04
5.625060e+03	1.333181e-02	-6.165361e-03	8.712911e-05	-1.323330e-02	1.882137e-05	-2.441998e-05
5.637450e+03	1.330238e-02	5.940720e-03	2.278660e-05	-1.320016e-02	6.571506e-05	-1.127080e-04
5.649840e+03	4.129381e-03	1.361833e-02	-9.300900e-06	-4.097210e-03	5.569658e-05	-3.457138e-05
5.662230e+03	-7.639234e-03	1.204842e-02	-5.281943e-05	7.701992e-03	4.464262e-05	-4.544594e-05
5.674620e+03	-1.408557e-02	1.830664e-03	-5.991456e-05	1.408717e-02	-1.711299e-05	-1.258696e-05
5.687010e+03	-1.047058e-02	-9.598183e-03	-6.768645e-05	1.047146e-02	-1.066079e-04	1.703965e-06
5.699400e+03	3.852620e-04	-1.366995e-02	5.743222e-05	-4.002413e-04	-6.415013e-05	1.269533e-05
5.711790e+03	1.084600e-02	-8.909686e-03	7.677995e-05	-1.090661e-02	-2.221943e-05	1.889579e-05
5.724180e+03	1.382792e-02	2.422862e-03	6.004736e-05	-1.382799e-02	3.886586e-05	-4.111152e-06
5.736570e+03	7.044861e-03	1.196405e-02	1.067467e-05	-7.025369e-03	6.893663e-05	-1.696597e-05
5.748960e+03	-4.356022e-03	1.292844e-02	-5.479275e-05	4.348249e-03	4.431931e-05	-6.189236e-06
5.761350e+03	-1.269055e-02	5.096149e-03	-1.113170e-05	1.272616e-02	-5.538093e-05	-8.399799e-05
5.773740e+03	-1.204077e-02	-6.253534e-03	-4.155473e-05	1.205082e-02	-5.101856e-05	-2.458187e-05
5.786130e+03	-2.993068e-03	-1.287745e-02	4.510327e-05	2.980877e-03	-5.989693e-05	4.733117e-06
5.798520e+03	7.925788e-03	-1.064899e-02	6.140426e-05	-7.915684e-03	-3.503062e-05	-4.915757e-06
5.810910e+03	1.320375e-02	-8.951508e-04	6.679848e-05	-1.311330e-02	1.977637e-05	-5.654063e-05
5.823300e+03	9.277973e-03	9.416804e-03	3.288507e-05	-9.294316e-03	7.245880e-05	9.155648e-06
5.835690e+03	-1.035191e-03	1.284334e-02	4.214409e-06	1.057775e-03	7.090970e-05	-2.210874e-05
5.848080e+03	-1.038254e-02	7.597405e-03	-4.685328e-05	1.038981e-02	2.060359e-05	-3.950859e-07
5.860470e+03	-1.224477e-02	-3.032264e-03	-6.767720e-05	1.233447e-02	-6.666608e-05	-8.249796e-05
5.872860e+03	-5.645395e-03	-1.143606e-02	1.341019e-05	5.691804e-03	-9.462975e-05	-4.129994e-05
5.885250e+03	4.938777e-03	-1.156214e-02	4.959940e-05	-4.902472e-03	-4.420331e-05	-3.713800e-05
5.897640e+03	1.177521e-02	-3.825485e-03	8.936940e-05	-1.173249e-02	-1.196813e-06	-2.260168e-05
5.910030e+03	1.045661e-02	6.489185e-03	4.604281e-05	-1.057160e-02	4.013065e-05	4.378708e-05
5.922420e+03	1.909568e-03	1.218025e-02	-2.156766e-07	-1.919212e-03	7.015509e-05	1.272429e-05
5.934810e+03	-7.908019e-03	9.263494e-03	-4.778051e-05	7.878571e-03	3.594835e-05	1.873237e-05
5.947200e+03	-1.167438e-02	3.300096e-06	-5.908564e-05	1.167433e-02	-2.780661e-05	6.964789e-06
5.959590e+03	-7.641190e-03	-9.026069e-03	3.202759e-06	7.766944e-03	-7.354906e-05	-1.130677e-04
5.971980e+03	1.902520e-03	-1.167237e-02	1.044345e-05	-1.873143e-03	-5.343826e-05	-3.224757e-05
5.984370e+03	1.003665e-02	-6.014812e-03	9.885265e-05	-1.004720e-02	-1.664511e-05	-4.074502e-06
5.996760e+03	1.093339e-02	3.694476e-03	6.494240e-05	-1.089377e-02	3.528266e-05	-1.289765e-05
6.009150e+03	4.374198e-03	1.068593e-02	1.107780e-05	-4.364401e-03	6.107480e-05	-1.329351e-05
6.021540e+03	-5.217697e-03	1.033690e-02	-2.367009e-05	5.213896e-03	3.074110e-05	-4.726073e-07
6.033930e+03	-1.099986e-02	2.591157e-03	-5.495031e-05	1.099986e-02	-6.512331e-06	-1.752566e-05
6.046320e+03	-8.954833e-03	-6.665451e-03	-8.820758e-06	8.962710e-03	-5.883143e-05	-1.299345e-08
6.058710e+03	-7.185758e-04	-1.088943e-02	4.341706e-05	7.697571e-04	-3.807378e-05	-4.694307e-05
6.071100e+03	7.887747e-03	-7.697776e-03	6.642847e-05	-7.896738e-03	-2.709872e-05	7.997391e-06
6.083490e+03	1.082831e-02	1.056124e-03	6.017569e-05	-1.082756e-02	1.923370e-05	3.889875e-07
6.095880e+03	6.158936e-03	8.889784e-03	2.092930e-05	-6.169148e-03	3.682317e-05	1.007150e-05
6.108270e+03	-2.764036e-03	1.021033e-02	-2.913916e-05	2.747632e-03	4.510312e-05	1.841613e-05
6.120660e+03	-9.660357e-03	4.659558e-03	-3.559669e-05	9.668496e-03	-3.226737e-06	-2.019795e-05
6.133050e+03	-9.791723e-03	-4.271826e-03	-2.724083e-05	9.907221e-03	-4.745489e-05	-1.340542e-04
6.145440e+03	-3.025478e-03	-9.980584e-03	2.142467e-05	3.054244e-03	-5.980190e-05	-2.971496e-05
6.157830e+03	5.642705e-03	-8.680383e-03	1.182354e-04	-5.594270e-03	-7.777172e-05	-4.668227e-05
6.170220e+03	1.014406e-02	-1.331558e-03	6.845035e-05	-1.013849e-02	1.812392e-05	-1.772113e-05
6.182610e+03	6.723213e-03	7.442037e-03	2.913804e-05	-6.690000e-03	5.306480e-05	-2.199202e-05
6.195000e+03	-2.607467e-04	9.893224e-03	2.334284e-05	2.676995e-04	6.783493e-05	-8.858795e-06
6.207390e+03	-7.910771e-03	6.328088e-03	-3.099298e-05	7.898624e-03	9.347945e-06	1.882361e-05
6.219780e+03	-9.920918e-03	-1.846314e-03	-1.607534e-05	9.882736e-03	-3.385125e-05	3.440946e-05
6.232170e+03	-5.153881e-03	-8.527176e-03	1.216929e-05	5.016839e-03	-2.365410e-05	1.393183e-04
6.244560e+03	3.352455e-03	-9.255070e-03	4.738060e-05	-3.367459e-03	-1.173513e-05	1.168396e-05
6.256950e+03	9.171272e-03	-3.539193e-03	7.041165e-05	-9.159424e-03	2.236571e-06	-1.274355e-05
6.269340e+03	8.649182e-03	4.656743e-03	7.266874e-05	-8.610329e-03	5.579001e-05	-3.091924e-05
6.281730e+03	1.539128e-03	9.429315e-03	1.146049e-04	-1.784970e-03	7.789609e-05	2.481625e-04
6.294120e+03	-5.973031e-03	7.478424e-03	-1.046015e-04	5.957265e-03	2.198948e-05	1.565865e-05
6.306510e+03	-9.314193e-03	3.999164e-04	-2.191043e-05	9.340481e-03	-1.987256e-05	-1.982724e-05
6.318900e+03	-6.478917e-03	-6.883606e-03	2.014547e-05	6.415343e-03	-3.988081e-05	5.445203e-05
6.331290e+03	1.001820e-03	-9.392929e-03	6.606541e-05	-1.024019e-03	-5.237818e-05	1.983104e-05
6.343680e+03	7.690381e-03	-5.303708e-03	5.507687e-05	-7.690639e-03	-1.737745e-06	-2.864759e-06
6.356070e+03	8.848838e-03	2.351344e-03	1.158422e-04	-8.821150e-03	3.733672e-05	-3.525925e-05
6.368460e+03	4.013188e-03	8.294532e-03	-5.808198e-06	-4.052795e-03	5.175625e-05	3.525508e-05
6.380850e+03	-3.631751e-03	8.387730e-03	-7.388185e-06	3.626221e-03	3.232305e-05	3.876128e-06
6.393240e+03	-8.492518e-03	2.614932e-03	-2.422387e-05	8.479063e-03	-6.006540e-05	2.164078e-06
6.405630e+03	-7.484445e-03	-4.859281e-03	4.034018e-08	7.476982e-03	-2.057126e-05	1.201893e-05
6.418020e+03	-1.227076e-03	-8.752254e-03	2.620034e-05	1.260387e-03	-4.135711e-05	-3.043427e-05
6.430410e+03	5.801890e-03	-6.737504e-03	7.393343e-05	-5.797653e-03	2.355317e-05	-3.133786e-06
6.442800e+03	8.690100e-03	-5.888346e-05	3.287227e-05	-8.674611e-03	5.706987e-05	-1.391199e-05
6.455190e+03	5.602972e-03	6.467462e-03	5.774027e-06	-5.614607e-03	3.377386e-05	1.540249e-05
6.467580e+03	-1.322830e-03	8.218193e-03	-2.986131e-05	1.304376e-03	4.215566e-05	1.139553e-05
6.479970e+03	-6.947937e-03	4.632274e-03	-3.241784e-04	7.180834e-03	4.046033e-04	-1.578851e-04
6.492360e+03	-8.125241e-03	-2.453130e-03	9.104347e-05	7.998029e-03	-8.203964e-05	1.603659e-04
6.504750e+03	-3.158295e-03	-7.595222e-03	5.961549e-05	3.280757e-03	-3.791013e-05	-1.041075e-04
6.517140e+03	3.649927e-03	-7.415102e-03	7.395920e-05	-3.660215e-03	5.708405e-06	1.123198e-05
6.529530e+03	7.958271e-03	-2.138455e-03	4.972793e-05	-7.966164e-03	3.633190e-05	9.358318e-06
6.541920e+03	6.784736e-03	4.540807e-03	-8.551352e-06	-6.808594e-03	9.663523e-05	2.557683e-05
6.554310e+03	1.021499e-03	7.696130e-03	6.016155e-06	-1.072464e-03	-5.425922e-05	4.108486e-05
6.566700e+03	-5.120534e-03	5.701541e-03	-8.177029e-05	5.180718e-03	-1.966880e-05	-6.349826e-05
6.579090e+03	-7.469746e-03	-2.132754e-04	-1.572029e-05	7.489676e-03	-3.563843e-05	-1.365847e-05
6.591480e+03	-4.657722e-03	-5.904572e-03	7.824713e-06	4.671157e-03	-4.246227e-05	-1.991669e-05
6.603870e+03	1.381345e-03	-7.346445e-03	8.458266e-05	-1.352764e-03	-1.129839e-05	-2.912678e-05
6.616260e+03	6.599322e-03	-4.043073e-03	-3.162212e-05	-6.739119e-03	-2.259231e-04	1.646542e-04
6.628650e+03	7.005803e-03	2.366603e-03	3.216881e-05	-6.985700e-03	6.251162e-05	-2.126440e-05
6.641040e+03	2.913922e-03	6.741278e-03	-6.599956e-05	-2.885087e-03	4.603515e-05	-3.517885e-05
6.653430e+03	-3.035714e-03	6.470500e-03	-7.778167e-05	3.026827e-03	2.071372e-05	8.368095e-06
6.665820e+03	-6.484075e-03	1.874130e-03	-6.256789e-05	6.480861e-03	-1.057717e-05	5.786250e-06
6.678210e+03	-5.526278e-03	-3.708135e-03	-2.425095e-05	5.526507e-03	-4.718310e-05	-1.248774e-06
6.690600e+03	-6.699671e-04	-6.479429e-03	4.437379e-05	6.846409e-04	-4.865751e-05	-1.516886e-05
6.702990e+03	4.510479e-03	-4.709433e-03	6.152103e-05	-4.495451e-03	1.477559e-05	-2.175899e-05
6.715380e+03	6.378223e-03	3.140306e-04	4.771540e-05	-6.350009e-03	4.600755e-05	-2.191393e-05
6.727770e+03	4.049850e-03	5.024520e-03	8.483143e-06	-4.024242e-03	7.122142e-05	-2.445505e-05
6.740160e+03	-1.105710e-03	6.189912e-03	-6.550491e-05	1.111443e-03	3.666629e-05	-2.214886e-06
6.752550e+03	-5.240176e-03	3.239408e-03	-1.501290e-05	5.395721e-03	3.711256e-05	-1.401976e-04
6.764940e+03	-5.680600e-03	-1.730868e-03	-8.775012e-05	5.755048e-03	-3.971853e-05	-4.885394e-05
6.777330e+03	-2.331783e-03	-5.248885e-03	6.664266e-06	2.344122e-03	-5.234972e-05	-9.340272e-06
6.789720e+03	2.463152e-03	-5.070494e-03	3.395156e-05	-2.463185e-03	-4.115390e-05	-1.496486e-06
6.802110e+03	5.349060e-03	-1.329892e-03	6.405402e-05	-5.349060e-03	1.824537e-05	-9.495472e-07
6.814500e+03	4.435258e-03	3.164819e-03	3.055943e-05	-4.423865e-03	5.054402e-05	-9.804286e-06
6.826890e+03	5.292225e-04	5.214322e-03	-2.307838e-05	-5.197444e-04	7.344642e-05	-1.600637e-05
6.839280e+03	-3.607895e-03	3.892970e-03	-4.261067e-05	3.622936e-03	3.268211e-05	-2.310423e-05
6.851670e+03	-5.078958e-03	-1.216946e-04	-3.714879e-05	5.278175e-03	-2.719779e-06	-1.966682e-04
6.864060e+03	-3.254726e-03	-3.846745e-03	6.343865e-06	3.254548e-03	-5.355574e-05	-1.059099e-05
6.876450e+03	6.818467e-04	-4.711934e-03	2.260572e-05	-6.653065e-04	-4.311874e-05	-1.175144e-05
6.888840e+03	3.863743e-03	-2.503066e-03	4.475348e-05	-3.854059e-03	-1.243411e-05	-5.457877e-06
6.901230e+03	4.201305e-03	1.282374e-03	2.895851e-05	-4.202488e-03	2.556856e-05	-1.682924e-07
6.913620e+03	1.609965e-03	3.945381e-03	-1.788101e-06	-1.610834e-03	4.310808e-05	3.134996e-06
6.926010e+03	-2.349156e-03	3.934964e-03	-2.858798e-04	2.083025e-03	1.517520e-04	2.293078e-04
6.938400e+03	-4.017682e-03	7.944900e-04	-7.602319e-05	3.950431e-03	-6.427309e-06	7.658153e-05
6.950790e+03	-3.284416e-03	-2.396889e-03	-1.325218e-05	3.282477e-03	-1.439672e-05	4.853355e-06
6.963180e+03	-3.785120e-04	-3.979965e-03	1.802012e-06	3.782115e-04	-4.312770e-05	-1.563070e-08
6.975570e+03	2.577693e-03	-2.839354e-03	3.581421e-05	-2.574419e-03	-2.503202e-05	-1.039521e-05
6.987960e+03	3.533383e-03	4.084173e-05	3.557881e-05	-3.512712e-03	6.263878e-06	-2.474936e-05
7.000350e+03	2.172129e-03	2.550417e-03	8.122142e-07	-2.192909e-03	2.163198e-05	1.415889e-05
7.012740e+03	-6.383010e-04	3.141456e-03	-2.386422e-05	6.480466e-04	1.449134e-05	-6.018505e-06
7.025130e+03	-2.768690e-03	1.349167e-03	-2.353694e-05	2.768672e-03	3.827491e-06	-3.725837e-06
7.037520e+03	-2.683151e-03	-1.342336e-03	-6.316782e-05	2.763163e-03	-1.031835e-04	-9.308676e-05
7.049910e+03	-7.962327e-04	-2.954483e-03	5.280507e-06	7.835118e-04	-3.284911e-05	2.014430e-06
7.062300e+03	1.667540e-03	-2.622303e-03	1.508980e-05	-1.663893e-03	-3.570783e-05	4.577148e-06
7.074690e+03	2.949676e-03	-5.130519e-04	4.085237e-05	-2.959643e-03	-8.979776e-06	1.892123e-06
7.087080e+03	2.209047e-03	1.686828e-03	-3.609921e-05	-2.191557e-03	1.219720e-06	-2.082725e-05
7.099470e+03	1.963644e-04	2.518506e-03	2.032746e-06	-1.856115e-04	5.057842e-05	-1.201425e-05
7.111860e+03	-1.689607e-03	1.631944e-03	-3.462055e-05	1.723023e-03	7.268746e-05	-3.442488e-05
7.124250e+03	-2.140766e-03	-4.040025e-04	-3.142868e-05	2.245961e-03	-2.976368e-05	-1.015813e-04
7.136640e+03	-9.224935e-04	-1.976681e-03	-8.599382e-06	9.245964e-04	-6.036200e-06	-2.036558e-06
7.149030e+03	9.940893e-04	-2.003757e-03	2.770761e-05	-9.765627e-04	-1.582589e-05	-2.338532e-05
7.161420e+03	2.202845e-03	-5.932370e-04	2.986526e-05	-2.166882e-03	-2.206664e-06	-4.554916e-05
7.173810e+03	1.934538e-03	1.182902e-03	2.179210e-05	-1.947690e-03	-6.921897e-06	7.991963e-06
7.186200e+03	4.154068e-04	2.068232e-03	1.415641e-05	-4.383198e-04	5.356771e-06	2.343560e-05
7.198590e+03	-1.082386e-03	1.445007e-03	3.399503e-05	9.723487e-04	1.289425e-04	1.086971e-04
7.210980e+03	-1.679487e-03	1.054331e-04	-1.678416e-05	1.669426e-03	2.005965e-05	1.012647e-05
7.223370e+03	-9.614493e-04	-1.232904e-03	3.018228e-06	9.640818e-04	-3.878398e-06	-4.207106e-06
7.235760e+03	5.026790e-04	-1.436295e-03	-2.270643e-06	-4.470038e-04	-4.383442e-05	-5.351674e-05
7.248150e+03	1.483293e-03	-4.955762e-04	1.764903e-05	-1.453543e-03	-4.984814e-06	-2.447821e-05
7.260540e+03	1.383255e-03	8.375536e-04	7.205797e-06	-1.361544e-03	1.090479e-05	-2.155922e-05
7.272930e+03	3.235956e-04	1.609840e-03	-9.222698e-06	-2.969143e-04	1.856781e-05	-1.865205e-05
7.285320e+03	-9.078474e-04	1.274728e-03	4.942900e-06	9.622420e-04	7.067099e-06	-6.152972e-05
7.297710e+03	-1.389642e-03	9.468143e-05	-1.423970e-05	1.343358e-03	1.979592e-06	4.304868e-05
7.310100e+03	-7.720377e-04	-9.586510e-04	-1.282527e-05	7.267302e-04	-1.422090e-04	4.453120e-05
7.322490e+03	2.165889e-04	-1.099833e-03	-6.873564e-06	-2.258696e-04	-2.979259e-06	9.467306e-06
7.334880e+03	1.070843e-03	-4.461260e-04	4.744517e-06	-1.070712e-03	-1.523058e-05	2.079156e-06
7.347270e+03	1.004414e-03	6.480972e-04	1.780843e-06	-1.003180e-03	-8.826865e-06	6.089615e-07
7.359660e+03	1.293212e-04	1.234379e-03	3.862471e-06	-1.366849e-04	-4.357074e-06	6.671500e-06
7.372050e+03	-9.017319e-04	9.878405e-04	1.028490e-05	8.923465e-04	1.057468e-05	9.354329e-06
7.384440e+03	-1.269428e-03	3.653699e-05	2.531353e-06	1.278776e-03	4.265137e-06	-4.819785e-06
7.396830e+03	-8.494693e-04	-9.016386e-04	-2.366708e-05	8.962197e-04	5.583638e-06	-5.267590e-05
7.409220e+03	1.598678e-04	-1.123960e-03	-7.023125e-06	-1.292258e-04	6.491808e-06	-3.396128e-05
7.421610e+03	-1.910201e-04	-3.521890e-04	8.119243e-04	-9.657193e-05	-7.719899e-05	2.923192e-04
7.434000e+03	9.199019e-04	3.393189e-04	3.415679e-05	-8.169060e-04	3.394425e-05	-1.029935e-04
7.446390e+03	1.428242e-04	1.033315e-03	4.121314e-05	-1.117314e-04	-1.598262e-05	-3.216379e-05
7.458780e+03	-9.212205e-04	7.487863e-04	-9.788330e-05	8.958124e-04	-2.066158e-05	1.488323e-05
7.471170e+03	-1.177707e-03	-4.776307e-05	9.004477e-06	1.183396e-03	5.407767e-06	2.773758e-07
7.483560e+03	-7.515860e-04	-9.753905e-04	7.225041e-05	8.609815e-04	4.090140e-05	-1.049602e-04
7.495950e+03	8.304166e-05	-1.199889e-03	1.741628e-05	-3.069482e-05	-1.387765e-05	-5.260051e-05
7.508340e+03	8.273824e-04	-7.591783e-04	6.103694e-06	-8.326285e-04	-2.830837e-06	5.414410e-06
7.520730e+03	1.003209e-03	1.288806e-04	-2.218673e-06	-1.010924e-03	-5.520656e-06	2.900045e-06
7.533120e+03	4.176952e-04	7.718359e-04	8.089006e-06	-4.166554e-04	-5.745723e-07	-1.757067e-08
7.545510e+03	-4.078935e-04	7.398890e-04	8.903207e-06	3.929609e-04	8.538208e-07	1.468030e-05
7.557900e+03	-8.995049e-04	6.318223e-05	1.433940e-05	9.068125e-04	-4.631768e-06	-7.375879e-06
7.570290e+03	-7.035263e-04	-7.284753e-04	-1.868630e-07	7.066877e-04	3.561913e-06	-2.632390e-06
7.582680e+03	8.857114e-05	-1.088490e-03	1.257504e-05	-9.350218e-05	1.077446e-05	5.971895e-06
7.595070e+03	-5.376242e-04	-5.655020e-04	1.102232e-03	1.602684e-04	-1.185112e-04	3.773096e-04
7.607460e+03	1.119814e-03	-8.686938e-05	-3.589368e-05	-1.089862e-03	2.474537e-05	-2.375952e-05
7.619850e+03	6.737419e-04	6.829189e-04	1.230389e-05	-6.741107e-04	-1.488516e-05	1.601704e-06
7.632240e+03	-5.482429e-05	8.079694e-04	5.803264e-07	5.555604e-05	-5.057441e-06	1.257782e-06
7.644630e+03	-6.350237e-04	3.784212e-04	9.882141e-06	6.150758e-04	-8.366230e-06	2.105867e-05
7.657020e+03	-6.612421e-04	-2.980841e-04	2.024648e-06	6.411014e-04	-2.975575e-06	1.946493e-05
7.669410e+03	-1.398869e-04	-7.241676e-04	-1.958904e-05	1.037126e-04	4.742691e-05	3.601374e-05
7.681800e+03	5.305347e-04	-6.901651e-04	2.668236e-05	-4.727167e-04	2.921078e-05	-5.540804e-05
7.694190e+03	8.944650e-04	-1.644702e-04	-5.939716e-06	-8.911031e-04	3.427199e-06	-4.109394e-06
7.706580e+03	7.174426e-04	4.856051e-04	9.986040e-06	-7.148997e-04	4.832331e-07	-3.741256e-06
7.718970e+03	2.376692e-04	7.623384e-04	-4.911429e-06	-1.340720e-04	1.472071e-05	-1.037974e-04
7.731360e+03	-3.473357e-04	5.698545e-04	4.415710e-06	3.626320e-04	-1.469906e-05	-1.472222e-05
7.743750e+03	-5.493570e-04	5.981495e-05	-3.600691e-06	5.469064e-04	-1.630908e-05	2.434017e-07
7.756140e+03	-3.133604e-04	-3.844836e-04	2.360996e-05	3.003697e-04	-1.583352e-05	1.338609e-05
7.768530e+03	1.328278e-04	-4.899893e-04	1.596043e-05	-1.407291e-04	1.411402e-05	6.723353e-06
7.780920e+03	5.243949e-04	-2.389437e-04	5.233119e-05	-4.469903e-04	-7.185340e-06	-7.989539e-05
7.793310e+03	9.272268e-04	-1.978600e-04	3.323421e-04	-9.255463e-04	7.321291e-04	-2.001633e-06
7.805700e+03	2.798793e-04	5.578093e-04	-2.652732e-05	-2.694387e-04	-1.823597e-05	-1.055364e-05
7.818090e+03	-9.687835e-05	5.093260e-04	1.447867e-05	1.390030e-04	-5.539009e-07	-3.902551e-05
7.830480e+03	-3.340103e-04	2.607513e-04	3.492948e-06	4.007606e-04	-1.245056e-05	-5.773236e-05
7.842870e+03	-8.108712e-04	1.197044e-04	2.610813e-04	6.239772e-04	-5.841300e-05	1.868850e-04
7.855260e+03	-1.410676e-04	-2.792343e-04	5.620985e-06	1.578392e-04	1.056199e-05	-1.854129e-05
7.867650e+03	1.208446e-04	-2.339023e-04	1.145898e-05	-1.264219e-04	-4.420207e-06	5.886465e-06
7.880040e+03	2.585311e-04	-2.890183e-05	1.389838e-05	-2.706826e-04	8.893503e-06	1.363444e-05
7.892430e+03	2.271129e-04	1.953526e-04	-1.945148e-05	-1.644293e-04	-1.528445e-05	-5.846443e-05
7.904820e+03	4.834047e-05	2.814605e-04	1.931094e-05	-4.701743e-05	6.735152e-06	-1.713952e-06
7.917210e+03	-1.568179e-04	2.199484e-04	4.093602e-06	1.509210e-04	2.328828e-06	4.452008e-06
7.929600e+03	-2.292492e-04	6.532135e-05	2.173881e-05	2.428033e-04	2.060754e-05	-1.505618e-05
7.941990e+03	-2.134195e-04	-6.523169e-05	6.289923e-06	2.036712e-04	1.754150e-06	8.859419e-06
7.954380e+03	-1.135280e-04	-1.569253e-04	1.186648e-05	9.185808e-05	-2.320336e-06	2.015495e-05
7.966770e+03	2.096383e-05	-1.471973e-04	1.524608e-05	-2.546125e-05	-2.809721e-06	4.424850e-06
7.979160e+03	3.000630e-05	-9.325149e-05	7.488500e-05	-5.510266e-05	2.159524e-05	2.509741e-05
7.991550e+03	-2.360821e-04	-1.488816e-04	4.966336e-04	2.253162e-04	1.189308e-04	1.103934e-05
8.003940e+03	8.963090e-05	4.863670e-05	1.258774e-05	-8.087525e-06	5.760466e-06	-8.634613e-05
8.016330e+03	-1.945684e-05	9.444505e-05	3.082872e-05	1.968501e-05	5.360063e-06	2.973271e-06
8.028720e+03	-9.346163e-05	-2.791802e-04	-9.951295e-05	-8.581041e-05	-1.153705e-04	1.797709e-04
8.041110e+03	-4.612534e-05	2.298172e-05	-1.047164e-05	1.099281e-04	1.101441e-05	-6.457011e-05
8.053500e+03	-1.019297e-04	-2.663543e-05	1.537330e-05	9.265432e-05	2.499226e-06	9.079661e-06
8.065890e+03	-5.444595e-05	-1.051730e-04	1.459097e-05	5.911157e-05	1.068280e-05	-2.719185e-06
8.078280e+03	-2.800987e-05	-9.783158e-05	1.419911e-05	1.137906e-05	3.002116e-06	1.442702e-05
8.090670e+03	2.346294e-05	-9.944434e-05	1.035911e-05	-2.935089e-05	1.489534e-05	2.729131e-06
8.103060e+03	2.454098e-05	-6.915728e-05	1.855863e-05	-3.895283e-05	1.643808e-05	1.443498e-05
8.115450e+03	2.953442e-05	-1.470799e-05	5.250050e-06	-4.157131e-05	1.733993e-05	1.227982e-05
8.127840e+03	-1.952845e-05	-2.508041e-05	1.564812e-05	1.080588e-05	-2.296447e-06	8.631497e-06
8.140230e+03	-5.952345e-05	-4.443426e-05	1.839203e-05	4.407429e-05	5.188151e-06	1.446693e-05
8.152620e+03	-2.313153e-05	-9.925446e-05	1.776537e-05	2.253990e-05	4.933981e-07	1.337815e-06
8.165010e+03	1.804551e-05	-1.309086e-04	1.301119e-05	-2.937280e-05	-4.664861e-06	1.227931e-05
8.177400e+03	5.800005e-05	-1.086314e-04	2.889649e-05	-5.866476e-05	7.725163e-06	5.669193e-07
8.189790e+03	8.432666e-05	-6.984187e-05	2.418470e-05	-9.603075e-05	9.831619e-06	1.137643e-05
8.202180e+03	9.376284e-05	-3.356319e-05	1.992574e-05	-1.016065e-04	6.431731e-06	7.605247e-06
8.214570e+03	6.480102e-05	-1.197855e-05	3.141005e-06	-7.234229e-05	1.564288e-05	7.411065e-06
8.226960e+03	3.171914e-05	-1.954207e-05	1.648836e-05	-3.578268e-05	7.354942e-06	5.971635e-06
8.239350e+03	-2.209155e-03	-8.223492e-04	-3.920982e-05	9.826641e-04	-1.455188e-05	1.226468e-03
8.251740e+03	2.449192e-04	-9.867612e-05	2.429988e-05	-1.739504e-04	-1.600854e-05	-7.126865e-05
8.264130e+03	7.507673e-05	-8.416850e-06	1.692194e-05	-7.553902e-05	5.233810e-06	-1.442199e-06
8.276520e+03	1.057431e-04	-1.284886e-05	1.134147e-05	-7.867543e-05	2.964897e-06	-2.679554e-05
8.288910e+03	1.007707e-04	-3.333685e-06	4.540568e-06	-5.633040e-05	4.621060e-05	-4.427350e-05
8.301300e+03	9.137073e-05	1.767201e-05	5.849490e-05	-3.524888e-05	-1.192934e-05	-5.475072e-05
8.313690e+03	6.968614e-05	2.879884e-06	6.763858e-05	-6.187278e-05	1.563510e-05	-7.792910e-06
8.326080e+03	9.140372e-05	1.210054e-05	-3.371377e-06	-1.085329e-04	3.900396e-06	1.733519e-05
8.338470e+03	8.468437e-05	2.110936e-05	1.159390e-05	-9.852504e-05	2.054855e-06	1.378462e-05
8.350860e+03	8.095258e-05	8.426264e-05	1.919739e-05	-9.982368e-05	1.112016e-06	1.853966e-05
8.363250e+03	1.379258e-06	9.616925e-05	1.851092e-05	-6.988619e-06	4.952858e-06	4.698528e-06
8.375640e+03	-4.445523e-05	5.811353e-05	1.409451e-05	4.785506e-05	2.232710e-05	-3.650641e-06
8.388030e+03	-5.552611e-05	-3.065179e-05	1.270658e-05	4.969460e-05	1.131828e-05	6.053998e-06
8.400420e+03	5.986442e-06	-8.049421e-05	3.947880e-06	-1.887979e-05	3.167969e-06	1.283865e-05
8.412810e+03	1.120543e-04	-6.384449e-05	1.031668e-05	-1.202427e-04	-2.079094e-06	8.533121e-06
8.425200e+03	1.501568e-04	-9.645232e-06	-4.724260e-05	-1.280619e-04	-3.042818e-06	-2.221059e-05
8.437590e+03	1.517197e-04	1.112415e-04	1.845911e-05	-1.567547e-04	1.911654e-06	8.772476e-06
8.449980e+03	3.145278e-05	1.898902e-04	2.126634e-05	-4.214819e-05	-3.725214e-06	1.180113e-05
8.462370e+03	-9.774587e-05	1.345257e-04	2.729756e-05	9.777872e-05	9.579410e-06	-6.389355e-08
8.474760e+03	-1.539647e-04	3.093493e-05	1.175192e-05	1.581861e-04	5.706414e-06	-4.923286e-06
8.487150e+03	-1.324332e-04	-1.394123e-04	7.712422e-05	1.793683e-04	1.926643e-05	-5.205500e-05
8.499540e+03	5.567321e-05	-2.050777e-04	-6.413714e-05	-2.024424e-06	-7.113554e-05	-3.962786e-05
8.511930e+03	1.150959e-04	-1.100430e-04	5.520744e-05	-2.038880e-04	3.597552e-05	7.918260e-05
8.524320e+03	2.308428e-04	-2.483878e-05	-1.790162e-05	-2.287519e-04	-5.335682e-05	-1.429315e-06
8.536710e+03	1.178669e-04	1.771062e-04	2.521018e-05	-1.365793e-04	1.446497e-06	1.885480e-05
8.549100e+03	-2.077719e-06	1.979043e-04	2.443652e-05	6.629803e-06	2.327087e-06	-4.475901e-06
8.561490e+03	2.548920e-04	2.026916e-04	-3.854621e-04	6.651064e-04	3.001027e-04	-9.046841e-04
8.573880e+03	-1.961244e-04	-6.176107e-05	2.592553e-05	1.649769e-04	-3.966593e-06	3.387371e-05
8.586270e+03	-8.235850e-05	-1.833817e-04	6.472631e-06	1.102394e-04	2.742822e-05	-1.719449e-05
8.598660e+03	7.429255e-05	-2.011043e-04	1.674006e-05	-1.021033e-04	1.163131e-05	2.751783e-05
8.611050e+03	1.942709e-04	-7.482157e-05	1.431402e-05	-2.249210e-04	8.302917e-06	3.037022e-05
8.623440e+03	2.029063e-04	7.695883e-05	7.642496e-06	-2.258046e-04	1.060136e-05	2.263877e-05
8.635830e+03	6.215270e-05	1.652152e-04	1.524445e-07	-1.020116e-04	-2.127363e-06	3.687920e-05
8.648220e+03	-5.318160e-05	1.944007e-04	-1.527236e-06	1.040358e-04	-2.323318e-05	-4.043458e-05
8.660610e+03	-1.758247e-04	3.430206e-05	1.628233e-05	1.823286e-04	3.943634e-06	-9.847363e-06
8.673000e+03	-1.376617e-04	-1.167088e-04	2.294213e-05	1.365286e-04	5.849681e-06	3.848055e-06
8.685390e+03	-4.387643e-05	-1.371709e-04	4.700542e-05	1.008371e-04	2.854685e-05	-5.651964e-05
8.697780e+03	1.478539e-04	-1.545634e-04	2.558343e-05	-1.698265e-04	4.851293e-06	2.250381e-05
8.710170e+03	2.149522e-04	-4.607914e-05	2.919288e-05	-2.560011e-04	1.776036e-05	4.144570e-05
8.722560e+03	1.625847e-04	1.476263e-04	1.747797e-05	-1.793897e-04	1.597899e-05	1.744355e-05
8.734950e+03	2.333848e-05	2.151546e-04	1.159880e-05	-3.058981e-05	-1.349300e-06	7.560142e-06
8.747340e+03	-1.388516e-04	1.690298e-04	1.172591e-05	1.234968e-04	9.444070e-06	1.622474e-05
8.759730e+03	-1.820187e-04	1.519769e-05	1.825474e-05	1.775075e-04	2.820711e-07	1.639756e-06
8.772120e+03	-1.110103e-04	-5.163752e-05	-7.074993e-05	1.603863e-04	9.804926e-05	-4.457868e-05
8.784510e+03	8.104401e-06	-1.690735e-04	3.489075e-05	2.267885e-05	-1.429397e-05	-2.465954e-05
8.796900e+03	9.199626e-05	-1.377250e-04	2.020000e-05	-1.224105e-04	1.274046e-05	3.061543e-05
8.809290e+03	1.510375e-04	-1.543586e-05	1.730005e-05	-1.850888e-04	1.270235e-05	3.429615e-05
8.821680e+03	9.258129e-05	8.366421e-05	2.048704e-05	-1.271130e-04	8.502723e-06	3.433084e-05
8.834070e+03	6.133792e-06	1.102805e-04	1.129186e-05	-1.489739e-05	1.618772e-05	9.061175e-06
8.846460e+03	-1.502053e-04	1.091813e-04	-8.750821e-06	9.706127e-05	2.394516e-05	5.301918e-05
8.858850e+03	-8.055232e-05	-3.810902e-05	1.048973e-05	7.624321e-05	1.585493e-05	4.375476e-06
8.871240e+03	-3.083334e-05	-1.078516e-04	1.622806e-05	2.722702e-05	2.196585e-05	3.289204e-06
8.883630e+03	4.597749e-05	-9.365265e-05	1.842204e-05	-5.994795e-05	8.918960e-06	1.439953e-05
8.896020e+03	1.517089e-04	-6.755868e-05	1.866437e-06	-9.767464e-05	3.085133e-05	-5.359845e-05
8.908410e+03	1.207516e-04	1.779225e-05	1.822537e-05	-1.585895e-04	1.248036e-05	3.739167e-05
8.920800e+03	9.623851e-05	6.758386e-05	2.070224e-05	-1.140727e-04	2.602046e-05	1.693854e-05
8.933190e+03	6.985660e-05	7.328092e-05	1.885124e-06	1.794255e-05	-1.838047e-05	-8.391800e-05
8.945580e+03	3.094050e-06	7.526329e-05	1.418717e-05	-4.295047e-06	3.256187e-05	-1.031569e-06
8.957970e+03	-5.762264e-05	3.151320e-05	1.473499e-05	5.286268e-05	7.867048e-06	4.920534e-06
8.970360e+03	9.111308e-06	-4.192853e-05	3.365472e-05	9.252904e-05	-7.643156e-06	-1.014891e-04
8.982750e+03	-1.606560e-06	-4.929114e-05	2.587921e-05	-2.159062e-05	2.708193e-06	2.501526e-05
8.995140e+03	2.482218e-05	-4.448159e-05	1.234175e-05	-4.714897e-05	2.323134e-05	2.266772e-05
9.007530e+03	4.191954e-05	-3.245525e-05	2.203105e-05	-6.498448e-05	1.145265e-05	2.075489e-05
9.019920e+03	8.820371e-05	-1.632228e-05	5.699291e-05	-4.189452e-05	4.958060e-05	-4.666380e-05
9.032310e+03	6.689789e-05	2.946622e-05	2.489741e-06	-8.330718e-05	1.647603e-05	1.546876e-05
9.044700e+03	2.952031e-05	5.099419e-05	2.869233e-06	-4.047254e-05	8.207656e-06	1.054275e-05
9.057090e+03	1.977840e-04	-5.081052e-05	-8.505429e-06	-2.855251e-04	9.425744e-05	8.808924e-05
9.069480e+03	-1.170071e-05	1.150442e-05	9.253827e-06	9.689916e-06	1.616250e-06	3.936320e-06
9.081870e+03	-7.396470e-06	-1.332586e-05	1.029364e-05	1.544049e-06	2.059963e-06	5.010171e-06
9.094260e+03	3.761010e-05	-4.087521e-05	8.228292e-06	-3.805564e-05	9.603320e-06	-1.052649e-06
9.106650e+03	3.823462e-05	-2.646504e-05	1.245149e-05	-4.362175e-05	6.077923e-06	5.320858e-06
9.119040e+03	4.769842e-05	1.672230e-05	1.897663e-05	-5.878715e-05	1.591793e-05	1.099964e-05
9.131430e+03	3.939431e-05	1.444500e-05	1.891754e-05	-4.950409e-05	2.074489e-05	1.123061e-05
9.143820e+03	2.327406e-05	3.905112e-05	8.877826e-07	-4.490690e-05	1.426681e-05	2.123068e-05
9.156210e+03	-1.573118e-05	1.780228e-05	8.247140e-06	1.403365e-05	9.318391e-06	1.730550e-06
9.168600e+03	-1.684421e-05	1.141169e-05	6.943139e-06	1.275609e-05	2.277613e-06	2.783526e-06
9.180990e+03	-1.246272e-05	-3.165068e-05	1.066629e-05	8.728142e-06	4.546379e-06	4.446372e-06
