1.300950e+03	-1.895977e-01	6.076091e-02	-8.614651e-04	1.766311e-01	1.748391e-03	5.081156e-03
1.313340e+03	-1.460801e-01	7.245290e-02	4.710779e-06	1.450231e-01	-7.424988e-06	9.910596e-04
1.325730e+03	-1.582716e-01	2.696329e-02	1.457935e-05	1.582838e-01	1.670581e-05	1.325528e-04
1.338120e+03	-1.584501e-01	-2.039054e-02	3.540646e-05	1.584501e-01	-1.878788e-05	-1.960257e-04
1.350510e+03	-1.457240e-01	-6.564143e-02	-6.106340e-05	1.453962e-01	7.167412e-06	1.249192e-04
1.362900e+03	-1.196124e-01	-1.040854e-01	-7.028321e-05	1.196931e-01	-3.951844e-05	1.511259e-04
1.375290e+03	-8.476738e-02	-1.343985e-01	4.921254e-06	8.405399e-02	-4.845560e-06	7.232809e-04
1.387680e+03	-4.229854e-02	-1.540329e-01	4.487177e-05	4.140171e-02	2.644102e-06	9.286359e-04
1.400070e+03	4.457310e-03	-1.584924e-01	-3.137329e-05	-5.531962e-03	-5.289733e-05	1.060000e-03
1.412460e+03	5.030473e-02	-1.500887e-01	-5.554537e-05	-5.126581e-02	-1.375576e-04	9.665207e-04
1.424850e+03	9.106227e-02	-1.283505e-01	-9.067179e-06	-9.177224e-02	-8.266278e-05	6.379197e-04
1.437240e+03	1.237259e-01	-9.681397e-02	4.237400e-05	-1.247259e-01	-8.402249e-05	6.666964e-04
1.449630e+03	1.489124e-01	-5.643823e-02	7.729829e-05	-1.499050e-01	-6.894883e-06	1.617299e-03
1.462020e+03	1.588422e-01	-9.370612e-03	1.090242e-04	-1.599063e-01	2.038855e-05	1.766078e-03
1.474410e+03	1.548295e-01	3.878289e-02	8.025583e-05	-1.557906e-01	4.431507e-05	1.550835e-03
1.486800e+03	1.349028e-01	8.322582e-02	6.381322e-05	-1.365693e-01	8.152288e-06	1.214930e-03
1.499190e+03	1.052019e-01	1.203694e-01	1.741901e-05	-1.061760e-01	9.924278e-05	1.267809e-03
1.511580e+03	6.405109e-02	1.454569e-01	3.429978e-05	-6.506429e-02	1.077699e-04	1.016023e-03
1.523970e+03	1.730555e-02	1.588881e-01	-1.046519e-04	-1.850060e-02	1.705454e-04	1.156453e-03
1.536360e+03	-3.265662e-02	1.589326e-01	-4.851123e-05	3.110501e-02	3.497423e-05	1.571674e-03
1.548750e+03	-8.044611e-02	1.426596e-01	-4.565701e-05	7.871883e-02	3.402457e-05	1.703711e-03
1.561140e+03	-1.206420e-01	1.099570e-01	-8.762606e-05	1.196767e-01	1.215155e-05	1.174466e-03
1.573530e+03	-1.512125e-01	6.681776e-02	-9.012373e-05	1.502125e-01	-2.061805e-05	1.166681e-03
1.585920e+03	-1.653592e-01	1.574008e-02	1.538465e-05	1.643592e-01	-6.317538e-05	8.971776e-04
1.598310e+03	-1.632426e-01	-3.865836e-02	-1.379235e-04	1.622426e-01	-4.090348e-05	1.070760e-03
1.610700e+03	-1.422468e-01	-9.107831e-02	-1.174340e-05	1.412468e-01	-1.093406e-04	9.705174e-04
1.623090e+03	-1.050608e-01	-1.347236e-01	-8.642731e-06	1.041175e-01	-5.617059e-05	1.001093e-03
1.635480e+03	-5.346254e-02	-1.628386e-01	4.009720e-05	5.274210e-02	-7.383505e-05	6.779029e-04
1.647870e+03	5.593446e-03	-1.717591e-01	8.986010e-05	-5.831459e-03	-2.632145e-05	2.391704e-04
1.660260e+03	6.563966e-02	-1.614037e-01	1.209950e-04	-6.583485e-02	-1.699514e-05	1.809916e-04
1.672650e+03	1.202333e-01	-1.288004e-01	1.299914e-04	-1.202382e-01	5.161767e-07	2.304756e-04
1.685040e+03	1.607269e-01	-7.777013e-02	1.218917e-04	-1.618092e-01	1.110382e-04	3.825396e-04
1.697430e+03	1.803907e-01	-1.230314e-02	8.126776e-05	-1.812278e-01	5.710783e-05	1.056368e-04
1.709820e+03	1.741747e-01	5.815285e-02	6.767598e-05	-1.740276e-01	1.599598e-04	1.965239e-04
1.722210e+03	1.392610e-01	1.222586e-01	-3.151346e-05	-1.392763e-01	2.844490e-04	5.156209e-05
1.734600e+03	8.019321e-02	1.691375e-01	-8.449767e-05	-7.976113e-02	1.497419e-04	-4.419176e-04
1.746990e+03	5.933206e-03	1.889734e-01	-2.570801e-04	-5.521623e-03	2.023337e-04	-4.002137e-04
1.759380e+03	-7.314951e-02	1.766018e-01	-2.808365e-04	7.354208e-02	4.439373e-05	-3.682497e-04
1.771770e+03	-1.437017e-01	1.314846e-01	-2.331834e-04	1.437000e-01	-1.276992e-04	-1.064104e-04
1.784160e+03	-1.889559e-01	5.639277e-02	-6.447737e-05	1.899554e-01	-2.329951e-04	-4.241134e-05
1.796550e+03	-1.965914e-01	-3.580948e-02	1.472808e-04	1.965914e-01	-2.490913e-04	-1.615198e-05
1.808940e+03	-1.604121e-01	-1.231768e-01	-8.265993e-07	1.604121e-01	-2.270321e-04	1.030811e-05
1.821330e+03	-8.401164e-02	-1.865735e-01	1.823786e-04	8.397695e-02	-1.634283e-04	8.366218e-05
1.833720e+03	1.630377e-02	-2.053676e-01	2.142615e-04	-1.657454e-02	-9.661642e-05	2.373724e-04
1.846110e+03	1.189156e-01	-1.721937e-01	2.961863e-04	-1.188728e-01	5.976318e-05	5.500129e-04
1.858500e+03	1.926727e-01	-8.606664e-02	3.167852e-04	-1.936792e-01	2.236881e-04	1.025512e-03
1.870890e+03	2.093499e-01	3.214386e-02	1.691393e-04	-2.103499e-01	2.043289e-04	1.084402e-03
1.883280e+03	1.551148e-01	1.451630e-01	-1.166835e-04	-1.569186e-01	6.422690e-04	1.601385e-03
1.895670e+03	4.235480e-02	2.072102e-01	-4.105957e-04	-4.437440e-02	3.414306e-04	1.987975e-03
1.908060e+03	-9.362781e-02	1.867330e-01	-5.735984e-04	9.179676e-02	1.506094e-05	2.038455e-03
1.920450e+03	-1.871156e-01	7.961988e-02	-2.996751e-04	1.851156e-01	-3.516168e-04	1.389935e-03
1.932840e+03	-1.823663e-01	-6.423606e-02	-3.668956e-05	1.814491e-01	-4.793967e-04	4.734550e-04
1.945230e+03	-7.704258e-02	-1.606914e-01	2.951992e-04	7.785174e-02	-2.874486e-04	-1.094971e-03
1.957620e+03	5.967787e-02	-1.474857e-01	3.696470e-04	-5.726022e-02	1.250197e-04	-2.428806e-03
1.970010e+03	1.291837e-01	-4.018920e-02	8.238471e-05	-1.261837e-01	1.539029e-04	-3.813241e-03
1.982400e+03	8.695882e-02	6.330044e-02	-4.786633e-05	-8.215158e-02	3.233089e-04	-4.784874e-03
1.994790e+03	-3.952211e-03	7.509902e-02	-1.748972e-04	8.586690e-03	9.543042e-05	-4.650048e-03
2.007180e+03	-3.756828e-02	1.463032e-02	-9.960661e-05	4.205553e-02	-3.358622e-05	-4.494809e-03
2.019570e+03	-5.285122e-03	-1.510000e-02	1.966737e-05	9.772550e-03	4.075605e-05	-4.499220e-03
2.031960e+03	1.259136e-02	9.180852e-03	-6.966218e-06	-6.944135e-03	1.448432e-05	-5.644450e-03
2.044350e+03	-1.971118e-02	7.734726e-03	-1.773240e-04	2.089529e-02	-6.519275e-04	-1.176062e-03
2.056740e+03	-2.074391e-02	-2.020078e-02	4.416342e-05	2.353795e-02	-1.113462e-04	-2.770821e-03
2.069130e+03	2.686019e-02	-3.988910e-02	-8.037167e-04	-1.926588e-02	3.843429e-04	-7.507869e-03
2.081520e+03	6.375069e-02	2.896735e-02	1.892073e-04	-4.957983e-02	-1.191907e-03	-1.401793e-02
2.093910e+03	-5.958237e-02	3.827086e-02	2.507851e-03	7.372200e-02	1.872463e-03	-1.358947e-02
2.106300e+03	-6.934757e-02	-3.615013e-03	-1.311265e-03	7.628905e-02	2.318366e-03	-4.775407e-03
2.118690e+03	-1.434054e-02	-3.028719e-02	2.030173e-03	3.478887e-03	5.929888e-05	9.301098e-03
2.131080e+03	3.795998e-02	-1.657601e-02	1.029161e-03	-4.549047e-02	5.337909e-04	7.411684e-03
2.143470e+03	3.691513e-02	6.680598e-02	-5.022470e-04	-3.534585e-02	1.031892e-04	-1.610079e-03
2.155860e+03	-5.003799e-02	6.365795e-02	2.668654e-04	5.221653e-02	-7.599049e-04	-2.194161e-03
2.168250e+03	-7.827284e-02	-1.253718e-02	7.674800e-04	8.196008e-02	-3.403811e-04	-3.662865e-03
2.180640e+03	-3.235364e-02	-7.525018e-02	2.734512e-04	3.383098e-02	3.333966e-04	-1.429356e-03
2.193030e+03	4.296727e-02	-7.011679e-02	-9.061603e-05	-4.528927e-02	7.431027e-04	2.327212e-03
2.205420e+03	8.015441e-02	-9.435971e-04	-6.419607e-04	-8.723091e-02	4.434970e-04	6.831602e-03
2.217810e+03	4.887509e-02	6.454123e-02	-7.230236e-04	-5.801028e-02	-1.104469e-05	9.140597e-03
2.230200e+03	-2.569833e-02	7.969454e-02	-2.521376e-04	1.670258e-02	-6.345102e-04	9.068544e-03
2.242590e+03	-7.921705e-02	2.826628e-02	2.861247e-04	7.311508e-02	-5.117628e-04	6.239303e-03
2.254980e+03	-6.380559e-02	-4.539466e-02	6.103754e-04	6.203319e-02	-1.352925e-04	1.828228e-03
2.267370e+03	8.181259e-03	-7.069814e-02	5.477174e-04	-5.649802e-03	5.060857e-04	-2.565137e-03
2.279760e+03	5.961904e-02	-2.141210e-02	-9.782883e-05	-5.443006e-02	6.527610e-04	-5.148325e-03
2.292150e+03	3.366445e-02	3.802314e-02	-6.206458e-04	-2.844042e-02	1.310416e-04	-5.214169e-03
2.304540e+03	-2.007040e-02	2.907497e-02	-2.846931e-05	2.324130e-02	-7.728958e-06	-3.207581e-03
2.316930e+03	-2.602624e-02	-1.880238e-02	9.751382e-05	2.992448e-02	-1.118591e-04	-3.892615e-03
2.329320e+03	2.516496e-02	-3.180894e-02	3.828888e-05	-2.004446e-02	-1.722878e-04	-5.066415e-03
2.341710e+03	5.128121e-02	2.659072e-02	-4.575976e-04	-4.095866e-02	8.321131e-04	-1.056422e-02
2.354100e+03	-1.434672e-02	6.213240e-02	-2.575281e-04	2.667825e-02	-7.236276e-04	-1.207083e-02
2.366490e+03	-6.307280e-02	-2.146507e-02	1.462677e-04	7.505579e-02	-1.736516e-04	-1.166557e-02
2.378880e+03	2.325856e-02	-6.157632e-02	-1.527593e-04	-1.849478e-02	2.067600e-03	-4.762863e-03
2.391270e+03	3.653114e-02	8.813723e-03	-1.667724e-03	-4.261881e-02	-7.080591e-06	5.453373e-03
2.403660e+03	3.365945e-02	6.897484e-02	1.529680e-04	-2.290461e-02	-6.039833e-04	-1.048610e-02
2.416050e+03	-5.772340e-02	4.523521e-02	5.881180e-04	6.118834e-02	-3.828929e-04	-3.425043e-03
2.428440e+03	-7.825613e-02	-3.517527e-02	5.608211e-04	8.273083e-02	3.040835e-04	-4.524264e-03
2.440830e+03	-7.784116e-03	-9.260976e-02	4.988432e-04	7.173628e-03	3.727154e-04	5.772530e-04
2.453220e+03	7.975979e-02	-6.072727e-02	-4.299740e-04	-8.181755e-02	3.193939e-04	2.071439e-03
2.465610e+03	9.742717e-02	3.453155e-02	-4.558876e-04	-1.021407e-01	-1.870156e-04	4.505483e-03
2.478000e+03	2.939652e-02	1.028094e-01	-2.747032e-04	-3.418408e-02	-8.134212e-04	4.792096e-03
2.490390e+03	-6.827244e-02	8.657775e-02	1.578446e-04	6.366117e-02	-6.681365e-04	4.558479e-03
2.502780e+03	-1.090000e-01	-3.624524e-03	6.631530e-04	1.059142e-01	-2.881378e-04	4.058772e-03
2.515170e+03	-5.778241e-02	-8.935592e-02	6.834268e-04	5.523899e-02	3.070724e-04	2.483528e-03
2.527560e+03	4.207559e-02	-9.201236e-02	1.634124e-04	-4.231793e-02	6.661061e-04	2.736792e-04
2.539950e+03	9.525657e-02	-8.595797e-03	-4.089898e-04	-9.368960e-02	4.912982e-04	-1.651782e-03
2.552340e+03	4.796436e-02	7.398259e-02	-5.122390e-04	-4.510579e-02	3.647826e-05	-2.880775e-03
2.564730e+03	-4.105715e-02	6.320089e-02	-2.793831e-04	4.333770e-02	-6.302423e-04	-2.270769e-03
2.577120e+03	-6.586402e-02	-1.819268e-02	2.793431e-04	7.002995e-02	-4.733247e-04	-4.079216e-03
2.589510e+03	-1.026897e-03	-6.369978e-02	5.599543e-04	5.453076e-03	3.471810e-04	-4.369923e-03
2.601900e+03	5.486522e-02	-1.096176e-02	-1.433384e-04	-5.406584e-02	7.779488e-04	-1.089135e-03
2.614290e+03	2.944718e-02	4.413514e-02	-7.486476e-04	-2.557430e-02	-1.015177e-03	-3.832234e-03
2.626680e+03	-3.600283e-02	2.831394e-02	6.836285e-04	3.326479e-02	6.614053e-05	2.749306e-03
2.639070e+03	-4.259058e-02	-3.043330e-02	1.316587e-03	4.565843e-02	1.146677e-04	-3.084057e-03
2.651460e+03	1.551086e-02	-5.168853e-02	-8.491344e-05	-1.203508e-02	2.668523e-04	-3.529048e-03
2.663850e+03	5.274215e-02	1.844446e-04	-3.215279e-04	-5.239847e-02	7.101618e-04	-2.894530e-04
2.676240e+03	2.595215e-02	5.002614e-02	-5.021719e-04	-2.258742e-02	3.539082e-05	-3.285827e-03
2.688630e+03	-3.855802e-02	4.276307e-02	3.325928e-04	4.069338e-02	-6.381778e-04	-2.226405e-03
2.701020e+03	-5.664693e-02	-1.790282e-02	3.328801e-04	5.593374e-02	-5.099955e-04	6.231955e-04
2.713410e+03	-1.092774e-02	-5.999525e-02	2.001348e-04	8.601765e-03	1.258953e-04	2.293075e-03
2.725800e+03	4.732863e-02	-3.794389e-02	9.123435e-05	-5.000822e-02	2.791493e-04	2.693272e-03
2.738190e+03	5.458126e-02	2.435435e-02	-1.844576e-04	-5.657197e-02	3.049930e-04	1.948454e-03
2.750580e+03	2.718972e-03	5.979836e-02	-1.723670e-04	-3.843050e-03	-1.003184e-04	1.124147e-03
2.762970e+03	-5.031893e-02	2.866229e-02	-8.272348e-05	4.962707e-02	-4.628272e-04	7.273453e-04
2.775360e+03	-4.431539e-02	-3.366401e-02	-1.248689e-04	4.392755e-02	-6.698637e-04	4.066716e-04
2.787750e+03	1.236840e-02	-5.235500e-02	-8.112952e-05	-1.096686e-02	-2.819677e-04	-1.399546e-03
2.800140e+03	5.158897e-02	-5.404317e-03	-8.988152e-05	-4.893585e-02	1.904708e-04	-2.760406e-03
2.812530e+03	2.217245e-02	4.483522e-02	-3.778196e-04	-1.994885e-02	-2.313116e-04	-2.273049e-03
2.824920e+03	-3.353778e-02	3.225144e-02	-5.022784e-04	3.488872e-02	-4.835177e-04	-1.298902e-03
2.837310e+03	-4.146509e-02	-2.288433e-02	-6.339178e-05	4.298863e-02	2.057016e-04	-1.477732e-03
2.849700e+03	9.725234e-03	-4.587740e-02	1.505425e-05	-7.721254e-03	1.306446e-04	-2.040785e-03
2.862090e+03	4.859993e-02	-4.187789e-03	2.378481e-04	-4.679896e-02	-9.840307e-05	-1.760449e-03
2.874480e+03	2.106350e-02	4.699311e-02	7.229482e-04	-2.088327e-02	-4.031582e-04	-2.217030e-04
2.886870e+03	-3.693481e-02	3.680076e-02	1.463973e-03	3.829492e-02	-8.024167e-04	-1.406793e-03
2.899260e+03	-4.745283e-02	-2.243100e-02	4.898148e-04	4.982245e-02	-1.787067e-04	-2.314192e-03
2.911650e+03	5.129542e-04	-5.767913e-02	9.663481e-05	1.117239e-03	-1.333573e-04	-1.614192e-03
2.924040e+03	5.306592e-02	-2.696332e-02	1.559782e-04	-5.305624e-02	-3.650401e-04	-3.555452e-06
2.936430e+03	4.979158e-02	3.640741e-02	-2.065926e-04	-5.032177e-02	-5.182651e-04	5.203630e-04
2.948820e+03	-8.739680e-03	6.199907e-02	-7.905244e-05	7.869906e-03	-3.588954e-04	8.686491e-04
2.961210e+03	-6.084047e-02	2.282685e-02	7.324295e-05	5.936786e-02	-2.477932e-04	1.501580e-03
2.973600e+03	-4.894887e-02	-4.216918e-02	1.372718e-04	4.776170e-02	8.373384e-05	1.210014e-03
2.985990e+03	1.323763e-02	-6.247282e-02	-3.419382e-05	-1.357124e-02	4.514222e-05	4.081222e-04
2.998380e+03	5.924081e-02	-1.532905e-02	-2.207959e-04	-5.920405e-02	1.272544e-04	-2.266761e-07
3.010770e+03	3.956433e-02	4.553568e-02	-1.629522e-04	-3.912037e-02	-9.128866e-05	-3.843338e-04
3.023160e+03	-2.410545e-02	5.228588e-02	-1.804775e-05	2.546537e-02	-3.664126e-04	-1.371540e-03
3.035550e+03	-5.537633e-02	-3.320522e-03	5.561522e-04	5.705982e-02	-4.611875e-04	-1.696171e-03
3.047940e+03	-1.756682e-02	-5.119995e-02	4.786631e-04	1.965608e-02	-6.293438e-04	-2.082795e-03
3.060330e+03	4.089289e-02	-3.450300e-02	-3.496531e-05	-3.942793e-02	7.802436e-04	-1.540355e-03
3.072720e+03	4.629719e-02	2.585450e-02	-3.641314e-05	-4.429815e-02	-5.350668e-04	-1.893593e-03
3.085110e+03	-5.369084e-03	5.043188e-02	-1.435768e-05	7.172696e-03	-9.223278e-04	-1.844515e-03
3.097500e+03	-4.993887e-02	1.177620e-02	-3.410362e-04	5.137527e-02	-5.097610e-04	-1.396671e-03
3.109890e+03	-3.215764e-02	-4.125703e-02	-7.459290e-04	3.405518e-02	-1.419864e-03	-1.859927e-03
3.122280e+03	2.600753e-02	-4.299403e-02	1.801327e-04	-2.530793e-02	1.185320e-03	-6.997103e-04
3.134670e+03	5.178532e-02	3.459218e-03	-1.083125e-04	-5.079034e-02	6.804861e-04	-9.724212e-04
3.147060e+03	1.719763e-02	4.847554e-02	-5.255928e-06	-1.619192e-02	9.048112e-05	-9.924201e-04
3.159450e+03	-3.666947e-02	3.623880e-02	1.030913e-04	3.666933e-02	-8.635622e-05	-9.462488e-05
3.171840e+03	-4.843290e-02	-1.504752e-02	-7.536411e-05	4.863414e-02	-2.704251e-05	-1.306628e-04
3.184230e+03	-7.954772e-03	-4.939064e-02	1.407495e-04	7.543833e-03	3.397549e-04	4.140320e-04
3.196620e+03	4.025706e-02	-2.778360e-02	-4.066538e-04	-4.093082e-02	3.793392e-04	6.372008e-04
3.209010e+03	4.204214e-02	2.390824e-02	1.843547e-04	-4.155104e-02	1.956978e-04	-4.531809e-04
3.221400e+03	-3.404311e-03	4.533365e-02	1.555418e-04	2.897802e-03	-2.738394e-04	4.807306e-04
3.233790e+03	-3.898230e-02	1.431503e-02	-8.480998e-05	4.015087e-02	-2.084832e-04	-1.089200e-03
3.246180e+03	-2.739370e-02	-3.257479e-02	-4.060682e-05	2.774242e-02	8.010426e-05	-4.032912e-04
3.258570e+03	1.672987e-02	-3.735191e-02	-8.435031e-05	-1.591735e-02	4.661630e-04	-7.474381e-04
3.270960e+03	4.119744e-02	4.097326e-03	-3.210000e-04	-3.978557e-02	1.026225e-04	-1.387031e-03
3.283350e+03	9.622949e-03	3.745857e-02	-2.734077e-04	-9.094127e-03	-1.784213e-04	-6.097630e-04
3.295740e+03	-2.850955e-02	2.188329e-02	-2.272206e-04	3.044768e-02	-1.850778e-04	-1.841606e-03
3.308130e+03	-3.155681e-02	-2.093666e-02	-6.879068e-04	3.248900e-02	-2.988246e-04	-1.001432e-03
3.320520e+03	8.240167e-03	-3.662527e-02	4.108323e-04	-7.405106e-03	-1.542026e-05	-8.669931e-04
3.332910e+03	3.627124e-02	-6.146299e-03	-2.782124e-04	-3.530579e-02	-1.719139e-04	-9.300439e-04
3.345300e+03	1.925652e-02	3.049812e-02	-6.455846e-04	-1.892250e-02	-2.071181e-04	-3.383046e-04
3.357690e+03	-2.087573e-02	2.995186e-02	-5.517046e-04	2.107477e-02	1.349307e-04	-2.090666e-04
3.370080e+03	-3.554090e-02	-7.656338e-03	-4.323307e-04	3.569936e-02	5.737729e-05	-1.681658e-04
3.382470e+03	-7.985627e-03	-3.528658e-02	-2.462021e-04	7.665259e-03	2.055381e-04	3.247504e-04
3.394860e+03	2.809158e-02	-2.105418e-02	-3.346930e-04	-2.902551e-02	2.605315e-04	8.452569e-04
3.407250e+03	3.017142e-02	1.737590e-02	-1.071182e-04	-3.025270e-02	1.005796e-04	2.405490e-04
3.419640e+03	-3.627245e-03	3.439865e-02	-4.305292e-04	3.402149e-03	9.284707e-06	1.861312e-04
3.432030e+03	-3.123647e-02	1.059735e-02	1.668347e-04	3.162623e-02	-2.377270e-04	-3.737150e-04
3.444420e+03	-2.181133e-02	-2.415285e-02	2.366827e-05	2.192584e-02	3.609024e-04	-1.083904e-04
3.456810e+03	1.394921e-02	-2.723700e-02	2.871926e-04	-1.413791e-02	2.396217e-04	1.983508e-04
3.469200e+03	3.099274e-02	1.317278e-03	1.042249e-04	-3.008420e-02	-1.064882e-04	-8.958982e-04
3.481590e+03	8.470826e-03	2.790816e-02	-8.520693e-05	-7.375332e-03	-1.554260e-04	-1.100746e-03
3.493980e+03	-2.377431e-02	1.434259e-02	2.806427e-04	2.445738e-02	8.559714e-05	-6.596045e-04
3.506370e+03	-2.622266e-02	-1.364478e-02	-7.766843e-05	2.676328e-02	-3.299759e-04	-5.077362e-04
3.518760e+03	6.021823e-03	-2.867448e-02	2.807644e-04	-5.143485e-03	-4.090945e-04	-8.591537e-04
3.531150e+03	2.750533e-02	-4.101778e-03	-1.634130e-04	-2.665078e-02	-1.702918e-04	-8.708690e-04
3.543540e+03	1.551670e-02	2.468873e-02	9.983697e-05	-1.478549e-02	-1.404828e-04	-8.020588e-04
3.555930e+03	-1.693546e-02	2.226732e-02	1.267888e-04	1.836133e-02	-6.031299e-04	-1.427168e-03
3.568320e+03	-2.733202e-02	-7.482644e-03	-2.469244e-04	2.814152e-02	-3.243855e-04	-7.503369e-04
3.580710e+03	-2.543897e-03	-2.723258e-02	2.112174e-04	2.983514e-03	3.467398e-04	-4.453901e-04
3.593100e+03	2.345323e-02	-1.464304e-02	-2.266128e-04	-2.320803e-02	2.746078e-04	-2.832723e-04
3.605490e+03	2.232590e-02	1.672481e-02	-1.093124e-05	-2.236782e-02	3.568216e-04	1.392820e-04
3.617880e+03	-5.615362e-03	2.714294e-02	1.556668e-04	6.092976e-03	2.977886e-05	-4.858395e-04
3.630270e+03	-2.591544e-02	5.303556e-03	7.797498e-06	2.563199e-02	-4.350602e-04	2.645256e-04
3.642660e+03	-1.675059e-02	-2.304801e-02	7.851738e-05	1.713555e-02	-2.222941e-04	-2.499009e-04
3.655050e+03	1.376968e-02	-2.128539e-02	1.809726e-04	-1.356481e-02	2.483456e-04	-2.075240e-04
3.667440e+03	2.431969e-02	4.938664e-03	1.875219e-04	-2.389755e-02	5.515898e-04	-4.288418e-04
3.679830e+03	5.054159e-03	2.401974e-02	4.047092e-04	-4.268152e-03	5.385651e-04	-7.905730e-04
3.692220e+03	-1.872103e-02	1.288129e-02	4.203084e-04	1.926439e-02	2.297388e-04	-5.625256e-04
3.704610e+03	-1.799090e-02	-1.257301e-02	6.598024e-04	1.919443e-02	5.901154e-04	-1.184644e-03
3.717000e+03	6.756753e-03	-2.241639e-02	1.610529e-04	-5.890727e-03	1.258931e-04	-8.622798e-04
3.729390e+03	2.220000e-02	-3.836192e-03	-1.965232e-04	-2.186273e-02	1.497191e-04	-3.988770e-04
3.741780e+03	1.063250e-02	1.960828e-02	-2.697449e-04	-9.970267e-03	3.589902e-04	-6.728906e-04
3.754170e+03	-1.332569e-02	1.823018e-02	4.409223e-04	1.422307e-02	2.767691e-04	-8.725557e-04
3.766560e+03	-2.104210e-02	-7.592195e-03	1.363764e-04	2.094391e-02	-2.949578e-04	-4.817287e-06
3.778950e+03	-2.273468e-03	-2.254664e-02	1.080260e-04	1.396483e-03	-4.449493e-04	8.234225e-04
3.791340e+03	1.915403e-02	-1.002140e-02	-6.508827e-04	-1.901222e-02	-3.044719e-04	-1.895634e-04
3.803730e+03	1.511592e-02	1.397755e-02	-1.680502e-04	-1.509460e-02	-1.218335e-04	-4.845407e-06
3.816120e+03	-6.192047e-03	1.930293e-02	-5.094401e-04	6.384910e-03	-3.365134e-04	-2.044841e-04
3.828510e+03	-2.079996e-02	1.547062e-03	-1.406167e-05	2.099996e-02	-2.719972e-04	-1.979981e-04
3.840900e+03	-9.538695e-03	-1.768145e-02	-2.116559e-04	9.748044e-03	-4.572843e-07	-2.045876e-04
3.853290e+03	1.203033e-02	-1.435597e-02	-3.124645e-04	-1.212037e-02	7.146413e-05	3.771330e-05
3.865680e+03	1.688777e-02	5.236647e-03	-1.537183e-04	-1.725862e-02	-2.966172e-04	3.346306e-04
3.878070e+03	9.088513e-04	1.856172e-02	3.011630e-04	-7.742809e-04	-1.414043e-04	-9.884225e-05
3.890460e+03	-1.568882e-02	8.511606e-03	3.011675e-04	1.599112e-02	-4.533268e-04	-3.869133e-04
3.902850e+03	-1.124559e-02	-1.106922e-02	6.535877e-04	1.182905e-02	-1.790861e-04	-5.907068e-04
3.915240e+03	6.084629e-03	-1.708811e-02	2.107252e-04	-5.817787e-03	-3.962841e-05	-3.952089e-04
3.927630e+03	1.604765e-02	-1.632182e-04	-2.906968e-04	-1.588543e-02	2.334243e-04	-6.058065e-05
3.940020e+03	7.135760e-03	1.429792e-02	-3.396080e-04	-5.756173e-03	9.994576e-06	-1.379994e-03
3.952410e+03	-1.070559e-02	1.115876e-02	-1.440788e-04	1.138166e-02	-3.065921e-05	-6.990266e-04
3.964800e+03	-1.286633e-02	-6.302213e-03	-3.484789e-04	1.375976e-02	3.647053e-04	-8.313790e-04
3.977190e+03	9.995137e-04	-1.549789e-02	2.076976e-04	-1.202297e-04	-5.381159e-05	-8.672571e-04
3.989580e+03	1.343191e-02	-4.894512e-03	-5.197050e-04	-1.279637e-02	1.002941e-05	-5.563121e-04
4.001970e+03	9.398553e-03	1.147946e-02	-5.941680e-05	-9.002007e-03	-4.606161e-04	-3.201009e-04
4.014360e+03	-6.855127e-03	1.215965e-02	-1.574885e-04	6.988347e-03	6.635552e-05	-2.011699e-04
4.026750e+03	-1.312450e-02	-1.692888e-03	-2.306850e-05	1.302368e-02	-1.550104e-04	8.210561e-05
4.039140e+03	-3.302357e-03	-1.311667e-02	-2.410941e-04	3.498996e-03	4.087867e-04	-1.670460e-04
4.051530e+03	9.952056e-03	-8.564701e-03	7.400686e-05	-9.569485e-03	4.236161e-04	-3.919556e-04
4.063920e+03	1.096036e-02	6.792842e-03	-2.159528e-04	-1.039962e-02	2.393982e-05	-5.371411e-04
4.076310e+03	-1.032903e-03	1.220851e-02	-2.602306e-05	8.947786e-04	-4.459442e-05	1.098441e-04
4.088700e+03	-1.130882e-02	2.686475e-03	1.079357e-05	1.181481e-02	-5.849678e-05	-4.721697e-04
4.101090e+03	-6.816764e-03	-1.006026e-02	-9.898461e-05	7.376905e-03	1.655501e-04	-5.495716e-04
4.113480e+03	6.147426e-03	-9.402751e-03	-2.796929e-04	-5.933588e-03	-1.981333e-04	-1.762592e-04
4.125870e+03	1.112325e-02	4.831239e-04	-1.466205e-04	-1.029207e-02	1.693904e-04	-6.130564e-04
4.138260e+03	1.907100e-03	9.751987e-03	-1.663790e-04	-7.888922e-04	7.062015e-05	-1.050175e-03
4.150650e+03	-8.689536e-03	6.004793e-03	3.584513e-04	8.999887e-03	-4.642858e-04	-3.123702e-04
4.163040e+03	-6.918824e-03	-6.242579e-03	2.988607e-04	7.273318e-03	4.430815e-05	-3.059802e-04
4.175430e+03	3.379881e-03	-9.824093e-03	5.083291e-04	-2.655024e-03	2.807909e-04	-7.251041e-04
4.187820e+03	8.486453e-03	-1.269865e-03	2.739940e-04	-7.394520e-03	2.279649e-04	-1.081952e-03
4.200210e+03	3.319810e-03	6.791511e-03	5.316282e-04	-3.279562e-03	-1.319962e-04	-8.068046e-05
4.212600e+03	-5.531274e-03	6.757998e-03	-4.092445e-04	6.118936e-03	-7.143012e-04	-5.922632e-04
4.224990e+03	-7.145261e-03	-3.212158e-03	1.063896e-03	8.159004e-03	2.047942e-04	-1.025104e-03
4.237380e+03	6.736881e-04	-8.067498e-03	-8.182356e-04	-5.338991e-04	1.565503e-05	-1.314859e-04
4.249770e+03	7.678595e-03	-2.993697e-03	1.963704e-04	-7.943031e-03	5.225793e-04	3.955940e-04
4.262160e+03	4.560827e-03	5.125687e-03	3.145083e-04	-4.104547e-03	-1.343453e-04	-4.257617e-04
4.274550e+03	-2.761907e-03	6.246372e-03	-1.153198e-04	2.622984e-03	2.675351e-04	1.719703e-04
4.286940e+03	-6.469301e-03	-5.611426e-04	2.048647e-04	7.170991e-03	-4.313551e-04	-6.937587e-04
4.299330e+03	-1.274533e-03	-6.810690e-03	5.967845e-04	2.727318e-03	4.500869e-04	-1.246137e-03
4.311720e+03	4.878996e-03	-3.953720e-03	5.911353e-04	-4.446358e-03	-4.154044e-05	-4.318317e-04
4.324110e+03	5.426958e-03	3.984065e-03	1.698595e-04	-4.652198e-03	9.170967e-05	-7.769327e-04
4.336500e+03	-6.178692e-04	4.937346e-03	-3.013375e-04	9.707186e-04	6.846509e-05	-3.844406e-04
4.348890e+03	-5.580119e-03	4.766666e-04	-2.142726e-04	5.804424e-03	-2.348888e-04	-2.229455e-04
4.361280e+03	-2.072209e-03	-4.272818e-03	-5.370631e-05	2.905233e-03	-1.525220e-05	-8.265960e-04
4.373670e+03	3.762707e-03	-3.536402e-03	1.130084e-04	-3.249044e-03	3.776406e-04	-5.065385e-04
4.386060e+03	4.402124e-03	1.988062e-03	-1.249431e-04	-3.674595e-03	6.656898e-05	-7.328357e-04
4.398450e+03	-5.290678e-04	4.509515e-03	-4.143795e-04	1.072950e-03	-1.711207e-04	-5.457028e-04
4.410840e+03	-3.280076e-03	1.822462e-03	3.226711e-04	3.670591e-03	-2.528687e-04	-4.349430e-04
4.423230e+03	-9.418417e-04	-3.010962e-03	-2.546187e-05	9.507938e-04	-1.207501e-04	-5.517212e-05
4.435620e+03	3.427090e-03	-3.884097e-03	-4.721449e-04	-3.163242e-03	-2.092984e-04	-2.933874e-04
4.448010e+03	3.620000e-03	5.469776e-04	7.842012e-05	-3.470152e-03	1.310867e-04	-1.271313e-04
4.460400e+03	8.571858e-04	3.878106e-03	-2.679189e-04	-6.326340e-04	2.866031e-04	-3.045187e-04
4.472790e+03	-3.821617e-03	1.213840e-03	-1.237444e-04	4.291337e-03	1.813981e-04	-6.102003e-04
4.485180e+03	-2.444507e-03	-2.050024e-03	-2.228051e-04	2.631779e-03	-3.005377e-06	-1.841652e-04
4.497570e+03	2.622115e-03	-3.263198e-03	-1.928085e-04	-1.773980e-03	-2.589202e-05	-7.299460e-04
4.509960e+03	3.386202e-03	-1.966563e-05	-1.246253e-04	-2.887925e-03	4.445916e-05	-4.933165e-04
4.522350e+03	-4.260990e-04	1.406825e-03	7.544727e-04	1.581010e-03	-3.458805e-04	-1.149275e-03
4.534740e+03	-1.840668e-03	1.743070e-03	2.433441e-04	1.805889e-03	-5.815279e-04	-1.569461e-04
4.547130e+03	-1.905477e-03	-2.617158e-03	-6.467441e-04	1.817962e-03	7.387015e-05	1.363773e-04
4.559520e+03	3.743820e-04	-3.206078e-03	-5.049973e-05	2.867860e-04	5.365576e-05	-6.864223e-04
4.571910e+03	1.882523e-03	-1.296233e-04	-7.959653e-05	-1.211709e-03	1.718505e-04	-6.664564e-04
4.584300e+03	1.235435e-04	2.795411e-03	-2.140672e-04	4.916820e-04	2.238953e-05	-6.159856e-04
4.596690e+03	-1.347663e-03	2.304092e-04	2.900736e-05	1.438164e-03	2.218211e-04	-1.058076e-04
4.609080e+03	-1.900966e-03	-2.823543e-03	4.029350e-05	2.464409e-03	1.080680e-04	-5.493654e-04
4.621470e+03	3.114092e-04	-2.612945e-03	2.302795e-05	2.295348e-04	1.619623e-04	-5.416388e-04
4.633860e+03	2.120093e-03	1.454289e-04	1.211388e-04	-1.876770e-03	-2.688063e-05	-2.490386e-04
4.646250e+03	4.104758e-04	2.206646e-03	7.182667e-05	-2.780445e-04	3.034892e-05	-1.904796e-04
4.658640e+03	-1.929927e-03	6.926402e-04	2.277522e-04	2.275209e-03	-3.337312e-05	-3.399104e-04
4.671030e+03	-1.364202e-03	-2.507976e-03	2.783940e-04	1.516809e-03	5.919512e-04	-1.301379e-04
4.683420e+03	5.053579e-04	-2.003738e-03	-1.192062e-04	-2.921829e-04	-1.470582e-04	-2.122270e-04
4.695810e+03	2.448559e-03	1.282796e-03	-2.408442e-04	-2.440128e-03	-7.488648e-05	-4.791639e-05
4.708200e+03	1.221899e-03	2.557545e-03	-3.477012e-04	-7.766019e-04	4.441134e-04	-4.418170e-04
4.720590e+03	-1.444081e-03	8.266944e-04	-3.406813e-06	2.050945e-03	-1.330521e-04	-5.654121e-04
4.732980e+03	-1.770848e-03	-1.889011e-03	5.228544e-05	2.241505e-03	2.296894e-04	-4.678711e-04
4.745370e+03	-4.601536e-05	-2.429968e-03	-5.026787e-05	7.428533e-04	-1.624427e-04	-6.214432e-04
4.757760e+03	1.694122e-03	7.167912e-04	-1.046599e-04	-1.021933e-03	-4.834723e-04	-7.422821e-04
4.770150e+03	7.701352e-04	2.824963e-03	1.693290e-04	-5.871204e-04	5.924985e-06	-1.773739e-04
4.782540e+03	-6.634731e-04	1.528805e-03	-3.702063e-04	1.041332e-03	4.491757e-04	-3.769780e-04
4.794930e+03	-1.484699e-03	-2.019900e-03	-1.542416e-04	1.947773e-03	1.908660e-04	-4.527133e-04
4.807320e+03	-5.573385e-04	-1.753232e-03	-1.641988e-04	1.204236e-03	2.548995e-04	-5.956937e-04
4.819710e+03	1.930985e-03	8.500282e-04	-1.948483e-05	-1.423344e-03	-3.379079e-04	-5.083310e-04
4.832100e+03	1.829674e-03	2.483682e-03	1.847011e-04	-1.369907e-03	-1.052682e-04	-4.962883e-04
4.844490e+03	1.503654e-04	1.275025e-03	-5.503083e-04	2.232376e-04	-3.583502e-04	-3.795444e-04
4.856880e+03	-4.323433e-04	-1.776991e-03	-1.375273e-05	1.010309e-03	3.057668e-04	-5.809595e-04
4.869270e+03	-1.297820e-03	-8.437665e-04	3.301107e-04	1.620514e-03	-1.718302e-04	-3.314196e-04
4.881660e+03	1.495811e-03	6.724803e-04	1.026779e-04	-1.753606e-03	2.417245e-04	1.560825e-04
4.894050e+03	2.059588e-03	8.688336e-04	-2.306843e-04	-1.823459e-03	1.501635e-04	-2.047916e-04
4.906440e+03	-7.946167e-04	-5.167846e-04	-3.529552e-04	1.431793e-03	5.573151e-05	-6.413813e-04
4.918830e+03	-1.928876e-03	-1.951279e-03	-2.654594e-04	2.405404e-03	-1.458085e-04	-5.295404e-04
4.931220e+03	-5.358751e-04	-1.383640e-03	-1.673559e-04	9.435545e-04	-5.128417e-05	-3.975804e-04
4.943610e+03	2.670543e-03	6.850878e-05	-3.280799e-05	-1.970955e-03	-1.606089e-04	-6.970659e-04
4.956000e+03	2.919458e-03	1.510905e-04	-2.941085e-04	-2.165797e-03	-9.574005e-05	-7.494164e-04
4.968390e+03	-8.226988e-05	-1.681042e-04	-1.184704e-04	6.977757e-04	3.526434e-04	-4.716670e-04
4.980780e+03	-1.109625e-03	-9.009304e-04	1.548788e-04	1.665843e-03	7.834183e-05	-6.073773e-04
4.993170e+03	-3.448063e-04	-6.289642e-04	1.824220e-05	2.305715e-04	-2.477705e-04	1.219407e-04
5.005560e+03	1.622259e-03	3.072813e-04	-2.004306e-05	-1.435187e-03	-1.914766e-04	-1.931887e-04
5.017950e+03	1.673740e-03	2.187573e-03	1.831617e-06	-1.185649e-03	6.786572e-06	-4.564527e-04
5.030340e+03	1.668242e-03	1.284897e-03	6.597063e-05	-8.565028e-04	-8.822350e-06	-8.101545e-04
5.042730e+03	3.974557e-04	-1.538235e-03	8.438327e-05	5.187083e-04	-1.773265e-04	-8.958454e-04
5.055120e+03	-1.364518e-04	-1.903883e-03	9.566789e-05	6.606209e-04	-1.561033e-05	-5.243833e-04
5.067510e+03	4.886847e-04	4.780989e-04	-4.266804e-05	4.044220e-05	-3.573393e-05	-4.847821e-04
5.079900e+03	6.365254e-04	1.857794e-03	-3.215195e-04	-3.847596e-04	6.192125e-05	-1.944013e-04
5.092290e+03	-4.756231e-04	2.731926e-04	-1.904759e-04	1.333894e-03	-1.907416e-04	-7.891753e-04
5.104680e+03	-1.136441e-03	-9.110578e-04	-1.447842e-04	1.300467e-03	-1.446586e-04	-1.581745e-04
5.117070e+03	-6.629940e-04	-1.082031e-03	-3.280268e-04	2.038196e-03	1.006472e-04	-1.375485e-03
5.129460e+03	6.810192e-04	2.955571e-04	-1.652846e-05	-1.802056e-04	-1.362219e-04	-5.101585e-04
5.141850e+03	1.448697e-03	1.085695e-03	-6.334363e-05	-1.327726e-03	5.696342e-05	-1.390999e-04
5.154240e+03	2.814241e-04	1.630849e-04	-8.643676e-05	4.776888e-05	-1.423665e-04	-3.277737e-04
