1.523970e+03	-2.838874e-02	-9.938213e-02	-4.583045e-05	2.809604e-02	-3.256693e-05	3.424017e-04
1.536360e+03	-1.240015e-03	-9.947678e-02	1.307456e-05	1.119141e-03	-3.976516e-05	1.145447e-04
1.548750e+03	2.497018e-02	-9.618288e-02	2.290170e-05	-2.487067e-02	-1.606276e-05	-3.913609e-05
1.561140e+03	4.934072e-02	-8.645599e-02	2.285761e-05	-4.943213e-02	-2.349044e-05	8.760884e-05
1.573530e+03	7.037845e-02	-7.071874e-02	5.848139e-05	-7.077705e-02	1.708346e-05	3.944114e-04
1.585920e+03	8.692295e-02	-4.950083e-02	5.452569e-05	-8.754210e-02	-6.415204e-06	5.948972e-04
1.598310e+03	9.694466e-02	-2.436067e-02	5.808896e-05	-9.754916e-02	8.893665e-05	5.844794e-04
1.610700e+03	9.947760e-02	2.687459e-03	5.701255e-05	-9.980909e-02	7.429570e-05	5.239697e-04
1.623090e+03	9.515034e-02	2.882515e-02	5.749937e-05	-9.545093e-02	3.991938e-05	2.790433e-04
1.635480e+03	8.405067e-02	5.319112e-02	1.618970e-05	-8.444981e-02	8.764255e-05	3.600995e-04
1.647870e+03	6.702606e-02	7.388302e-02	1.519678e-05	-6.762413e-02	3.102496e-05	5.952105e-04
1.660260e+03	4.466170e-02	8.963371e-02	-3.135084e-05	-4.549267e-02	1.040356e-04	7.849883e-04
1.672650e+03	1.902494e-02	9.813798e-02	-7.247966e-05	-1.952944e-02	8.931778e-05	5.605848e-04
1.685040e+03	-8.004598e-03	9.943114e-02	-7.043047e-05	7.636459e-03	5.962798e-05	3.639658e-04
1.697430e+03	-3.431020e-02	9.409374e-02	-8.361209e-05	3.391109e-02	4.962691e-05	4.002566e-04
1.709820e+03	-5.861249e-02	8.189676e-02	-9.551632e-05	5.817689e-02	3.305982e-05	4.787942e-04
1.722210e+03	-7.936235e-02	6.326498e-02	-1.599488e-04	7.866332e-02	3.848451e-05	6.599948e-04
1.734600e+03	-9.428818e-02	3.913389e-02	-7.355418e-05	9.361863e-02	-2.251524e-05	7.064334e-04
1.746990e+03	-1.019995e-01	1.155727e-02	-4.130740e-05	1.009863e-01	-2.600142e-05	6.046719e-04
1.759380e+03	-1.009678e-01	-1.727834e-02	-1.033337e-04	1.008077e-01	-6.471210e-05	3.848580e-04
1.771770e+03	-9.227043e-02	-4.468570e-02	7.268328e-05	9.197161e-02	-5.641938e-05	2.990075e-04
1.784160e+03	-7.669270e-02	-6.931072e-02	-5.670748e-05	7.623497e-02	-9.793954e-05	4.458001e-04
1.796550e+03	-5.434056e-02	-8.851679e-02	-1.347032e-05	5.384257e-02	-1.039909e-04	5.001041e-04
1.808940e+03	-2.679882e-02	-1.010065e-01	3.991579e-06	2.634602e-02	-1.026268e-04	4.910423e-04
1.821330e+03	3.695515e-03	-1.049852e-01	-1.201032e-05	-3.970253e-03	-1.342642e-04	2.793200e-04
1.833720e+03	3.378450e-02	-9.924379e-02	4.034465e-05	-3.392110e-02	-9.724711e-05	1.442691e-04
1.846110e+03	6.169049e-02	-8.601971e-02	5.608761e-05	-6.178969e-02	-1.172659e-04	1.375118e-04
1.858500e+03	8.525621e-02	-6.448877e-02	1.033010e-04	-8.551460e-02	-1.422472e-05	2.530015e-04
1.870890e+03	1.018371e-01	-3.636337e-02	1.122019e-04	-1.018301e-01	-2.303931e-06	3.111243e-04
1.883280e+03	1.086202e-01	-3.570123e-03	1.108518e-04	-1.086202e-01	9.939006e-05	1.918139e-04
1.895670e+03	1.053448e-01	3.019184e-02	8.155718e-05	-1.053452e-01	7.629476e-05	3.134557e-05
1.908060e+03	9.117708e-02	6.165031e-02	4.239243e-05	-9.111220e-02	1.479045e-04	-9.887836e-05
1.920450e+03	6.803824e-02	8.757086e-02	1.723759e-05	-6.793824e-02	1.042348e-04	-4.694893e-05
1.932840e+03	3.732494e-02	1.057458e-01	-1.869585e-05	-3.722089e-02	7.382399e-05	-1.427597e-04
1.945230e+03	1.655175e-03	1.120000e-01	-1.158389e-04	-1.609394e-03	1.123961e-04	-4.598328e-05
1.957620e+03	-3.506527e-02	1.081765e-01	-1.398498e-04	3.515916e-02	3.524342e-05	-8.733413e-05
1.970010e+03	-6.890846e-02	9.120247e-02	-1.160500e-04	6.913750e-02	-1.183330e-05	-2.284431e-04
1.982400e+03	-9.587548e-02	6.376938e-02	-1.222825e-04	9.620344e-02	-5.548144e-05	-2.799139e-04
1.994790e+03	-1.126366e-01	2.830565e-02	-4.594719e-05	1.131410e-01	-1.176457e-04	-1.999461e-04
2.007180e+03	-1.169828e-01	-1.181312e-02	-1.588170e-05	1.170000e-01	-1.251251e-04	-8.582478e-05
2.019570e+03	-1.067606e-01	-5.200055e-02	2.074926e-06	1.067946e-01	-1.070901e-04	-1.339743e-04
2.031960e+03	-8.227093e-02	-8.625952e-02	5.469753e-05	8.236790e-02	-1.110746e-04	-1.574536e-04
2.044350e+03	-4.681352e-02	-1.100947e-01	7.331203e-05	4.713101e-02	-9.693815e-05	-2.688758e-04
2.056740e+03	-5.009608e-03	-1.209967e-01	1.051889e-04	5.259744e-03	-8.593559e-05	-2.459367e-04
2.069130e+03	3.893523e-02	-1.152017e-01	1.362789e-04	-3.867031e-02	-4.278450e-05	-2.358258e-04
2.081520e+03	7.889060e-02	-9.464081e-02	1.671238e-04	-7.899326e-02	2.237477e-05	2.140709e-05
2.093910e+03	1.089878e-01	-5.911146e-02	1.597876e-04	-1.089848e-01	1.243061e-04	6.643319e-05
2.106300e+03	1.242923e-01	-1.396949e-02	1.125930e-04	-1.242923e-01	9.577547e-05	8.940482e-05
2.118690e+03	1.208197e-01	3.488757e-02	5.042312e-05	-1.215006e-01	2.537624e-04	1.808052e-04
2.131080e+03	9.943380e-02	7.907137e-02	-4.587398e-05	-9.938248e-02	2.483993e-04	2.569022e-04
2.143470e+03	6.130674e-02	1.127807e-01	-1.396177e-04	-6.177784e-02	2.389558e-04	4.370116e-04
2.155860e+03	1.201271e-02	1.284360e-01	-2.414730e-04	-1.253358e-02	1.246495e-04	5.028678e-04
2.168250e+03	-4.155752e-02	1.244332e-01	-2.727887e-04	4.077575e-02	2.247931e-05	7.722119e-04
2.180640e+03	-9.007000e-02	9.737075e-02	-2.314714e-04	8.919117e-02	-1.528366e-04	9.015304e-04
2.193030e+03	-1.240348e-01	5.182365e-02	-1.916155e-04	1.230345e-01	-2.188085e-04	1.035286e-03
2.205420e+03	-1.347668e-01	-5.611700e-03	9.048827e-06	1.335005e-01	-2.860686e-04	1.204944e-03
2.217810e+03	-1.209834e-01	-6.453515e-02	3.921471e-05	1.199841e-01	-3.029999e-04	1.420093e-03
2.230200e+03	-8.055687e-02	-1.126522e-01	2.355089e-04	7.890358e-02	-1.594529e-04	1.628849e-03
2.242590e+03	-1.885838e-02	-1.372159e-01	1.948696e-04	1.735096e-02	-1.158646e-04	1.524533e-03
2.254980e+03	4.943602e-02	-1.302244e-01	1.686774e-04	-5.098577e-02	-3.726031e-05	1.521127e-03
2.267370e+03	1.072679e-01	-8.919012e-02	2.669055e-04	-1.090800e-01	1.069622e-04	1.249472e-03
2.279760e+03	1.364508e-01	-2.232468e-02	1.683279e-04	-1.369934e-01	3.365489e-04	9.509276e-04
2.292150e+03	1.270482e-01	5.286301e-02	1.593845e-05	-1.281864e-01	3.432575e-04	5.001961e-04
2.304540e+03	7.411116e-02	1.132487e-01	-1.738918e-04	-7.319145e-02	4.146474e-04	-8.550640e-04
2.316930e+03	1.092052e-03	1.284707e-01	-4.034593e-04	-1.217029e-04	2.470268e-04	-1.000134e-03
2.329320e+03	-6.846350e-02	1.005625e-01	-4.965999e-04	7.037725e-02	-1.536044e-05	-1.899264e-03
2.341710e+03	-1.058386e-01	3.578115e-02	-2.820746e-04	1.079702e-01	-3.779201e-04	-2.600199e-03
2.354100e+03	-9.303466e-02	-3.369316e-02	-5.738566e-05	9.612238e-02	-4.366225e-04	-3.086780e-03
2.366490e+03	-4.446292e-02	-7.385438e-02	2.817492e-04	4.740224e-02	-2.992490e-04	-2.996689e-03
2.378880e+03	1.138826e-02	-7.085498e-02	4.054167e-04	-8.006735e-03	-1.868035e-05	-3.438193e-03
2.391270e+03	4.240544e-02	-3.708443e-02	2.942373e-04	-3.931491e-02	1.381572e-04	-3.048247e-03
2.403660e+03	4.001242e-02	-8.111761e-04	-1.637406e-04	-3.694680e-02	2.136351e-04	-3.065861e-03
2.416050e+03	1.718425e-02	1.359828e-02	-1.325491e-04	-1.462514e-02	1.339934e-04	-2.513049e-03
2.428440e+03	1.600784e-04	4.777532e-03	-1.125483e-04	2.085514e-03	-1.079754e-04	-2.189937e-03
2.440830e+03	3.387510e-03	-9.406567e-03	2.827130e-07	-2.291071e-03	-7.038580e-05	-1.124283e-03
2.453220e+03	2.140257e-02	-1.022032e-02	-3.000095e-05	-2.077760e-02	-5.924673e-06	-5.493693e-04
2.465610e+03	3.372087e-02	1.090653e-02	1.313518e-04	-3.333588e-02	-5.050745e-05	-3.383679e-04
2.478000e+03	2.139627e-02	3.981741e-02	8.153773e-05	-2.152244e-02	7.225387e-05	1.588147e-04
2.490390e+03	-1.322482e-02	5.061770e-02	4.868568e-05	1.310690e-02	1.198429e-04	8.208817e-05
2.502780e+03	-4.945577e-02	3.178164e-02	-1.444721e-04	4.946037e-02	5.103385e-05	-7.464364e-05
2.515170e+03	-6.110309e-02	-1.241520e-02	-1.240838e-04	6.155050e-02	-1.317896e-04	-5.404710e-04
2.527560e+03	-3.743572e-02	-5.599261e-02	-1.318532e-04	3.803572e-02	-1.514667e-04	-6.076521e-04
2.539950e+03	1.444242e-02	-6.867219e-02	2.370250e-04	-1.376166e-02	-2.257649e-04	-6.705782e-04
2.552340e+03	6.359810e-02	-3.974058e-02	1.166893e-04	-6.260219e-02	-9.900866e-05	-8.416383e-04
2.564730e+03	7.428870e-02	1.816666e-02	-1.276753e-05	-7.401622e-02	8.773513e-05	-2.996240e-04
2.577120e+03	3.929914e-02	6.919384e-02	-9.684994e-05	-3.965443e-02	5.623371e-05	3.125262e-04
2.589510e+03	-2.617416e-02	7.970179e-02	-2.553308e-05	2.505150e-02	-4.896689e-05	1.100273e-03
2.601900e+03	-7.727000e-02	3.524302e-02	2.581235e-05	7.637065e-02	-1.277738e-04	8.528045e-04
2.614290e+03	-7.972121e-02	-3.365219e-02	-2.110984e-04	7.882023e-02	-1.248842e-04	9.516462e-04
2.626680e+03	-2.863429e-02	-8.123811e-02	3.437921e-06	2.859286e-02	-1.459300e-04	2.030328e-05
2.639070e+03	4.056852e-02	-7.390031e-02	1.630755e-04	-3.913161e-02	1.429019e-05	-1.395709e-03
2.651460e+03	8.024181e-02	-2.036727e-02	7.290919e-05	-7.847701e-02	1.909572e-04	-1.795415e-03
2.663850e+03	6.568907e-02	4.459662e-02	-5.658876e-05	-6.376885e-02	2.635609e-04	-1.900000e-03
2.676240e+03	9.590980e-03	7.253142e-02	-1.059473e-04	-8.485423e-03	9.405896e-05	-1.080057e-03
2.688630e+03	-4.659007e-02	5.178104e-02	-2.435528e-04	4.715577e-02	-1.258217e-04	-4.701587e-04
2.701020e+03	-6.428677e-02	-1.030487e-03	-1.987525e-04	6.427990e-02	-3.627619e-04	7.293998e-05
2.713410e+03	-4.029020e-02	-4.660057e-02	9.238170e-05	4.018755e-02	-3.535684e-04	8.203234e-05
2.725800e+03	7.211282e-03	-5.644817e-02	3.432195e-04	-7.365053e-03	-6.291576e-05	1.254827e-04
2.738190e+03	4.440514e-02	-2.943245e-02	3.332272e-04	-4.467876e-02	2.495739e-04	2.804808e-04
2.750580e+03	4.708395e-02	1.299060e-02	9.449067e-05	-4.744419e-02	3.794307e-04	4.193820e-04
2.762970e+03	1.886860e-02	4.144308e-02	-2.364735e-04	-1.925592e-02	3.932083e-04	3.489206e-04
2.775360e+03	-1.867260e-02	3.787496e-02	-6.097901e-04	1.773902e-02	4.057761e-05	8.651892e-04
2.787750e+03	-3.742362e-02	9.410758e-03	-4.757492e-04	3.694298e-02	-1.986587e-04	4.889950e-04
2.800140e+03	-2.811711e-02	-2.121333e-02	-1.604702e-04	2.804801e-02	-4.576467e-04	1.086246e-04
2.812530e+03	2.155855e-04	-3.135547e-02	3.581326e-04	5.213277e-04	-3.193008e-04	-7.643718e-04
2.824920e+03	2.342138e-02	-1.724988e-02	4.623600e-04	-2.186740e-02	-2.427860e-04	-1.539737e-03
2.837310e+03	2.380982e-02	6.676797e-03	3.405678e-04	-2.263809e-02	3.332706e-04	-1.202165e-03
2.849700e+03	6.613170e-03	2.015514e-02	1.285046e-05	-5.801079e-03	3.136587e-04	-8.162817e-04
2.862090e+03	-1.176099e-02	1.398360e-02	-6.634955e-04	1.218358e-02	4.829515e-04	-4.638136e-04
2.874480e+03	-1.740315e-02	-3.342842e-03	-3.598447e-04	1.710903e-02	-1.510861e-05	2.799039e-04
2.886870e+03	-7.081317e-03	-1.567547e-02	-3.495505e-05	6.423930e-03	-3.829813e-04	6.598833e-04
2.899260e+03	8.418428e-03	-1.416875e-02	4.147125e-04	-9.433161e-03	-3.218693e-04	1.025115e-03
2.911650e+03	1.629865e-02	-1.202222e-03	3.849691e-04	-1.739873e-02	-8.074816e-05	1.161789e-03
2.924040e+03	1.059096e-02	1.262778e-02	1.550674e-05	-1.178943e-02	2.183372e-04	1.109879e-03
2.936430e+03	-3.448244e-03	1.579560e-02	9.381248e-05	2.637773e-03	2.910082e-04	8.150797e-04
2.948820e+03	-1.454575e-02	6.999393e-03	2.399402e-05	1.376707e-02	2.179360e-04	8.438713e-04
2.961210e+03	-1.392903e-02	-6.557711e-03	-6.555336e-06	1.314783e-02	-2.929715e-05	7.947444e-04
2.973600e+03	-2.805170e-03	-1.379333e-02	-2.820625e-04	1.910505e-03	-1.549235e-04	8.623614e-04
2.985990e+03	9.219895e-03	-9.477611e-03	-1.436040e-04	-9.583378e-03	-3.099980e-04	2.966395e-04
2.998380e+03	1.253290e-02	2.546876e-03	2.601956e-04	-1.236536e-02	-2.651152e-04	-1.191829e-04
3.010770e+03	4.817859e-03	1.043478e-02	3.296464e-04	-4.382483e-03	-3.757260e-05	-4.178114e-04
3.023160e+03	-5.793767e-03	7.415804e-03	2.344056e-04	6.147940e-03	2.701423e-04	-3.494998e-04
3.035550e+03	-8.692692e-03	-1.447834e-03	-4.739680e-06	8.877325e-03	2.223886e-04	-1.534432e-04
3.047940e+03	-1.836352e-03	-8.410095e-03	-6.397174e-05	1.844363e-03	2.901266e-04	-2.938015e-05
3.060330e+03	8.704488e-03	-5.820659e-03	-2.761353e-04	-8.330887e-03	2.390686e-05	-3.987469e-04
3.072720e+03	1.061500e-02	4.598734e-03	-8.588277e-05	-1.049551e-02	-2.911811e-04	-1.320555e-04
3.085110e+03	2.024299e-03	1.373694e-02	-1.950295e-04	-2.268948e-03	-2.473463e-04	2.276178e-04
3.097500e+03	-1.102916e-02	1.041189e-02	1.570418e-04	1.063919e-02	-1.772879e-04	3.796806e-04
3.109890e+03	-1.630000e-02	-2.061892e-03	3.790080e-04	1.589441e-02	-1.560000e-04	3.987934e-04
3.122280e+03	-9.533455e-03	-1.471503e-02	1.738947e-04	9.125460e-03	7.288973e-05	4.331949e-04
3.134670e+03	6.272000e-03	-1.778217e-02	1.745655e-04	-6.558710e-03	-1.247332e-05	2.861116e-04
3.147060e+03	1.889109e-02	-6.786692e-03	7.727375e-05	-1.906113e-02	8.443610e-05	1.838187e-04
3.159450e+03	1.738317e-02	1.046977e-02	-1.773072e-04	-1.772560e-02	3.455260e-05	3.499562e-04
3.171840e+03	3.634060e-03	2.070977e-02	-1.392273e-04	-3.574312e-03	3.684142e-05	-5.465750e-05
3.184230e+03	-1.347985e-02	1.566858e-02	-7.178521e-05	1.364357e-02	-6.131009e-05	-1.206346e-04
3.196620e+03	-2.045633e-02	-5.932309e-04	-1.870869e-04	2.082084e-02	1.978306e-04	-3.184173e-04
3.209010e+03	-1.198940e-02	-1.686465e-02	1.150514e-04	1.263154e-02	4.972953e-04	-5.661696e-04
3.221400e+03	5.833174e-03	-2.044130e-02	2.942022e-04	-5.618294e-03	1.049659e-04	-2.413160e-04
3.233790e+03	1.977702e-02	-7.665575e-03	-8.276889e-05	-1.969355e-02	3.512566e-04	-1.699290e-04
3.246180e+03	1.825767e-02	1.107807e-02	6.017465e-04	-1.788265e-02	1.072505e-05	-2.733515e-04
3.258570e+03	2.367311e-03	2.144823e-02	-6.168069e-05	-2.167884e-03	4.517769e-07	-2.162397e-04
3.270960e+03	-1.609632e-02	1.475659e-02	4.424503e-05	1.631489e-02	1.516925e-04	-1.932344e-04
3.283350e+03	-2.230408e-02	-3.985930e-03	-7.287284e-06	2.205111e-02	-2.351901e-05	2.194129e-04
3.295740e+03	-1.090966e-02	-1.992323e-02	2.386737e-05	1.088043e-02	1.017004e-05	-1.303582e-05
3.308130e+03	8.814915e-03	-2.051371e-02	3.019204e-05	-9.158065e-03	-1.488631e-05	3.085348e-04
3.320520e+03	2.175244e-02	-5.580626e-03	3.873760e-04	-2.161110e-02	5.673254e-05	-3.738566e-04
3.332910e+03	1.849062e-02	1.350107e-02	7.968381e-05	-1.760040e-02	-8.377052e-05	-6.953641e-04
3.345300e+03	3.436449e-04	2.167007e-02	3.766458e-04	-3.021642e-04	4.809196e-04	-6.769598e-05
3.357690e+03	-1.665256e-02	1.462945e-02	-1.383988e-04	1.712114e-02	2.071341e-04	-4.658931e-04
3.370080e+03	-2.179722e-02	-4.410247e-03	8.118295e-05	2.197905e-02	8.295532e-05	-2.501936e-04
3.382470e+03	-1.068536e-02	-1.921652e-02	-1.155942e-04	1.100412e-02	2.197428e-05	-3.356589e-04
3.394860e+03	8.576361e-03	-1.972764e-02	2.732866e-05	-8.116349e-03	9.487325e-05	-4.864049e-04
3.407250e+03	2.107491e-02	-6.458039e-03	-5.481151e-04	-1.951958e-02	-4.352297e-04	-1.322325e-03
3.419640e+03	1.743028e-02	1.208057e-02	1.873360e-04	-1.737293e-02	1.125302e-04	-1.081670e-04
3.432030e+03	1.720896e-03	2.099885e-02	6.257457e-05	-1.628636e-03	1.839986e-04	-9.224471e-05
3.444420e+03	-1.551954e-02	1.417898e-02	-2.845749e-04	1.541616e-02	5.527399e-05	8.273983e-05
3.456810e+03	-2.138632e-02	-2.050518e-03	-4.194183e-04	2.118429e-02	2.178230e-04	2.381148e-04
3.469200e+03	-1.100946e-02	-1.864069e-02	-3.789789e-04	1.090685e-02	-2.552056e-04	7.386689e-05
3.481590e+03	6.886650e-03	-2.054659e-02	6.965628e-05	-7.078584e-03	-1.984207e-04	1.933730e-04
3.493980e+03	2.104239e-02	-7.744504e-03	4.568384e-04	-2.093570e-02	-7.961735e-05	-8.304927e-05
3.506370e+03	1.984562e-02	1.036133e-02	-1.432748e-04	-1.964759e-02	4.218799e-04	-2.510591e-04
3.518760e+03	5.246373e-03	2.170766e-02	8.340576e-05	-5.586495e-03	1.853307e-05	3.419605e-04
3.531150e+03	-1.318451e-02	1.866584e-02	-2.395352e-04	1.317414e-02	1.672170e-04	4.483280e-06
3.543540e+03	-2.178031e-02	2.993975e-03	4.514768e-04	2.237994e-02	-3.893121e-04	-5.238790e-04
3.555930e+03	-1.619309e-02	-1.453025e-02	-7.167037e-05	1.646720e-02	-7.633479e-05	-2.343095e-04
3.568320e+03	-1.949029e-04	-2.137294e-02	3.832608e-04	4.164277e-04	-1.258453e-04	-2.341371e-04
3.580710e+03	1.446653e-02	-1.370026e-02	4.375788e-05	-1.458018e-02	1.233794e-04	6.984012e-05
3.593100e+03	2.009490e-02	1.371018e-03	1.023206e-07	-1.979360e-02	1.487146e-04	-3.711419e-04
3.605490e+03	1.162128e-02	1.530498e-02	1.147783e-04	-1.174706e-02	2.652525e-04	5.117953e-05
3.617880e+03	-3.792443e-03	1.806013e-02	-3.220259e-04	3.667156e-03	1.896901e-04	1.240758e-04
3.630270e+03	-1.517722e-02	8.520037e-03	-1.714464e-04	1.518680e-02	6.771819e-05	2.880714e-05
3.642660e+03	-1.588532e-02	-5.440115e-03	-1.129821e-04	1.576009e-02	-7.000857e-06	1.013769e-04
3.655050e+03	-5.322841e-03	-1.548319e-02	-2.611420e-04	5.500147e-03	-1.387704e-04	-1.736986e-04
3.667440e+03	8.322105e-03	-1.363407e-02	7.162400e-06	-8.299537e-03	-2.877183e-04	-2.774509e-05
3.679830e+03	1.559921e-02	-2.778342e-03	1.927589e-04	-1.490000e-02	-5.647082e-05	-6.506820e-04
3.692220e+03	1.249400e-02	1.016000e-02	-1.812502e-04	-1.206632e-02	7.913235e-05	-3.817669e-04
3.704610e+03	3.465406e-04	1.507641e-02	3.423673e-05	-1.670090e-04	2.362673e-04	-1.614496e-04
3.717000e+03	-1.120971e-02	9.936777e-03	-3.573027e-04	1.145779e-02	1.541997e-04	-2.412876e-04
3.729390e+03	-1.455167e-02	-1.742358e-03	-1.063630e-04	1.476845e-02	1.491192e-04	-1.983250e-04
3.741780e+03	-8.326582e-03	-1.214620e-02	1.881526e-05	8.713380e-03	-3.031087e-04	-3.571638e-04
3.754170e+03	3.272752e-03	-1.414241e-02	-3.121422e-04	-3.013391e-03	1.009525e-04	-2.492732e-04
3.766560e+03	1.173641e-02	-6.464897e-03	2.129014e-04	-1.222160e-02	1.442501e-04	4.265532e-04
3.778950e+03	1.219655e-02	4.052018e-03	3.857763e-04	-1.239686e-02	-1.024768e-04	2.372055e-04
3.791340e+03	4.978839e-03	1.150620e-02	3.029880e-04	-5.219906e-03	-2.148847e-05	2.349253e-04
3.803730e+03	-5.591648e-03	1.057382e-02	-6.540138e-05	5.454450e-03	1.750084e-04	1.472817e-04
3.816120e+03	-1.159210e-02	2.986827e-03	2.282651e-04	1.121747e-02	2.363717e-04	4.309566e-04
3.828510e+03	-9.217150e-03	-6.703701e-03	5.488224e-05	9.156044e-03	9.700280e-05	6.089401e-05
3.840900e+03	-6.278518e-04	-1.086053e-02	-9.407083e-05	6.672739e-04	-1.438861e-04	-5.912902e-06
3.853290e+03	8.325325e-03	-7.730320e-03	-2.592834e-04	-7.954878e-03	-2.594381e-05	-2.831033e-04
3.865680e+03	1.041566e-02	1.301029e-03	2.179718e-04	-1.031697e-02	-5.418614e-05	-6.659827e-05
3.878070e+03	5.876501e-03	8.577401e-03	-2.006167e-04	-5.686361e-03	-1.163964e-04	-1.973569e-04
3.890460e+03	-2.729116e-03	1.026354e-02	2.697404e-04	3.149600e-03	2.133892e-04	-4.012200e-04
3.902850e+03	-9.716372e-03	3.891249e-03	-2.031469e-04	9.966168e-03	-1.013059e-04	-2.593450e-04
3.915240e+03	-8.916938e-03	-5.176225e-03	-1.136446e-04	9.112265e-03	2.055743e-05	-1.724729e-04
3.927630e+03	-1.131378e-03	-9.907086e-03	-4.080839e-04	1.897802e-03	-9.708186e-05	-7.474725e-04
3.940020e+03	6.547487e-03	-7.764331e-03	-1.111157e-04	-6.584726e-03	1.177549e-05	2.533652e-05
3.952410e+03	1.050877e-02	-1.966506e-04	2.108882e-04	-1.007489e-02	-3.118526e-04	-3.618790e-04
3.964800e+03	6.797861e-03	7.920382e-03	-6.341858e-05	-6.836925e-03	-2.466928e-04	1.171724e-05
3.977190e+03	-1.495030e-03	1.048928e-02	2.326119e-04	1.481360e-03	-7.165417e-05	6.888423e-06
3.989580e+03	-8.848279e-03	5.084735e-03	2.067850e-04	8.712321e-03	1.961688e-04	1.300888e-04
4.001970e+03	-9.454923e-03	-3.556226e-03	-2.211113e-05	9.455461e-03	4.205454e-04	-9.154260e-06
4.014360e+03	-2.824266e-03	-9.631183e-03	1.348887e-04	3.234236e-03	1.699554e-04	-4.079232e-04
4.026750e+03	5.464054e-03	-8.969321e-03	6.048096e-05	-5.241510e-03	6.033022e-05	-2.226320e-04
4.039140e+03	1.059899e-02	-2.116910e-03	-4.436536e-04	-1.006040e-02	1.799627e-04	-5.174589e-04
4.051530e+03	8.151224e-03	6.901867e-03	1.044823e-04	-8.422283e-03	-2.656098e-04	2.454350e-04
4.063920e+03	2.945983e-04	1.045783e-02	-5.965421e-04	1.796668e-04	-3.297533e-04	-4.792014e-04
4.076310e+03	-8.535996e-03	7.397958e-03	-1.520148e-04	8.545563e-03	2.102761e-04	-5.025161e-05
4.088700e+03	-1.054103e-02	-1.588107e-03	6.033131e-05	1.084110e-02	4.825585e-05	-2.950827e-04
4.101090e+03	-5.537357e-03	-9.396721e-03	1.330620e-04	5.766687e-03	2.929795e-05	-2.248753e-04
4.113480e+03	2.676906e-03	-1.076071e-02	-2.454549e-04	-2.892577e-03	1.430336e-04	1.818358e-04
4.125870e+03	1.027650e-02	-4.429053e-03	-1.996707e-04	-1.026021e-02	8.525646e-05	3.091208e-05
4.138260e+03	9.852110e-03	4.750318e-03	-1.636776e-04	-9.787646e-03	2.286906e-04	-5.979482e-05
4.150650e+03	2.308988e-03	1.058101e-02	1.661408e-04	-2.812428e-03	-2.589222e-05	4.760250e-04
4.163040e+03	-6.139897e-03	8.823602e-03	-2.075246e-04	6.116954e-03	9.398841e-07	4.166371e-05
4.175430e+03	-1.118993e-02	9.212017e-04	2.899473e-06	1.075706e-02	-6.105348e-05	3.139426e-04
4.187820e+03	-7.509843e-03	-7.647737e-03	-2.381737e-05	7.562643e-03	-3.727704e-05	-4.649309e-05
4.200210e+03	1.284309e-03	-1.100828e-02	-1.337661e-04	-1.180602e-03	-1.361475e-05	-1.089260e-04
4.212600e+03	9.335878e-03	-6.133887e-03	3.745770e-05	-9.204093e-03	2.811509e-05	-1.323121e-04
4.224990e+03	1.072009e-02	3.322388e-03	-6.347366e-04	-1.054308e-02	4.504188e-05	-1.850228e-04
4.237380e+03	4.520875e-03	1.066653e-02	-1.539020e-04	-4.350347e-03	-5.564457e-06	-1.650241e-04
4.249770e+03	-4.666833e-03	1.065634e-02	-2.794259e-04	5.261530e-03	-3.838189e-05	-5.957412e-04
4.262160e+03	-1.169989e-02	2.548887e-03	-9.448458e-05	1.169996e-02	5.008635e-05	5.715969e-07
4.274550e+03	-9.476250e-03	-7.386892e-03	1.813349e-04	9.580814e-03	-2.543591e-05	-1.150345e-04
4.286940e+03	-5.331266e-04	-1.199292e-02	2.192049e-05	6.530152e-04	2.146406e-04	-1.288044e-04
4.299330e+03	8.710851e-03	-8.288026e-03	3.183088e-05	-8.246854e-03	3.398230e-04	-4.623798e-04
4.311720e+03	1.218688e-02	1.342722e-03	2.744914e-04	-1.218918e-02	1.442715e-04	-4.342242e-05
4.324110e+03	6.222595e-03	9.871153e-03	-9.237083e-05	-6.516733e-03	1.961967e-04	3.197994e-04
4.336500e+03	-3.712017e-03	1.169360e-02	-3.545213e-04	3.346771e-03	2.950274e-05	3.449578e-04
4.348890e+03	-1.141664e-02	4.193483e-03	-4.283843e-05	1.112225e-02	-3.247053e-05	3.798179e-04
4.361280e+03	-9.623802e-03	-5.976649e-03	-1.399571e-04	9.962336e-03	4.267851e-05	-3.499072e-04
4.373670e+03	-1.897082e-03	-1.159373e-02	-2.326427e-04	2.011559e-03	-3.277753e-05	-1.077198e-04
4.386060e+03	8.325520e-03	-9.376011e-03	8.624519e-05	-7.816663e-03	-4.187931e-05	-4.792314e-04
4.398450e+03	1.245651e-02	-1.318151e-04	1.893851e-04	-1.227095e-02	1.083160e-04	-1.754165e-04
4.410840e+03	8.138243e-03	9.970272e-03	1.075096e-04	-7.931126e-03	1.413840e-04	-2.126239e-04
4.423230e+03	-2.375727e-03	1.239569e-02	-2.664517e-04	2.547360e-03	9.600267e-05	-1.753038e-04
4.435620e+03	-1.129378e-02	5.710530e-03	-1.984278e-04	1.153397e-02	1.416192e-04	-2.431557e-04
4.448010e+03	-1.204643e-02	-4.672267e-03	-7.725262e-05	1.192076e-02	6.602208e-05	2.439093e-04
4.460400e+03	-3.777649e-03	-1.277354e-02	1.894366e-04	3.774993e-03	-2.366159e-04	7.016849e-06
4.472790e+03	7.274544e-03	-1.063815e-02	-1.872991e-04	-7.383365e-03	1.183171e-04	1.049534e-04
4.485180e+03	1.227739e-02	-2.389825e-03	-4.873063e-04	-1.272386e-02	-3.745491e-04	3.245024e-04
4.497570e+03	9.200829e-03	8.679353e-03	-1.963512e-04	-9.499482e-03	-2.680912e-05	2.664182e-04
4.509960e+03	-1.246962e-03	1.293373e-02	-7.990696e-05	8.093620e-04	6.483158e-05	4.030102e-04
4.522350e+03	-1.015715e-02	7.238656e-03	-2.107881e-04	1.029571e-02	-6.177173e-06	-1.129905e-04
4.534740e+03	-1.189167e-02	-2.959621e-03	-1.989541e-04	1.186474e-02	-1.311410e-05	-1.716965e-05
4.547130e+03	-4.718988e-03	-1.175453e-02	-4.932997e-04	4.990892e-03	-1.100259e-05	-2.367048e-04
4.559520e+03	6.179911e-03	-1.109774e-02	4.007487e-04	-5.815917e-03	1.403831e-04	-3.905812e-04
4.571910e+03	1.214548e-02	-2.484470e-03	3.075438e-04	-1.226218e-02	1.168177e-05	5.660832e-05
4.584300e+03	1.020336e-02	7.835053e-03	-1.294319e-05	-1.009425e-02	2.664672e-04	-6.053103e-05
4.596690e+03	2.330111e-04	1.299997e-02	-1.129831e-05	2.560344e-05	6.462553e-05	-2.582525e-04
4.609080e+03	-1.011146e-02	8.231985e-03	-4.682822e-05	1.013758e-02	6.935886e-05	-6.536519e-05
4.621470e+03	-1.257465e-02	-1.869462e-03	-1.944589e-04	1.268569e-02	-1.748261e-04	-1.832997e-05
4.633860e+03	-6.066106e-03	-1.126162e-02	-1.465195e-04	6.333815e-03	-2.981195e-05	-2.581693e-04
4.646250e+03	4.893098e-03	-1.162617e-02	1.650114e-04	-4.846040e-03	-1.771502e-04	-4.737097e-05
4.658640e+03	1.173955e-02	-4.073950e-03	2.131171e-04	-1.199264e-02	2.218073e-04	2.446396e-04
4.671030e+03	1.068819e-02	6.683472e-03	-2.678480e-04	-1.084564e-02	8.441589e-05	1.844006e-04
4.683420e+03	1.781181e-03	1.258297e-02	2.154976e-05	-1.845441e-03	6.199767e-05	7.563807e-05
4.695810e+03	-8.941407e-03	9.098629e-03	-2.049893e-04	8.819758e-03	3.857822e-05	9.874511e-05
4.708200e+03	-1.232492e-02	-1.844674e-03	2.052085e-05	1.232591e-02	-5.049114e-05	1.124206e-06
4.720590e+03	-6.538461e-03	-1.021898e-02	-3.948155e-06	6.584881e-03	-8.692741e-05	-3.194815e-05
4.732980e+03	4.093035e-03	-1.162184e-02	-2.787464e-05	-4.376906e-03	1.118414e-04	2.710060e-04
4.745370e+03	1.212674e-02	-4.135110e-03	-3.714181e-04	-1.176406e-02	6.922892e-05	-3.392254e-04
4.757760e+03	1.062197e-02	6.772589e-03	1.329226e-04	-1.059286e-02	6.221949e-05	-4.715997e-05
4.770150e+03	1.647916e-03	1.278030e-02	1.395311e-04	-1.566751e-03	8.159673e-05	-1.008976e-04
4.782540e+03	-8.213004e-03	8.820332e-03	-1.604363e-04	8.565183e-03	1.009010e-05	-3.108799e-04
4.794930e+03	-1.345267e-02	-1.512722e-03	-1.848077e-04	1.314720e-02	-3.464522e-05	3.204473e-04
4.807320e+03	-6.225350e-03	-1.124031e-02	-4.840668e-05	6.930790e-03	-8.224400e-04	-6.387923e-04
4.819710e+03	3.830830e-03	-1.174813e-02	1.495801e-04	-3.870571e-03	-1.693702e-04	3.464500e-05
4.832100e+03	1.168696e-02	-5.139574e-03	2.222217e-04	-1.187800e-02	-1.830592e-05	1.707329e-04
4.844490e+03	1.096424e-02	6.434696e-03	1.978368e-04	-1.096944e-02	1.516116e-04	-7.480849e-05
4.856880e+03	1.815684e-03	1.236436e-02	4.461477e-05	-2.124168e-03	8.613398e-05	2.546082e-04
4.869270e+03	-8.215794e-03	9.865495e-03	2.704981e-05	8.388882e-03	-1.876365e-05	-1.723231e-04
4.881660e+03	-1.257544e-02	-1.168652e-03	3.486760e-05	1.247815e-02	-1.027832e-04	1.477754e-04
4.894050e+03	-7.314238e-03	-1.050802e-02	-1.797437e-04	7.213915e-03	-1.047700e-04	1.196418e-04
4.906440e+03	4.228827e-03	-1.140604e-02	1.794862e-04	-4.091107e-03	3.150635e-04	-1.261661e-04
4.918830e+03	1.197092e-02	-4.075899e-03	1.517748e-05	-1.180337e-02	-2.608967e-05	-1.645429e-04
4.931220e+03	1.022810e-02	6.789453e-03	-8.371649e-05	-1.038552e-02	4.111131e-05	1.464505e-04
4.943610e+03	1.581112e-03	1.294090e-02	-1.703817e-04	-1.428842e-03	-9.142631e-05	-1.199973e-04
4.956000e+03	-9.642094e-03	8.584202e-03	-9.888094e-05	9.383025e-03	2.019028e-05	2.003291e-04
4.968390e+03	-1.280000e-02	-1.649359e-03	-1.236298e-04	1.258350e-02	2.465986e-04	2.694392e-04
4.980780e+03	-6.172792e-03	-1.151551e-02	-2.357671e-04	6.423554e-03	-1.775506e-05	-2.471398e-04
4.993170e+03	4.097891e-03	-1.195339e-02	3.897383e-04	-4.464754e-03	-6.775526e-05	3.758935e-04
5.005560e+03	1.247793e-02	-4.068590e-03	-4.520470e-05	-1.245802e-02	3.695086e-05	-2.183291e-07
5.017950e+03	1.044848e-02	7.009728e-03	1.693202e-05	-1.058603e-02	1.859560e-04	1.448094e-04
5.030340e+03	1.219722e-03	1.274882e-02	2.243352e-05	-1.390926e-03	3.043350e-05	1.549662e-04
5.042730e+03	-9.433585e-03	8.603448e-03	-2.406419e-05	9.210346e-03	3.287931e-05	1.397065e-04
5.055120e+03	-1.201681e-02	-1.885569e-03	4.413856e-04	1.208755e-02	-3.141634e-05	-1.085526e-04
5.067510e+03	-5.937289e-03	-1.069816e-02	-1.159023e-05	5.898817e-03	4.683993e-05	2.516402e-05
5.079900e+03	4.590619e-03	-1.131591e-02	9.414355e-05	-4.514506e-03	1.265574e-05	-7.323604e-05
5.092290e+03	1.237416e-02	-3.288775e-03	2.509485e-04	-1.217199e-02	-1.249170e-05	-1.914619e-04
5.104680e+03	1.009074e-02	7.482941e-03	-5.925673e-05	-9.898847e-03	7.238125e-05	-3.013471e-04
5.117070e+03	-1.390948e-04	1.249510e-02	6.461534e-05	9.276043e-05	1.086221e-04	1.970062e-05
5.129460e+03	-1.092780e-02	7.534026e-03	-2.435631e-04	1.038784e-02	1.247844e-04	3.296613e-04
5.141850e+03	-1.246200e-02	-3.602684e-03	2.927153e-04	1.210337e-02	-8.755242e-05	4.607484e-04
5.154240e+03	-4.749065e-03	-1.201165e-02	-3.537247e-04	4.693242e-03	-6.475136e-05	2.732265e-05
5.166630e+03	6.368224e-03	-1.112386e-02	-3.568266e-04	-6.358548e-03	2.005677e-04	-1.556531e-05
5.179020e+03	1.259482e-02	-1.863489e-03	2.083037e-05	-1.259513e-02	2.865207e-05	4.208248e-06
5.191410e+03	9.474153e-03	8.842794e-03	-3.138745e-04	-9.323886e-03	7.629295e-05	-1.528531e-04
5.203800e+03	-4.570540e-04	1.289134e-02	-2.911111e-04	6.923116e-04	1.329452e-04	-2.239288e-04
5.216190e+03	-1.019458e-02	6.390987e-03	2.918063e-05	1.020200e-02	-5.976284e-06	-4.016308e-06
5.228580e+03	-1.117931e-02	-4.280306e-03	2.507654e-04	1.116235e-02	-8.814484e-05	-4.252517e-05
5.240970e+03	-3.607366e-03	-1.131947e-02	-1.264118e-05	3.537428e-03	-3.368405e-05	6.935528e-05
5.253360e+03	6.951974e-03	-1.026381e-02	-1.325632e-05	-6.828948e-03	1.902323e-06	-1.035189e-04
5.265750e+03	1.226556e-02	-7.155026e-04	5.629140e-05	-1.197173e-02	2.521194e-05	-3.025615e-04
5.278140e+03	8.109682e-03	9.217112e-03	4.269798e-05	-8.139260e-03	4.927775e-04	4.316548e-06
5.290530e+03	-3.460242e-03	1.168858e-02	2.103510e-04	3.205426e-03	-2.669947e-06	2.480398e-04
5.302920e+03	-1.113857e-02	5.013973e-03	9.274322e-05	1.105180e-02	4.079248e-05	2.777494e-04
5.315310e+03	-1.128229e-02	-5.903296e-03	1.808147e-05	1.108509e-02	-7.639264e-06	1.623069e-04
5.327700e+03	-1.311262e-03	-1.247429e-02	9.333503e-06	1.547266e-03	-1.251087e-05	-2.335315e-04
5.340090e+03	8.377477e-03	-8.707159e-03	2.883667e-04	-8.570541e-03	2.427868e-04	2.033152e-04
5.352480e+03	1.203793e-02	1.257467e-03	-1.524951e-04	-1.223154e-02	1.129102e-04	1.352935e-04
5.364870e+03	7.121702e-03	1.019544e-02	-6.386169e-05	-6.952525e-03	1.099787e-04	-1.495705e-04
5.377260e+03	-3.912793e-03	1.172523e-02	3.723653e-04	3.784786e-03	1.758509e-05	1.194052e-04
5.389650e+03	-1.066839e-02	3.412855e-03	-2.173610e-05	1.092526e-02	1.670805e-05	-2.481604e-04
5.402040e+03	-1.038175e-02	-6.600064e-03	-5.354816e-05	9.981666e-03	1.003836e-04	3.177421e-04
5.414430e+03	-9.424277e-04	-1.169992e-02	2.299506e-04	8.376998e-04	-6.159139e-05	1.029718e-04
5.426820e+03	8.796383e-03	-7.381604e-03	8.552739e-05	-8.758740e-03	1.364284e-05	-4.145298e-05
5.439210e+03	1.123827e-02	2.645751e-03	-2.269424e-04	-1.112691e-02	1.031354e-04	-7.336042e-05
5.451600e+03	4.434062e-03	1.086104e-02	3.175253e-05	-4.711140e-03	-9.599153e-05	2.953656e-04
5.463990e+03	-5.692811e-03	1.040071e-02	-1.148869e-04	5.670623e-03	9.046220e-05	2.016798e-05
5.476380e+03	-1.179480e-02	1.435469e-03	-1.399357e-04	1.179985e-02	-1.119264e-04	6.749475e-05
5.488770e+03	-8.280367e-03	-8.353854e-03	2.098185e-05	8.233601e-03	-6.372301e-06	4.185757e-05
5.501160e+03	1.726967e-03	-1.164715e-02	6.232881e-05	-1.571887e-03	-2.514174e-05	-1.437817e-04
5.513550e+03	1.009299e-02	-5.667347e-03	1.715448e-05	-1.022647e-02	5.878398e-05	2.037845e-04
5.525940e+03	1.059896e-02	4.326981e-03	2.508657e-05	-1.071976e-02	8.499507e-07	6.420206e-06
5.538330e+03	3.206096e-03	1.113260e-02	-1.934935e-05	-3.384079e-03	1.585096e-04	1.904688e-04
5.550720e+03	-6.469522e-03	8.911479e-03	1.180783e-04	6.522849e-03	4.400511e-05	-5.851288e-05
5.563110e+03	-1.065952e-02	4.336830e-04	-1.156444e-04	1.078363e-02	-1.923151e-05	-2.656344e-04
5.575500e+03	-7.195307e-03	-8.495409e-03	-1.366486e-04	7.030239e-03	2.087429e-05	1.394900e-04
5.587890e+03	2.864083e-03	-1.046893e-02	-8.640386e-05	-2.707514e-03	1.042486e-05	-1.510542e-04
5.600280e+03	1.020640e-02	-4.385767e-03	1.438271e-04	-9.906498e-03	-1.597481e-05	-2.349420e-04
5.612670e+03	8.984104e-03	5.783279e-03	-1.678430e-04	-9.229677e-03	2.089969e-05	1.059314e-04
5.625060e+03	1.605709e-03	1.058101e-02	2.280598e-05	-1.359686e-03	8.512377e-05	-2.032931e-04
5.637450e+03	-8.388544e-03	7.468698e-03	6.012072e-05	8.074674e-03	-5.081918e-06	3.435741e-04
5.649840e+03	-1.038933e-02	-2.324214e-03	-3.454007e-05	1.047502e-02	2.894828e-05	-6.006214e-05
5.662230e+03	-4.842827e-03	-9.958762e-03	-2.379750e-04	4.742399e-03	5.862518e-05	5.586033e-05
5.674620e+03	5.450566e-03	-1.004237e-02	7.866798e-04	-4.497323e-03	-1.133499e-04	-9.740087e-04
5.687010e+03	1.010000e-02	-1.772905e-03	2.888920e-05	-1.035297e-02	7.004634e-05	2.388092e-04
5.699400e+03	8.500377e-03	7.036508e-03	-1.538882e-05	-8.290459e-03	8.271578e-05	-1.301887e-04
5.711790e+03	-8.092731e-04	1.063744e-02	2.593494e-04	7.161273e-04	8.571214e-06	5.888164e-05
5.724180e+03	-8.165367e-03	5.653295e-03	-1.119100e-04	8.316081e-03	9.160114e-05	-1.492472e-04
5.736570e+03	-9.524138e-03	-3.666914e-03	3.431669e-05	9.509203e-03	-8.779754e-06	5.013643e-05
5.748960e+03	-2.566992e-03	-9.779820e-03	2.798566e-05	2.825985e-03	-5.773751e-06	-2.222084e-04
5.761350e+03	6.127829e-03	-8.395859e-03	-2.724400e-05	-6.086503e-03	-6.560239e-06	-5.075014e-05
5.773740e+03	1.000399e-02	-3.943053e-04	-7.277292e-05	-9.741779e-03	3.293285e-05	-2.340103e-04
5.786130e+03	6.465500e-03	8.715754e-03	-5.573699e-05	-6.492567e-03	8.800168e-05	2.398265e-05
5.798520e+03	-2.723793e-03	9.273746e-03	-5.057983e-05	2.877881e-03	7.442887e-06	-1.380683e-04
5.810910e+03	-9.731178e-03	3.233328e-03	5.142195e-05	9.411780e-03	4.924981e-05	2.745437e-04
5.823300e+03	-8.928084e-03	-5.618391e-03	-1.767433e-04	8.750910e-03	3.963579e-05	1.836048e-04
5.835690e+03	-2.900502e-04	-1.031354e-02	7.848972e-05	5.437769e-04	2.661228e-05	-2.418177e-04
5.848080e+03	7.604711e-03	-6.402901e-03	3.228207e-05	-7.802200e-03	-6.738316e-06	1.358589e-04
5.860470e+03	9.418689e-03	1.756459e-03	-1.360000e-04	-9.396844e-03	4.628918e-05	-1.395131e-04
5.872860e+03	4.289070e-03	8.891695e-03	-1.104269e-05	-4.393428e-03	-4.222506e-05	7.567007e-05
5.885250e+03	-4.578005e-03	8.360773e-03	1.033278e-04	4.479812e-03	-3.958264e-06	6.798707e-05
5.897640e+03	-8.842192e-03	1.890071e-03	2.280792e-04	8.989015e-03	1.663976e-05	-1.521140e-04
5.910030e+03	-6.300519e-03	-6.219976e-03	-1.627957e-04	6.559623e-03	-3.064070e-05	-2.455953e-04
5.922420e+03	1.259810e-03	-9.604519e-03	1.671609e-04	-1.068820e-03	-2.848713e-05	-1.800085e-04
5.934810e+03	8.037843e-03	-4.645938e-03	3.913034e-05	-8.007277e-03	1.754854e-04	-4.387263e-05
5.947200e+03	9.065157e-03	3.409819e-03	-2.098764e-04	-8.523995e-03	1.111845e-04	-4.073464e-04
5.959590e+03	1.975481e-03	9.123144e-03	1.992523e-05	-1.893972e-03	6.188680e-05	-6.001984e-05
5.971980e+03	-6.245879e-03	6.450647e-03	-5.487968e-05	6.337479e-03	4.210733e-05	-9.741067e-05
5.984370e+03	-8.899653e-03	-4.374868e-04	-9.811767e-05	8.895768e-03	2.715726e-05	7.984156e-06
5.996760e+03	-4.831424e-03	-8.387005e-03	-1.137162e-04	4.913377e-03	-4.442984e-06	-8.359660e-05
6.009150e+03	3.225097e-03	-9.083670e-03	1.759890e-04	-3.391975e-03	-3.686901e-05	1.620479e-04
6.021540e+03	9.439777e-03	-2.518143e-03	2.615124e-04	-9.359915e-03	5.233642e-06	-8.528911e-05
6.033930e+03	7.990341e-03	5.133756e-03	2.599308e-04	-7.712344e-03	9.534128e-05	-2.871515e-04
6.046320e+03	3.183642e-05	9.325100e-03	1.710436e-04	-3.259273e-04	2.918837e-04	3.014972e-04
6.058710e+03	-7.015839e-03	5.552796e-03	-2.309744e-04	7.091854e-03	3.120010e-05	-7.943220e-05
6.071100e+03	-8.218952e-03	-2.290631e-03	-4.439471e-05	8.250511e-03	-1.967774e-05	-2.874439e-05
6.083490e+03	-2.636381e-03	-8.398486e-03	-1.087172e-04	3.136253e-03	6.741057e-05	-5.056692e-04
6.095880e+03	5.114847e-03	-7.189651e-03	-5.805139e-05	-4.803301e-03	-4.595102e-05	-3.192207e-04
6.108270e+03	8.625180e-03	-4.009977e-04	3.045313e-04	-8.458072e-03	1.741859e-05	-2.145978e-04
6.120660e+03	5.813139e-03	7.122202e-03	-6.461719e-05	-5.690387e-03	1.148721e-04	-1.073605e-04
6.133050e+03	-1.780075e-03	8.636493e-03	-9.245111e-05	1.959950e-03	7.376330e-05	-1.692182e-04
6.145440e+03	-8.290872e-03	3.169589e-03	-1.447684e-04	8.352621e-03	-3.272796e-05	-2.006337e-05
6.157830e+03	-7.576380e-03	-4.573914e-03	-1.164940e-04	7.594792e-03	2.873750e-05	1.420749e-05
6.170220e+03	-1.072602e-03	-8.923795e-03	4.091291e-05	1.005119e-03	-4.754116e-05	6.881583e-05
6.182610e+03	6.700079e-03	-6.023115e-03	-1.247358e-05	-6.695755e-03	2.604311e-05	-5.552277e-05
6.195000e+03	9.016372e-03	1.829701e-03	2.583888e-05	-8.810358e-03	-1.635878e-05	-1.686521e-04
6.207390e+03	4.414677e-03	7.853474e-03	1.590619e-04	-4.268595e-03	5.575150e-05	-1.389549e-04
6.219780e+03	-3.728589e-03	8.334197e-03	-5.400657e-05	4.104305e-03	-2.073834e-04	-4.078794e-04
6.232170e+03	-8.521110e-03	1.819691e-03	1.030224e-04	8.348762e-03	-9.887666e-05	1.911570e-04
6.244560e+03	-6.267731e-03	-5.692943e-03	2.921251e-05	6.295402e-03	-1.467993e-05	-2.062372e-05
6.256950e+03	1.049581e-03	-8.571485e-03	-2.482819e-04	-8.241198e-04	3.602488e-05	-2.160321e-04
6.269340e+03	7.291595e-03	-4.258132e-03	9.355464e-05	-7.211838e-03	-8.450740e-06	-7.486491e-05
6.281730e+03	7.840593e-03	3.832818e-03	1.119452e-04	-7.876322e-03	4.746692e-05	2.417107e-06
6.294120e+03	1.442290e-03	8.458109e-03	-1.206627e-05	-1.624735e-03	5.537770e-05	1.678282e-04
6.306510e+03	-5.403575e-03	6.593347e-03	-5.326507e-04	5.564338e-03	1.537828e-04	-1.513437e-04
6.318900e+03	-9.047268e-03	-5.359790e-04	-1.639525e-04	9.006718e-03	-1.866251e-05	4.645386e-05
6.331290e+03	-4.778393e-03	-7.278223e-03	-4.594623e-07	4.919224e-03	-8.351567e-06	-1.357705e-04
6.343680e+03	2.443314e-03	-8.702698e-03	-1.774351e-06	-2.568573e-03	-5.920400e-05	1.284296e-04
6.356070e+03	8.688800e-03	-2.517919e-03	7.453503e-07	-8.795738e-03	3.949312e-05	1.059883e-04
6.368460e+03	8.086016e-03	5.301476e-03	1.639213e-04	-7.772688e-03	1.059663e-04	-3.577470e-04
6.380850e+03	9.291748e-04	9.027092e-03	7.363665e-05	-7.729841e-04	1.211007e-04	-1.733938e-04
6.393240e+03	-6.973373e-03	5.499803e-03	-7.762646e-05	6.996568e-03	5.207889e-05	-1.625539e-05
6.405630e+03	-8.706464e-03	-1.843555e-03	-2.340460e-04	8.529434e-03	6.494134e-05	2.002058e-04
6.418020e+03	-3.063909e-03	-8.599887e-03	3.280004e-04	3.439073e-03	-1.338602e-04	-3.556435e-04
6.430410e+03	4.272310e-03	-7.458170e-03	-2.371135e-04	-4.204721e-03	8.578394e-05	-8.259137e-05
6.442800e+03	8.483845e-03	-1.148999e-03	9.695006e-05	-8.452350e-03	2.237535e-06	-6.964457e-05
6.455190e+03	6.308521e-03	5.994939e-03	-2.697643e-04	-6.104997e-03	1.437996e-04	-2.363998e-04
6.467580e+03	-1.190971e-03	8.878864e-03	-2.517562e-04	1.200008e-03	1.204630e-04	-2.523429e-05
6.479970e+03	-8.330263e-03	4.046798e-03	-1.768749e-04	8.165428e-03	-2.331135e-05	2.848048e-05
6.492360e+03	-8.116740e-03	-4.060148e-03	-2.500798e-05	8.421829e-03	6.774718e-05	-1.937543e-04
6.504750e+03	-2.250916e-03	-8.809303e-03	-5.451829e-05	2.167664e-03	1.107176e-05	8.520473e-05
6.517140e+03	6.200732e-03	-7.232838e-03	-5.801528e-05	-6.029430e-03	2.148623e-05	-1.567804e-04
6.529530e+03	8.649211e-03	3.060814e-04	2.160031e-04	-8.731549e-03	4.354341e-05	8.004465e-05
6.541920e+03	5.553075e-03	7.427230e-03	-8.504811e-05	-5.376037e-03	6.561350e-05	-7.603653e-05
6.554310e+03	-2.322134e-03	8.484924e-03	1.366257e-04	2.401612e-03	2.697829e-05	-7.872365e-05
6.566700e+03	-8.633476e-03	2.887172e-03	-1.278411e-04	8.462637e-03	7.314254e-05	1.633631e-04
6.579090e+03	-6.865949e-03	-4.830172e-03	-5.863426e-05	6.879647e-03	9.153395e-05	-9.110089e-06
6.591480e+03	-5.813160e-04	-8.701715e-03	3.567592e-05	6.452702e-04	1.616823e-05	-6.445157e-05
6.603870e+03	7.206101e-03	-5.323290e-03	2.158953e-05	-6.775655e-03	2.180518e-05	-3.368315e-04
6.616260e+03	8.577734e-03	1.841935e-03	-1.008934e-04	-8.416391e-03	5.698476e-05	-1.490845e-04
6.628650e+03	4.185163e-03	7.826668e-03	5.442991e-05	-3.890776e-03	3.365440e-05	-2.946484e-04
6.641040e+03	-4.353835e-03	8.045369e-03	3.696380e-05	4.146061e-03	-3.901850e-06	1.834902e-04
6.653430e+03	-8.308743e-03	9.974408e-04	-3.174686e-06	8.395707e-03	-1.076416e-05	-1.169807e-04
6.665820e+03	-6.799757e-03	-6.380181e-03	8.489206e-05	6.593114e-03	-2.674513e-05	1.154882e-04
6.678210e+03	5.794626e-04	-8.813411e-03	3.981887e-04	-7.318066e-04	9.139037e-05	1.396634e-04
6.690600e+03	7.623269e-03	-5.349897e-03	-1.218487e-04	-7.479195e-03	3.438450e-05	-1.669920e-04
6.702990e+03	9.005867e-03	3.630019e-03	1.647192e-04	-8.910005e-03	4.371523e-05	-9.370292e-05
6.715380e+03	2.497030e-03	8.422670e-03	-3.045109e-04	-2.471454e-03	1.127017e-04	-1.763727e-05
6.727770e+03	-4.715732e-03	6.555106e-03	3.352530e-05	4.883567e-03	5.529561e-05	-1.635596e-04
6.740160e+03	-8.470480e-03	1.796118e-04	-1.352028e-04	8.190562e-03	1.877489e-04	2.715782e-04
6.752550e+03	-5.442755e-03	-6.820898e-03	-2.034534e-04	5.249763e-03	3.923920e-05	1.705477e-04
6.764940e+03	1.967710e-03	-7.763176e-03	-5.543119e-05	-2.180743e-03	1.715737e-05	1.846548e-04
6.777330e+03	8.120369e-03	-2.879484e-03	6.986098e-05	-7.838199e-03	2.603062e-05	-3.131263e-04
6.789720e+03	6.665663e-03	4.365908e-03	-6.452953e-05	-6.732049e-03	3.932568e-05	6.245611e-05
6.802110e+03	5.671609e-04	8.268388e-03	-1.779503e-04	-6.200800e-04	7.865880e-05	4.765678e-05
6.814500e+03	-6.007113e-03	5.885850e-03	9.004474e-05	5.932054e-03	1.312057e-05	7.742706e-05
6.826890e+03	-8.619813e-03	-2.098416e-03	1.859485e-03	9.409705e-03	3.698881e-04	-7.938858e-04
6.839280e+03	-3.417676e-03	-8.032898e-03	-9.701131e-05	3.558554e-03	8.959125e-06	-1.456527e-04
6.851670e+03	4.145482e-03	-7.030504e-03	2.094458e-05	-4.103135e-03	1.790365e-04	-3.540396e-05
6.864060e+03	8.066163e-03	-1.639557e-03	-5.719191e-06	-8.074214e-03	4.916147e-05	7.526865e-06
6.876450e+03	6.101358e-03	5.891914e-03	4.393999e-05	-6.258200e-03	5.928346e-05	1.379297e-04
6.888840e+03	1.043590e-05	9.279916e-03	-4.479248e-04	-7.067219e-04	5.258247e-04	7.602069e-04
6.901230e+03	-7.100954e-03	4.238706e-03	6.795697e-05	7.135260e-03	-6.491049e-05	1.565331e-05
6.913620e+03	-7.071455e-03	-2.512964e-03	-1.003475e-04	7.134498e-03	4.869270e-05	-7.617289e-05
6.926010e+03	-2.179238e-03	-7.514166e-03	1.290543e-04	2.250854e-03	6.482781e-05	-8.425848e-05
6.938400e+03	4.525658e-03	-6.503507e-03	-1.429846e-05	-4.390225e-03	1.168654e-04	-1.365974e-04
6.950790e+03	7.755807e-03	-2.170716e-04	-1.310424e-04	-7.561457e-03	5.048929e-05	-2.208619e-04
6.963180e+03	4.956565e-03	6.074132e-03	7.330958e-05	-4.875122e-03	5.235523e-05	-1.126574e-04
6.975570e+03	-2.052792e-03	7.601152e-03	-2.335640e-04	2.044920e-03	1.297065e-04	-1.624702e-05
6.987960e+03	-7.088693e-03	3.061662e-03	5.419808e-05	7.113136e-03	-8.892495e-05	-3.993855e-05
7.000350e+03	-6.542687e-03	-4.002511e-03	-6.572297e-05	6.711186e-03	-1.005782e-04	-6.967501e-05
7.012740e+03	-7.006300e-04	-8.034449e-03	4.674655e-05	9.491649e-04	-6.650450e-05	-2.019653e-04
7.025130e+03	5.537117e-03	-5.168916e-03	-1.527238e-04	-5.562066e-03	2.615133e-05	7.370746e-05
7.037520e+03	7.174181e-03	1.489734e-03	-6.431004e-04	-7.370018e-03	7.063063e-04	1.741076e-04
7.049910e+03	4.037624e-03	6.919804e-03	2.264638e-04	-3.931383e-03	-6.499612e-06	-1.159638e-04
7.062300e+03	-2.445725e-03	6.513863e-03	-2.174159e-04	2.733537e-03	1.145616e-04	-2.540205e-04
7.074690e+03	-7.182925e-03	1.902807e-03	-2.324132e-04	7.086830e-03	-6.877858e-05	1.642689e-04
7.087080e+03	-5.440029e-03	-4.450954e-03	-1.190681e-04	5.514163e-03	1.691500e-05	-8.293950e-05
7.099470e+03	-4.511765e-04	-7.560385e-03	-1.257628e-04	3.081514e-04	-1.346719e-05	1.395239e-04
7.111860e+03	6.009624e-03	-4.109178e-03	3.556241e-04	-6.075437e-03	-1.075798e-04	6.383427e-05
7.124250e+03	7.161318e-03	2.290433e-03	1.219244e-05	-7.032276e-03	1.338335e-04	-1.234466e-04
7.136640e+03	3.072489e-03	6.796926e-03	-2.014643e-04	-2.742497e-03	1.537591e-04	-3.259408e-04
7.149030e+03	-3.940585e-03	6.129833e-03	-5.989891e-05	3.921838e-03	4.326156e-05	2.037152e-05
7.161420e+03	-7.244107e-03	6.362336e-04	2.204515e-04	7.149712e-03	-9.360415e-05	8.348098e-05
7.173810e+03	-4.637580e-03	-6.308479e-03	-2.555978e-04	4.913260e-03	2.123227e-05	-3.003178e-04
7.186200e+03	1.807938e-03	-7.072888e-03	-6.991173e-06	-1.619900e-03	-2.699987e-05	-1.748993e-04
7.198590e+03	6.205906e-03	-3.361344e-03	-1.923707e-04	-6.249643e-03	8.271141e-05	4.083011e-05
7.210980e+03	6.671797e-03	3.101521e-03	-1.353338e-05	-6.595010e-03	6.056156e-05	-1.063963e-04
7.223370e+03	1.474956e-03	6.619771e-03	1.563944e-04	-1.442533e-03	-5.879876e-06	-3.165428e-05
7.235760e+03	-4.770116e-03	5.250743e-03	-1.086262e-04	4.548525e-03	6.258701e-05	1.989851e-04
7.248150e+03	-6.633777e-03	-2.389501e-04	6.016599e-05	6.523956e-03	-3.402662e-05	1.040501e-04
7.260540e+03	-3.534964e-03	-5.658978e-03	-6.277549e-05	3.613566e-03	-1.770212e-05	-4.849747e-05
7.272930e+03	2.395504e-03	-6.560541e-03	-3.804962e-05	-2.221694e-03	-1.031465e-05	-1.590021e-04
7.285320e+03	6.221989e-03	-1.949285e-03	3.034397e-05	-6.271482e-03	2.868807e-05	3.376096e-06
7.297710e+03	6.017691e-03	3.581751e-03	-3.783231e-05	-5.668512e-03	6.349680e-05	-3.118795e-04
7.310100e+03	3.983447e-04	6.450000e-03	1.827312e-05	-4.180192e-04	3.343927e-05	1.013226e-05
7.322490e+03	-4.989987e-03	4.301465e-03	-4.293626e-05	4.930233e-03	3.816929e-05	7.231286e-05
7.334880e+03	-6.383802e-03	-1.668904e-03	-1.467046e-04	6.341122e-03	2.574547e-05	5.606423e-05
7.347270e+03	-2.680836e-03	-5.656804e-03	-1.066194e-04	2.594461e-03	-5.011723e-06	9.275373e-05
7.359660e+03	3.352308e-03	-6.116036e-03	1.579217e-04	-3.136456e-03	-6.561669e-05	-1.640644e-04
7.372050e+03	5.925931e-03	-1.341047e-03	-2.378069e-04	-6.066878e-03	8.319445e-05	1.386417e-04
7.384440e+03	5.246743e-03	4.005990e-03	4.119650e-05	-5.010725e-03	-4.657531e-05	-2.214286e-04
7.396830e+03	-2.884089e-04	6.204586e-03	1.422414e-05	1.824012e-04	-1.151641e-07	8.721862e-05
7.409220e+03	-4.835795e-03	3.436206e-03	-2.056887e-04	4.807742e-03	7.712673e-05	1.351719e-05
7.421610e+03	-5.610720e-03	-1.629330e-03	2.550835e-04	5.453232e-03	-6.868733e-05	1.538177e-04
7.434000e+03	-1.586387e-03	-5.581125e-03	-4.035107e-04	1.827722e-03	1.503383e-04	-2.391824e-04
7.446390e+03	4.201689e-03	-4.152528e-03	-6.495115e-05	-3.868864e-03	2.944684e-05	-3.150682e-04
7.458780e+03	6.062179e-03	3.478089e-05	1.691753e-05	-5.939565e-03	-2.676987e-06	-1.269313e-04
7.471170e+03	4.182437e-03	4.152121e-03	2.301057e-05	-3.939869e-03	4.893162e-05	-2.556894e-04
7.483560e+03	-1.427765e-03	5.383180e-03	-1.720446e-04	1.320229e-03	4.580549e-05	1.050480e-04
7.495950e+03	-5.374970e-03	2.544450e-03	-2.193372e-04	5.149790e-03	6.702528e-05	2.205208e-04
7.508340e+03	-4.215202e-03	-2.958073e-03	5.689563e-05	4.562475e-03	-4.746045e-05	-2.935368e-04
7.520730e+03	-7.425728e-04	-5.371395e-03	-1.031842e-04	8.053121e-04	2.723625e-05	-1.192668e-04
7.533120e+03	4.091224e-03	-4.014499e-03	-7.010117e-05	-3.878429e-03	2.814101e-05	-1.501814e-04
7.545510e+03	4.823380e-03	4.602217e-04	1.289012e-04	-5.028842e-03	-3.325927e-05	1.680410e-04
7.557900e+03	3.190557e-03	4.056826e-03	9.599817e-05	-3.016416e-03	-1.086353e-05	-1.061053e-04
7.570290e+03	-1.619889e-03	4.430178e-03	-1.834302e-04	1.622110e-03	4.574896e-05	-4.382828e-06
7.582680e+03	-4.373041e-03	2.004719e-03	4.367551e-05	4.219675e-03	-1.739114e-05	1.454007e-04
7.595070e+03	-3.568044e-03	-2.672824e-03	-1.417091e-04	3.725243e-03	4.927567e-05	-1.669810e-04
7.607460e+03	-6.946262e-04	-5.352467e-03	-2.278041e-04	2.683367e-04	-1.004210e-04	4.682807e-04
7.619850e+03	4.187460e-03	-2.748351e-03	3.317737e-04	-3.989017e-03	-6.377955e-05	-1.932854e-04
7.632240e+03	4.603275e-03	7.402921e-04	3.672803e-06	-4.373638e-03	2.386605e-05	-2.365252e-04
7.644630e+03	2.022702e-03	4.480339e-03	1.809993e-04	-2.024900e-03	-8.696065e-06	-3.731597e-05
7.657020e+03	-2.221683e-03	3.915857e-03	-7.955489e-05	2.062579e-03	4.204797e-05	1.338540e-04
7.669410e+03	-4.087335e-03	4.565230e-04	2.452118e-05	4.191221e-03	-2.854906e-05	-1.049543e-04
7.681800e+03	-2.695033e-03	-2.531354e-03	-1.238794e-04	2.768513e-03	2.535318e-05	-6.902595e-05
7.694190e+03	3.242167e-04	-4.237987e-03	-1.586291e-05	-2.523386e-04	-8.812396e-06	-7.089319e-05
7.706580e+03	3.325611e-03	-1.953871e-03	-1.954746e-04	-3.410396e-03	8.882103e-05	6.799541e-05
7.718970e+03	3.610760e-03	1.476662e-03	9.800259e-05	-3.611060e-03	3.719642e-06	2.798758e-05
7.731360e+03	1.282882e-03	3.209095e-03	-3.362679e-05	-1.143752e-03	3.310557e-05	-1.324063e-04
7.743750e+03	-1.571862e-03	2.844392e-03	-1.525152e-04	1.749518e-03	5.968009e-05	-2.085753e-04
7.756140e+03	-2.842749e-03	-1.926966e-04	-3.629972e-06	3.193101e-03	-6.628013e-06	-3.144730e-04
7.768530e+03	-2.173314e-03	-2.567446e-03	-1.027969e-04	2.121434e-03	4.185755e-05	5.186366e-05
7.780920e+03	9.190463e-04	-3.217746e-03	6.062856e-05	-8.082835e-04	-1.137008e-05	-7.875149e-05
7.793310e+03	3.440643e-03	-1.276811e-03	4.591250e-06	-3.326726e-03	1.028054e-04	-1.215285e-04
7.805700e+03	2.502053e-03	1.776845e-03	-1.076870e-04	-2.615587e-03	4.860589e-05	9.465369e-05
7.818090e+03	3.631452e-04	3.323905e-03	-4.430607e-06	-5.059459e-04	2.511905e-05	1.315379e-04
7.830480e+03	-2.139964e-03	1.748681e-03	-1.462632e-04	2.370669e-03	-3.757758e-05	-1.794872e-04
7.842870e+03	-2.770289e-03	-2.848899e-04	2.578855e-04	2.697029e-03	-8.967852e-05	7.431055e-05
7.855260e+03	-1.435501e-03	-2.949033e-03	-2.354954e-04	1.493786e-03	1.703251e-04	-5.623745e-05
7.867650e+03	1.437889e-03	-2.460299e-03	4.148948e-05	-1.325998e-03	-3.163192e-05	-8.455859e-05
7.880040e+03	2.677793e-03	-3.900218e-04	1.175308e-04	-2.704598e-03	2.462499e-06	1.876446e-05
7.892430e+03	1.996131e-03	1.406769e-03	-1.671257e-04	-1.930365e-03	8.067166e-05	-4.670251e-05
7.904820e+03	-1.322549e-04	2.392062e-03	3.998265e-05	2.872525e-05	-4.690561e-05	1.075553e-04
7.917210e+03	-1.965883e-03	1.406018e-03	-1.651059e-04	1.837679e-03	6.772672e-05	1.104701e-04
7.929600e+03	-2.069295e-03	-1.051057e-03	1.323689e-04	2.069546e-03	-6.660737e-05	3.477541e-05
7.941990e+03	-5.569335e-04	-2.030722e-03	-6.559257e-05	5.296337e-04	4.096871e-05	3.603659e-05
7.954380e+03	1.458640e-03	-1.414452e-03	-1.750912e-04	-1.444506e-03	2.148344e-04	-4.836745e-05
7.966770e+03	2.256546e-03	2.907880e-04	2.204060e-04	-2.321194e-03	-1.905076e-04	1.032319e-04
7.979160e+03	1.146369e-03	1.533543e-03	-6.925818e-05	-1.089227e-03	5.226237e-05	-2.683180e-05
7.991550e+03	-4.298202e-04	1.858241e-03	-1.304724e-04	4.979725e-04	-2.572822e-05	-1.023951e-04
8.003940e+03	-1.738717e-03	4.223485e-04	6.770241e-05	1.712271e-03	-3.095282e-05	3.517275e-05
8.016330e+03	-1.011896e-03	-1.199420e-03	3.694980e-06	1.207037e-03	-4.702082e-05	-1.618971e-04
8.028720e+03	-7.399432e-05	-1.734442e-03	-9.297904e-05	9.667195e-05	1.533830e-04	-9.889724e-05
8.041110e+03	1.456128e-03	-5.717014e-04	-2.652256e-05	-1.519880e-03	-1.244815e-05	8.809098e-05
8.053500e+03	1.375042e-03	7.993147e-04	5.903696e-05	-1.411326e-03	3.883621e-05	5.341424e-05
8.065890e+03	2.167997e-04	1.169301e-03	-9.722088e-05	-1.906125e-04	3.353171e-05	-5.083819e-05
8.078280e+03	-7.326972e-04	1.089236e-03	7.325466e-05	7.414430e-04	2.959926e-06	6.194636e-07
8.090670e+03	-1.459766e-03	-2.246519e-04	-1.513983e-04	1.414912e-03	4.665514e-05	4.219273e-05
8.103060e+03	-3.784215e-04	-1.378104e-03	1.069015e-04	4.943564e-04	-4.451758e-05	-1.262478e-04
8.115450e+03	4.742279e-04	-1.013828e-03	-3.039009e-05	-5.883145e-04	2.983781e-05	1.026166e-04
8.127840e+03	1.438666e-03	-8.359629e-05	-4.495180e-05	-1.373514e-03	2.942624e-05	-6.687763e-05
8.140230e+03	1.014527e-03	8.994739e-04	-2.546277e-05	-9.253645e-04	1.446339e-05	-8.644613e-05
8.152620e+03	-5.005079e-04	1.230782e-03	-1.751291e-04	4.206609e-04	5.836034e-05	1.133709e-04
8.165010e+03	-9.014410e-04	1.519509e-04	-7.435357e-05	1.090000e-03	-8.058201e-06	-2.090046e-04
8.177400e+03	-4.155872e-04	-1.004970e-03	-1.859593e-05	4.361764e-04	-1.577944e-03	-1.412562e-05
8.189790e+03	-2.352694e-04	-1.510930e-03	-2.248898e-04	1.268527e-04	1.495741e-04	1.023918e-04
8.202180e+03	8.592640e-04	-5.061841e-04	-1.780376e-04	-9.680836e-04	2.918554e-05	1.031577e-04
8.214570e+03	1.672003e-03	-1.210766e-04	1.562900e-04	-1.364511e-03	-3.931488e-05	-3.028751e-04
8.226960e+03	2.728141e-04	9.456108e-04	1.190950e-04	-3.462674e-04	-1.381723e-05	1.014701e-04
8.239350e+03	-6.431906e-04	8.541254e-04	7.971910e-05	5.836757e-04	-3.996063e-05	5.845008e-05
8.251740e+03	-3.001828e-04	-9.860792e-05	1.895832e-04	6.590381e-04	-1.096942e-05	-3.588981e-04
8.264130e+03	-5.191678e-04	-7.085166e-04	-2.405119e-04	5.300975e-04	1.454264e-04	-1.553951e-05
8.276520e+03	2.212486e-04	-1.464641e-03	4.206967e-05	-1.494439e-04	-5.235480e-05	-7.479773e-05
8.288910e+03	1.065768e-03	-2.319673e-04	1.291837e-04	-1.138203e-03	-2.090393e-05	8.943731e-05
8.301300e+03	1.421596e-03	6.129964e-04	-1.218647e-04	-1.234127e-03	7.851289e-05	-1.807845e-04
8.313690e+03	3.586144e-05	9.615219e-04	-6.848910e-05	-3.329064e-07	-4.279143e-06	-2.468582e-05
8.326080e+03	-8.508080e-04	1.042888e-03	2.703812e-05	7.094629e-04	1.316643e-05	1.198679e-04
8.338470e+03	-1.091738e-03	-4.130812e-04	-1.131928e-04	1.138174e-03	4.763477e-05	-3.038520e-05
8.350860e+03	-8.573655e-06	-8.973512e-04	-6.657202e-05	1.828434e-04	-1.494111e-05	-2.209366e-04
8.363250e+03	5.584215e-04	-8.718551e-04	1.219437e-04	-3.832472e-04	-2.620068e-05	-1.601926e-04
8.375640e+03	1.178758e-03	-1.541548e-04	-1.123391e-04	-1.068222e-03	3.704985e-05	-1.144104e-04
8.388030e+03	3.698559e-04	8.433860e-04	2.512342e-05	-4.177914e-04	9.697022e-06	1.710345e-05
8.400420e+03	1.299221e-04	8.764893e-04	-1.412420e-04	-6.088607e-06	4.513193e-05	-1.045227e-04
8.412810e+03	-9.938639e-04	3.510186e-04	6.093588e-05	9.079997e-04	-2.421337e-05	8.407700e-05
8.425200e+03	-3.994602e-04	-7.292788e-04	-2.405053e-05	7.770660e-04	5.315848e-05	-3.901162e-04
8.437590e+03	5.168092e-04	-7.370600e-04	8.268421e-05	-2.323447e-04	4.702755e-05	-2.844465e-04
8.449980e+03	6.300705e-04	-5.990175e-04	-4.058981e-05	-6.177320e-04	1.484101e-05	-2.404550e-05
8.462370e+03	1.105522e-03	1.826464e-04	-1.834902e-04	-9.843766e-04	6.576191e-06	-1.245701e-04
8.474760e+03	4.988595e-04	8.549531e-04	1.086493e-04	-4.545018e-04	9.568064e-06	-4.395855e-05
8.487150e+03	-5.336890e-04	6.549396e-04	3.212509e-05	5.030039e-04	-4.758185e-05	2.280105e-05
8.499540e+03	-5.307339e-04	-1.887613e-04	3.657081e-05	6.695651e-04	-2.644337e-05	-1.425715e-04
8.511930e+03	-7.648446e-04	-1.006597e-04	-1.497826e-04	6.246512e-04	2.005127e-05	1.401575e-04
8.524320e+03	4.791062e-04	-1.003911e-03	-8.831897e-05	-2.726122e-04	4.578925e-05	-2.320411e-04
8.536710e+03	8.692722e-05	-5.548400e-05	3.648863e-04	-3.661402e-04	-1.513175e-04	2.777203e-04
8.549100e+03	4.158525e-04	3.109690e-04	-1.588188e-04	-4.547062e-04	6.851224e-05	5.306628e-05
8.561490e+03	1.469098e-04	5.216446e-04	-1.314502e-04	-3.144186e-05	2.607766e-05	-1.181334e-04
8.573880e+03	-7.699851e-04	1.616911e-04	-1.024755e-04	7.458822e-04	7.031911e-06	2.370176e-05
8.586270e+03	-1.729053e-04	3.897079e-05	-2.186143e-04	5.318966e-04	3.873114e-05	-3.589704e-04
8.598660e+03	-8.750186e-04	2.809674e-04	5.465656e-04	5.105039e-04	-4.453645e-04	3.585165e-04
8.611050e+03	5.926570e-04	-1.083501e-03	-1.219802e-04	-3.172173e-04	1.001159e-04	-2.885220e-04
8.623440e+03	2.608096e-04	2.263263e-04	-4.303419e-05	-4.822799e-04	1.038828e-05	2.251080e-04
8.635830e+03	8.751072e-04	6.540810e-04	-1.421350e-04	-7.027095e-04	7.844136e-05	-1.725161e-04
8.648220e+03	-2.330123e-04	6.548614e-04	4.321182e-05	1.449526e-04	-2.799671e-05	8.798903e-05
8.660610e+03	-1.266177e-04	-2.782560e-05	-3.966654e-05	3.146153e-04	2.676304e-05	-1.875925e-04
8.673000e+03	-5.855644e-04	-1.617886e-05	5.656032e-05	4.198187e-04	-3.064723e-06	1.647191e-04
8.685390e+03	1.159626e-04	-5.916682e-04	4.341089e-05	-4.014264e-05	5.518711e-05	-7.592691e-05
8.697780e+03	1.985193e-04	-5.541774e-04	-1.938464e-04	-1.883948e-04	6.200569e-05	-1.002657e-05
8.710170e+03	1.691071e-04	2.201139e-04	-1.006204e-06	-3.390350e-04	1.184138e-05	1.699279e-04
8.722560e+03	8.256672e-05	6.459989e-04	1.799988e-04	-1.614062e-04	-2.329993e-05	7.859948e-05
8.734950e+03	-4.969743e-04	2.896145e-04	-1.779871e-04	4.539764e-04	6.639368e-05	4.309895e-05
8.747340e+03	-1.780041e-04	-2.899907e-04	-5.205672e-05	3.991692e-04	-1.449965e-05	-2.209972e-04
8.759730e+03	-3.339140e-04	-4.893333e-04	1.457493e-04	2.998640e-04	-5.038096e-05	3.470433e-05
8.772120e+03	2.608716e-04	-3.552369e-04	-2.063584e-04	-2.231254e-04	7.999818e-05	-3.710608e-05
8.784510e+03	4.997012e-04	-2.633137e-04	2.687310e-04	-3.766601e-04	-9.397216e-05	-1.241173e-04
8.796900e+03	6.403235e-04	5.450402e-04	-1.208713e-04	-5.639303e-04	1.086296e-04	-7.569752e-05
8.809290e+03	-1.237158e-04	1.486399e-04	8.467103e-05	1.691646e-04	-2.079284e-05	-4.464213e-05
8.821680e+03	-5.359527e-05	4.520020e-04	-2.328213e-04	1.740802e-04	4.346073e-04	-1.206487e-04
8.834070e+03	-2.119819e-04	-2.851001e-04	-8.929691e-05	2.489361e-04	-2.517626e-05	-4.202498e-05
8.846460e+03	-2.371799e-04	-4.767985e-04	1.215287e-04	1.385450e-04	-3.681301e-05	9.940980e-05
8.858850e+03	6.226146e-04	-1.653985e-04	4.136214e-05	-5.288319e-04	-1.298836e-05	-9.426905e-05
8.871240e+03	6.258396e-04	-4.244380e-05	1.182497e-04	-4.670634e-04	-1.886288e-05	-1.578036e-04
8.883630e+03	1.893012e-04	2.161027e-04	-6.206998e-05	-6.292202e-05	1.094162e-04	-1.239804e-04
8.896020e+03	-1.117595e-04	2.282970e-04	-5.260763e-05	1.554755e-04	2.910597e-05	-4.379806e-05
8.908410e+03	-5.070841e-04	9.904930e-05	6.044316e-05	5.496910e-04	1.131810e-05	-3.878347e-05
8.920800e+03	-3.545777e-04	-5.041630e-04	3.310775e-04	2.885815e-04	-1.151929e-04	6.530949e-05
8.933190e+03	2.845839e-04	-1.353856e-04	-2.800019e-05	-2.683885e-04	4.939982e-05	-2.133717e-05
8.945580e+03	5.682637e-04	-1.607558e-04	-4.329668e-05	-1.100144e-04	-2.629541e-04	-4.592332e-04
8.957970e+03	5.608745e-05	4.594610e-05	-2.948572e-05	-8.146985e-05	4.472799e-05	3.728345e-05
8.970360e+03	-3.969658e-04	3.490516e-04	-1.807980e-04	2.475905e-04	7.475063e-05	1.496126e-04
