1.313340e+03	5.600728e-02	1.087039e-01	-3.549559e-05	-5.649279e-02	3.801566e-05	2.577518e-04
1.325730e+03	2.437636e-02	1.171320e-01	-3.619268e-05	-2.427178e-02	3.771934e-05	-2.606047e-05
1.338120e+03	-8.526590e-03	1.190945e-01	-2.168818e-05	8.640105e-03	-5.033916e-07	-9.360535e-05
1.350510e+03	-4.071547e-02	1.129686e-01	-4.305420e-06	4.048987e-02	-3.128596e-05	1.516536e-04
1.362900e+03	-6.993544e-02	9.745862e-02	7.081425e-06	6.949404e-02	-5.623757e-05	4.310978e-04
1.375290e+03	-9.444614e-02	7.463773e-02	-3.453357e-05	9.394813e-02	-3.428087e-05	6.621230e-04
1.387680e+03	-1.116995e-01	4.580301e-02	-6.712146e-06	1.107054e-01	-3.009119e-05	6.996065e-04
1.400070e+03	-1.190901e-01	1.331938e-02	1.650000e-05	1.185865e-01	-2.921995e-05	6.828905e-04
1.412460e+03	-1.181333e-01	-2.008501e-02	-1.345277e-05	1.171275e-01	-1.213786e-05	5.442041e-04
1.424850e+03	-1.076817e-01	-5.120269e-02	8.478622e-05	1.078169e-01	-1.221149e-07	5.075624e-04
1.437240e+03	-9.032043e-02	-7.909124e-02	-1.829860e-05	8.937791e-02	-1.544955e-06	8.697247e-04
1.449630e+03	-6.477766e-02	-1.010233e-01	1.870638e-05	6.369469e-02	3.052446e-05	1.079941e-03
1.462020e+03	-3.414409e-02	-1.150351e-01	9.566490e-06	3.326875e-02	2.461332e-05	8.876314e-04
1.474410e+03	-8.948087e-04	-1.189225e-01	3.603810e-05	2.404711e-04	3.564974e-05	6.408236e-04
1.486800e+03	3.184994e-02	-1.154072e-01	-4.786487e-05	-3.247316e-02	-7.538015e-05	6.257711e-04
1.499190e+03	6.253267e-02	-1.022852e-01	5.415344e-05	-6.332042e-02	3.465411e-05	7.547191e-04
1.511580e+03	8.933958e-02	-8.076450e-02	1.990591e-06	-9.027269e-02	-2.490290e-05	9.363671e-04
1.523970e+03	1.087389e-01	-5.242134e-02	2.689349e-05	-1.107465e-01	-4.069006e-05	1.189788e-03
1.536360e+03	1.201473e-01	-1.847030e-02	2.945100e-05	-1.211311e-01	7.327452e-05	9.904956e-04
1.548750e+03	1.209441e-01	1.685896e-02	4.404530e-06	-1.208472e-01	-4.598603e-05	6.629194e-04
1.561140e+03	1.106078e-01	5.138740e-02	-6.264784e-06	-1.117007e-01	6.680787e-05	5.836666e-04
1.573530e+03	9.168235e-02	8.201276e-02	-3.786395e-05	-9.226253e-02	6.293240e-05	6.318660e-04
1.585920e+03	6.408392e-02	1.061417e-01	-6.604755e-05	-6.487295e-02	6.976012e-05	7.769073e-04
1.598310e+03	2.981354e-02	1.216435e-01	-9.027531e-05	-3.050905e-02	5.220570e-05	7.812437e-04
1.610700e+03	-8.259061e-03	1.250000e-01	-8.910383e-05	7.647717e-03	8.625455e-06	6.043787e-04
1.623090e+03	-4.575411e-02	1.174773e-01	-8.861045e-05	4.534625e-02	-2.214641e-05	4.067098e-04
1.635480e+03	-7.972880e-02	9.896824e-02	-1.313457e-04	7.952860e-02	-4.462648e-05	1.790849e-04
1.647870e+03	-1.082531e-01	7.018384e-02	5.767017e-05	1.074828e-01	-1.196833e-04	3.541144e-04
1.660260e+03	-1.264349e-01	3.324302e-02	-4.093948e-05	1.254349e-01	-7.507230e-05	5.261475e-04
1.672650e+03	-1.310000e-01	-9.148218e-03	6.629792e-05	1.300000e-01	-9.567898e-05	4.374841e-04
1.685040e+03	-1.218830e-01	-5.187910e-02	7.515399e-05	1.220222e-01	-5.016915e-05	1.778448e-04
1.697430e+03	-9.867276e-02	-8.963083e-02	5.249291e-05	9.866968e-02	-3.001680e-05	1.591714e-05
1.709820e+03	-6.382935e-02	-1.183356e-01	8.755966e-05	6.398250e-02	1.072949e-05	-2.113881e-04
1.722210e+03	-2.076719e-02	-1.341825e-01	2.723210e-05	2.096863e-02	3.469968e-06	-1.834930e-04
1.734600e+03	2.653176e-02	-1.341304e-01	9.750189e-05	-2.638171e-02	1.049339e-04	-1.502970e-04
1.746990e+03	7.233946e-02	-1.182205e-01	2.897702e-05	-7.223774e-02	2.109058e-05	-7.698195e-05
1.759380e+03	1.112843e-01	-8.572996e-02	4.018269e-05	-1.112677e-01	3.281760e-05	-1.127327e-04
1.771770e+03	1.359639e-01	-4.050485e-02	3.806575e-05	-1.359639e-01	9.874999e-05	-3.230568e-04
1.784160e+03	1.419917e-01	1.215595e-02	1.230317e-05	-1.419917e-01	1.081647e-04	-4.123088e-04
1.796550e+03	1.297825e-01	6.466317e-02	-3.026401e-05	-1.297901e-01	9.172110e-05	-2.270105e-04
1.808940e+03	9.621575e-02	1.096761e-01	-6.776140e-05	-9.600833e-02	5.519552e-05	-2.005491e-04
1.821330e+03	4.692301e-02	1.402253e-01	-1.483495e-04	-4.671621e-02	7.411330e-05	-1.887073e-04
1.833720e+03	-1.177725e-02	1.486587e-01	-2.361060e-04	1.190935e-02	2.026041e-05	-1.177278e-04
1.846110e+03	-7.028874e-02	1.324831e-01	-1.352131e-04	7.035531e-02	-1.375011e-04	-1.843427e-04
1.858500e+03	-1.190142e-01	9.421857e-02	-1.110297e-05	1.196444e-01	-2.167596e-04	-5.063447e-05
1.870890e+03	-1.499771e-01	3.710139e-02	-2.059893e-05	1.499800e-01	-1.900004e-04	7.404561e-05
1.883280e+03	-1.530290e-01	-3.002426e-02	1.696209e-04	1.525218e-01	-1.742489e-04	3.833092e-04
1.895670e+03	-1.270524e-01	-9.398209e-02	9.917043e-05	1.260632e-01	-1.022042e-04	5.894629e-04
1.908060e+03	-7.342205e-02	-1.416804e-01	3.123872e-04	7.285829e-02	5.063057e-05	7.528526e-04
1.920450e+03	-2.782551e-03	-1.598999e-01	5.377773e-05	1.747466e-03	-4.331823e-05	1.040333e-03
1.932840e+03	7.205301e-02	-1.459487e-01	1.918524e-04	-7.335342e-02	2.652693e-04	1.263064e-03
1.945230e+03	1.340560e-01	-9.530743e-02	6.589674e-05	-1.354830e-01	1.372899e-04	1.626761e-03
1.957620e+03	1.649470e-01	-1.715676e-02	-3.678631e-06	-1.669474e-01	1.780502e-04	2.017573e-03
1.970010e+03	1.522745e-01	6.940793e-02	-5.219044e-05	-1.542680e-01	2.522284e-04	2.341459e-03
1.982400e+03	9.211417e-02	1.398080e-01	-2.058748e-04	-9.432384e-02	2.847984e-04	2.181658e-03
1.994790e+03	-5.080409e-04	1.665890e-01	-3.396601e-04	-1.673171e-03	6.514038e-05	2.139201e-03
2.007180e+03	-9.562429e-02	1.359792e-01	-3.783495e-04	9.373807e-02	-1.798528e-04	1.521661e-03
2.019570e+03	-1.532417e-01	5.096179e-02	-3.552384e-05	1.527245e-01	-4.577806e-04	7.467805e-04
2.031960e+03	-1.444865e-01	-5.725751e-02	2.162918e-04	1.444865e-01	-4.236718e-04	-2.090120e-04
2.044350e+03	-6.510699e-02	-1.291952e-01	4.238844e-04	6.663223e-02	-2.425579e-04	-1.549720e-03
2.056740e+03	3.855237e-02	-1.258562e-01	3.540526e-04	-3.584656e-02	7.280961e-05	-2.740953e-03
2.069130e+03	1.030783e-01	-5.290412e-02	2.046076e-04	-9.902017e-02	3.390670e-04	-4.220117e-03
2.081520e+03	9.114509e-02	3.246859e-02	-1.764530e-04	-8.588563e-02	2.449658e-04	-5.146037e-03
2.093910e+03	2.658800e-02	6.899687e-02	-3.473405e-04	-2.118679e-02	2.336449e-04	-5.468403e-03
2.106300e+03	-2.882072e-02	4.171175e-02	-3.873680e-04	3.415584e-02	-2.097361e-04	-5.380159e-03
2.118690e+03	-2.771983e-02	-6.919656e-03	-1.484742e-04	3.332792e-02	-1.721565e-04	-5.629187e-03
2.131080e+03	5.586595e-03	-1.629122e-02	2.034853e-04	-7.844222e-04	-2.692166e-04	-4.798602e-03
2.143470e+03	1.608696e-02	1.035524e-02	3.602228e-05	-1.207195e-02	-1.620390e-04	-4.140005e-03
2.155860e+03	-1.040788e-02	2.447884e-02	2.552688e-04	1.404428e-02	-9.638911e-05	-3.708928e-03
2.168250e+03	-3.687671e-02	6.760737e-04	1.835353e-04	3.976142e-02	3.641540e-05	-2.988135e-03
2.180640e+03	-2.694140e-02	-3.938789e-02	1.933891e-04	2.830133e-02	3.496362e-04	-1.329055e-03
2.193030e+03	1.701074e-02	-5.326946e-02	-9.220087e-05	-1.833893e-02	4.238566e-04	1.335392e-03
2.205420e+03	5.764652e-02	-2.229838e-02	-4.281451e-04	-6.209055e-02	1.903715e-04	4.329743e-03
2.217810e+03	5.890348e-02	3.544639e-02	-4.789867e-04	-6.527954e-02	-5.350443e-05	6.391754e-03
2.230200e+03	1.010370e-02	7.772117e-02	-3.247306e-04	-1.704793e-02	-3.933710e-04	6.900625e-03
2.242590e+03	-5.721129e-02	6.601685e-02	-4.221723e-05	5.167677e-02	-5.479832e-04	5.543677e-03
2.254980e+03	-9.281365e-02	1.634506e-03	5.698987e-04	9.044865e-02	-4.504351e-04	2.578918e-03
2.267370e+03	-6.275026e-02	-7.281481e-02	6.958034e-04	6.370788e-02	-6.939677e-05	-1.007841e-03
2.279760e+03	1.970213e-02	-9.633189e-02	5.750604e-04	-1.589390e-02	5.621187e-04	-3.801313e-03
2.292150e+03	9.341672e-02	-4.637925e-02	-2.196163e-05	-8.803003e-02	5.585422e-04	-5.439890e-03
2.304540e+03	9.258408e-02	4.542507e-02	-4.697762e-04	-8.703310e-02	5.267894e-04	-5.480000e-03
2.316930e+03	1.619652e-02	9.696868e-02	-7.212990e-04	-1.242010e-02	6.096607e-05	-3.824387e-03
2.329320e+03	-6.957794e-02	6.430252e-02	-4.596371e-04	7.073871e-02	-4.552108e-04	-1.166256e-03
2.341710e+03	-8.836238e-02	-2.194508e-02	-3.271914e-05	8.733182e-02	-6.389525e-04	1.065852e-03
2.354100e+03	-3.102573e-02	-8.181600e-02	3.830963e-04	2.855110e-02	-4.246000e-04	2.514568e-03
2.366490e+03	4.786859e-02	-6.860034e-02	6.186942e-04	-5.067078e-02	9.486425e-05	2.860778e-03
2.378880e+03	8.049966e-02	4.618036e-04	3.852938e-04	-8.241370e-02	4.271619e-04	1.864173e-03
2.391270e+03	4.634487e-02	6.628128e-02	-1.193379e-05	-4.680774e-02	5.390196e-04	4.447304e-04
2.403660e+03	-2.611615e-02	7.457973e-02	-3.818524e-04	2.620826e-02	3.612422e-04	-8.205934e-05
2.416050e+03	-7.555903e-02	2.157547e-02	-5.189941e-04	7.556310e-02	-6.692731e-05	4.262199e-05
2.428440e+03	-6.059239e-02	-4.807122e-02	-3.285653e-04	6.033249e-02	-3.246743e-04	2.370784e-04
2.440830e+03	3.459281e-03	-7.557080e-02	-6.697317e-05	-4.201295e-03	-3.934171e-04	7.376126e-04
2.453220e+03	6.202305e-02	-3.958150e-02	2.339715e-04	-6.265132e-02	-2.596091e-04	5.904982e-04
2.465610e+03	6.639950e-02	2.740797e-02	3.267518e-04	-6.645859e-02	1.075740e-05	5.893194e-05
2.478000e+03	1.428641e-02	6.790662e-02	3.119975e-04	-1.369152e-02	2.459831e-04	-5.924726e-04
2.490390e+03	-4.706609e-02	4.781121e-02	-1.276311e-05	4.805581e-02	3.798222e-04	-9.451761e-04
2.502780e+03	-6.356504e-02	-1.519630e-02	-1.989544e-04	6.445001e-02	2.030075e-04	-8.597492e-04
2.515170e+03	-2.055307e-02	-6.345538e-02	-1.599550e-04	2.092052e-02	-4.855091e-05	-3.263756e-04
2.527560e+03	4.304942e-02	-5.139523e-02	-1.611837e-04	-4.319264e-02	-5.915329e-05	1.595749e-04
2.539950e+03	6.803352e-02	8.918473e-03	-8.672970e-05	-6.840994e-02	8.567468e-05	3.132305e-04
2.552340e+03	3.024583e-02	6.403880e-02	-1.223037e-04	-3.015587e-02	-1.873909e-04	-5.200584e-05
2.564730e+03	-3.766023e-02	6.293093e-02	1.858638e-05	3.811133e-02	-2.435893e-04	-4.558775e-04
2.577120e+03	-7.499918e-02	4.012669e-03	3.679719e-04	7.569918e-02	-8.650247e-05	-7.317692e-04
2.589510e+03	-4.643907e-02	-6.116270e-02	3.737603e-04	4.728602e-02	1.675959e-04	-8.750981e-04
2.601900e+03	2.403777e-02	-7.401550e-02	1.877597e-04	-2.380181e-02	3.471924e-04	-3.233214e-04
2.614290e+03	7.461428e-02	-2.276963e-02	-2.048645e-04	-7.502111e-02	3.530520e-04	4.310999e-04
2.626680e+03	6.081562e-02	4.933009e-02	-4.130078e-04	-6.170736e-02	1.735730e-04	9.380180e-04
2.639070e+03	-5.957121e-03	7.795236e-02	-4.693270e-04	4.769729e-03	-3.136055e-04	1.172757e-03
2.651460e+03	-6.743328e-02	3.959765e-02	-1.956478e-05	6.648668e-02	-4.275322e-04	9.100053e-04
2.663850e+03	-6.940809e-02	-3.249520e-02	4.203004e-04	6.905629e-02	-3.906208e-04	3.481121e-04
2.676240e+03	-1.179014e-02	-7.369169e-02	4.396001e-04	1.181850e-02	1.529631e-04	-3.497833e-05
2.688630e+03	5.578749e-02	-5.007941e-02	2.948918e-04	-5.540432e-02	3.339175e-04	-4.089043e-04
2.701020e+03	7.140191e-02	1.873620e-02	-2.993438e-04	-7.090462e-02	4.237302e-04	-5.644590e-04
2.713410e+03	2.236592e-02	6.934270e-02	-3.356225e-04	-2.182939e-02	2.302725e-04	-5.755246e-04
2.725800e+03	-4.496688e-02	5.514555e-02	-2.830200e-04	4.555631e-02	-1.216714e-04	-5.059184e-04
2.738190e+03	-6.839834e-02	-8.969501e-03	-3.503812e-05	6.884914e-02	-3.459799e-04	-4.541361e-04
2.750580e+03	-2.894223e-02	-6.246555e-02	1.846940e-04	2.922357e-02	-2.787798e-04	-3.195140e-04
2.762970e+03	3.757534e-02	-5.723892e-02	2.380486e-04	-3.722721e-02	1.104055e-04	-2.828009e-04
2.775360e+03	6.718622e-02	9.825382e-04	-8.739853e-05	-6.738622e-02	1.981770e-04	1.689473e-04
2.787750e+03	3.461901e-02	5.768852e-02	-3.197311e-04	-3.490287e-02	3.425134e-04	2.864259e-04
2.800140e+03	-3.020608e-02	5.954592e-02	-2.998299e-04	2.961372e-02	-2.021011e-04	5.947435e-04
2.812530e+03	-6.575497e-02	7.408177e-03	-2.066827e-06	6.520301e-02	-3.065044e-04	5.566368e-04
2.824920e+03	-4.247542e-02	-5.215350e-02	3.464916e-04	4.195723e-02	-2.867725e-04	4.786500e-04
2.837310e+03	2.039109e-02	-6.481254e-02	3.440086e-04	-2.070131e-02	3.296325e-05	3.324161e-04
2.849700e+03	6.532949e-02	-1.805830e-02	2.238968e-04	-6.552584e-02	3.447416e-04	2.209023e-04
2.862090e+03	5.099029e-02	4.467440e-02	-1.426555e-04	-5.098644e-02	4.766480e-04	-7.347161e-05
2.874480e+03	-9.261500e-03	6.680558e-02	-4.691985e-04	9.270859e-03	1.912629e-04	-1.966911e-05
2.886870e+03	-6.130829e-02	2.926476e-02	-4.071586e-04	6.146789e-02	-4.631482e-04	-1.594187e-04
2.899260e+03	-5.856019e-02	-3.517449e-02	-8.434437e-05	5.868621e-02	-4.470029e-04	-1.815040e-04
2.911650e+03	-2.515027e-03	-6.781738e-02	4.477277e-04	2.816768e-03	-2.508506e-04	-2.684730e-04
2.924040e+03	5.522754e-02	-3.965284e-02	5.760883e-04	-5.530764e-02	-3.019548e-04	4.794433e-05
2.936430e+03	6.346865e-02	2.453772e-02	3.445898e-04	-6.336865e-02	2.360207e-04	-1.044059e-04
2.948820e+03	1.468610e-02	6.615983e-02	-3.880871e-05	-1.469336e-02	3.084074e-04	3.970757e-05
2.961210e+03	-4.742302e-02	4.917738e-02	-2.705948e-04	4.723327e-02	1.271937e-04	1.164361e-04
2.973600e+03	-6.699957e-02	-1.187704e-02	-1.635622e-04	6.670000e-02	-7.070642e-05	3.020877e-04
2.985990e+03	-2.810638e-02	-6.244609e-02	5.276762e-06	2.783737e-02	-3.015497e-04	2.752944e-04
2.998380e+03	3.565030e-02	-5.821747e-02	1.840918e-04	-3.605631e-02	-2.135259e-04	3.663246e-04
3.010770e+03	6.721232e-02	-3.810277e-03	2.645784e-04	-6.731850e-02	6.564127e-06	1.290692e-04
3.023160e+03	4.148950e-02	5.397054e-02	8.244387e-05	-4.162551e-02	1.541718e-04	1.300373e-04
3.035550e+03	-2.071165e-02	6.444330e-02	-2.063701e-04	2.070903e-02	3.816296e-05	7.931399e-06
3.047940e+03	-6.441248e-02	1.944190e-02	-7.799088e-05	6.431248e-02	-5.283378e-05	1.070081e-04
3.060330e+03	-5.209141e-02	-4.274128e-02	2.248449e-04	5.193702e-02	-1.446532e-04	1.490327e-04
3.072720e+03	5.538325e-03	-6.665106e-02	1.279735e-04	-5.632328e-03	-5.815511e-05	8.323857e-05
3.085110e+03	5.801022e-02	-3.209555e-02	1.154914e-04	-5.810560e-02	1.254387e-04	7.706057e-05
3.097500e+03	5.856721e-02	2.989621e-02	-3.003652e-05	-5.865976e-02	9.847527e-05	4.826786e-05
3.109890e+03	7.767794e-03	6.391242e-02	-2.122915e-04	-7.674264e-03	1.105603e-04	-1.003411e-04
3.122280e+03	-4.944277e-02	4.204456e-02	-3.126405e-04	4.977529e-02	-2.987652e-05	-3.335394e-04
3.134670e+03	-6.256707e-02	-1.745770e-02	1.256661e-04	6.266581e-02	-1.919990e-04	-1.135823e-04
3.147060e+03	-1.996120e-02	-6.147667e-02	2.968306e-04	2.002010e-02	-1.800245e-04	-7.245803e-05
3.159450e+03	3.889931e-02	-5.057018e-02	3.106542e-04	-3.900047e-02	1.694499e-04	8.525492e-05
3.171840e+03	6.209281e-02	3.959989e-03	1.088874e-06	-6.230191e-02	4.144909e-04	1.063472e-04
3.184230e+03	3.175329e-02	5.427550e-02	-2.018465e-04	-3.195262e-02	2.824918e-04	1.842420e-04
3.196620e+03	-2.658765e-02	5.705466e-02	-2.589914e-04	2.630639e-02	-4.234089e-05	2.693641e-04
3.209010e+03	-6.086107e-02	9.685014e-03	-2.103257e-04	6.062909e-02	-1.754021e-04	2.241320e-04
3.221400e+03	-4.221177e-02	-4.507371e-02	1.147167e-04	4.209055e-02	-2.868979e-04	1.005274e-04
3.233790e+03	1.347545e-02	-6.017421e-02	3.283515e-04	-1.364130e-02	-1.049844e-04	1.626946e-04
3.246180e+03	5.688906e-02	-2.188218e-02	3.380722e-04	-5.698638e-02	1.672474e-04	9.008788e-05
3.258570e+03	4.913693e-02	3.482340e-02	7.388301e-05	-4.922638e-02	4.019069e-04	2.916032e-05
3.270960e+03	-1.484073e-03	5.958669e-02	-2.260863e-04	1.574197e-03	3.277042e-04	-7.114358e-05
3.283350e+03	-5.080919e-02	3.159025e-02	-2.749094e-04	5.082694e-02	2.216704e-05	-1.044998e-04
3.295740e+03	-5.368507e-02	-2.448317e-02	-7.537693e-05	5.390207e-02	-2.194622e-04	-2.587256e-04
3.308130e+03	-9.338675e-03	-5.768854e-02	1.438975e-04	9.536947e-03	-2.116181e-04	-1.349510e-04
3.320520e+03	4.345196e-02	-4.004914e-02	2.121473e-04	-4.327254e-02	-8.758496e-06	-2.510859e-04
3.332910e+03	5.687117e-02	1.370092e-02	1.948607e-04	-5.685689e-02	1.730339e-04	-3.300503e-05
3.345300e+03	2.061653e-02	5.483826e-02	1.546282e-04	-2.053452e-02	2.311555e-04	-1.095204e-04
3.357690e+03	-3.429852e-02	4.784089e-02	-1.684144e-04	3.419610e-02	1.507237e-04	1.347068e-04
3.370080e+03	-5.847146e-02	-1.393171e-03	-7.740944e-05	5.827238e-02	-3.007821e-05	2.097991e-04
3.382470e+03	-3.203774e-02	-4.898561e-02	4.750348e-05	3.183817e-02	-1.255928e-04	2.242685e-04
3.394860e+03	2.249823e-02	-5.393228e-02	1.408088e-04	-2.270637e-02	-1.699142e-04	2.114789e-04
3.407250e+03	5.713122e-02	-1.157182e-02	2.057490e-04	-5.733122e-02	3.353762e-06	2.458162e-04
3.419640e+03	4.174404e-02	4.043979e-02	1.697352e-04	-4.175826e-02	8.769066e-05	-1.912394e-05
3.432030e+03	-7.153782e-03	5.682769e-02	-1.840298e-04	7.194737e-03	2.346098e-04	-1.582215e-05
3.444420e+03	-5.278092e-02	2.372919e-02	-1.055347e-04	5.287787e-02	2.405687e-05	-3.593664e-05
3.456810e+03	-4.905898e-02	-3.020787e-02	-8.475884e-05	4.895139e-02	-9.021861e-05	6.338679e-05
3.469200e+03	-2.507798e-03	-5.619549e-02	7.949314e-05	2.586561e-03	-1.181619e-04	-6.281866e-05
3.481590e+03	4.616862e-02	-3.397202e-02	-7.357488e-05	-4.577341e-02	5.695775e-05	-3.767805e-04
3.493980e+03	5.425846e-02	1.854131e-02	2.497653e-05	-5.417717e-02	1.759399e-04	-8.751153e-05
3.506370e+03	1.462242e-02	5.479075e-02	2.820078e-05	-1.457250e-02	2.697686e-05	-6.928198e-05
3.518760e+03	-3.702961e-02	4.259308e-02	-1.156113e-04	3.703647e-02	-3.172557e-05	-4.771419e-05
3.531150e+03	-5.608925e-02	-6.432412e-03	-8.698913e-05	5.598925e-02	-1.307063e-04	8.456499e-05
3.543540e+03	-2.630793e-02	-4.988206e-02	8.297328e-05	2.620965e-02	-6.989749e-05	1.196440e-04
3.555930e+03	2.602089e-02	-4.930885e-02	1.467529e-04	-2.621471e-02	5.480033e-05	2.390116e-04
3.568320e+03	5.438219e-02	-6.456978e-03	2.759162e-04	-5.467894e-02	-8.900376e-06	2.150335e-04
3.580710e+03	3.643211e-02	4.174178e-02	-7.790787e-05	-3.658692e-02	1.485163e-04	1.713920e-04
3.593100e+03	-1.392370e-02	5.282117e-02	-1.688123e-04	1.371755e-02	2.608357e-05	1.398143e-04
3.605490e+03	-5.137618e-02	1.853965e-02	-1.287755e-04	5.128653e-02	-9.319333e-05	6.345618e-05
3.617880e+03	-4.426836e-02	-3.186390e-02	3.460990e-05	4.426836e-02	-1.578864e-04	-3.742179e-05
3.630270e+03	1.697624e-03	-5.347170e-02	4.303039e-05	-1.531931e-03	-2.785292e-04	-1.502500e-04
3.642660e+03	4.524658e-02	-2.881592e-02	1.538108e-04	-4.524295e-02	7.610414e-05	-4.464886e-05
3.655050e+03	4.922817e-02	2.140855e-02	3.125888e-05	-4.912580e-02	2.523989e-04	-9.773279e-05
3.667440e+03	9.384537e-03	5.222624e-02	-1.867887e-04	-9.404591e-03	1.606121e-04	6.104462e-06
3.679830e+03	-3.778206e-02	3.680690e-02	-1.240123e-04	3.788461e-02	-1.065420e-04	-4.536761e-05
3.692220e+03	-5.113961e-02	-1.065073e-02	-1.479694e-05	5.113961e-02	-2.052046e-04	3.332856e-05
3.704610e+03	-1.971527e-02	-4.842813e-02	2.094298e-04	1.962913e-02	-9.223336e-05	4.402511e-05
3.717000e+03	2.842837e-02	-4.339755e-02	2.573050e-04	-2.852976e-02	8.853928e-05	1.269135e-04
3.729390e+03	5.030000e-02	-5.402427e-04	9.151727e-05	-5.050000e-02	2.446080e-04	1.225615e-04
3.741780e+03	2.908131e-02	4.234156e-02	-1.419211e-04	-2.917306e-02	2.821079e-04	1.701018e-04
3.754170e+03	-1.837797e-02	4.782203e-02	-2.776748e-04	1.827010e-02	8.278970e-05	1.338526e-04
3.766560e+03	-4.909386e-02	1.156579e-02	-1.309747e-04	4.912176e-02	-2.365688e-04	2.324538e-06
3.778950e+03	-3.683938e-02	-3.433694e-02	3.429027e-05	3.682169e-02	-2.412141e-04	2.444297e-05
3.791340e+03	7.230032e-03	-4.977074e-02	3.445646e-04	-7.308730e-03	-1.778940e-04	7.933761e-05
3.803730e+03	4.548987e-02	-2.145092e-02	2.370780e-04	-4.545292e-02	2.684851e-04	6.164013e-05
3.816120e+03	4.269457e-02	2.524465e-02	2.438896e-05	-4.277759e-02	2.475681e-04	1.063938e-04
3.828510e+03	3.066983e-03	4.885004e-02	-1.714309e-04	-3.001261e-03	2.634731e-04	-6.562392e-05
3.840900e+03	-3.911704e-02	2.981919e-02	-2.870788e-04	3.916588e-02	-2.130658e-05	-6.321695e-05
3.853290e+03	-4.596726e-02	-1.562420e-02	-1.008997e-04	4.604664e-02	-2.486605e-04	-6.766413e-05
3.865680e+03	-1.297512e-02	-4.658110e-02	1.575266e-04	1.288349e-02	-2.587766e-04	6.386710e-05
3.878070e+03	3.161625e-02	-3.691337e-02	2.743613e-04	-3.166186e-02	-3.532196e-05	6.147759e-05
3.890460e+03	4.738288e-02	5.623323e-03	2.166475e-04	-4.748654e-02	1.090725e-04	7.015999e-05
3.902850e+03	2.229555e-02	4.258982e-02	-6.763374e-05	-2.240278e-02	2.766482e-04	9.799032e-05
3.915240e+03	-2.274320e-02	4.254469e-02	-2.305002e-04	2.265561e-02	1.056104e-04	1.059260e-04
3.927630e+03	-4.767434e-02	4.919523e-03	-2.416025e-04	4.766103e-02	-8.610531e-05	9.755799e-05
3.940020e+03	-3.089821e-02	-3.649974e-02	-1.547445e-06	3.084058e-02	-2.018154e-04	1.345377e-04
3.952410e+03	1.265156e-02	-4.589616e-02	2.511488e-04	-1.275222e-02	-1.830634e-04	1.023865e-04
3.964800e+03	4.542486e-02	-1.520766e-02	1.941747e-04	-4.553914e-02	9.097894e-05	4.008289e-05
3.977190e+03	3.773398e-02	2.845487e-02	9.293379e-05	-3.773543e-02	2.313631e-04	7.563401e-05
3.989580e+03	-2.298181e-03	4.662795e-02	-1.256618e-04	2.249063e-03	2.260194e-04	5.401795e-05
4.001970e+03	-4.043407e-02	2.434421e-02	-2.191697e-04	4.029732e-02	3.425544e-05	3.522866e-05
4.014360e+03	-4.261803e-02	-1.871104e-02	-3.865970e-04	4.204093e-02	1.970060e-04	5.659768e-04
4.026750e+03	-7.767446e-03	-4.529915e-02	9.445834e-05	7.772871e-03	-1.567373e-04	-4.715957e-05
4.039140e+03	3.368275e-02	-3.197738e-02	1.877173e-04	-3.360350e-02	-1.014919e-05	1.433986e-06
4.051530e+03	4.483329e-02	9.851087e-03	8.677184e-05	-4.483342e-02	1.757884e-04	2.818243e-05
4.063920e+03	1.709451e-02	4.250911e-02	1.350315e-05	-1.698900e-02	2.897981e-04	-5.606221e-05
4.076310e+03	-2.575726e-02	3.798761e-02	-1.774839e-04	2.584874e-02	3.161959e-05	-6.546525e-05
4.088700e+03	-4.553341e-02	8.171335e-05	-4.313960e-05	4.543327e-02	-3.905147e-05	7.416599e-05
4.101090e+03	-2.583814e-02	-3.749793e-02	1.251928e-05	2.573871e-02	-1.035199e-04	1.624015e-04
4.113480e+03	1.658872e-02	-4.222887e-02	1.691670e-04	-1.677265e-02	-4.300548e-05	1.609473e-04
4.125870e+03	4.416692e-02	-9.741321e-03	9.239984e-05	-4.417074e-02	7.775729e-05	6.955003e-05
4.138260e+03	3.269803e-02	3.056182e-02	1.243994e-05	-3.279888e-02	2.220157e-04	1.006555e-04
4.150650e+03	-6.991457e-03	4.358317e-02	-9.395199e-05	6.994185e-03	9.799812e-05	2.765508e-05
4.163040e+03	-4.066041e-02	1.855164e-02	-2.260033e-04	4.065407e-02	-2.458612e-05	-2.204933e-05
4.175430e+03	-3.786835e-02	-2.264299e-02	-6.676996e-05	3.797193e-02	-1.080351e-04	-3.483213e-05
4.187820e+03	-2.145182e-03	-4.289738e-02	9.949155e-05	2.193663e-03	-1.050271e-04	-3.033018e-05
4.200210e+03	3.543125e-02	-2.469407e-02	1.791442e-04	-3.532890e-02	5.511576e-05	-7.516323e-05
4.212600e+03	4.118478e-02	1.421054e-02	4.440459e-05	-4.125353e-02	1.350579e-04	6.124375e-05
4.224990e+03	1.100939e-02	4.191742e-02	-9.379955e-05	-1.101818e-02	9.557857e-05	6.196238e-06
4.237380e+03	-2.813994e-02	3.227177e-02	-1.072789e-04	2.804459e-02	-2.811646e-05	6.385198e-05
4.249770e+03	-4.188545e-02	-5.441981e-03	-4.571027e-05	4.199579e-02	-1.562194e-04	-5.866107e-05
4.262160e+03	-1.895672e-02	-3.803135e-02	5.178940e-05	1.882118e-02	-1.258174e-04	1.032815e-04
4.274550e+03	2.065504e-02	-3.669646e-02	1.112632e-04	-2.075209e-02	9.399778e-06	8.864565e-05
4.286940e+03	4.100878e-02	-3.346701e-03	2.467579e-05	-4.110878e-02	1.232005e-04	6.947740e-05
4.299330e+03	2.586107e-02	3.290047e-02	-9.496639e-05	-2.594645e-02	2.405112e-05	5.616365e-05
4.311720e+03	-1.264088e-02	3.986840e-02	-1.310000e-04	1.263843e-02	5.184676e-05	-2.505312e-05
4.324110e+03	-3.962384e-02	1.153796e-02	-8.389390e-05	3.962384e-02	-1.100179e-04	-1.697613e-05
4.336500e+03	-3.156097e-02	-2.659067e-02	9.276317e-05	3.156540e-02	-1.286535e-04	4.049182e-05
4.348890e+03	4.304791e-03	-4.092527e-02	1.306939e-04	-4.356787e-03	-1.012298e-04	5.221025e-05
4.361280e+03	3.640225e-02	-1.913756e-02	1.109087e-04	-3.650442e-02	1.010766e-04	1.856869e-05
4.373670e+03	3.586568e-02	1.964623e-02	9.608397e-06	-3.581172e-02	9.408108e-05	-8.154605e-05
4.386060e+03	3.799998e-03	4.048799e-02	-9.790333e-05	-3.854440e-03	1.302704e-04	4.773991e-05
4.398450e+03	-3.157002e-02	2.577213e-02	-1.748463e-04	3.154026e-02	-9.113495e-05	3.084348e-05
4.410840e+03	-3.870923e-02	-1.188154e-02	-3.760885e-05	3.864815e-02	-1.948963e-04	6.297875e-05
4.423230e+03	-1.201121e-02	-3.864981e-02	1.373820e-04	1.191060e-02	-7.253743e-05	1.005309e-04
4.435620e+03	2.555042e-02	-3.154276e-02	2.160048e-04	-2.565424e-02	2.746062e-05	8.848122e-05
4.448010e+03	3.958371e-02	3.796952e-03	8.862722e-05	-3.968371e-02	1.683770e-04	8.422057e-05
4.460400e+03	1.936776e-02	3.518500e-02	-1.133281e-04	-1.947100e-02	2.023128e-04	8.552661e-05
4.472790e+03	-1.841888e-02	3.596663e-02	-2.807821e-04	1.850297e-02	1.287189e-05	-5.621315e-05
4.485180e+03	-3.984783e-02	4.576464e-03	-1.499687e-04	3.982916e-02	-1.550802e-04	1.871016e-05
4.497570e+03	-2.624681e-02	-3.041563e-02	1.966833e-05	2.615205e-02	-1.646905e-04	6.660705e-05
4.509960e+03	1.071497e-02	-3.859764e-02	1.737127e-04	-1.073125e-02	-8.246957e-05	3.353267e-06
4.522350e+03	3.839649e-02	-1.246916e-02	1.055135e-04	-3.817609e-02	9.690296e-05	-1.486871e-04
4.534740e+03	3.151578e-02	2.432821e-02	-9.692926e-06	-3.150973e-02	2.047843e-04	2.959140e-05
4.547130e+03	-2.633192e-03	3.898206e-02	-7.694652e-05	2.593851e-03	2.296444e-04	4.622805e-05
4.559520e+03	-3.456340e-02	1.977904e-02	-2.287018e-04	3.447452e-02	-2.772999e-05	2.160305e-05
4.571910e+03	-3.562508e-02	-1.714437e-02	-7.299896e-05	3.563066e-02	-1.534154e-04	3.513326e-05
4.584300e+03	-5.526852e-03	-3.853749e-02	1.176240e-04	5.501102e-03	-9.802680e-05	1.374137e-05
4.596690e+03	2.922111e-02	-2.604747e-02	1.774764e-04	-2.932138e-02	1.439321e-05	6.760887e-05
4.609080e+03	3.803461e-02	9.484547e-03	6.639743e-05	-3.813461e-02	1.465953e-04	1.286758e-04
4.621470e+03	1.315047e-02	3.656475e-02	-4.827418e-05	-1.323075e-02	1.342215e-04	9.364399e-05
4.633860e+03	-2.296168e-02	3.111082e-02	-1.201376e-04	2.286112e-02	6.495034e-05	4.164703e-05
4.646250e+03	-3.840847e-02	-1.651794e-03	-6.276563e-05	3.831197e-02	-8.881736e-05	9.942341e-05
4.658640e+03	-2.005546e-02	-3.280562e-02	1.036374e-04	2.010916e-02	-6.256148e-05	-2.340866e-05
4.671030e+03	1.588282e-02	-3.452828e-02	1.334469e-04	-1.599520e-02	-4.810637e-05	6.702989e-05
4.683420e+03	3.700000e-02	-6.081506e-03	8.798082e-05	-3.702606e-02	8.771515e-05	5.533953e-05
4.695810e+03	2.571005e-02	2.764657e-02	-4.592990e-05	-2.569914e-02	2.045224e-04	2.981381e-05
4.708200e+03	-8.664748e-03	3.612427e-02	-1.439938e-04	8.671575e-03	3.017182e-06	1.735287e-05
4.720590e+03	-3.470294e-02	1.301010e-02	-4.342425e-05	3.474537e-02	-9.589059e-05	9.765648e-06
4.732980e+03	-3.022150e-02	-2.173252e-02	-1.099950e-06	3.014547e-02	-1.119399e-04	3.995377e-05
4.745370e+03	1.355701e-03	-3.666384e-02	1.426819e-04	-1.393502e-03	-6.248515e-05	3.323217e-05
4.757760e+03	3.112796e-02	-1.925085e-02	1.217264e-04	-3.115756e-02	8.017213e-05	-6.728030e-06
4.770150e+03	3.329037e-02	1.528505e-02	-1.860611e-06	-3.321306e-02	1.399977e-04	2.652489e-05
4.782540e+03	5.631931e-03	3.591888e-02	-6.975353e-05	-5.674409e-03	9.669306e-05	3.643344e-05
4.794930e+03	-2.650640e-02	2.457441e-02	-1.092771e-04	2.648310e-02	-1.701572e-05	4.662782e-05
4.807320e+03	-3.469927e-02	-8.456339e-03	5.245918e-07	3.465299e-02	-1.252138e-04	7.191849e-05
4.819710e+03	-1.228014e-02	-3.374087e-02	1.483115e-04	1.227604e-02	-7.908574e-05	6.143737e-05
4.832100e+03	2.095803e-02	-2.882607e-02	1.947822e-04	-2.103183e-02	3.581641e-05	4.481801e-05
4.844490e+03	3.456260e-02	1.583653e-03	4.875324e-05	-3.462449e-02	1.317599e-04	6.246471e-05
4.856880e+03	1.814938e-02	3.017459e-02	-4.272489e-06	-1.802705e-02	5.371055e-05	-7.394139e-05
4.869270e+03	-1.501007e-02	3.199394e-02	-1.724598e-04	1.493266e-02	1.767945e-05	2.363770e-05
4.881660e+03	-3.439180e-02	4.882483e-03	-6.542367e-05	3.439180e-02	-1.383744e-04	1.951272e-05
4.894050e+03	-2.320493e-02	-2.590954e-02	8.158193e-05	2.320418e-02	-1.489956e-04	1.572705e-05
4.906440e+03	8.417384e-03	-3.358612e-02	2.474836e-04	-8.567905e-03	-1.347997e-05	1.290459e-04
4.918830e+03	3.285223e-02	-1.127871e-02	1.239640e-04	-3.285053e-02	1.070212e-04	2.680569e-05
4.931220e+03	2.735937e-02	2.063533e-02	-6.914380e-05	-2.735456e-02	2.279194e-04	-1.771218e-05
4.943610e+03	-2.121272e-03	3.365369e-02	-1.315270e-04	2.064212e-03	6.877683e-05	4.262270e-05
4.956000e+03	-2.972726e-02	1.734743e-02	-1.272402e-04	2.972726e-02	-2.866094e-05	4.454276e-05
4.968390e+03	-3.073802e-02	-1.503619e-02	2.947690e-05	3.051388e-02	-1.266911e-04	1.417492e-04
4.980780e+03	-4.234686e-03	-3.319183e-02	1.593913e-04	4.198343e-03	-9.505014e-05	5.832747e-05
4.993170e+03	2.538572e-02	-2.195986e-02	1.416940e-04	-2.538373e-02	5.495400e-05	2.646585e-05
5.005560e+03	3.216375e-02	8.965789e-03	1.329262e-04	-3.216215e-02	1.667345e-04	-1.187404e-06
5.017950e+03	1.019722e-02	3.193250e-02	-1.094914e-04	-1.026524e-02	1.233794e-04	4.406370e-05
5.030340e+03	-2.054587e-02	2.590074e-02	-6.912633e-05	2.045921e-02	-3.955080e-05	5.299674e-05
5.042730e+03	-3.239415e-02	-2.631434e-03	-6.262334e-05	3.236482e-02	-5.955097e-05	2.559616e-05
5.055120e+03	-1.573253e-02	-2.876774e-02	4.583616e-05	1.573506e-02	-1.305965e-04	3.389513e-05
5.067510e+03	1.493745e-02	-2.903398e-02	1.662034e-04	-1.504460e-02	-1.485655e-05	7.981053e-05
5.079900e+03	3.194754e-02	-3.341312e-03	1.087019e-04	-3.202591e-02	1.154035e-04	8.907650e-06
5.092290e+03	2.061864e-02	2.473021e-02	1.297827e-05	-2.061955e-02	1.807231e-04	4.269439e-05
5.104680e+03	-9.172603e-03	3.075643e-02	-1.388264e-04	9.110919e-03	5.568953e-05	6.437643e-05
5.117070e+03	-3.083731e-02	9.245993e-03	-1.707106e-04	3.073731e-02	-4.032723e-05	3.293114e-05
5.129460e+03	-2.443686e-02	-2.019538e-02	4.663106e-05	2.443722e-02	-9.764491e-05	2.204104e-05
5.141850e+03	3.374278e-03	-3.078518e-02	9.663263e-05	-3.392266e-03	-3.295211e-05	2.545681e-05
5.154240e+03	2.761338e-02	-1.443222e-02	1.595116e-04	-2.770716e-02	1.345297e-04	2.858219e-05
5.166630e+03	2.716073e-02	1.501226e-02	1.207564e-05	-2.720084e-02	1.088510e-04	3.414908e-05
5.179020e+03	2.404257e-03	3.071228e-02	-1.363017e-04	-2.460753e-03	9.396188e-05	4.929182e-05
5.191410e+03	-2.415780e-02	1.902010e-02	-1.723450e-04	2.405358e-02	-1.034006e-05	8.598683e-05
5.203800e+03	-2.881525e-02	-9.565928e-03	2.653994e-05	2.877387e-02	-1.155384e-04	2.876396e-05
5.216190e+03	-8.078265e-03	-2.915402e-02	1.030887e-04	8.025793e-03	-1.029333e-04	5.343051e-05
5.228580e+03	1.982319e-02	-2.262256e-02	1.247148e-04	-1.986699e-02	3.742984e-05	8.167622e-05
5.240970e+03	2.910000e-02	4.115153e-03	-1.475367e-05	-2.912800e-02	1.271220e-04	2.087940e-05
5.253360e+03	1.271122e-02	2.668739e-02	-1.883209e-05	-1.271958e-02	7.938699e-05	5.763108e-05
5.265750e+03	-1.523039e-02	2.526192e-02	-1.001832e-04	1.522865e-02	-7.372573e-06	3.367107e-05
5.278140e+03	-2.909051e-02	1.215221e-03	-2.858498e-05	2.909058e-02	-8.963839e-05	2.934309e-05
5.290530e+03	-1.728003e-02	-2.366167e-02	4.970302e-05	1.710330e-02	-1.068091e-04	1.303490e-04
5.302920e+03	1.021341e-02	-2.687548e-02	1.423911e-04	-1.030761e-02	3.382780e-05	2.064870e-05
5.315310e+03	2.766386e-02	-6.317761e-03	5.684654e-05	-2.772244e-02	1.198107e-04	4.772980e-05
5.327700e+03	2.052408e-02	1.988640e-02	-8.042541e-05	-2.055540e-02	1.169876e-04	-1.072321e-05
5.340090e+03	-5.176037e-03	2.802491e-02	-1.190676e-04	5.167633e-03	8.669882e-05	1.875598e-05
5.352480e+03	-2.616587e-02	1.105247e-02	-5.245978e-05	2.628618e-02	3.104438e-05	-5.419693e-05
5.364870e+03	-2.330613e-02	-1.561943e-02	3.348889e-05	2.349948e-02	-1.716973e-04	-1.864279e-04
5.377260e+03	4.477315e-05	-2.760265e-02	1.141574e-04	-6.913874e-05	-6.082930e-05	2.344778e-05
5.389650e+03	2.333897e-02	-1.522215e-02	9.211293e-05	-2.327606e-02	1.029336e-04	-1.671114e-05
5.402040e+03	2.559390e-02	1.085067e-02	1.293742e-05	-2.559798e-02	1.329500e-04	-1.540336e-06
5.414430e+03	4.840709e-03	2.697482e-02	-7.611600e-05	-4.905360e-03	9.904536e-05	5.023021e-05
5.426820e+03	-1.985271e-02	1.894383e-02	-1.412621e-04	1.996090e-02	-3.413786e-05	-7.368330e-05
5.439210e+03	-2.670610e-02	-5.962643e-03	1.110636e-05	2.670610e-02	-7.823787e-05	-1.575645e-06
5.451600e+03	-9.563585e-03	-2.553631e-02	9.266719e-05	9.529254e-03	7.167587e-05	2.944239e-05
5.463990e+03	1.556299e-02	-2.188724e-02	7.766815e-05	-1.565990e-02	4.279344e-05	8.488280e-05
5.476380e+03	2.627170e-02	8.462625e-04	1.042096e-04	-2.634800e-02	1.199383e-04	6.946309e-05
5.488770e+03	1.377761e-02	2.270714e-02	-5.343553e-07	-1.386295e-02	8.743225e-05	1.045786e-04
5.501160e+03	-1.113168e-02	2.407120e-02	-1.212429e-04	1.111210e-02	6.147961e-05	2.981525e-05
5.513550e+03	-2.580636e-02	3.989274e-03	3.787687e-05	2.585823e-02	-5.323792e-05	-3.810879e-05
5.525940e+03	-1.765811e-02	-1.922633e-02	3.075443e-06	1.755709e-02	-7.948823e-05	8.826144e-05
5.538330e+03	6.303685e-03	-2.511490e-02	1.113961e-04	-6.335751e-03	3.624800e-05	1.461268e-05
5.550720e+03	2.429746e-02	-8.598991e-03	1.055356e-04	-2.443817e-02	2.721127e-05	5.511619e-05
5.563110e+03	2.048982e-02	1.511095e-02	-2.141747e-05	-2.050114e-02	1.191362e-04	1.381074e-05
5.575500e+03	-1.416002e-03	2.463040e-02	-8.889443e-05	1.402354e-03	4.176232e-05	1.802671e-05
5.587890e+03	-2.151893e-02	1.265265e-02	-5.969039e-05	2.142007e-02	-3.585455e-05	3.366032e-05
5.600280e+03	-2.242613e-02	-1.078252e-02	3.543536e-05	2.235031e-02	-7.377453e-05	4.395813e-05
5.612670e+03	-3.217618e-03	-2.417323e-02	1.626428e-04	3.212246e-03	-1.925155e-04	-4.511226e-06
5.625060e+03	1.804248e-02	-1.599027e-02	1.299345e-04	-1.804968e-02	9.134286e-05	4.127129e-05
5.637450e+03	2.307171e-02	6.147115e-03	4.081122e-05	-2.313582e-02	1.100263e-04	7.989134e-05
5.649840e+03	7.528406e-03	2.248315e-02	-9.290738e-05	-7.546517e-03	1.417504e-04	2.450476e-05
5.662230e+03	-1.431516e-02	1.862748e-02	-7.835705e-05	1.431622e-02	-6.898139e-06	2.356614e-05
5.674620e+03	-2.261982e-02	-1.465349e-03	-5.902415e-05	2.261989e-02	-7.756729e-05	4.892052e-05
5.687010e+03	-1.159787e-02	-1.997109e-02	3.897720e-05	1.148675e-02	-6.926599e-05	2.899254e-05
5.699400e+03	1.017019e-02	-2.010286e-02	1.443265e-04	-1.017973e-02	7.225326e-05	4.738297e-05
5.711790e+03	2.179235e-02	-2.611389e-03	8.278273e-05	-2.189053e-02	1.091837e-04	4.005251e-05
5.724180e+03	1.403761e-02	1.669404e-02	-8.162648e-06	-1.414804e-02	9.266286e-05	6.757551e-05
5.736570e+03	-6.187616e-03	2.059544e-02	-2.748354e-05	6.122922e-03	3.247585e-05	6.661566e-05
5.748960e+03	-2.018962e-02	6.229598e-03	-7.407055e-06	2.008753e-02	-6.544116e-05	7.117750e-05
5.761350e+03	-1.623951e-02	-1.341732e-02	6.299277e-05	1.617423e-02	-7.916807e-05	4.480686e-05
5.773740e+03	2.015868e-03	-2.065704e-02	8.517836e-05	-2.081890e-03	-1.039353e-05	6.246251e-05
5.786130e+03	1.811008e-02	-9.443975e-03	2.280526e-04	-1.810841e-02	1.836001e-04	-3.084328e-05
5.798520e+03	1.750830e-02	9.716024e-03	3.908853e-05	-1.750830e-02	1.235453e-04	2.584837e-06
5.810910e+03	1.546495e-03	1.930000e-02	-8.070214e-05	-1.587828e-03	4.806029e-05	3.680336e-05
5.823300e+03	-1.534261e-02	1.198164e-02	-7.742754e-05	1.531799e-02	1.627121e-05	7.076163e-06
5.835690e+03	-1.824823e-02	-6.038911e-03	-2.804324e-05	1.820136e-02	-7.057873e-05	2.766221e-06
5.848080e+03	-4.899701e-03	-1.813379e-02	5.941389e-05	4.854345e-03	-7.367661e-06	4.747896e-05
5.860470e+03	1.211808e-02	-1.369664e-02	6.627263e-05	-1.212079e-02	4.923932e-07	3.552303e-05
5.872860e+03	1.769069e-02	2.611399e-03	4.972028e-05	-1.779069e-02	6.151358e-05	8.115608e-05
5.885250e+03	7.528447e-03	1.626266e-02	-4.111617e-05	-7.574484e-03	7.555112e-05	3.663130e-05
5.897640e+03	-9.092890e-03	1.504919e-02	-3.446409e-05	9.051599e-03	8.053052e-06	5.095559e-05
5.910030e+03	-1.710775e-02	5.994449e-04	-6.094491e-05	1.709176e-02	-4.037079e-05	7.699251e-05
5.922420e+03	-9.919661e-03	-1.382077e-02	6.641538e-05	9.815851e-03	-3.959836e-05	6.007987e-05
5.934810e+03	6.042965e-03	-1.551898e-02	9.931180e-05	-5.971556e-03	-5.168444e-05	-6.087492e-05
5.947200e+03	1.579210e-02	-3.371566e-03	9.437625e-05	-1.589218e-02	3.221102e-05	3.415960e-05
5.959590e+03	1.132774e-02	1.116154e-02	1.310641e-05	-1.135488e-02	8.896023e-05	8.820544e-06
5.971980e+03	-3.237463e-03	1.519813e-02	-6.185184e-05	3.150678e-03	4.797320e-05	7.140261e-05
5.984370e+03	-1.442565e-02	5.805027e-03	-5.987177e-06	1.417985e-02	-4.301300e-05	1.155907e-04
5.996760e+03	-1.232402e-02	-8.710014e-03	-3.324789e-05	1.238245e-02	-6.782151e-05	5.857618e-06
6.009150e+03	4.292617e-04	-1.479368e-02	4.053752e-05	-4.270889e-04	1.226865e-05	-2.128397e-06
6.021540e+03	1.240486e-02	-7.592296e-03	6.624992e-05	-1.245551e-02	4.060729e-05	5.538216e-05
6.033930e+03	1.275562e-02	6.112526e-03	2.153419e-05	-1.275470e-02	4.890829e-05	4.087529e-05
6.046320e+03	1.802003e-03	1.357619e-02	-5.239618e-06	-1.859614e-03	3.815241e-05	5.323638e-05
6.058710e+03	-1.039117e-02	8.892679e-03	-1.738391e-05	1.041252e-02	1.844467e-05	5.003086e-05
6.071100e+03	-1.307548e-02	-3.683778e-03	-4.589437e-05	1.298822e-02	-2.856252e-05	3.582523e-05
6.083490e+03	-3.936090e-03	-1.267758e-02	3.819880e-05	3.906230e-03	-2.079310e-05	3.085194e-05
6.095880e+03	8.158343e-03	-1.004619e-02	4.821799e-05	-8.214814e-03	1.006378e-04	4.741922e-05
6.108270e+03	1.236743e-02	1.449176e-03	6.880004e-05	-1.241907e-02	8.510505e-06	2.698147e-05
6.120660e+03	5.571939e-03	1.109682e-02	7.159077e-05	-5.651959e-03	6.320891e-05	8.173909e-05
6.133050e+03	-6.176353e-03	1.058233e-02	-1.142919e-05	6.147520e-03	4.064425e-05	2.520817e-05
6.145440e+03	-1.189942e-02	6.001832e-04	-1.231349e-05	1.189930e-02	5.038111e-05	-6.943006e-07
6.157830e+03	-7.065106e-03	-9.419113e-03	4.173460e-05	7.017678e-03	-2.120741e-05	5.676326e-05
6.170220e+03	3.939093e-03	-1.082737e-02	1.541928e-05	-3.980041e-03	-3.077846e-06	4.878837e-05
6.182610e+03	1.096358e-02	-2.568389e-03	8.221363e-05	-1.100916e-02	1.571428e-05	3.893567e-05
6.195000e+03	7.954678e-03	7.805828e-03	-1.484338e-05	-7.984787e-03	7.999942e-05	3.533983e-05
6.207390e+03	-2.033224e-03	1.077141e-02	-5.014881e-05	1.958954e-03	4.365679e-05	7.420441e-05
6.219780e+03	-9.896555e-03	4.037758e-03	-4.423839e-06	1.010585e-02	-1.230630e-04	-1.303864e-04
6.232170e+03	-8.690110e-03	-5.895799e-03	-2.229982e-05	8.646660e-03	-1.069829e-05	4.602561e-05
6.244560e+03	1.610853e-04	-1.008204e-02	6.818529e-05	-2.309325e-04	-1.169680e-05	6.545864e-05
6.256950e+03	8.543123e-03	-5.298534e-03	3.556837e-05	-8.556780e-03	7.662917e-05	5.338770e-06
6.269340e+03	8.869688e-03	4.143075e-03	2.933799e-05	-8.923886e-03	1.397335e-05	6.932970e-05
6.281730e+03	1.262535e-03	9.533412e-03	-1.592567e-05	-1.313394e-03	1.534019e-05	5.037118e-05
6.294120e+03	-7.144696e-03	6.202958e-03	1.272170e-05	7.212361e-03	2.300175e-05	-8.038332e-05
6.306510e+03	-8.867582e-03	-2.557341e-03	6.637101e-05	8.828038e-03	-2.739366e-05	3.643306e-05
6.318900e+03	-2.781460e-03	-8.567500e-03	4.055064e-05	2.671892e-03	2.314760e-05	1.038697e-04
6.331290e+03	5.675643e-03	-6.902503e-03	7.754244e-05	-5.678897e-03	2.840205e-06	1.025158e-05
6.343680e+03	8.728283e-03	9.710296e-04	-7.333659e-06	-8.784996e-03	5.448183e-05	4.595624e-05
6.356070e+03	3.713149e-03	7.742742e-03	-9.559738e-06	-3.785405e-03	-1.271245e-05	4.093383e-05
6.368460e+03	-4.275330e-03	7.244986e-03	1.824865e-05	4.239954e-03	3.516744e-05	3.948266e-05
6.380850e+03	-8.148858e-03	4.298555e-04	-3.346111e-05	8.156363e-03	-1.406246e-05	1.073714e-05
6.393240e+03	-4.803274e-03	-6.651347e-03	2.065095e-05	4.781131e-03	-2.338770e-05	1.648280e-05
6.405630e+03	2.788559e-03	-7.415843e-03	4.703835e-05	-2.839450e-03	5.122514e-06	5.141851e-05
6.418020e+03	7.633971e-03	-1.700419e-03	3.439134e-05	-7.732244e-03	3.175263e-05	9.500145e-05
6.430410e+03	5.516279e-03	5.330954e-03	4.544209e-05	-5.598468e-03	6.205277e-05	8.026866e-05
6.442800e+03	-1.433161e-03	7.306896e-03	-2.879249e-06	1.366686e-03	6.316925e-06	6.282853e-05
6.455190e+03	-6.789940e-03	2.891638e-03	-6.272636e-06	6.709879e-03	4.571257e-05	7.679492e-05
6.467580e+03	-6.062783e-03	-4.024660e-03	-7.281144e-06	6.009592e-03	2.827915e-06	5.373938e-05
6.479970e+03	6.219151e-05	-7.052827e-03	2.815979e-05	-1.126799e-04	3.448545e-05	5.143247e-05
6.492360e+03	5.872417e-03	-3.784530e-03	-4.766930e-06	-5.818474e-03	-7.428153e-05	-6.422960e-05
6.504750e+03	6.143651e-03	2.750462e-03	-1.549994e-05	-6.120084e-03	4.490434e-05	-2.894037e-05
6.517140e+03	1.096683e-03	6.457869e-03	1.531355e-05	-1.100724e-03	4.058725e-06	7.976525e-06
6.529530e+03	-4.855571e-03	4.500660e-03	-3.444912e-05	4.768423e-03	3.090718e-05	8.208813e-05
6.541920e+03	-6.179785e-03	-1.527673e-03	7.951093e-05	6.227225e-03	6.836193e-05	-4.611600e-05
6.554310e+03	-2.158045e-03	-5.856745e-03	2.540864e-05	2.048278e-03	3.577237e-06	1.021807e-04
6.566700e+03	3.624626e-03	-4.836897e-03	2.917103e-05	-3.705373e-03	-1.907835e-05	8.151241e-05
6.579090e+03	5.915430e-03	3.222228e-04	8.932644e-06	-5.992783e-03	4.816251e-05	7.193153e-05
6.591480e+03	2.889391e-03	5.108538e-03	-1.043162e-05	-2.955521e-03	4.567619e-05	6.706864e-05
6.603870e+03	-2.651556e-03	5.164753e-03	2.003463e-06	2.611707e-03	4.019963e-05	4.036799e-05
6.616260e+03	-5.519827e-03	6.728431e-04	1.486058e-05	5.446777e-03	-1.445800e-05	7.920439e-05
6.628650e+03	-3.645004e-03	-4.261693e-03	4.581936e-05	3.587771e-03	-2.711465e-05	5.377998e-05
6.641040e+03	1.460560e-03	-5.239755e-03	2.138046e-05	-1.525555e-03	-8.833420e-06	6.091403e-05
6.653430e+03	5.039961e-03	-1.550366e-03	2.679950e-05	-5.076976e-03	3.471589e-05	3.877049e-05
6.665820e+03	4.003908e-03	3.371613e-03	-2.405892e-05	-4.123072e-03	1.239394e-04	1.169319e-04
6.678210e+03	-6.301977e-04	5.069160e-03	-1.651867e-05	5.638089e-04	2.733798e-05	6.646257e-05
6.690600e+03	-4.490781e-03	2.317823e-03	-1.202494e-05	4.418598e-03	2.333085e-05	7.631082e-05
6.702990e+03	-4.338665e-03	-2.357313e-03	-4.623349e-05	4.348084e-03	2.125492e-05	-1.604327e-06
6.715380e+03	-4.945278e-04	-4.714600e-03	5.816749e-05	4.485570e-04	-5.309502e-05	4.626728e-05
6.727770e+03	3.633650e-03	-2.950100e-03	1.753216e-05	-3.683929e-03	-1.548870e-05	4.897909e-05
6.740160e+03	4.385157e-03	1.386494e-03	1.405140e-05	-4.427405e-03	4.931302e-05	3.936460e-05
6.752550e+03	1.247126e-03	4.352574e-03	1.078409e-06	-1.269157e-03	2.047992e-05	2.173716e-05
6.764940e+03	-2.805992e-03	3.395416e-03	-1.410923e-05	2.740084e-03	4.989021e-05	6.254099e-05
6.777330e+03	-4.317250e-03	-3.338770e-04	-4.396532e-05	4.224858e-03	3.208766e-05	8.647093e-05
6.789720e+03	-2.124886e-03	-3.732338e-03	1.909979e-05	2.084829e-03	-2.004676e-05	3.730163e-05
6.802110e+03	1.768661e-03	-3.760932e-03	4.420206e-05	-1.855354e-03	-3.125083e-05	9.236732e-05
6.814500e+03	3.986672e-03	-5.762828e-04	6.367075e-06	-4.053118e-03	4.332699e-05	7.155956e-05
6.826890e+03	2.648672e-03	2.881804e-03	-9.403936e-06	-2.714078e-03	1.855033e-05	6.955097e-05
6.839280e+03	-9.499227e-04	3.707412e-03	2.782456e-05	9.106192e-04	3.992266e-05	4.694229e-05
6.851670e+03	-3.606380e-03	1.415361e-03	-8.771493e-05	3.483561e-03	4.913660e-05	1.221921e-04
6.864060e+03	-3.023526e-03	-2.090480e-03	9.291203e-06	2.906626e-03	-2.800389e-05	1.023726e-04
6.876450e+03	1.266546e-04	-3.659707e-03	8.115198e-05	-2.227095e-04	1.572516e-04	9.308247e-05
6.888840e+03	2.805268e-03	-1.861994e-03	-2.730619e-05	-2.873169e-03	-3.045399e-05	7.845918e-05
6.901230e+03	3.070990e-03	1.279755e-03	1.396680e-05	-3.100839e-03	5.340558e-05	2.406050e-05
6.913620e+03	6.297625e-04	3.179359e-03	2.481423e-05	-7.120601e-04	2.047354e-05	8.063757e-05
6.926010e+03	-2.129821e-03	2.315364e-03	7.885656e-06	2.122335e-03	-9.608544e-05	7.937792e-06
6.938400e+03	-3.027144e-03	-4.741782e-04	-2.630727e-05	2.941951e-03	4.436664e-05	9.268184e-05
6.950790e+03	-1.409046e-03	-2.678533e-03	4.372623e-08	1.355528e-03	-1.227923e-05	5.859508e-05
6.963180e+03	1.403582e-03	-2.542444e-03	-3.317148e-06	-1.455426e-03	-2.164237e-05	5.347405e-05
6.975570e+03	2.909539e-03	-2.586020e-04	2.275942e-04	-2.719855e-03	5.375504e-05	-1.805419e-04
6.987960e+03	1.700472e-03	2.145314e-03	4.470503e-05	-1.799694e-03	1.005651e-05	9.467075e-05
7.000350e+03	-7.776215e-04	2.549735e-03	6.372052e-05	7.346194e-04	1.586607e-05	4.742996e-05
7.012740e+03	-2.447649e-03	8.264098e-04	-2.367052e-05	2.545862e-03	1.141026e-05	-1.035666e-04
7.025130e+03	-2.132483e-03	-1.449582e-03	1.695843e-05	1.996403e-03	1.790000e-05	1.249412e-04
7.037520e+03	-5.750095e-05	-2.419848e-03	3.328187e-06	-5.596985e-05	2.768389e-05	1.107949e-04
7.049910e+03	1.947746e-03	-1.333163e-03	-3.463117e-06	-1.979358e-03	2.212539e-05	3.504402e-05
7.062300e+03	2.125831e-03	8.456520e-04	3.478668e-05	-2.137910e-03	3.230105e-05	2.900944e-06
7.074690e+03	5.416595e-04	2.186470e-03	2.924636e-05	-5.660112e-04	1.581489e-05	2.341407e-05
7.087080e+03	-1.445841e-03	1.696791e-03	3.382312e-05	1.429167e-03	2.105357e-05	2.082350e-05
7.099470e+03	-2.189711e-03	-1.827219e-04	1.704568e-05	2.169603e-03	5.106518e-05	1.792217e-05
7.111860e+03	-1.051117e-03	-1.733030e-03	8.492496e-05	1.130092e-03	-1.043295e-04	-6.759531e-05
7.124250e+03	7.352597e-04	-1.838176e-03	-1.223814e-05	-7.934644e-04	3.841808e-05	5.493893e-05
7.136640e+03	1.614940e-03	-3.805529e-04	-3.330627e-04	-1.702434e-03	-4.890953e-05	8.662297e-05
7.149030e+03	1.399129e-03	1.353242e-03	-7.327074e-07	-1.452334e-03	-3.340114e-06	5.291220e-05
7.161420e+03	-2.996880e-04	1.850847e-03	3.511025e-05	2.713605e-04	3.045067e-05	3.381814e-05
7.173810e+03	-1.694745e-03	7.973312e-04	2.817711e-05	1.613038e-03	4.759010e-05	7.665690e-05
7.186200e+03	-1.637784e-03	-7.941876e-04	-2.218873e-05	1.562431e-03	3.623014e-05	6.874833e-05
7.198590e+03	-3.222001e-04	-1.704041e-03	-3.446253e-05	2.681563e-04	-4.819978e-07	5.422659e-05
7.210980e+03	1.149787e-03	-1.210621e-03	2.903671e-06	-1.177988e-03	4.336937e-06	3.343453e-05
7.223370e+03	1.542175e-03	2.688128e-04	9.434703e-06	-1.578897e-03	-2.480000e-05	4.715443e-05
7.235760e+03	6.953141e-04	1.456706e-03	9.025295e-06	-7.037822e-04	1.605548e-05	9.346646e-06
7.248150e+03	-8.043803e-04	1.372351e-03	3.767836e-05	7.799600e-04	-1.642645e-05	2.498720e-05
7.260540e+03	-1.579121e-03	2.123571e-04	1.838689e-05	1.519769e-03	3.763738e-05	5.984786e-05
7.272930e+03	-1.140070e-03	-1.128460e-03	1.802732e-07	1.073407e-03	1.473597e-06	6.247409e-05
7.285320e+03	1.991800e-04	-1.445616e-03	-1.342487e-05	-2.546568e-04	2.427249e-05	5.494825e-05
