1.499190e+03	-6.848869e-02	-7.480667e-02	1.641033e-04	6.787578e-02	-4.924883e-05	6.547300e-04
1.511580e+03	-4.616086e-02	-9.002490e-02	7.981208e-05	4.546690e-02	3.955853e-05	6.453017e-04
1.523970e+03	-2.036292e-02	-9.900157e-02	9.894955e-05	1.976351e-02	4.760136e-06	5.365574e-04
1.536360e+03	6.516867e-03	-1.009940e-01	5.962818e-05	-6.985320e-03	5.577859e-05	4.733785e-04
1.548750e+03	3.336022e-02	-9.571761e-02	5.167449e-05	-3.396113e-02	1.847272e-05	5.956125e-04
1.561140e+03	5.789488e-02	-8.337147e-02	5.645922e-05	-5.839531e-02	6.660365e-05	5.480177e-04
1.573530e+03	7.859934e-02	-6.475781e-02	4.153175e-05	-7.919778e-02	6.052749e-05	5.336669e-04
1.585920e+03	9.378230e-02	-4.101532e-02	-2.141638e-05	-9.428464e-02	8.782799e-05	5.645928e-04
1.598310e+03	1.018735e-01	-1.388087e-02	-2.138604e-05	-1.018841e-01	1.674748e-04	5.336222e-04
1.610700e+03	1.021489e-01	1.497847e-02	-4.528227e-05	-1.021413e-01	1.431675e-04	5.877927e-04
1.623090e+03	9.422014e-02	4.308859e-02	-5.958579e-05	-9.475367e-02	1.312548e-04	5.070251e-04
1.635480e+03	7.881102e-02	6.766574e-02	-9.736492e-05	-7.911322e-02	6.256685e-05	2.758147e-04
1.647870e+03	5.702136e-02	8.740967e-02	-1.517818e-04	-5.730832e-02	1.075595e-04	3.267601e-04
1.660260e+03	3.027399e-02	1.001804e-01	-1.548660e-04	-3.065425e-02	4.192581e-05	3.387116e-04
1.672650e+03	2.222805e-04	1.059420e-01	-1.508429e-04	-6.082968e-04	2.750475e-06	3.794606e-04
1.685040e+03	-2.982827e-02	1.018680e-01	-1.891335e-04	2.979469e-02	-3.566449e-05	3.932477e-05
1.697430e+03	-5.806161e-02	8.956676e-02	-1.558393e-04	5.798267e-02	-1.117024e-04	5.368522e-05
1.709820e+03	-8.262849e-02	6.919360e-02	-1.197535e-04	8.245196e-02	-1.162468e-04	1.538714e-04
1.722210e+03	-9.989670e-02	4.218638e-02	-1.406344e-06	9.984465e-02	-1.677147e-04	1.279088e-04
1.734600e+03	-1.086334e-01	1.040099e-02	3.807483e-05	1.086334e-01	-1.746897e-04	-1.385288e-04
1.746990e+03	-1.076361e-01	-2.300475e-02	6.407194e-05	1.076361e-01	-1.423961e-04	-1.334244e-04
1.759380e+03	-9.561745e-02	-5.461970e-02	7.878908e-05	9.573289e-02	-1.258360e-04	-1.824903e-04
1.771770e+03	-7.494506e-02	-8.168499e-02	1.003692e-04	7.508945e-02	-1.121412e-04	-1.862080e-04
1.784160e+03	-4.634834e-02	-1.014877e-01	1.307370e-04	4.653678e-02	-7.769026e-05	-1.544332e-04
1.796550e+03	-1.210666e-02	-1.112760e-01	1.283429e-04	1.252467e-02	-6.522104e-05	-4.035247e-04
1.808940e+03	2.275641e-02	-1.100043e-01	1.751493e-04	-2.228169e-02	1.561888e-05	-4.412191e-04
1.821330e+03	5.713572e-02	-9.844511e-02	1.550396e-04	-5.691531e-02	1.903761e-05	-2.751104e-04
1.833720e+03	8.611918e-02	-7.534436e-02	1.251625e-04	-8.574460e-02	6.550769e-05	-3.669347e-04
1.846110e+03	1.067679e-01	-4.357649e-02	1.165717e-04	-1.057378e-01	1.382617e-04	-4.757547e-04
1.858500e+03	1.154962e-01	-6.995124e-03	6.996098e-05	-1.144962e-01	1.523793e-04	-4.908066e-04
1.870890e+03	1.116915e-01	3.135271e-02	2.884372e-05	-1.116004e-01	1.880421e-04	-4.331854e-04
1.883280e+03	9.563018e-02	6.706002e-02	-5.440827e-05	-9.537954e-02	2.269052e-04	-3.382337e-04
1.895670e+03	6.802212e-02	9.512087e-02	-1.426056e-04	-6.748996e-02	2.068573e-04	-5.091281e-04
1.908060e+03	3.253516e-02	1.125862e-01	-1.357589e-04	-3.204008e-02	1.210890e-04	-5.515609e-04
1.920450e+03	-6.926844e-03	1.168447e-01	-2.433260e-04	7.311149e-03	6.856452e-05	-4.025573e-04
1.932840e+03	-4.640449e-02	1.085122e-01	-2.021181e-04	4.680449e-02	-3.090204e-05	-3.430936e-04
1.945230e+03	-8.057282e-02	8.646512e-02	-1.761845e-04	8.097988e-02	-1.192250e-04	-3.710682e-04
1.957620e+03	-1.056856e-01	5.354317e-02	-1.573186e-04	1.056676e-01	-1.545584e-04	-3.966518e-04
1.970010e+03	-1.182420e-01	1.405709e-02	-5.125777e-05	1.182420e-01	-2.100404e-04	-2.889292e-04
1.982400e+03	-1.164661e-01	-2.780814e-02	-3.672103e-05	1.165156e-01	-2.032996e-04	-2.052184e-04
1.994790e+03	-9.864713e-02	-6.671355e-02	5.325331e-05	9.959368e-02	-1.960918e-04	-2.862955e-04
2.007180e+03	-6.970648e-02	-9.693636e-02	1.338525e-04	7.001108e-02	-1.460817e-04	-2.818786e-04
2.019570e+03	-3.152762e-02	-1.154435e-01	1.411613e-04	3.182274e-02	-1.456443e-04	-2.151516e-04
2.031960e+03	1.035946e-02	-1.189817e-01	2.424737e-04	-1.015326e-02	-2.685428e-05	-2.001666e-04
2.044350e+03	5.163024e-02	-1.085782e-01	1.592672e-04	-5.153024e-02	-8.156660e-05	-1.099545e-04
2.056740e+03	8.662313e-02	-8.306463e-02	1.930701e-04	-8.652545e-02	5.019155e-05	-9.590757e-05
2.069130e+03	1.102103e-01	-4.729781e-02	1.864843e-04	-1.102103e-01	1.321788e-04	-6.289794e-05
2.081520e+03	1.199997e-01	-5.277302e-03	1.227768e-04	-1.199997e-01	2.559904e-04	-3.146802e-05
2.093910e+03	1.139595e-01	3.822933e-02	4.676425e-05	-1.139613e-01	1.460186e-04	1.119945e-04
2.106300e+03	9.300218e-02	7.669730e-02	-7.589491e-05	-9.320226e-02	2.710063e-04	2.000000e-04
2.118690e+03	5.965776e-02	1.049673e-01	-2.159969e-04	-5.975776e-02	2.859982e-04	1.059988e-04
2.131080e+03	1.844897e-02	1.189935e-01	-2.199609e-04	-1.854888e-02	1.171239e-04	1.109246e-04
2.143470e+03	-2.552326e-02	1.180149e-01	-2.730373e-04	2.532329e-02	3.029835e-05	1.800000e-04
2.155860e+03	-6.648972e-02	1.010689e-01	-2.837954e-04	6.628972e-02	-5.763303e-05	1.966303e-04
2.168250e+03	-9.846600e-02	7.048130e-02	-3.650141e-05	9.827072e-02	-2.159510e-04	1.490362e-04
2.180640e+03	-1.179465e-01	2.997291e-02	-1.128935e-04	1.179441e-01	-2.349918e-04	2.030674e-04
2.193030e+03	-1.210000e-01	-1.561379e-02	-1.401153e-05	1.200201e-01	-2.779797e-04	2.327432e-04
2.205420e+03	-1.071763e-01	-5.856838e-02	1.374421e-04	1.071781e-01	-2.190174e-04	3.727588e-04
2.217810e+03	-7.794795e-02	-9.410543e-02	1.432125e-04	7.764870e-02	-2.151732e-04	3.020004e-04
2.230200e+03	-3.778899e-02	-1.168551e-01	2.308476e-04	3.748670e-02	-1.161086e-04	3.216259e-04
2.242590e+03	7.825338e-03	-1.220000e-01	2.778969e-04	-8.114356e-03	-4.402299e-05	2.884092e-04
2.254980e+03	5.339401e-02	-1.111856e-01	2.959389e-04	-5.379505e-02	7.314217e-05	4.568915e-04
2.267370e+03	9.167775e-02	-8.334305e-02	2.739673e-04	-9.208048e-02	1.697823e-04	3.928680e-04
2.279760e+03	1.168572e-01	-4.222749e-02	2.299915e-04	-1.168438e-01	3.297115e-04	2.920254e-04
2.292150e+03	1.249989e-01	5.884052e-03	1.310714e-04	-1.249995e-01	2.650000e-04	4.099860e-04
2.304540e+03	1.132103e-01	5.400772e-02	-2.525528e-05	-1.132265e-01	3.420341e-04	3.758492e-04
2.316930e+03	8.344696e-02	9.480801e-02	-1.735810e-04	-8.384132e-02	2.632955e-04	3.451227e-04
2.329320e+03	4.026657e-02	1.208339e-01	-3.243808e-04	-4.056794e-02	2.118443e-04	3.122328e-04
2.341710e+03	-1.120255e-02	1.269997e-01	-3.540366e-04	1.090178e-02	4.626235e-06	3.439507e-04
2.354100e+03	-6.126353e-02	1.131197e-01	-4.123753e-04	6.086450e-02	-1.079109e-04	4.159458e-04
2.366490e+03	-1.029270e-01	7.929047e-02	-2.430050e-04	1.029291e-01	-3.239953e-04	2.820048e-04
2.378880e+03	-1.280222e-01	3.019575e-02	-1.503537e-04	1.270222e-01	-3.991917e-04	3.760034e-04
2.391270e+03	-1.299617e-01	-2.602520e-02	1.289833e-04	1.289630e-01	-3.890077e-04	3.770126e-04
2.403660e+03	-1.077109e-01	-7.851229e-02	2.094956e-04	1.067041e-01	-3.354919e-04	2.731632e-04
2.416050e+03	-6.427062e-02	-1.182415e-01	2.650587e-04	6.387062e-02	-2.328617e-04	3.736043e-04
2.428440e+03	-6.779385e-03	-1.349998e-01	3.952281e-04	6.369395e-03	-5.048828e-05	4.081263e-04
2.440830e+03	5.415060e-02	-1.258367e-01	3.110261e-04	-5.465137e-02	4.244939e-05	4.626804e-04
2.453220e+03	1.063198e-01	-8.892656e-02	3.568880e-04	-1.063272e-01	3.798869e-04	4.970304e-04
2.465610e+03	1.361339e-01	-3.058843e-02	1.938147e-04	-1.371339e-01	4.077995e-04	6.692089e-04
2.478000e+03	1.368266e-01	3.794054e-02	-3.629963e-05	-1.378216e-01	5.448636e-04	7.532138e-04
2.490390e+03	1.031537e-01	1.002179e-01	-3.167374e-04	-1.041739e-01	5.364594e-04	8.301569e-04
2.502780e+03	4.093130e-02	1.394467e-01	-5.114985e-04	-4.193390e-02	2.998206e-04	9.818299e-04
2.515170e+03	-3.589255e-02	1.437639e-01	-6.337428e-04	3.468379e-02	-3.193533e-05	1.156717e-03
2.527560e+03	-1.068216e-01	1.062274e-01	-3.995093e-04	1.058073e-01	-4.660715e-04	1.443396e-03
2.539950e+03	-1.490622e-01	3.228383e-02	-1.394799e-04	1.470622e-01	-6.286474e-04	1.620019e-03
2.552340e+03	-1.428204e-01	-5.746519e-02	3.745015e-04	1.408204e-01	-5.966240e-04	1.892572e-03
2.564730e+03	-7.523882e-02	-1.344357e-01	7.054134e-04	7.334186e-02	-2.413659e-04	1.939791e-03
2.577120e+03	2.210397e-02	-1.510978e-01	6.034920e-04	-2.351163e-02	1.055095e-04	1.427540e-03
2.589510e+03	1.115512e-01	-9.878852e-02	4.187685e-04	-1.119268e-01	4.243779e-04	7.695283e-04
2.601900e+03	1.428036e-01	3.860918e-03	2.857389e-05	-1.427420e-01	6.533125e-04	-2.015451e-04
2.614290e+03	9.487053e-02	9.528821e-02	-3.959038e-04	-9.367574e-02	5.829567e-04	-1.148853e-03
2.626680e+03	-7.091507e-03	1.204196e-01	-6.549443e-04	1.070847e-02	-1.898470e-05	-3.605198e-03
2.639070e+03	-8.277480e-02	5.929552e-02	-3.561188e-04	8.746516e-02	-5.313041e-04	-4.631517e-03
2.651460e+03	-7.711799e-02	-2.702179e-02	7.108760e-05	8.240152e-02	-5.790931e-04	-5.273243e-03
2.663850e+03	-1.259513e-02	-6.215111e-02	4.713910e-04	1.788640e-02	-1.437903e-04	-5.306347e-03
2.676240e+03	3.537232e-02	-2.922975e-02	1.987644e-04	-3.059017e-02	1.598674e-04	-4.749340e-03
2.688630e+03	2.626071e-02	1.287469e-02	-4.466323e-05	-2.168415e-02	2.771103e-04	-4.629594e-03
2.701020e+03	-5.502475e-03	1.340329e-02	-1.512540e-04	9.512019e-03	-3.216231e-05	-3.941997e-03
2.713410e+03	-7.804562e-03	-1.087247e-02	5.884893e-05	1.038859e-02	-3.247281e-05	-2.611442e-03
2.725800e+03	1.472524e-02	-1.463875e-02	1.475517e-05	-1.378571e-02	6.153372e-05	-8.914420e-04
2.738190e+03	2.497277e-02	9.431016e-03	-7.721219e-05	-2.604196e-02	8.350194e-05	1.080057e-03
2.750580e+03	4.716172e-03	3.414554e-02	-1.853062e-04	-7.882172e-03	-3.189552e-05	3.191836e-03
2.762970e+03	-3.131947e-02	2.919614e-02	-1.092417e-04	2.693455e-02	-2.161479e-04	4.368249e-03
2.775360e+03	-4.959532e-02	-8.055271e-03	1.472373e-04	4.519577e-02	-2.347371e-04	4.401067e-03
2.787750e+03	-2.569877e-02	-4.980420e-02	2.960357e-04	2.263326e-02	3.855125e-05	3.122807e-03
2.800140e+03	2.950763e-02	-5.483822e-02	1.732118e-04	-3.022215e-02	3.266646e-04	7.159408e-04
2.812530e+03	6.952050e-02	-7.481952e-03	-1.238070e-04	-6.741906e-02	3.097377e-04	-1.982935e-03
2.824920e+03	5.001638e-02	5.628866e-02	-2.330839e-04	-4.626530e-02	1.333921e-05	-3.813391e-03
2.837310e+03	-1.844598e-02	7.512484e-02	-3.149341e-04	2.317064e-02	-1.663137e-04	-4.687901e-03
2.849700e+03	-7.429487e-02	2.478533e-02	-4.220693e-05	7.843821e-02	-3.705109e-04	-4.202341e-03
2.862090e+03	-6.275550e-02	-5.095397e-02	2.152280e-04	6.532860e-02	-3.184270e-04	-2.559044e-03
2.874480e+03	7.336317e-03	-8.189042e-02	4.290846e-04	-7.126367e-03	2.118690e-05	-2.023007e-04
2.886870e+03	7.128067e-02	-4.205309e-02	2.257768e-04	-7.340449e-02	4.354694e-04	2.144946e-03
2.899260e+03	7.598344e-02	3.379978e-02	-2.547388e-04	-7.955496e-02	5.636016e-04	3.502907e-03
2.911650e+03	1.808647e-02	8.299335e-02	-5.277475e-04	-2.171287e-02	1.066988e-04	3.620127e-03
2.924040e+03	-5.515564e-02	6.674964e-02	-4.649192e-04	5.236732e-02	-3.253018e-04	2.736299e-03
2.936430e+03	-8.535347e-02	-1.252361e-03	4.677414e-05	8.379910e-02	-5.540939e-04	1.387428e-03
2.948820e+03	-4.783408e-02	-6.795081e-02	4.860808e-04	4.762090e-02	-3.052898e-04	1.603366e-04
2.961210e+03	2.709839e-02	-7.473735e-02	5.364463e-04	-2.649029e-02	2.207066e-04	-6.904271e-04
2.973600e+03	7.141841e-02	-1.910122e-02	6.209247e-05	-7.041841e-02	4.716141e-04	-1.030000e-03
2.985990e+03	4.994002e-02	4.488941e-02	-4.082580e-04	-4.897600e-02	4.441614e-04	-1.009003e-03
2.998380e+03	-1.124403e-02	5.778707e-02	-6.327852e-04	1.222110e-02	-5.130899e-05	-9.774046e-04
3.010770e+03	-4.819786e-02	1.489769e-02	-2.451328e-04	4.924953e-02	-5.263196e-04	-1.016525e-03
3.023160e+03	-2.903302e-02	-3.329848e-02	3.202715e-04	3.034551e-02	-4.661194e-04	-1.229742e-03
3.035550e+03	1.862516e-02	-3.590265e-02	4.854757e-04	-1.751944e-02	4.565792e-05	-1.090340e-03
3.047940e+03	3.818296e-02	4.017319e-03	2.078359e-04	-3.735395e-02	3.998822e-04	-7.696496e-04
3.060330e+03	1.027137e-02	3.696693e-02	-1.981348e-04	-9.990617e-03	3.917302e-04	-2.864618e-04
3.072720e+03	-3.079149e-02	2.459569e-02	-3.500188e-04	3.069529e-02	-1.434343e-05	8.055560e-05
3.085110e+03	-3.688590e-02	-1.857146e-02	-1.874497e-04	3.652715e-02	-2.537775e-04	4.351722e-04
3.097500e+03	1.156584e-03	-4.263961e-02	1.351038e-04	-1.904608e-03	-2.436087e-04	7.497271e-04
3.109890e+03	4.029369e-02	-1.812113e-02	1.826387e-04	-4.126671e-02	-5.455596e-05	9.095088e-04
3.122280e+03	3.548942e-02	2.979063e-02	1.333831e-04	-3.620045e-02	1.612777e-04	7.559032e-04
3.134670e+03	-1.089858e-02	4.776421e-02	-5.493715e-05	1.048778e-02	2.020830e-04	4.391304e-04
3.147060e+03	-5.009491e-02	1.303574e-02	-1.741176e-04	5.028607e-02	5.178748e-05	-1.890608e-04
3.159450e+03	-3.638806e-02	-4.014215e-02	2.491032e-05	3.758431e-02	-2.034267e-05	-1.218041e-03
3.171840e+03	1.943323e-02	-5.465124e-02	1.937404e-05	-1.804300e-02	6.613590e-05	-1.420265e-03
3.184230e+03	6.035854e-02	-1.068993e-02	-8.531792e-05	-5.885219e-02	7.191205e-05	-1.550325e-03
3.196620e+03	4.158032e-02	4.766664e-02	-6.806359e-05	-3.998669e-02	-6.638115e-06	-1.577152e-03
3.209010e+03	-2.089434e-02	6.123687e-02	-1.172230e-05	2.131868e-02	-8.284220e-05	-4.763606e-04
3.221400e+03	-6.466248e-02	1.382162e-02	5.189094e-05	6.414326e-02	-8.337247e-05	5.368743e-04
3.233790e+03	-4.665105e-02	-4.832415e-02	6.961443e-05	4.553632e-02	-1.862664e-07	1.165073e-03
3.246180e+03	1.725968e-02	-6.426718e-02	8.569507e-05	-1.859009e-02	1.905376e-04	1.466962e-03
3.258570e+03	6.441657e-02	-2.094663e-02	-1.225196e-04	-6.567321e-02	2.098297e-04	1.256427e-03
3.270960e+03	5.229607e-02	4.364707e-02	-2.915862e-04	-5.293129e-02	1.272357e-04	6.190911e-04
3.283350e+03	-8.765671e-03	6.752205e-02	-2.582349e-04	8.992086e-03	-1.759387e-04	-2.614037e-04
3.295740e+03	-6.109273e-02	2.842672e-02	9.171307e-05	6.196626e-02	-3.353911e-04	-8.071850e-04
3.308130e+03	-5.531221e-02	-3.641959e-02	3.132630e-04	5.641933e-02	-1.130671e-04	-1.103667e-03
3.320520e+03	2.108742e-03	-6.459132e-02	2.895126e-04	-9.766548e-04	1.855776e-04	-1.119773e-03
3.332910e+03	5.472638e-02	-3.213508e-02	9.967565e-06	-5.396357e-02	3.767345e-04	-8.036070e-04
3.345300e+03	5.438547e-02	2.795828e-02	-2.897976e-04	-5.407531e-02	1.927399e-04	-3.908582e-04
3.357690e+03	4.726567e-03	5.801690e-02	-3.869371e-04	-4.678502e-03	-9.747737e-05	-6.172629e-05
3.370080e+03	-4.522804e-02	3.435234e-02	-8.873508e-05	4.483884e-02	-3.493871e-04	4.060567e-04
3.382470e+03	-5.166857e-02	-1.872956e-02	2.668794e-04	5.095390e-02	-2.878799e-04	7.379048e-04
3.394860e+03	-1.177717e-02	-5.123892e-02	3.946045e-04	1.094395e-02	1.750236e-05	8.344173e-04
3.407250e+03	3.536969e-02	-3.607007e-02	1.754591e-04	-3.618751e-02	2.887786e-04	8.357331e-04
3.419640e+03	4.761794e-02	9.913536e-03	-1.408929e-04	-4.813831e-02	3.366137e-04	5.088477e-04
3.432030e+03	1.663175e-02	4.463400e-02	-3.694702e-04	-1.674386e-02	9.635753e-05	1.022587e-04
3.444420e+03	-2.742215e-02	3.640153e-02	-2.487753e-04	2.770634e-02	-2.514195e-04	-3.151525e-04
3.456810e+03	-4.315110e-02	-4.017051e-03	8.914561e-05	4.372593e-02	-3.553510e-04	-5.748547e-04
3.469200e+03	-1.828380e-02	-3.784946e-02	2.516862e-04	1.898245e-02	-1.665248e-04	-7.182239e-04
3.481590e+03	2.204781e-02	-3.405715e-02	2.238759e-04	-2.124312e-02	1.821073e-04	-7.731761e-04
3.493980e+03	3.888469e-02	8.031794e-04	3.441847e-05	-3.838267e-02	2.748268e-04	-5.223625e-04
3.506370e+03	1.893541e-02	3.229364e-02	-1.808924e-04	-1.878146e-02	1.464665e-04	-1.911076e-04
3.518760e+03	-1.722403e-02	3.148765e-02	-2.311507e-04	1.714824e-02	-4.894242e-05	8.007052e-05
3.531150e+03	-3.412621e-02	1.525398e-03	-6.663054e-05	3.385172e-02	-1.913324e-04	2.902177e-04
3.543540e+03	-1.838100e-02	-2.805397e-02	1.177584e-04	1.793392e-02	-1.565043e-04	4.250266e-04
3.555930e+03	1.427249e-02	-2.922819e-02	1.825406e-04	-1.466817e-02	4.603429e-05	3.888905e-04
3.568320e+03	3.126098e-02	-2.195723e-03	8.526387e-05	-3.146963e-02	1.634941e-04	2.549562e-04
3.580710e+03	1.743301e-02	2.567340e-02	-7.590508e-05	-1.751226e-02	1.439468e-04	6.745966e-05
3.593100e+03	-1.296601e-02	2.754132e-02	-1.826227e-04	1.306876e-02	1.697278e-05	-1.821173e-04
3.605490e+03	-2.965880e-02	2.209935e-03	-8.396187e-05	2.995897e-02	-1.515931e-04	-3.682684e-04
3.617880e+03	-1.615348e-02	-2.457753e-02	9.379603e-05	1.665408e-02	-8.979871e-05	-4.813181e-04
3.630270e+03	1.339450e-02	-2.614238e-02	1.190332e-04	-1.289499e-02	2.762426e-05	-4.792882e-04
3.642660e+03	2.866919e-02	-1.621367e-03	6.685776e-05	-2.836913e-02	1.184084e-04	-3.237235e-04
3.655050e+03	1.590235e-02	2.433453e-02	-8.903441e-05	-1.580640e-02	1.569653e-04	-1.045579e-04
3.667440e+03	-1.317751e-02	2.586179e-02	-1.100600e-04	1.309153e-02	6.774770e-05	1.099069e-04
3.679830e+03	-2.837685e-02	1.669668e-03	-1.152204e-04	2.807685e-02	-6.022104e-05	3.079697e-04
3.692220e+03	-1.600755e-02	-2.381893e-02	-6.335426e-06	1.560343e-02	-6.998437e-05	4.214938e-04
3.704610e+03	1.253774e-02	-2.566666e-02	5.765512e-05	-1.284939e-02	5.807788e-06	3.814262e-04
3.717000e+03	2.806132e-02	-2.093590e-03	5.686613e-05	-2.828801e-02	3.245830e-05	2.309310e-04
3.729390e+03	1.618958e-02	2.343092e-02	-2.157531e-05	-1.629071e-02	5.922418e-05	8.376300e-05
3.741780e+03	-1.195631e-02	2.570053e-02	-4.626522e-05	1.206365e-02	7.059601e-06	-1.140560e-04
3.754170e+03	-2.817628e-02	2.333988e-03	-5.746633e-05	2.837628e-02	-4.560497e-05	-2.626054e-04
3.766560e+03	-1.581425e-02	-2.325994e-02	4.742065e-05	1.621822e-02	1.689186e-05	-3.565180e-04
3.778950e+03	1.219000e-02	-2.553509e-02	1.608964e-05	-1.187919e-02	4.782040e-06	-3.187654e-04
3.791340e+03	2.818547e-02	-2.517566e-03	8.610251e-06	-2.788629e-02	3.825947e-05	-2.771728e-04
3.803730e+03	1.645699e-02	2.301006e-02	-6.163005e-05	-1.635859e-02	6.406593e-05	-1.236565e-04
3.816120e+03	-1.145006e-02	2.578166e-02	-4.788999e-05	1.137698e-02	8.389294e-06	7.437015e-05
3.828510e+03	-2.785075e-02	3.255182e-03	1.408682e-05	2.764978e-02	1.918048e-05	2.021647e-04
3.840900e+03	-1.706004e-02	-2.225188e-02	4.304241e-05	1.679446e-02	3.499395e-05	2.764210e-04
3.853290e+03	1.035309e-02	-2.592084e-02	-7.737575e-06	-1.064896e-02	5.170479e-05	2.959889e-04
3.865680e+03	2.761956e-02	-4.155561e-03	-2.932032e-05	-2.783592e-02	9.682175e-05	2.334673e-04
3.878070e+03	1.767094e-02	2.164832e-02	-5.337534e-05	-1.776379e-02	2.125288e-05	9.199962e-05
3.890460e+03	-9.525760e-03	2.620331e-02	6.257704e-06	9.524862e-03	-5.508218e-05	-1.908559e-05
3.902850e+03	-2.740422e-02	5.154918e-03	8.355002e-05	2.760463e-02	-1.432934e-05	-1.626468e-04
3.915240e+03	-1.828389e-02	-2.081168e-02	4.575337e-05	1.857970e-02	5.122210e-05	-2.693631e-04
3.927630e+03	8.577603e-03	-2.639041e-02	3.832274e-05	-8.336637e-03	8.549396e-05	-2.440730e-04
3.940020e+03	2.710868e-02	-6.151334e-03	-6.049822e-05	-2.691059e-02	1.107368e-04	-1.684259e-04
3.952410e+03	1.901177e-02	1.997433e-02	-1.236916e-04	-1.891551e-02	2.608631e-05	-1.120823e-04
3.964800e+03	-7.337463e-03	2.661849e-02	-8.204041e-05	7.280242e-03	-7.293478e-05	6.394287e-05
3.977190e+03	-2.634935e-02	7.195873e-03	6.571190e-05	2.622398e-02	-7.104976e-05	1.231436e-04
3.989580e+03	-1.963578e-02	-1.880044e-02	1.325808e-04	1.945837e-02	2.754154e-05	2.069362e-04
4.001970e+03	6.063406e-03	-2.644652e-02	1.128304e-04	-6.263406e-03	1.107220e-04	1.873369e-04
4.014360e+03	2.567438e-02	-8.132896e-03	-2.928294e-05	-2.577141e-02	1.304708e-04	1.572630e-04
4.026750e+03	2.010027e-02	1.780340e-02	-1.100966e-04	-2.013864e-02	3.238091e-05	8.567328e-05
4.039140e+03	-6.443977e-03	2.504811e-02	-1.007556e-04	6.496339e-03	-4.927448e-05	-5.318437e-05
4.051530e+03	-2.479364e-02	8.983279e-03	1.595065e-05	2.489364e-02	-1.289982e-04	-1.089091e-04
4.063920e+03	-2.024656e-02	-1.674337e-02	1.574823e-04	2.044797e-02	-4.682841e-05	-1.765783e-04
4.076310e+03	4.162890e-03	-2.591192e-02	1.450061e-04	-4.032763e-03	1.329331e-04	-1.188210e-04
4.088700e+03	2.424112e-02	-9.685176e-03	-3.591295e-06	-2.407283e-02	1.841728e-04	-1.114413e-04
4.101090e+03	2.055157e-02	1.568953e-02	-1.347557e-04	-2.045929e-02	8.785219e-05	-5.817062e-05
4.113480e+03	-2.865472e-03	2.519434e-02	-1.484492e-04	2.835419e-03	-7.912802e-05	3.621884e-05
4.125870e+03	-2.306363e-02	1.038141e-02	3.462039e-05	2.294669e-02	-1.461986e-04	8.692527e-05
4.138260e+03	-2.042124e-02	-1.433440e-02	1.818668e-04	2.031675e-02	-7.356621e-05	1.106546e-04
4.150650e+03	1.883434e-03	-2.459341e-02	1.647911e-04	-2.003692e-03	1.099586e-04	1.179525e-04
4.163040e+03	2.200834e-02	-1.088030e-02	4.687046e-05	-2.210834e-02	2.049996e-04	8.221385e-05
4.175430e+03	2.036084e-02	1.330514e-02	-1.093326e-04	-2.045405e-02	1.537392e-04	5.399906e-05
4.187820e+03	-8.228349e-04	2.400197e-02	-1.242778e-04	8.195143e-04	-5.952426e-06	1.981895e-06
4.200210e+03	-2.083713e-02	1.146976e-02	-2.578252e-05	2.094131e-02	-1.030839e-04	-5.275473e-05
4.212600e+03	-2.014448e-02	-1.198260e-02	1.174679e-04	2.024448e-02	-1.156618e-04	-1.190986e-04
4.224990e+03	8.675956e-05	-2.288544e-02	1.560677e-04	2.826611e-05	5.521237e-06	-9.791434e-05
4.237380e+03	1.980985e-02	-1.164632e-02	1.090386e-04	-1.969384e-02	1.385530e-04	-1.050892e-04
4.249770e+03	1.987123e-02	1.084112e-02	-4.819370e-05	-1.979137e-02	1.648152e-04	-6.056340e-05
4.262160e+03	8.026403e-04	2.217592e-02	-1.020245e-04	-8.097791e-04	4.839568e-05	8.917430e-06
4.274550e+03	-1.841271e-02	1.182596e-02	-3.739125e-05	1.830883e-02	-5.148115e-05	5.645883e-05
4.286940e+03	-1.934422e-02	-9.651307e-03	6.884361e-05	1.924421e-02	-8.348177e-05	9.241873e-05
4.299330e+03	-1.554551e-03	-2.099803e-02	1.498538e-04	1.453335e-03	-4.388905e-05	1.050000e-04
4.311720e+03	1.710934e-02	-1.182783e-02	8.085412e-05	-1.721013e-02	9.879127e-05	7.358895e-05
4.324110e+03	1.859337e-02	8.678358e-03	-6.522029e-06	-1.869742e-02	1.194286e-04	5.458530e-05
4.336500e+03	1.969608e-03	1.999136e-02	-8.432753e-05	-1.965509e-03	8.383901e-05	-2.510222e-06
4.348890e+03	-1.603762e-02	1.163193e-02	-5.007459e-05	1.606280e-02	-1.164186e-05	-3.324964e-05
4.361280e+03	-1.788754e-02	-7.844258e-03	2.173305e-05	1.789280e-02	-3.029955e-05	-3.551040e-05
4.373670e+03	-2.104293e-03	-1.883044e-02	6.278314e-05	2.175886e-03	6.180435e-06	-6.478640e-05
4.386060e+03	1.518334e-02	-1.130914e-02	5.643965e-05	-1.519617e-02	6.921228e-05	-3.960515e-05
4.398450e+03	1.741207e-02	7.473576e-03	1.863626e-05	-1.733381e-02	1.037042e-04	-2.586057e-05
4.410840e+03	2.322207e-03	1.819736e-02	-1.166940e-05	-2.311293e-03	4.362734e-05	-1.784778e-05
4.423230e+03	-1.424303e-02	1.104702e-02	-2.866032e-05	1.433794e-02	1.202601e-05	-6.811137e-06
4.435620e+03	-1.646164e-02	-6.726806e-03	2.143796e-05	1.646216e-02	-2.005377e-05	2.553317e-05
4.448010e+03	-2.356483e-03	-1.718173e-02	2.989952e-05	2.301804e-03	1.860162e-05	5.506486e-05
4.460400e+03	1.358176e-02	-1.056414e-02	3.198902e-05	-1.357907e-02	3.581788e-05	2.177404e-05
4.472790e+03	1.582894e-02	6.355826e-03	-2.043722e-05	-1.582559e-02	4.928700e-05	2.622959e-05
4.485180e+03	2.513517e-03	1.663587e-02	-2.427243e-05	-2.536055e-03	1.266188e-05	1.659337e-05
4.497570e+03	-1.286824e-02	1.044204e-02	-4.844377e-06	1.286815e-02	-1.579386e-05	3.669973e-05
4.509960e+03	-1.513311e-02	-5.774724e-03	5.584851e-05	1.523384e-02	1.435651e-05	-2.840831e-05
4.522350e+03	-2.454222e-03	-1.567781e-02	3.001333e-05	2.491263e-03	2.146062e-05	-3.277521e-05
4.534740e+03	1.228173e-02	-9.967590e-03	5.401892e-06	-1.224532e-02	5.962898e-05	-3.896435e-05
4.547130e+03	1.461693e-02	5.527680e-03	2.281995e-06	-1.449003e-02	8.386607e-05	-6.734970e-05
4.559520e+03	2.569313e-03	1.520000e-02	-2.728405e-05	-2.541529e-03	-1.505295e-05	-2.855115e-05
4.571910e+03	-1.171500e-02	9.770894e-03	3.908005e-07	1.171407e-02	-9.248426e-07	2.156502e-05
4.584300e+03	-1.415732e-02	-5.134001e-03	4.765039e-05	1.411925e-02	1.244824e-05	3.347323e-05
4.596690e+03	-2.641288e-03	-1.457582e-02	2.257044e-05	2.577092e-03	6.936190e-05	6.064163e-05
4.609080e+03	1.114227e-02	-9.480961e-03	-1.555970e-05	-1.124351e-02	6.784394e-05	3.664858e-05
4.621470e+03	1.371761e-02	4.817422e-03	-4.066723e-05	-1.380469e-02	4.105002e-05	6.213750e-05
4.633860e+03	2.751210e-03	1.403238e-02	-3.569941e-05	-2.763811e-03	-1.278854e-05	1.466487e-05
4.646250e+03	-1.057427e-02	9.373518e-03	1.773212e-05	1.057321e-02	-1.440208e-05	-9.173537e-07
4.658640e+03	-1.320256e-02	-4.298709e-03	7.674211e-05	1.331697e-02	1.778841e-05	-1.192350e-05
4.671030e+03	-2.890927e-03	-1.336885e-02	4.324334e-05	2.906522e-03	6.656057e-05	-1.861299e-05
4.683420e+03	1.003617e-02	-9.149517e-03	-1.175310e-05	-1.004006e-02	9.800115e-05	-1.289180e-05
4.695810e+03	1.282130e-02	3.929008e-03	-6.321080e-05	-1.282130e-02	6.683438e-05	1.831975e-05
4.708200e+03	3.105904e-03	1.282203e-02	-4.929587e-05	-3.146846e-03	-2.441375e-05	3.497792e-05
4.720590e+03	-9.702877e-03	9.530250e-03	-1.431343e-05	9.627962e-03	-2.137462e-05	5.665658e-05
4.732980e+03	-1.241895e-02	-3.339989e-03	7.856221e-05	1.231776e-02	-4.907036e-06	6.208104e-05
4.745370e+03	-3.397986e-03	-1.220610e-02	7.523857e-05	3.368658e-03	4.917644e-05	3.083144e-05
4.757760e+03	8.717692e-03	-8.996162e-03	3.662145e-07	-8.741739e-03	9.487358e-05	4.631812e-05
4.770150e+03	1.202373e-02	2.859883e-03	-6.070372e-05	-1.202205e-02	8.568896e-05	5.682270e-05
4.782540e+03	3.633659e-03	1.159982e-02	-9.660310e-05	-3.663627e-03	1.105701e-05	3.159117e-05
4.794930e+03	-7.976093e-03	8.942356e-03	-3.065490e-05	7.947451e-03	-5.290166e-05	2.858902e-05
4.807320e+03	-1.150662e-02	-2.280504e-03	5.514115e-05	1.150644e-02	-2.450030e-05	4.172568e-07
4.819710e+03	-3.838418e-03	-1.092369e-02	6.729002e-05	3.828150e-03	4.962334e-05	5.244041e-06
4.832100e+03	7.302156e-03	-8.787504e-03	2.719647e-05	-7.313525e-03	8.836523e-05	5.901306e-06
4.844490e+03	1.124365e-02	1.715507e-03	-1.714791e-05	-1.124358e-02	1.075226e-04	1.731736e-05
4.856880e+03	4.225923e-03	1.024057e-02	-4.856240e-05	-4.262576e-03	3.973150e-05	3.583499e-05
4.869270e+03	-6.414567e-03	8.665232e-03	-2.901679e-05	6.342368e-03	1.262030e-06	6.935428e-05
4.881660e+03	-1.039979e-02	-9.943489e-04	3.278730e-05	1.030000e-02	-4.042516e-05	6.948919e-05
4.894050e+03	-4.405926e-03	-9.210930e-03	4.779270e-05	4.338699e-03	9.221120e-06	5.944223e-05
4.906440e+03	5.586509e-03	-8.286844e-03	4.871055e-05	-5.643311e-03	7.011316e-05	5.286974e-05
4.918830e+03	9.677955e-03	5.556314e-04	3.206753e-05	-9.737410e-03	8.934908e-05	5.548555e-05
4.931220e+03	4.527113e-03	8.449445e-03	-2.912099e-06	-4.556838e-03	4.660817e-05	3.554870e-05
4.943610e+03	-4.806384e-03	8.036826e-03	-2.299196e-05	4.780111e-03	1.113074e-05	2.837248e-05
4.956000e+03	-8.933704e-03	5.519635e-05	1.156503e-07	8.890467e-03	-2.246685e-06	4.609892e-05
4.968390e+03	-4.494175e-03	-7.506742e-03	3.124048e-05	4.443451e-03	2.143631e-05	5.032070e-05
4.980780e+03	4.059658e-03	-7.528445e-03	5.986725e-05	-4.078659e-03	4.647994e-05	1.707446e-05
4.993170e+03	8.207294e-03	-3.520629e-04	1.570758e-05	-8.237294e-03	7.540192e-05	2.782738e-05
5.005560e+03	4.451008e-03	6.765589e-03	-8.248080e-06	-4.502463e-03	6.698289e-05	4.091951e-05
5.017950e+03	-3.380511e-03	7.124676e-03	-1.560571e-05	3.340193e-03	1.821363e-05	4.244315e-05
5.030340e+03	-7.455533e-03	8.129517e-04	-2.883393e-06	7.395533e-03	9.648986e-06	6.129642e-05
5.042730e+03	-4.300869e-03	-5.840745e-03	3.720846e-05	4.252005e-03	2.784099e-05	5.089448e-05
5.055120e+03	2.738609e-03	-6.451447e-03	3.466688e-05	-2.808382e-03	5.206819e-05	6.837964e-05
5.067510e+03	6.692717e-03	-8.736562e-04	8.572719e-08	-6.758768e-03	4.816507e-05	6.475575e-05
5.079900e+03	4.111398e-03	5.189911e-03	8.513317e-06	-4.156771e-03	3.741316e-05	4.879908e-05
5.092290e+03	-2.269028e-03	5.951236e-03	1.354006e-05	2.220635e-03	2.780661e-05	4.955223e-05
5.104680e+03	-5.984148e-03	1.076808e-03	-1.581534e-06	5.951551e-03	2.601381e-05	2.915700e-05
5.117070e+03	-3.849571e-03	-4.436066e-03	2.407697e-05	3.836593e-03	4.677848e-05	1.341257e-05
5.129460e+03	1.785662e-03	-5.338994e-03	2.871504e-05	-1.798080e-03	4.432358e-05	1.346251e-05
5.141850e+03	5.298061e-03	-1.139660e-03	1.068018e-05	-5.328147e-03	3.598093e-05	2.950379e-05
5.154240e+03	3.579645e-03	3.862792e-03	-1.733028e-06	-3.609905e-03	5.799375e-05	2.935600e-05
5.166630e+03	-1.420044e-03	4.826318e-03	-1.005148e-05	1.369993e-03	4.115558e-05	5.652297e-05
5.179020e+03	-4.632285e-03	1.185600e-03	-4.514024e-06	4.564920e-03	3.675782e-05	6.742532e-05
5.191410e+03	-3.214528e-03	-3.309863e-03	1.127709e-05	3.161819e-03	3.950495e-05	5.438678e-05
5.203800e+03	1.191730e-03	-4.187265e-03	8.869508e-06	-1.259307e-03	1.191683e-05	6.697482e-05
5.216190e+03	4.063848e-03	-1.066100e-03	-1.187130e-06	-4.137517e-03	2.870508e-05	7.979003e-05
5.228580e+03	2.923423e-03	2.897246e-03	1.030382e-05	-2.965788e-03	3.517936e-05	4.613696e-05
5.240970e+03	-9.245840e-04	3.814481e-03	3.952203e-06	8.916379e-04	5.077108e-05	3.306392e-05
5.253360e+03	-3.529927e-03	1.086319e-03	-3.839150e-07	3.495427e-03	6.467424e-05	3.074269e-05
5.265750e+03	-2.548811e-03	-2.341162e-03	2.501519e-05	2.561467e-03	5.758507e-05	-1.299191e-05
5.278140e+03	7.904139e-04	-3.185750e-03	-2.314844e-05	-7.903704e-04	3.953965e-05	2.199746e-06
5.290530e+03	3.055837e-03	-9.236188e-04	-3.082205e-05	-3.081120e-03	2.720816e-05	2.723700e-05
5.302920e+03	2.192785e-03	2.067592e-03	-1.965919e-05	-2.242534e-03	1.458908e-05	4.338050e-05
5.315310e+03	-7.313013e-04	2.612548e-03	1.308249e-05	6.862025e-04	1.444656e-05	4.375235e-05
5.327700e+03	-2.549942e-03	8.263550e-04	2.195788e-05	2.518777e-03	3.291405e-05	2.577113e-05
5.340090e+03	-1.848800e-03	-1.730979e-03	1.052659e-05	1.807290e-03	5.914995e-05	4.108955e-05
5.352480e+03	6.162066e-04	-2.352474e-03	2.252396e-06	-6.492568e-04	6.128198e-05	3.331280e-05
5.364870e+03	2.255899e-03	-5.933566e-04	-1.863738e-05	-2.281511e-03	3.187297e-05	2.599912e-05
5.377260e+03	1.586635e-03	1.649872e-03	-1.015829e-05	-1.641583e-03	1.529431e-05	5.124337e-05
5.389650e+03	-5.527327e-04	2.171479e-03	-4.239885e-06	4.955752e-04	-7.885737e-06	5.627168e-05
5.402040e+03	-1.965505e-03	6.276344e-04	2.005827e-05	1.945954e-03	1.956879e-05	2.706241e-05
5.414430e+03	-1.393421e-03	-1.319269e-03	3.030743e-05	1.360782e-03	4.467420e-05	3.249450e-05
5.426820e+03	4.423059e-04	-1.746310e-03	1.900836e-05	-4.569928e-04	6.109249e-05	1.479880e-05
5.439210e+03	1.692609e-03	-4.386030e-04	-2.664597e-05	-1.715393e-03	4.690595e-05	2.070405e-05
5.451600e+03	1.178248e-03	1.222330e-03	-1.707345e-05	-1.189967e-03	2.001839e-05	5.332157e-06
5.463990e+03	-3.996720e-04	1.561351e-03	1.348366e-05	3.587445e-04	1.489928e-05	4.140284e-05
5.476380e+03	-1.440123e-03	4.412400e-04	2.643839e-05	1.400060e-03	1.402764e-05	3.247676e-05
5.488770e+03	-9.918789e-04	-9.049794e-04	3.647931e-05	9.590183e-04	4.847249e-05	3.436684e-05
5.501160e+03	3.050039e-04	-1.187793e-03	2.998749e-05	-3.532052e-04	6.058136e-05	4.799684e-05
5.513550e+03	1.121252e-03	-2.572603e-04	-1.560972e-05	-1.166456e-03	6.330201e-05	4.759841e-05
5.525940e+03	7.221532e-04	8.196439e-04	-1.898128e-05	-7.713665e-04	3.454195e-05	4.636134e-05
5.538330e+03	-4.119325e-04	1.033227e-03	-1.712318e-05	3.840076e-04	1.342573e-05	2.692464e-05
5.550720e+03	-1.008036e-03	1.692336e-04	8.311136e-06	9.463287e-04	1.170072e-05	6.269341e-05
5.563110e+03	-5.870895e-04	-7.204560e-04	2.506773e-05	5.436023e-04	1.866963e-05	4.542451e-05
5.575500e+03	3.589793e-04	-7.826231e-04	2.154797e-05	-3.971780e-04	3.570141e-05	3.761977e-05
5.587890e+03	8.469569e-04	-5.643084e-05	-1.337559e-05	-8.936094e-04	5.252763e-05	4.678156e-05
5.600280e+03	4.641613e-04	6.811237e-04	-2.800098e-05	-4.887195e-04	4.208359e-05	2.431260e-05
5.612670e+03	-3.398905e-04	7.305454e-04	-1.337171e-05	2.970585e-04	3.097043e-05	4.210958e-05
5.625060e+03	-6.789144e-04	7.804473e-05	1.303738e-06	6.380311e-04	-1.682597e-06	4.277481e-05
5.637450e+03	-3.180415e-04	-5.299596e-04	3.403477e-05	2.452786e-04	1.054023e-05	7.138873e-05
5.649840e+03	2.954324e-04	-4.901735e-04	4.080854e-05	-3.537156e-04	2.974705e-05	5.695259e-05
5.662230e+03	5.666717e-04	9.488166e-05	2.528672e-05	-6.129536e-04	5.430000e-05	4.624868e-05
5.674620e+03	2.470921e-04	5.369574e-04	2.486805e-07	-3.052157e-04	6.329110e-05	5.808714e-05
5.687010e+03	-3.371498e-04	4.102373e-04	-1.508546e-05	2.933574e-04	3.060734e-05	4.569252e-05
5.699400e+03	-4.557889e-04	-9.628753e-05	-8.035811e-07	4.175780e-04	1.477606e-05	3.555794e-05
5.711790e+03	-1.004893e-04	-4.149117e-04	1.596762e-05	3.655594e-05	8.816059e-06	6.160623e-05
5.724180e+03	3.619208e-04	-2.658121e-04	2.763388e-05	-4.122182e-04	2.344881e-05	5.009783e-05
5.736570e+03	4.005575e-04	1.722399e-04	4.020845e-05	-4.426657e-04	4.583770e-05	4.178446e-05
5.748960e+03	6.503879e-05	4.816366e-04	2.524268e-06	-9.058954e-05	5.185872e-05	2.527051e-05
5.761350e+03	-3.507231e-04	3.032827e-04	-1.248249e-05	3.094134e-04	5.130889e-05	4.175567e-05
5.773740e+03	-3.946060e-04	-1.376671e-04	-1.095465e-05	3.502292e-04	2.288632e-05	4.471205e-05
5.786130e+03	-4.389038e-05	-4.023052e-04	-8.479257e-07	9.012365e-06	8.014334e-06	3.499703e-05
5.798520e+03	2.722607e-04	-2.412549e-04	1.483620e-05	-3.487266e-04	1.481385e-05	7.608110e-05
5.810910e+03	3.482450e-04	9.740913e-05	2.356535e-05	-4.056842e-04	3.826870e-05	5.682042e-05
5.823300e+03	8.020194e-05	3.493240e-04	2.121371e-05	-1.327987e-04	4.420238e-05	5.106734e-05
5.835690e+03	-1.548573e-04	2.449714e-04	1.268959e-05	1.234136e-04	6.359719e-05	3.311690e-05
5.848080e+03	-2.438320e-04	-6.045051e-05	2.513997e-06	1.850748e-04	4.696823e-05	5.853564e-05
5.860470e+03	-4.179499e-05	-1.896803e-04	-4.467830e-06	1.309033e-06	2.777989e-05	4.047291e-05
5.872860e+03	1.787905e-04	-1.027875e-04	7.492213e-06	-2.128511e-04	1.712633e-05	3.447222e-05
5.885250e+03	1.908052e-04	1.077757e-04	1.461097e-05	-2.475703e-04	2.912230e-05	5.744527e-05
5.897640e+03	4.262167e-05	2.429437e-04	1.810884e-05	-9.175524e-05	3.520450e-05	4.918041e-05
5.910030e+03	-1.411883e-04	1.810991e-04	4.897650e-06	9.504419e-05	5.844302e-05	4.669927e-05
5.922420e+03	-1.280173e-04	-3.582830e-05	-8.113252e-06	7.237870e-05	5.488353e-05	5.332950e-05
5.934810e+03	-7.033107e-05	-1.211738e-04	-1.889939e-05	1.169071e-05	2.720173e-05	5.716215e-05
5.947200e+03	7.683530e-05	-4.975912e-05	-1.853597e-05	-1.248487e-04	1.359963e-05	4.739481e-05
5.959590e+03	1.073083e-04	-5.238728e-06	1.203677e-05	-1.340142e-04	8.266754e-06	2.633124e-05
5.971980e+03	1.702121e-05	7.543302e-05	3.796633e-05	-6.333296e-05	2.216536e-05	4.603039e-05
5.984370e+03	-1.250159e-05	9.017932e-05	2.754213e-05	-2.300712e-05	5.212495e-05	3.550630e-05
5.996760e+03	6.495742e-06	5.297735e-05	1.215315e-05	-2.892633e-05	5.635501e-05	2.236709e-05
6.009150e+03	-9.383358e-06	3.264739e-05	-2.297523e-05	-3.735404e-05	5.640522e-05	4.662502e-05
6.021540e+03	-2.673225e-05	8.836871e-05	-1.668291e-05	-2.831135e-05	3.385805e-05	5.528368e-05
6.033930e+03	-7.142614e-05	7.040431e-05	-5.770928e-06	2.232138e-05	2.606375e-07	4.918681e-05
6.046320e+03	-9.354690e-05	-7.311383e-06	1.507135e-05	5.235746e-05	1.482293e-05	4.117890e-05
6.058710e+03	-2.912225e-05	-2.840430e-05	2.439838e-05	-2.654418e-05	3.851433e-05	5.576303e-05
6.071100e+03	5.542631e-05	3.304279e-06	1.099467e-05	-1.071375e-04	3.841998e-05	5.166702e-05
6.083490e+03	6.588027e-05	6.098491e-05	-1.169952e-05	-9.467257e-05	5.070001e-05	2.880012e-05
6.095880e+03	-6.360246e-06	9.898443e-05	-1.339939e-05	-6.443100e-05	3.783618e-05	6.880645e-05
6.108270e+03	-5.552275e-05	1.906068e-05	-9.133351e-05	-8.192523e-06	-1.340048e-05	6.351524e-05
6.120660e+03	-7.257845e-05	-5.596827e-07	-2.662002e-05	2.159042e-05	2.142644e-05	4.994383e-05
6.133050e+03	-3.913473e-05	-1.941951e-05	1.397319e-05	3.035888e-06	8.925254e-06	3.533930e-05
6.145440e+03	1.030838e-05	-8.544810e-06	2.136392e-05	-6.196179e-05	2.966504e-05	5.141022e-05
6.157830e+03	3.171078e-05	8.384456e-06	1.187663e-05	-6.406860e-05	4.644507e-05	3.196087e-05
6.170220e+03	1.043975e-05	5.878004e-05	-3.103461e-06	-3.107555e-05	3.589022e-05	2.359446e-05
6.182610e+03	2.305137e-08	1.307856e-07	-8.746196e-06	-6.223475e-05	2.891903e-05	6.244844e-05
6.195000e+03	1.308472e-05	2.818162e-06	-9.900143e-06	-7.409019e-05	9.484489e-06	6.152739e-05
6.207390e+03	-8.090487e-06	9.399200e-05	3.503210e-06	-4.865199e-05	-2.124725e-06	5.678820e-05
6.219780e+03	1.201336e-05	9.252825e-05	3.358541e-05	-5.895269e-05	1.686763e-05	4.823570e-05
6.232170e+03	-3.814730e-05	3.637863e-05	2.880276e-05	-1.740377e-05	2.261067e-05	5.505515e-05
6.244560e+03	-5.562288e-05	-8.850968e-06	1.348915e-05	9.414138e-06	5.084503e-05	4.598347e-05
6.256950e+03	4.679240e-05	-3.249740e-05	-3.473248e-07	-7.269485e-05	5.035120e-05	2.600184e-05
6.269340e+03	1.195126e-04	3.801353e-06	-2.354518e-05	-1.698508e-04	2.884886e-05	5.325625e-05
6.281730e+03	1.366832e-04	7.309701e-05	-2.140661e-06	-1.717858e-04	5.259473e-06	3.535000e-05
6.294120e+03	-9.012168e-06	1.808134e-04	9.387487e-06	-2.141478e-05	1.822035e-06	3.163470e-05
6.306510e+03	-1.077072e-04	1.407626e-04	1.781056e-05	7.133613e-05	2.442800e-05	3.633501e-05
6.318900e+03	-1.123147e-04	-3.874639e-05	3.135737e-05	5.814412e-05	2.848402e-05	5.404770e-05
6.331290e+03	1.214475e-06	-1.014150e-04	1.462431e-05	-4.515215e-05	2.745402e-05	4.470172e-05
6.343680e+03	1.576622e-04	-8.730334e-06	-2.010733e-06	-2.068959e-04	2.932071e-05	4.925636e-05
6.356070e+03	1.792105e-04	1.943820e-04	6.966394e-06	-2.517098e-04	2.224128e-05	7.376945e-05
6.368460e+03	-2.694173e-06	2.178207e-04	-2.699153e-06	-6.550194e-05	8.194845e-06	6.849509e-05
6.380850e+03	-1.832675e-04	1.811003e-04	2.239402e-05	1.321338e-04	1.892079e-05	5.024226e-05
