1.300950e+03	1.054420e-01	-7.797617e-03	-1.376396e-05	-1.054420e-01	-5.372466e-08	-5.708701e-04
1.313340e+03	1.052657e-01	2.098199e-02	8.709449e-06	-1.052657e-01	5.598706e-06	2.572390e-04
1.325730e+03	9.542100e-02	4.847085e-02	-1.827917e-06	-9.542100e-02	-1.622738e-06	2.980735e-05
1.338120e+03	7.877622e-02	7.211638e-02	-7.907015e-06	-7.878217e-02	2.257592e-05	-3.927691e-05
1.350510e+03	5.638249e-02	9.052705e-02	-3.822307e-05	-5.628587e-02	4.242914e-05	-2.339557e-05
1.362900e+03	2.999718e-02	1.026281e-01	-2.998339e-05	-3.015439e-02	1.721618e-05	1.127109e-04
1.375290e+03	1.330631e-03	1.069965e-01	-5.358120e-05	-1.641772e-03	2.595916e-05	3.128220e-04
1.387680e+03	-2.738468e-02	1.033174e-01	-1.932777e-05	2.708557e-02	-2.432175e-05	3.317052e-04
1.400070e+03	-5.427800e-02	9.228095e-02	-8.029796e-05	5.398361e-02	-5.286003e-06	3.820654e-04
1.412460e+03	-7.733565e-02	7.413077e-02	2.310345e-05	7.692966e-02	-6.054436e-05	4.050282e-04
1.424850e+03	-9.455037e-02	5.056591e-02	-4.789908e-06	9.420813e-02	-5.170047e-05	4.116203e-04
1.437240e+03	-1.050020e-01	2.308270e-02	6.192516e-06	1.042461e-01	-4.593243e-05	3.742941e-04
1.449630e+03	-1.070000e-01	-6.167241e-03	3.380051e-05	1.064706e-01	-4.112739e-05	4.196852e-04
1.462020e+03	-1.021632e-01	-3.548201e-02	3.464468e-05	1.011939e-01	-2.279212e-05	5.383882e-04
1.474410e+03	-8.801555e-02	-6.186383e-02	3.340284e-05	8.760726e-02	8.437820e-07	4.937876e-04
1.486800e+03	-6.772456e-02	-8.333907e-02	2.813907e-05	6.732884e-02	9.528948e-06	3.867231e-04
1.499190e+03	-4.223686e-02	-9.841575e-02	2.175842e-05	4.200205e-02	1.450443e-05	2.904881e-04
1.511580e+03	-1.401437e-02	-1.069779e-01	1.439062e-05	1.371533e-02	2.095523e-05	3.162599e-04
1.523970e+03	1.573820e-02	-1.063521e-01	-2.747225e-06	-1.611557e-02	-1.202765e-05	3.611880e-04
1.536360e+03	4.462486e-02	-9.810738e-02	4.451581e-05	-4.492949e-02	4.724582e-05	3.474890e-04
1.548750e+03	7.023572e-02	-8.212443e-02	1.936475e-05	-7.061107e-02	-3.141298e-05	3.557157e-04
1.561140e+03	9.078195e-02	-5.932479e-02	3.557974e-05	-9.120010e-02	1.178745e-05	3.712745e-04
1.573530e+03	1.043357e-01	-3.164031e-02	3.730663e-05	-1.042831e-01	-7.984586e-08	3.430593e-04
1.585920e+03	1.088570e-01	-8.614623e-04	3.427956e-05	-1.096773e-01	4.972092e-05	3.238082e-04
1.598310e+03	1.054964e-01	3.025510e-02	-2.331285e-06	-1.054368e-01	1.337829e-04	3.461255e-04
1.610700e+03	9.281756e-02	5.947635e-02	-1.777964e-05	-9.325631e-02	3.788798e-05	3.526867e-04
1.623090e+03	7.204614e-02	8.384708e-02	-5.061300e-05	-7.234581e-02	9.409837e-05	2.707597e-04
1.635480e+03	4.498422e-02	1.014670e-01	-8.726939e-05	-4.513315e-02	4.948120e-05	1.531694e-04
1.647870e+03	1.382449e-02	1.109377e-01	-1.349496e-04	-1.392762e-02	5.899056e-05	1.208711e-04
1.660260e+03	-1.893287e-02	1.102348e-01	-9.369171e-05	1.890620e-02	-2.891813e-05	4.900958e-05
1.672650e+03	-5.085679e-02	1.004577e-01	-8.009211e-05	5.076217e-02	-5.577445e-05	1.109741e-04
1.685040e+03	-7.879734e-02	8.158511e-02	-5.540150e-05	7.859079e-02	-8.043522e-05	2.166195e-04
1.697430e+03	-1.009186e-01	5.468105e-02	-3.289537e-05	9.994727e-02	-1.008069e-04	2.136520e-04
1.709820e+03	-1.128092e-01	2.182371e-02	4.948450e-05	1.128260e-01	-1.004089e-04	2.474622e-04
1.722210e+03	-1.145355e-01	-1.389927e-02	6.986935e-05	1.145355e-01	-7.797010e-05	1.956180e-04
1.734600e+03	-1.058214e-01	-4.866056e-02	1.064740e-04	1.058154e-01	-5.075065e-05	1.684225e-04
1.746990e+03	-8.578023e-02	-7.948453e-02	6.459132e-05	8.567957e-02	-2.308684e-05	1.454849e-04
1.759380e+03	-5.726362e-02	-1.028491e-01	9.649506e-05	5.706361e-02	1.705755e-05	1.348554e-04
1.771770e+03	-2.205023e-02	-1.165539e-01	8.363894e-06	2.201656e-02	-1.230383e-05	7.668661e-05
1.784160e+03	1.605692e-02	-1.179996e-01	5.779981e-05	-1.615722e-02	4.749971e-05	5.070527e-05
1.796550e+03	5.343103e-02	-1.073800e-01	2.709093e-05	-5.352427e-02	4.844565e-06	1.050503e-04
1.808940e+03	8.595647e-02	-8.492779e-02	3.123076e-05	-8.615905e-02	3.420269e-05	1.348956e-04
1.821330e+03	1.100214e-01	-5.241174e-02	5.059783e-05	-1.099206e-01	7.400889e-05	1.314249e-04
1.833720e+03	1.219374e-01	-1.295542e-02	2.227443e-05	-1.229240e-01	-1.017829e-05	2.473947e-04
1.846110e+03	1.204066e-01	2.919195e-02	7.554527e-06	-1.214290e-01	1.256462e-04	2.824152e-04
1.858500e+03	1.037587e-01	6.891638e-02	-1.366685e-06	-1.038445e-01	6.850553e-05	3.129864e-04
1.870890e+03	7.432081e-02	1.015162e-01	-8.746836e-05	-7.460871e-02	1.281354e-04	2.554407e-04
1.883280e+03	3.493512e-02	1.220133e-01	-7.966294e-05	-3.531564e-02	2.316083e-05	3.324139e-04
1.895670e+03	-1.013611e-02	1.267258e-01	-1.414972e-04	9.811970e-03	2.300091e-05	3.406475e-04
1.908060e+03	-5.546177e-02	1.165603e-01	-1.288645e-04	5.508890e-02	-4.080447e-05	3.780745e-04
1.920450e+03	-9.497761e-02	8.966877e-02	-1.426192e-04	9.456939e-02	-1.193070e-04	5.897571e-04
1.932840e+03	-1.232014e-01	4.855198e-02	-2.653301e-05	1.223471e-01	-1.647585e-04	7.216570e-04
1.945230e+03	-1.328420e-01	-1.217696e-03	4.897325e-05	1.318420e-01	-1.451211e-04	8.065155e-04
1.957620e+03	-1.236368e-01	-5.259660e-02	9.543175e-05	1.226186e-01	-1.141201e-04	7.841285e-04
1.970010e+03	-9.424001e-02	-9.726744e-02	8.138992e-05	9.372126e-02	-9.245559e-05	8.454098e-04
1.982400e+03	-4.844773e-02	-1.278168e-01	9.494560e-05	4.753360e-02	-4.436896e-05	8.567434e-04
1.994790e+03	7.265218e-03	-1.366776e-01	1.404890e-04	-8.158171e-03	-6.318058e-06	8.856407e-04
2.007180e+03	6.370138e-02	-1.217134e-01	1.177458e-04	-6.459354e-02	4.840028e-05	8.116052e-04
2.019570e+03	1.099831e-01	-8.382125e-02	1.105658e-04	-1.101360e-01	8.627265e-05	7.976127e-04
2.031960e+03	1.355579e-01	-2.762588e-02	7.831791e-05	-1.365721e-01	1.281693e-04	7.010819e-04
2.044350e+03	1.335086e-01	3.537367e-02	4.007272e-05	-1.344168e-01	2.641225e-04	5.738234e-04
2.056740e+03	1.007422e-01	9.190758e-02	-7.826165e-05	-1.009534e-01	1.581852e-04	2.804203e-04
2.069130e+03	4.520459e-02	1.256054e-01	-2.413938e-04	-4.505798e-02	2.771756e-04	-1.438180e-04
2.081520e+03	-2.013628e-02	1.280994e-01	-3.149789e-04	2.073022e-02	7.729526e-05	-5.947230e-04
2.093910e+03	-7.756184e-02	9.807452e-02	-2.601067e-04	7.841247e-02	-2.390949e-04	-9.484114e-04
2.106300e+03	-1.096826e-01	4.357326e-02	-8.859998e-05	1.111279e-01	-2.870221e-04	-1.181913e-03
2.118690e+03	-1.090458e-01	-1.710033e-02	7.920302e-05	1.112268e-01	-3.756062e-04	-1.600640e-03
2.131080e+03	-7.664403e-02	-6.444789e-02	2.553184e-04	7.846129e-02	-1.882816e-04	-1.848180e-03
2.143470e+03	-2.798767e-02	-8.459947e-02	2.620011e-04	3.018630e-02	-1.290119e-04	-2.198589e-03
2.155860e+03	1.707602e-02	-7.501710e-02	2.434392e-04	-1.457187e-02	2.536969e-05	-2.459077e-03
2.168250e+03	4.402420e-02	-4.578078e-02	1.593565e-04	-4.155560e-02	2.839452e-04	-2.444879e-03
2.180640e+03	4.631732e-02	-1.458491e-02	-3.841043e-05	-4.370820e-02	2.198245e-04	-2.634514e-03
2.193030e+03	3.385895e-02	4.863367e-03	-1.790678e-04	-3.127001e-02	1.834590e-04	-2.606531e-03
2.205420e+03	1.994794e-02	7.400548e-03	-2.305289e-04	-1.773957e-02	3.052369e-05	-2.141307e-03
2.217810e+03	1.587899e-02	2.684570e-03	-1.321613e-04	-1.414548e-02	-4.943827e-05	-1.770765e-03
2.230200e+03	2.130802e-02	1.574743e-03	-4.060458e-05	-1.985180e-02	-1.727102e-04	-1.432502e-03
2.242590e+03	2.778715e-02	1.181586e-02	9.097054e-05	-2.651278e-02	-7.416263e-05	-1.328735e-03
2.254980e+03	2.478091e-02	2.970241e-02	1.020395e-04	-2.358760e-02	-2.740639e-05	-1.230619e-03
2.267370e+03	5.768510e-03	4.414354e-02	1.166097e-04	-4.618749e-03	1.949130e-04	-1.149468e-03
2.279760e+03	-2.204241e-02	4.381019e-02	-6.676808e-05	2.294767e-02	1.890590e-06	-9.181272e-04
2.292150e+03	-4.587269e-02	2.369981e-02	-1.667355e-04	4.639360e-02	6.269080e-07	-5.678528e-04
2.304540e+03	-5.170563e-02	-9.314350e-03	-7.511796e-05	5.234297e-02	-7.561984e-05	-7.174666e-04
2.316930e+03	-3.434157e-02	-3.990811e-02	2.663521e-05	3.523939e-02	-9.534792e-05	-8.743174e-04
2.329320e+03	5.798621e-04	-5.205671e-02	7.282074e-05	-2.581149e-04	-2.334098e-04	-3.177213e-04
2.341710e+03	3.603647e-02	-3.896364e-02	2.148554e-04	-3.597322e-02	-6.981139e-05	-8.993934e-05
2.354100e+03	5.339914e-02	-3.153930e-03	1.545795e-04	-5.349912e-02	7.942098e-05	9.818584e-05
2.366490e+03	4.192876e-02	3.619744e-02	1.269349e-04	-4.223947e-02	2.700689e-04	2.297878e-04
2.378880e+03	4.580229e-03	5.720344e-02	-1.077573e-04	-4.993679e-03	1.816483e-04	4.039045e-04
2.391270e+03	-4.002039e-02	4.736394e-02	-1.805590e-04	3.982736e-02	1.525934e-04	2.530030e-04
2.403660e+03	-6.429912e-02	6.690358e-03	-2.425229e-04	6.460000e-02	-1.921421e-04	-3.157566e-04
2.416050e+03	-5.328691e-02	-4.129250e-02	-9.609474e-05	5.475813e-02	-3.097953e-04	-1.425055e-03
2.428440e+03	-8.672787e-03	-6.828141e-02	1.990576e-04	1.016242e-02	-1.530531e-04	-1.495783e-03
2.440830e+03	4.326553e-02	-5.548293e-02	2.180113e-04	-4.093927e-02	-1.638721e-04	-2.243248e-03
2.453220e+03	6.999980e-02	-1.063156e-02	2.649664e-04	-6.719978e-02	1.706061e-04	-2.851590e-03
2.465610e+03	5.759489e-02	4.046497e-02	6.883039e-05	-5.524521e-02	3.683130e-04	-2.304067e-03
2.478000e+03	1.220776e-02	6.785027e-02	-1.984636e-04	-1.102079e-02	2.473449e-04	-1.173744e-03
2.490390e+03	-3.951547e-02	5.664848e-02	-3.060584e-04	3.973967e-02	1.346984e-04	-2.057437e-04
2.502780e+03	-6.668328e-02	1.364564e-02	-3.100058e-04	6.513797e-02	-9.623998e-05	1.506603e-03
2.515170e+03	-5.827916e-02	-3.427326e-02	-1.303224e-04	5.635865e-02	-3.460964e-04	1.962698e-03
2.527560e+03	-1.921962e-02	-6.180677e-02	3.084132e-05	1.666008e-02	-4.320962e-04	2.531190e-03
2.539950e+03	2.723757e-02	-5.580421e-02	3.043055e-04	-2.900143e-02	-1.634691e-04	1.760578e-03
2.552340e+03	5.576808e-02	-2.123192e-02	3.370743e-04	-5.641111e-02	9.831519e-05	6.772461e-04
2.564730e+03	5.233094e-02	2.200790e-02	1.489403e-04	-5.200891e-02	5.576050e-05	-2.405410e-04
2.577120e+03	1.995334e-02	5.121999e-02	7.402913e-06	-1.914648e-02	3.355905e-04	-7.955955e-04
2.589510e+03	-2.179629e-02	4.716917e-02	-2.446087e-04	2.334706e-02	2.482811e-04	-1.448246e-03
2.601900e+03	-4.557422e-02	1.497308e-02	-2.689285e-04	4.659875e-02	3.155948e-05	-1.004423e-03
2.614290e+03	-4.149079e-02	-2.361821e-02	-1.950001e-04	4.299089e-02	-1.672385e-04	-1.559998e-03
2.626680e+03	-9.555096e-03	-4.579275e-02	3.964683e-05	1.026071e-02	-2.342099e-04	-7.222052e-04
2.639070e+03	2.557442e-02	-3.702293e-02	1.978298e-04	-2.479295e-02	-2.454870e-04	-7.062673e-04
2.651460e+03	4.173205e-02	-7.100888e-03	2.606983e-04	-4.103264e-02	-5.597149e-05	-7.600373e-04
2.663850e+03	3.351218e-02	2.438428e-02	2.120972e-04	-3.335307e-02	2.168498e-04	-1.967016e-04
2.676240e+03	4.803426e-03	3.799993e-02	1.539565e-05	-5.289527e-03	2.489498e-04	4.255681e-04
2.688630e+03	-2.433628e-02	2.980612e-02	-1.749484e-04	2.384161e-02	8.797721e-05	4.917333e-04
2.701020e+03	-3.666958e-02	3.379854e-03	-2.011989e-04	3.580793e-02	-1.840597e-05	7.963214e-04
2.713410e+03	-2.798546e-02	-2.312467e-02	-1.726579e-04	2.691925e-02	-1.995503e-04	1.082385e-03
2.725800e+03	-3.355602e-03	-3.442294e-02	2.045209e-05	2.289753e-03	-2.381763e-04	1.055777e-03
2.738190e+03	2.124176e-02	-2.620582e-02	1.546417e-04	-2.218531e-02	-1.797916e-04	9.502582e-04
2.750580e+03	3.224942e-02	-2.773743e-03	2.256935e-04	-3.313642e-02	2.546009e-05	8.427275e-04
2.762970e+03	2.367972e-02	2.077276e-02	1.681553e-04	-2.398584e-02	1.842030e-04	3.496520e-04
2.775360e+03	1.657924e-03	2.962161e-02	9.821004e-06	-1.756549e-03	1.258603e-04	9.909770e-05
2.787750e+03	-1.983894e-02	2.174538e-02	-1.726124e-04	1.997129e-02	-8.755657e-05	-1.087152e-04
2.800140e+03	-2.795130e-02	-3.975455e-04	-1.199487e-04	2.835817e-02	5.732987e-05	-3.574715e-04
2.812530e+03	-1.885299e-02	-2.170663e-02	-1.362028e-04	1.923046e-02	-1.178771e-04	-3.752158e-04
2.824920e+03	3.294916e-03	-2.786937e-02	-1.176842e-05	-3.385397e-03	-1.151389e-04	9.792518e-05
2.837310e+03	2.237555e-02	-1.651974e-02	6.656333e-05	-2.266036e-02	-1.575503e-04	2.689182e-04
2.849700e+03	2.655311e-02	5.008815e-03	1.274571e-04	-2.674867e-02	-2.890537e-05	1.943853e-04
2.862090e+03	1.496046e-02	2.226343e-02	1.000104e-04	-1.545435e-02	3.284622e-05	4.085241e-04
2.874480e+03	-5.507551e-03	2.541637e-02	2.349840e-05	4.840159e-03	2.267739e-04	6.675293e-04
2.886870e+03	-2.176014e-02	1.400501e-02	-5.838411e-05	2.111002e-02	1.518785e-04	5.863813e-04
2.899260e+03	-2.456509e-02	-5.460593e-03	-8.811205e-05	2.426682e-02	1.054147e-05	3.373300e-04
2.911650e+03	-1.272738e-02	-2.118922e-02	-5.694726e-05	1.233861e-02	5.457018e-05	4.049116e-04
2.924040e+03	6.547408e-03	-2.228275e-02	-5.536413e-05	-6.683747e-03	-9.048633e-05	1.444093e-04
2.936430e+03	2.093781e-02	-1.053634e-02	9.861743e-06	-2.095912e-02	-1.615493e-04	1.148182e-04
2.948820e+03	2.197051e-02	8.498950e-03	5.875345e-05	-2.170802e-02	-6.574123e-06	-3.284599e-04
2.961210e+03	9.007124e-03	2.147296e-02	4.361575e-06	-8.706240e-03	-2.085103e-05	-2.963439e-04
2.973600e+03	-9.354630e-03	2.121629e-02	2.390298e-06	9.889214e-03	2.136309e-05	-4.859152e-04
2.985990e+03	-2.139182e-02	8.764062e-03	2.583594e-06	2.193497e-02	7.346783e-05	-4.881678e-04
2.998380e+03	-2.127856e-02	-9.753317e-03	-6.531485e-05	2.187229e-02	-3.279927e-05	-5.653636e-04
3.010770e+03	-7.556189e-03	-2.207483e-02	-4.817280e-05	7.712350e-03	-9.109767e-05	-1.266132e-04
3.023160e+03	1.001847e-02	-2.068080e-02	-2.716617e-05	-1.027549e-02	-8.530842e-05	2.237445e-04
3.035550e+03	2.072716e-02	-6.500621e-03	2.050914e-05	-2.085273e-02	-1.134789e-04	2.485833e-04
3.047940e+03	1.879226e-02	1.124363e-02	6.985326e-05	-1.908875e-02	1.258490e-04	2.925054e-04
3.060330e+03	4.660809e-03	2.096024e-02	2.046635e-05	-4.723374e-03	2.741666e-05	8.626474e-05
3.072720e+03	-1.209858e-02	1.866889e-02	-1.352623e-05	1.202149e-02	4.703953e-05	1.472567e-04
3.085110e+03	-2.217130e-02	3.649696e-03	-3.658565e-05	2.208796e-02	8.201411e-05	9.351546e-05
3.097500e+03	-1.901521e-02	-1.328877e-02	-5.259025e-05	1.939452e-02	-4.878190e-05	-3.320729e-04
3.109890e+03	-3.797957e-03	-2.269665e-02	-4.621818e-05	4.037137e-03	-1.142042e-04	-2.353125e-04
3.122280e+03	1.339052e-02	-1.908174e-02	-2.562053e-05	-1.313971e-02	-1.115218e-04	-2.481818e-04
3.134670e+03	2.221740e-02	-3.924275e-03	6.547687e-05	-2.190767e-02	7.724999e-05	-2.248929e-04
3.147060e+03	1.805414e-02	1.350166e-02	3.260709e-05	-1.745227e-02	4.613461e-05	-6.245186e-04
3.159450e+03	3.212671e-03	2.152475e-02	4.473900e-06	-2.947018e-03	4.689540e-05	-2.604614e-04
3.171840e+03	-1.293939e-02	1.734737e-02	-5.751458e-05	1.309913e-02	-6.230054e-05	-2.004000e-04
3.184230e+03	-2.129973e-02	2.058212e-03	-2.279887e-05	2.159973e-02	-3.578452e-06	-2.821359e-04
3.196620e+03	-1.611513e-02	-1.440607e-02	-5.179486e-05	1.592411e-02	-1.094866e-04	1.565726e-04
3.209010e+03	-1.578881e-03	-2.106438e-02	5.243173e-06	1.565417e-03	8.971615e-06	2.226554e-05
3.221400e+03	1.385405e-02	-1.575323e-02	4.529597e-05	-1.375597e-02	2.098068e-05	-1.079107e-04
3.233790e+03	2.095120e-02	-5.725866e-04	-1.925465e-06	-2.100702e-02	-9.266577e-05	1.522769e-04
3.246180e+03	1.520172e-02	1.433622e-02	3.607443e-05	-1.529303e-02	2.606246e-05	9.495685e-05
3.258570e+03	1.278607e-04	2.129592e-02	-6.873669e-05	3.601788e-05	-1.818055e-04	-1.636215e-04
3.270960e+03	-1.491775e-02	1.469928e-02	1.549421e-05	1.488283e-02	-2.043241e-06	1.981615e-05
3.283350e+03	-2.082692e-02	-2.687526e-04	-3.075441e-05	2.110639e-02	-7.520597e-05	-2.864065e-04
3.295740e+03	-1.451851e-02	-1.581011e-02	3.275628e-05	1.481779e-02	3.419874e-05	-2.269336e-04
3.308130e+03	1.161934e-03	-2.127844e-02	4.065790e-05	-1.194434e-03	5.109597e-07	2.397596e-05
3.320520e+03	1.589296e-02	-1.435846e-02	7.385185e-05	-1.590554e-02	9.442014e-05	-7.810257e-05
3.332910e+03	2.075126e-02	2.934183e-03	-3.423740e-05	-2.059206e-02	-9.139998e-05	-1.742352e-04
3.345300e+03	1.351979e-02	1.620870e-02	-5.256192e-06	-1.349003e-02	-3.654413e-06	5.230304e-06
3.357690e+03	-1.726219e-03	2.057294e-02	-4.251713e-06	1.424613e-03	5.831229e-05	2.978899e-04
3.370080e+03	-1.591374e-02	1.328483e-02	-2.143199e-05	1.601894e-02	-4.869215e-05	-1.057123e-04
3.382470e+03	-2.014358e-02	-1.511944e-03	-3.740833e-07	2.024358e-02	-1.116930e-04	-9.939030e-05
3.394860e+03	-1.245460e-02	-1.565314e-02	7.345161e-05	1.236994e-02	7.317406e-05	9.001025e-05
3.407250e+03	2.075850e-03	-1.978449e-02	1.036562e-04	-2.287461e-03	1.222748e-04	2.108006e-04
3.419640e+03	1.469288e-02	-1.173679e-02	6.653046e-05	-1.474000e-02	4.898143e-05	5.312724e-05
3.432030e+03	1.806864e-02	2.236709e-03	-9.675381e-06	-1.810571e-02	6.541764e-06	3.024292e-05
3.444420e+03	1.077231e-02	1.442882e-02	-2.667176e-05	-1.074087e-02	3.825351e-05	-1.348398e-06
3.456810e+03	-2.889989e-03	1.726876e-02	-5.521661e-05	3.064941e-03	-2.884943e-05	-1.809892e-04
3.469200e+03	-1.428500e-02	9.623589e-03	-6.690452e-05	1.468028e-02	-1.328247e-04	-3.769986e-04
3.481590e+03	-1.622486e-02	-4.297952e-03	5.198637e-05	1.624157e-02	6.667820e-05	-9.912617e-06
3.493980e+03	-8.438437e-03	-1.476696e-02	1.199729e-06	8.711806e-03	-1.686237e-04	-2.542791e-04
3.506370e+03	4.863141e-03	-1.569017e-02	6.887513e-05	-4.943426e-03	-9.725153e-05	8.952966e-05
3.518760e+03	1.432332e-02	-6.910479e-03	2.361205e-05	-1.445007e-02	-6.659661e-05	1.570799e-04
3.531150e+03	1.410642e-02	5.402360e-03	8.007542e-05	-1.433595e-02	2.137554e-04	1.867579e-04
3.543540e+03	5.470489e-03	1.389029e-02	-5.082415e-05	-5.706786e-03	-1.773932e-05	2.072967e-04
3.555930e+03	-6.403316e-03	1.296589e-02	-1.543114e-05	6.288505e-03	1.357234e-04	1.103863e-04
3.568320e+03	-1.343486e-02	4.021397e-03	-3.848613e-05	1.330289e-02	-1.096534e-05	8.661630e-06
3.580710e+03	-1.193627e-02	-7.221043e-03	8.126660e-05	1.190314e-02	1.965222e-04	-5.696250e-05
3.593100e+03	-2.657143e-03	-1.321703e-02	4.775931e-05	2.444456e-03	5.485720e-05	2.060804e-04
3.605490e+03	7.336601e-03	-1.032127e-02	5.608449e-05	-7.383641e-03	2.572874e-05	7.416757e-05
3.617880e+03	1.196642e-02	-1.343403e-03	3.034971e-05	-1.187867e-02	3.386337e-05	1.921789e-06
3.630270e+03	8.808596e-03	8.368864e-03	7.308839e-05	-8.856319e-03	2.653951e-04	5.228092e-05
3.642660e+03	-3.637648e-04	1.190000e-02	-3.808615e-05	3.668578e-04	1.120559e-04	-3.164841e-05
3.655050e+03	-9.379108e-03	7.220669e-03	-7.201232e-05	9.449475e-03	6.793248e-07	-6.133811e-05
3.667440e+03	-1.190221e-02	-2.157465e-03	-8.895071e-05	1.197391e-02	-1.028353e-04	-7.443938e-05
3.679830e+03	-6.432285e-03	-1.050409e-02	-3.618859e-06	6.534709e-03	2.637146e-05	-9.772544e-05
3.692220e+03	3.822606e-03	-1.146773e-02	-2.621513e-05	-3.806001e-03	-1.669708e-04	4.828683e-06
3.704610e+03	1.142778e-02	-5.047004e-03	7.782754e-05	-1.144649e-02	1.823434e-04	6.246901e-05
3.717000e+03	1.102603e-02	4.969302e-03	3.971134e-04	-1.151027e-02	1.438730e-03	5.207146e-04
3.729390e+03	3.291231e-03	1.120414e-02	6.099762e-05	-3.529283e-03	4.139793e-04	1.979867e-04
3.741780e+03	-6.372254e-03	1.022979e-02	-1.786135e-05	6.122953e-03	9.471883e-05	2.460756e-04
3.754170e+03	-1.151125e-02	2.310213e-03	-5.844373e-05	1.162217e-02	5.242215e-04	-6.626562e-05
3.766560e+03	-8.800502e-03	-7.336814e-03	3.486368e-06	8.558508e-03	5.101364e-04	1.881273e-04
3.778950e+03	-9.136298e-04	-1.160721e-02	-7.528557e-05	9.840619e-04	-1.209932e-04	1.246055e-04
3.791340e+03	8.313814e-03	-9.564846e-03	1.299981e-04	-9.449799e-03	1.739922e-03	1.119964e-03
3.803730e+03	1.138394e-02	3.295550e-04	-1.021253e-04	-1.223354e-02	1.068126e-03	9.062039e-04
3.816120e+03	7.048240e-03	8.354924e-03	2.537663e-05	-7.337140e-03	2.094984e-04	2.856085e-04
3.828510e+03	-1.805621e-03	1.106557e-02	-2.150803e-04	9.008569e-04	1.069255e-03	9.421933e-04
3.840900e+03	-9.881670e-03	5.989256e-03	-5.384794e-04	8.398564e-03	1.184596e-03	1.383034e-03
3.853290e+03	-1.111557e-02	-3.193618e-03	-3.193407e-04	1.068483e-02	1.673933e-04	4.422721e-04
3.865680e+03	-5.376745e-03	-1.129743e-02	-1.757689e-04	4.395870e-03	5.196458e-04	9.325173e-04
3.878070e+03	4.907369e-03	-1.060944e-02	-1.084460e-03	-6.293007e-03	-5.180129e-04	1.220418e-03
3.890460e+03	1.149212e-02	-3.589887e-03	-3.525130e-04	-1.162793e-02	-3.514583e-04	5.000658e-04
3.902850e+03	1.101106e-02	5.817837e-03	8.113411e-05	-1.124108e-02	1.135508e-04	2.434176e-04
3.915240e+03	2.867228e-03	1.248684e-02	-8.534636e-04	-3.783129e-03	-5.352473e-04	9.589121e-04
3.927630e+03	-7.012577e-03	9.967866e-03	5.658435e-05	6.880101e-03	2.155400e-04	3.530391e-05
3.940020e+03	-1.224398e-02	1.935622e-03	-4.912472e-04	1.161506e-02	-2.145890e-04	6.778417e-04
3.952410e+03	-9.477541e-03	-7.584375e-03	-1.066374e-03	8.452729e-03	-7.149139e-04	9.608238e-04
3.964800e+03	-7.717048e-04	-1.201676e-02	-2.269174e-04	4.742289e-04	-1.313632e-04	3.799759e-04
3.977190e+03	8.080133e-03	-8.599799e-03	-3.507876e-04	-8.622153e-03	-2.638198e-04	5.170738e-04
3.989580e+03	1.169947e-02	7.518216e-04	-1.079068e-03	-1.289830e-02	-8.111511e-04	1.159010e-03
4.001970e+03	7.299423e-03	8.736277e-03	-4.535446e-04	-7.610744e-03	-3.318318e-04	3.151036e-04
4.014360e+03	-1.105246e-03	1.133018e-02	-3.935373e-05	1.219429e-03	-5.587887e-05	-2.203182e-05
4.026750e+03	-9.030737e-03	7.109331e-03	-8.397063e-04	8.220770e-03	-6.101945e-04	8.236658e-04
4.039140e+03	-1.090242e-02	-1.968547e-03	-6.830349e-04	1.000105e-02	-4.883841e-04	7.987132e-04
4.051530e+03	-5.479664e-03	-9.243971e-03	2.945460e-05	5.592124e-03	5.159661e-05	-1.180496e-04
4.063920e+03	3.082936e-03	-1.008468e-02	-8.220297e-04	-4.120725e-03	-8.741825e-04	1.103195e-03
4.076310e+03	9.725030e-03	-4.285551e-03	-8.165200e-04	-1.068958e-02	-7.948484e-04	8.045802e-04
4.088700e+03	9.870655e-03	4.171042e-03	-5.488448e-05	-9.849168e-03	-1.330591e-04	-1.608476e-05
4.101090e+03	3.023938e-03	1.030000e-02	-4.893961e-04	-4.282271e-03	-2.667216e-04	1.198230e-03
4.113480e+03	-5.239999e-03	9.347034e-03	-7.266254e-04	4.226127e-03	-7.471446e-04	9.946551e-04
4.125870e+03	-1.026325e-02	2.471509e-03	-3.168167e-05	1.033519e-02	-1.191735e-04	-1.176518e-04
4.138260e+03	-8.315758e-03	-5.379313e-03	-2.919151e-04	7.749637e-03	-5.377665e-04	5.638036e-04
4.150650e+03	-1.413179e-03	-9.038068e-03	-7.547376e-04	3.380975e-04	-1.101339e-03	1.031838e-03
4.163040e+03	6.313197e-03	-7.752887e-03	-1.874277e-05	-6.812577e-03	-3.448183e-05	4.176411e-04
4.175430e+03	8.650389e-03	4.842544e-04	-4.275823e-04	-9.531919e-03	-5.614865e-04	8.693277e-04
4.187820e+03	5.554096e-03	7.209985e-03	-6.236272e-04	-6.464105e-03	-1.292156e-03	9.885665e-04
4.200210e+03	-8.529422e-04	8.754152e-03	-4.468086e-05	8.282529e-04	-1.115782e-04	2.838762e-05
4.212600e+03	-7.241165e-03	4.376245e-03	1.343710e-04	7.027155e-03	-2.962185e-04	3.431661e-04
4.224990e+03	-8.228795e-03	-1.138661e-03	-6.995218e-04	7.306664e-03	-1.152082e-03	1.100836e-03
4.237380e+03	-4.239357e-03	-7.453009e-03	-4.254678e-05	4.096810e-03	-6.956325e-05	1.086757e-04
4.249770e+03	2.913303e-03	-7.744122e-03	-3.813577e-05	-3.614780e-03	-2.897241e-04	4.752743e-04
4.262160e+03	6.347040e-03	-2.255151e-03	-6.633267e-04	-8.112601e-03	-5.935661e-04	1.499388e-03
4.274550e+03	7.534535e-03	3.692307e-03	-3.868105e-06	-7.649029e-03	-8.074948e-05	1.134972e-04
4.286940e+03	1.655744e-03	7.936041e-03	-2.231309e-04	-2.598015e-03	-2.169106e-03	8.393153e-04
4.299330e+03	-4.824014e-03	6.431716e-03	-2.360688e-04	4.243851e-03	-3.462802e-04	5.714432e-04
4.311720e+03	-8.098222e-03	1.315025e-03	3.378796e-05	7.947725e-03	7.736302e-05	1.554895e-04
4.324110e+03	-6.188087e-03	-4.533112e-03	-5.999837e-04	4.374869e-03	-1.186328e-03	1.741662e-03
4.336500e+03	-6.285280e-04	-6.927823e-03	-6.409289e-04	-4.711964e-04	-8.376934e-04	1.042543e-03
4.348890e+03	5.918231e-03	-5.405579e-03	5.453310e-06	-6.116880e-03	-1.627552e-04	3.022589e-04
4.361280e+03	6.531928e-03	1.390678e-03	-1.673736e-04	-7.438261e-03	-1.316769e-03	9.002132e-04
4.373670e+03	3.341585e-03	6.393900e-03	-4.031865e-04	-4.215057e-03	-1.428707e-03	8.771473e-04
4.386060e+03	-4.007744e-03	6.119200e-03	-1.539409e-04	2.142418e-03	-5.740504e-04	1.852118e-03
4.398450e+03	-6.780915e-03	2.766978e-03	-5.687799e-05	6.527614e-03	-2.841102e-04	1.482396e-04
4.410840e+03	-7.139700e-03	-2.136865e-03	8.031434e-06	5.797144e-03	-1.161204e-03	1.123294e-03
4.423230e+03	-2.734131e-03	-7.003041e-03	-2.240959e-04	2.232296e-03	-3.521169e-04	5.232690e-04
4.435620e+03	3.588132e-03	-6.250287e-03	-7.793099e-05	-3.645902e-03	-5.538655e-04	2.544915e-04
4.448010e+03	5.460018e-03	-8.208431e-04	-2.951128e-04	-6.670000e-03	-1.616139e-03	1.209981e-03
4.460400e+03	6.171465e-03	4.063365e-03	-5.247863e-05	-6.083820e-03	-3.813533e-04	2.915076e-05
4.472790e+03	-3.929465e-04	6.795748e-03	4.468672e-04	-1.183363e-03	-1.989999e-03	1.569578e-03
4.485180e+03	-6.122850e-03	4.462665e-03	6.561744e-04	5.867850e-03	-1.308555e-03	2.879241e-04
4.497570e+03	-7.077804e-03	3.878251e-04	2.059306e-04	5.616939e-03	-1.571725e-03	1.469975e-03
4.509960e+03	-5.016940e-03	-6.097101e-03	6.732448e-05	4.989414e-03	-1.641238e-04	-4.514174e-05
4.522350e+03	3.028805e-04	-6.211188e-03	-1.795453e-04	-1.425289e-03	-9.531501e-04	1.018344e-03
4.534740e+03	6.321267e-03	-4.512535e-03	2.959002e-05	-6.474038e-03	-7.736236e-05	1.524160e-04
4.547130e+03	7.173815e-03	1.780948e-03	7.462281e-06	-7.167402e-03	-1.118486e-04	3.385069e-06
4.559520e+03	3.315261e-03	6.454335e-03	1.956513e-05	-3.306374e-03	2.963770e-05	-9.326568e-06
4.571910e+03	-2.573479e-03	6.885098e-03	4.021862e-05	2.702491e-03	1.231788e-04	-1.302725e-04
4.584300e+03	-6.713662e-03	2.612217e-03	9.386718e-06	6.786406e-03	1.860495e-06	-7.576951e-05
4.596690e+03	-6.671858e-03	-3.198566e-03	-2.731385e-06	6.913401e-03	-1.305927e-04	-2.825312e-04
4.609080e+03	-2.197380e-03	-7.478795e-03	1.073055e-05	2.194506e-03	-1.651676e-04	-5.533595e-06
4.621470e+03	3.971576e-03	-6.601455e-03	1.199343e-04	-3.991868e-03	1.481169e-04	3.405854e-06
4.633860e+03	7.375343e-03	-1.717532e-03	6.118398e-05	-7.313893e-03	2.958413e-05	-3.619229e-05
4.646250e+03	6.528949e-03	4.687603e-03	2.794305e-05	-6.519596e-03	-4.454314e-05	-1.289838e-05
4.658640e+03	7.329654e-04	7.441200e-03	6.165388e-05	-7.461901e-04	1.261946e-04	1.375694e-05
4.671030e+03	-5.211819e-03	5.728970e-03	2.413719e-05	5.210505e-03	6.216175e-05	2.209717e-06
4.683420e+03	-7.772670e-03	2.530183e-05	3.799395e-05	7.852857e-03	3.992425e-05	-5.294157e-05
4.695810e+03	-5.352911e-03	-5.454017e-03	8.884871e-06	5.426680e-03	-8.828041e-05	-7.422317e-05
4.708200e+03	2.018412e-04	-8.168639e-03	4.956294e-05	-3.303530e-04	-3.102647e-05	1.282807e-04
4.720590e+03	6.057459e-03	-4.713495e-03	6.951848e-05	-6.187132e-03	4.015580e-05	1.199488e-04
4.732980e+03	7.125711e-03	1.006391e-03	3.904729e-05	-7.191808e-03	-7.649581e-06	5.912015e-05
4.745370e+03	4.160747e-03	6.098826e-03	4.775874e-05	-4.279892e-03	9.737612e-05	1.146209e-04
4.757760e+03	-1.963622e-03	6.912135e-03	5.454807e-06	2.147109e-03	-2.297685e-05	-1.769070e-04
4.770150e+03	-6.323424e-03	3.175704e-03	-2.639552e-07	6.366291e-03	-2.988655e-05	-7.538633e-05
4.782540e+03	-7.029150e-03	-2.425981e-03	1.729239e-05	7.258625e-03	1.644410e-05	-2.257236e-04
4.794930e+03	-2.983817e-03	-6.515097e-03	2.069949e-05	3.003850e-03	-7.667920e-05	-2.697726e-05
4.807320e+03	2.624505e-03	-6.853402e-03	5.356555e-05	-2.714315e-03	2.711562e-05	9.922802e-05
4.819710e+03	6.610822e-03	-2.525494e-03	3.703861e-05	-6.740509e-03	-3.857166e-05	9.893914e-05
4.832100e+03	6.294658e-03	3.315927e-03	1.009084e-05	-6.334809e-03	-7.098614e-05	5.754605e-05
4.844490e+03	1.668353e-03	6.435091e-03	5.590433e-05	-1.651743e-03	9.602848e-05	-2.551172e-05
4.856880e+03	-3.759292e-03	5.866280e-03	1.762845e-06	3.899515e-03	-2.609718e-05	-1.439999e-04
4.869270e+03	-6.815159e-03	1.149076e-03	3.865005e-05	6.908240e-03	-2.832622e-07	-9.035962e-05
4.881660e+03	-5.535449e-03	-4.202824e-03	4.217213e-05	5.533927e-03	-1.654854e-05	4.810865e-06
4.894050e+03	-6.801418e-04	-6.617618e-03	4.340510e-05	6.084070e-04	-6.016330e-05	7.399221e-05
4.906440e+03	4.231740e-03	-4.829642e-03	1.759803e-05	-4.290551e-03	-8.835242e-05	6.417690e-05
4.918830e+03	5.813405e-03	-4.199587e-04	4.648148e-05	-5.904089e-03	3.564085e-05	6.283825e-05
4.931220e+03	4.221756e-03	4.385509e-03	6.106214e-06	-4.266688e-03	-2.289381e-05	4.335142e-05
4.943610e+03	-5.298418e-04	5.450190e-03	3.225936e-05	4.685182e-04	9.868210e-05	6.255368e-05
4.956000e+03	-4.662121e-03	3.459486e-03	1.753348e-06	4.842050e-03	-1.188726e-05	-1.430610e-04
4.968390e+03	-5.428560e-03	-1.007354e-03	1.474547e-05	5.447065e-03	-2.877768e-05	-3.543427e-05
4.980780e+03	-3.110714e-03	-4.726581e-03	7.586789e-05	3.178710e-03	9.867129e-05	-6.861770e-05
4.993170e+03	1.207108e-03	-5.453432e-03	2.605096e-05	-1.226777e-03	-1.158813e-04	8.143780e-06
5.005560e+03	4.691933e-03	-2.648496e-03	7.173428e-05	-4.722361e-03	3.292691e-05	6.228239e-06
5.017950e+03	4.986830e-03	1.378403e-03	3.116350e-05	-5.047841e-03	3.716165e-05	6.978864e-05
5.030340e+03	2.082175e-03	4.677818e-03	6.503848e-05	-2.016554e-03	2.262921e-04	-7.104096e-05
5.042730e+03	-2.089785e-03	4.583020e-03	-3.732596e-05	2.139168e-03	-6.190935e-05	-7.289968e-05
5.055120e+03	-4.705976e-03	1.759920e-03	-2.632614e-06	4.864535e-03	3.829081e-05	-1.899127e-04
5.067510e+03	-4.412428e-03	-2.552283e-03	-8.122761e-06	4.475454e-03	-4.097247e-05	-9.031277e-05
5.079900e+03	-1.190219e-03	-4.659792e-03	2.704848e-05	1.146271e-03	-4.298255e-05	4.317925e-05
5.092290e+03	2.538708e-03	-4.023815e-03	5.903189e-05	-2.674809e-03	5.844494e-05	1.528877e-04
5.104680e+03	4.093837e-03	-9.264046e-04	4.240524e-05	-4.106121e-03	-2.168387e-05	1.545699e-05
5.117070e+03	3.325055e-03	2.620905e-03	3.466381e-05	-3.381402e-03	1.657107e-05	3.076506e-05
5.129460e+03	3.760678e-05	3.597047e-03	7.618783e-06	-9.041913e-06	2.838278e-05	-3.374615e-05
5.141850e+03	-2.785094e-03	2.815852e-03	-2.325519e-05	3.026057e-03	-4.259545e-05	-2.203772e-04
5.154240e+03	-3.701974e-03	-4.411569e-04	-2.764184e-05	3.767966e-03	-3.311178e-06	-5.147621e-05
5.166630e+03	-2.370491e-03	-3.002139e-03	-6.085644e-06	2.471144e-03	-4.151430e-06	-9.150254e-05
5.179020e+03	7.236703e-04	-3.750000e-03	1.549963e-05	-8.957611e-04	5.329905e-05	1.729984e-04
5.191410e+03	3.055037e-03	-2.120964e-03	-5.531878e-06	-3.215246e-03	-4.831268e-05	1.299456e-04
5.203800e+03	3.288565e-03	7.769804e-04	8.039619e-05	-3.140210e-03	-2.250302e-05	-1.138956e-04
5.216190e+03	1.404543e-03	2.767302e-03	6.242295e-05	-1.399148e-03	8.559739e-05	-5.681133e-06
5.228580e+03	-1.045579e-03	3.122435e-03	2.064606e-05	1.134214e-03	3.031887e-05	-9.007631e-05
5.240970e+03	-2.847076e-03	1.041929e-03	1.205947e-05	2.797972e-03	5.697952e-05	5.555689e-05
5.253360e+03	-2.887009e-03	-1.450838e-03	-3.747317e-05	2.980078e-03	-1.211780e-04	-1.020887e-04
5.265750e+03	-8.916357e-04	-2.911713e-03	-1.268351e-05	8.069873e-04	-5.825426e-05	6.952888e-05
5.278140e+03	1.318405e-03	-2.324469e-03	2.572060e-05	-1.312456e-03	2.398436e-05	-7.121918e-07
5.290530e+03	2.261113e-03	-6.042528e-04	4.148180e-05	-2.223738e-03	6.123699e-05	-3.421713e-05
5.302920e+03	1.751696e-03	1.258190e-03	1.432973e-05	-1.763951e-03	-7.357758e-05	1.195184e-05
5.315310e+03	-6.423591e-06	2.085523e-03	4.367662e-05	6.913722e-05	1.995528e-05	-3.388124e-05
5.327700e+03	-1.477335e-03	1.396374e-03	3.114864e-05	1.422880e-03	4.968502e-05	4.855164e-05
5.340090e+03	-2.162797e-03	-4.001745e-04	3.145484e-05	2.268136e-03	4.374537e-05	-1.004594e-04
5.352480e+03	-1.268547e-03	-1.781050e-03	3.198790e-06	1.339891e-03	-1.778410e-05	-6.788824e-05
5.364870e+03	4.776404e-04	-1.900314e-03	-2.851608e-06	-4.880531e-04	-2.556094e-05	-1.855462e-06
5.377260e+03	1.480261e-03	-1.151970e-03	6.083547e-05	-1.446957e-03	1.503557e-04	-4.400202e-05
5.389650e+03	1.727411e-03	5.021013e-04	-2.419028e-05	-1.755679e-03	-1.397448e-04	3.919267e-05
5.402040e+03	5.925957e-04	1.571549e-03	5.495360e-05	-5.646568e-04	6.474645e-05	-2.395924e-05
5.414430e+03	-8.618489e-04	1.352068e-03	5.530476e-05	8.619689e-04	5.377939e-05	-1.306309e-05
5.426820e+03	-1.732744e-03	2.965296e-04	4.788121e-05	1.830983e-03	4.600683e-05	-9.492798e-05
5.439210e+03	-1.440872e-03	-1.221532e-03	1.360029e-05	1.434112e-03	-5.016771e-05	5.561118e-06
5.451600e+03	-1.947281e-04	-1.847174e-03	5.316840e-05	1.534389e-04	9.642640e-05	4.135071e-05
5.463990e+03	1.108386e-03	-8.501636e-04	-1.280855e-05	-1.022953e-03	-7.321559e-05	-3.588409e-05
5.476380e+03	1.271249e-03	-3.453951e-04	4.696951e-05	-1.379887e-03	1.055179e-04	9.860096e-05
5.488770e+03	6.700772e-04	7.237771e-04	-2.784162e-05	-7.138382e-04	-9.898446e-05	4.466767e-05
5.501160e+03	-4.565153e-04	1.035067e-03	5.036475e-05	5.945750e-04	9.167597e-05	-1.203414e-04
5.513550e+03	-9.986444e-04	3.363304e-04	-3.023326e-06	9.625635e-04	-1.022804e-04	2.183184e-05
5.525940e+03	-1.175798e-03	-5.973877e-04	3.138262e-05	1.353447e-03	-2.421533e-05	-1.823939e-04
5.538330e+03	-3.366285e-04	-1.524866e-03	3.807725e-05	3.366245e-04	-1.328360e-05	-7.429664e-06
5.550720e+03	7.173134e-04	-9.138597e-04	2.572453e-05	-6.404730e-04	9.947605e-06	-6.026464e-05
5.563110e+03	1.168155e-03	-4.580157e-04	1.430074e-05	-1.302928e-03	-1.341386e-06	1.403177e-04
5.575500e+03	9.045945e-04	8.230298e-04	2.347798e-05	-9.004125e-04	4.977605e-05	-3.917621e-06
5.587890e+03	-8.936801e-05	9.802469e-04	-9.958187e-06	8.718589e-05	-5.861435e-05	1.549525e-05
5.600280e+03	-1.074420e-03	6.642083e-04	1.694719e-05	1.188289e-03	-1.054784e-05	-1.372450e-04
5.612670e+03	-1.123302e-03	-2.454993e-04	4.847777e-05	1.142964e-03	6.741077e-05	-2.371129e-05
5.625060e+03	-4.866445e-04	-9.728867e-04	1.691214e-05	4.719365e-04	-2.306754e-05	1.361665e-05
5.637450e+03	3.077767e-04	-1.197294e-03	3.809724e-05	-3.654267e-04	1.236655e-05	5.855026e-05
5.649840e+03	9.110994e-04	-4.086280e-04	1.191160e-05	-9.361599e-04	-2.860282e-05	2.621442e-05
5.662230e+03	7.705187e-04	5.946207e-04	1.566979e-05	-7.266280e-04	-6.514918e-06	-4.960122e-05
5.674620e+03	1.081144e-04	7.710566e-04	2.062180e-05	-1.653239e-04	4.715535e-06	1.325350e-05
5.687010e+03	-7.190199e-04	6.006740e-04	2.592775e-05	7.711977e-04	-1.756431e-07	-6.341686e-05
5.699400e+03	-9.589091e-04	-9.339908e-05	4.368324e-06	9.522764e-04	-5.506622e-05	7.759135e-06
5.711790e+03	-7.005246e-04	-8.190064e-04	4.088565e-05	7.316332e-04	2.994186e-05	-1.860488e-05
5.724180e+03	-2.585659e-06	-9.238382e-04	2.547367e-05	5.165048e-05	-5.622289e-06	-4.464467e-05
5.736570e+03	5.320266e-04	-7.325338e-04	1.304057e-05	-5.126715e-04	-2.390592e-05	-2.124479e-05
5.748960e+03	8.730969e-04	1.462061e-04	1.274883e-05	-9.338688e-04	-3.443293e-06	5.391949e-05
5.761350e+03	1.814987e-04	5.422352e-04	5.799199e-06	-1.427073e-04	-1.275584e-05	-4.800238e-05
5.773740e+03	-3.204148e-04	9.294863e-04	2.808803e-05	4.099147e-04	3.686088e-05	-7.991751e-05
5.786130e+03	-1.076669e-03	-7.809056e-05	1.315278e-05	1.086972e-03	-5.336821e-05	-1.605237e-05
5.798520e+03	-8.401502e-04	-5.421589e-04	3.660810e-05	8.904878e-04	1.310107e-05	-5.095986e-05
5.810910e+03	-2.029619e-04	-8.833977e-04	2.955887e-05	1.510278e-04	-1.610806e-06	6.204264e-05
5.823300e+03	4.738734e-04	-7.549766e-04	2.784960e-05	-6.057467e-04	9.863076e-06	1.308915e-04
5.835690e+03	6.167584e-04	-4.987734e-05	4.178179e-06	-5.820039e-04	-2.853249e-05	-4.338620e-05
5.848080e+03	3.910552e-04	2.545191e-04	5.995760e-06	-4.172735e-04	-2.091790e-05	1.140447e-05
5.860470e+03	-1.760285e-04	3.584892e-04	8.880269e-06	1.518018e-04	-2.737317e-05	2.290039e-05
5.872860e+03	-6.818243e-04	1.787764e-04	3.589127e-05	7.555224e-04	4.277032e-05	-7.294927e-05
5.885250e+03	-5.926915e-04	-3.545200e-04	3.316148e-05	5.619720e-04	2.230314e-05	3.433874e-05
5.897640e+03	-4.450996e-04	-6.699729e-04	2.172496e-05	5.707412e-04	-2.405682e-05	-1.116084e-04
5.910030e+03	3.450508e-04	-6.295074e-04	2.297341e-05	-4.497980e-04	-2.003154e-05	1.048577e-04
5.922420e+03	4.350946e-04	-2.304210e-04	4.041242e-05	-3.698991e-04	8.352803e-05	-6.862875e-05
5.934810e+03	4.469281e-04	4.272361e-05	-4.556318e-06	-4.769847e-04	-4.565638e-05	2.995666e-05
5.947200e+03	1.657196e-05	4.107707e-04	1.776155e-05	4.472158e-05	2.514146e-05	-8.307504e-05
5.959590e+03	-4.465362e-04	1.318618e-04	-3.614396e-06	4.710870e-04	-6.310149e-05	-2.734434e-05
5.971980e+03	-5.242914e-04	-1.737622e-04	2.806203e-05	5.341718e-04	-2.103198e-05	-8.820074e-06
5.984370e+03	-3.513108e-04	-4.393221e-04	3.106092e-05	4.134402e-04	5.281805e-06	-6.865620e-05
5.996760e+03	4.654062e-05	-6.716696e-04	2.995295e-05	-7.624744e-05	-1.641207e-05	2.346244e-05
6.009150e+03	1.890410e-04	-4.377303e-04	1.110009e-05	-1.210574e-04	-4.829756e-05	-6.778357e-05
6.021540e+03	3.987071e-04	8.142988e-06	2.142731e-05	-4.477098e-04	1.407368e-05	4.657126e-05
6.033930e+03	8.153748e-05	2.935597e-04	2.147666e-05	-6.368777e-05	8.875485e-06	-1.767167e-05
6.046320e+03	-4.530635e-04	2.642183e-04	4.331035e-06	6.084126e-04	-4.928971e-05	-1.562870e-04
6.058710e+03	-5.628639e-04	-2.614342e-04	3.711190e-05	6.003282e-04	2.815155e-05	-3.793944e-05
6.071100e+03	-2.314282e-04	-3.369399e-04	1.335680e-05	2.434169e-04	-2.989457e-05	-8.244124e-06
6.083490e+03	-6.742012e-05	-6.245872e-04	2.360482e-05	3.994557e-05	-1.942701e-05	1.699017e-05
6.095880e+03	1.696655e-04	-4.358086e-04	2.670269e-05	-1.473212e-04	1.755995e-05	-2.228303e-05
6.108270e+03	2.923995e-04	7.151413e-05	3.476114e-06	-3.000655e-04	-4.221284e-05	1.225939e-05
6.120660e+03	-6.527138e-06	1.052669e-04	2.220642e-05	1.900874e-05	-1.206569e-05	-1.722972e-05
6.133050e+03	-2.541859e-04	3.182625e-04	3.622432e-05	3.579504e-04	6.301862e-05	-1.118445e-04
6.145440e+03	-4.645095e-04	-1.350923e-04	2.490821e-05	5.261539e-04	1.407807e-05	-6.241961e-05
6.157830e+03	-2.882836e-04	-4.007517e-04	2.227350e-05	2.995278e-04	1.624082e-06	-1.944864e-05
6.170220e+03	-1.380408e-04	-6.966062e-04	2.592599e-05	1.700224e-04	-2.009707e-05	-2.317636e-05
6.182610e+03	3.649855e-04	-4.279635e-04	3.439530e-05	-4.069467e-04	1.209357e-05	4.236118e-05
6.195000e+03	3.902633e-04	-1.166151e-04	1.698123e-05	-4.171466e-04	-1.942143e-05	2.720174e-05
6.207390e+03	1.953818e-04	1.873341e-04	1.586735e-05	-2.006780e-04	-1.498166e-05	2.891607e-06
6.219780e+03	-2.316360e-04	-1.984566e-04	2.037361e-05	1.397085e-04	-3.059377e-05	1.095133e-04
6.232170e+03	-3.753223e-04	-1.035139e-04	1.840259e-05	3.856460e-04	-2.698005e-05	-4.205541e-06
6.244560e+03	-3.093269e-04	-4.204137e-04	3.543188e-05	2.823580e-04	1.629997e-05	2.167955e-05
6.256950e+03	-1.223524e-04	-3.833026e-04	1.878993e-05	2.271979e-04	-3.123947e-05	-8.917446e-05
6.269340e+03	1.836798e-04	-4.481642e-04	3.237811e-05	-1.649180e-04	2.543685e-05	-1.945891e-05
6.281730e+03	1.357712e-04	-2.002442e-04	2.547051e-05	-3.356157e-05	9.841631e-06	-1.021648e-04
6.294120e+03	3.042717e-04	7.638848e-05	1.517812e-05	-3.624028e-04	-1.845048e-05	5.799291e-05
6.306510e+03	-6.834043e-05	2.746578e-04	7.850614e-06	9.627815e-05	-2.169594e-05	-2.515581e-05
6.318900e+03	-3.301476e-04	-1.658935e-04	2.991154e-05	2.690118e-04	4.012920e-05	6.338022e-05
6.331290e+03	-4.534946e-04	-2.629441e-04	2.233435e-05	5.194374e-04	-2.393535e-05	-6.536568e-05
6.343680e+03	-8.431423e-05	-5.085303e-04	4.230000e-05	-2.224240e-06	4.196817e-05	8.415601e-05
6.356070e+03	1.246492e-05	-3.339080e-04	1.395120e-05	4.867349e-05	-4.100602e-05	-8.331616e-05
6.368460e+03	3.259430e-04	-4.291026e-04	3.586721e-05	-3.879212e-04	2.124145e-05	8.122056e-05
6.380850e+03	1.310005e-04	6.079982e-05	1.399728e-05	-6.520789e-06	-1.398147e-06	-1.239998e-04
6.393240e+03	-7.147816e-05	1.580992e-04	1.245984e-05	1.614905e-04	-8.525989e-06	-9.001232e-05
6.405630e+03	-1.220446e-04	6.245775e-05	1.593544e-05	7.097733e-05	2.971765e-06	5.043308e-05
6.418020e+03	-3.598921e-04	-6.930363e-05	1.485743e-05	4.697552e-04	-2.886420e-05	-1.098423e-04
6.430410e+03	-2.830187e-04	-4.625222e-04	1.700315e-05	3.751821e-04	-3.166035e-05	-9.205563e-05
6.442800e+03	5.441166e-05	-4.866192e-04	3.464137e-05	-4.973522e-05	2.401214e-05	3.657505e-06
6.455190e+03	1.919607e-04	-2.012233e-04	1.397989e-05	-1.086948e-04	-4.748974e-05	-7.981634e-05
6.467580e+03	2.727861e-04	-3.209922e-05	3.536556e-05	-2.959795e-04	2.174169e-05	2.359631e-05
6.479970e+03	1.524320e-04	1.994061e-04	1.352773e-05	-2.008696e-04	-2.212754e-05	4.077649e-05
6.492360e+03	-1.624696e-04	2.015412e-04	2.531594e-05	2.096330e-04	6.424923e-06	-5.475504e-05
6.504750e+03	-2.219655e-04	-8.918767e-05	1.495808e-05	1.392922e-04	-2.902412e-05	7.235587e-05
6.517140e+03	-3.730141e-04	-3.001582e-04	2.803380e-05	4.311592e-04	7.148277e-06	-5.763663e-05
6.529530e+03	-2.180175e-04	-4.136839e-04	1.935975e-05	3.124593e-04	-2.986013e-05	-9.429937e-05
6.541920e+03	1.975659e-04	-2.939688e-04	2.968497e-05	-2.387995e-04	1.579455e-05	4.677306e-05
6.554310e+03	1.310431e-04	-2.330534e-04	1.669137e-05	-1.142392e-04	-2.723117e-05	-1.674690e-05
6.566700e+03	1.561202e-04	1.435195e-04	2.095097e-05	-1.001578e-04	-4.327858e-07	-5.609136e-05
6.579090e+03	-9.639469e-05	-1.660325e-05	2.310754e-05	8.979197e-05	1.778219e-05	-6.311962e-06
6.591480e+03	-1.984922e-04	-2.125412e-05	1.308931e-05	1.819944e-04	-2.724527e-05	7.614782e-06
6.603870e+03	-1.870108e-04	-3.244653e-04	2.079507e-05	1.587417e-04	2.984073e-06	3.043032e-05
6.616260e+03	-2.050800e-04	-3.785508e-04	1.666017e-05	2.944861e-04	-3.531924e-06	-8.879847e-05
6.628650e+03	1.815781e-04	-2.846347e-04	2.031761e-05	-2.298511e-04	-1.649475e-05	3.683547e-05
6.641040e+03	1.335220e-04	-9.958383e-06	5.505727e-06	-7.820740e-05	-5.548138e-05	-5.547845e-05
6.653430e+03	1.281442e-04	-1.458045e-04	4.205103e-05	-2.138359e-04	5.891183e-05	1.014073e-04
6.665820e+03	-1.539412e-04	1.160764e-04	8.039749e-06	1.778494e-04	-2.405841e-05	-3.145268e-05
6.678210e+03	2.664282e-05	-1.092069e-04	4.035464e-05	-2.745403e-04	1.025669e-04	2.472142e-04
6.690600e+03	-3.743933e-04	-1.838421e-04	1.541586e-05	4.237343e-04	3.259524e-06	-4.950163e-05
6.702990e+03	-7.891819e-05	-2.566079e-04	1.350227e-05	5.276856e-05	2.514772e-06	2.506607e-05
6.715380e+03	-9.170928e-05	-3.137857e-04	2.098223e-05	1.779561e-04	-1.533088e-05	-9.210139e-05
6.727770e+03	3.107118e-04	-2.378645e-04	1.214202e-05	-4.056365e-04	-4.615528e-05	9.555756e-05
6.740160e+03	1.270510e-04	-4.081707e-05	3.555456e-05	-1.400650e-04	1.225979e-05	1.296880e-05
6.752550e+03	-6.556369e-05	4.859591e-05	2.016482e-05	1.083716e-04	-2.644331e-05	-3.269607e-05
6.764940e+03	-2.455712e-04	-2.239562e-04	2.805985e-05	1.822987e-04	-8.450835e-06	5.833602e-05
6.777330e+03	-3.031830e-04	-8.399118e-05	1.556634e-05	3.318448e-04	-7.346079e-06	-2.403916e-05
6.789720e+03	-2.932804e-04	-3.912845e-04	7.636326e-06	2.861149e-04	-1.389264e-05	3.206852e-06
6.802110e+03	-1.543471e-04	-2.648468e-04	1.752864e-05	2.578318e-04	8.413156e-06	-8.749919e-05
6.814500e+03	7.072336e-05	-1.346826e-04	7.888033e-06	9.709862e-06	6.335999e-06	-8.045320e-05
6.826890e+03	8.701695e-05	-5.394323e-05	1.446823e-05	-1.787539e-06	-9.338709e-06	-8.522941e-05
6.839280e+03	2.055095e-05	-9.938150e-05	2.571942e-05	-3.620277e-07	8.194242e-08	-1.525032e-05
6.851670e+03	1.758159e-05	1.804703e-05	1.458159e-05	-3.316591e-05	-3.208143e-05	1.118973e-05
6.864060e+03	-2.659074e-04	-3.082981e-04	3.413684e-05	2.772243e-04	-6.914458e-06	-1.070836e-05
6.876450e+03	-1.701818e-05	-1.002562e-04	1.311156e-05	3.451766e-05	-1.673196e-05	-1.310280e-05
6.888840e+03	-1.358774e-04	-3.831584e-04	2.798570e-05	1.668407e-04	1.878279e-05	-3.031454e-05
6.901230e+03	1.952431e-04	-3.505502e-04	1.811313e-05	-2.978624e-04	2.346455e-05	1.026259e-04
6.913620e+03	1.989238e-04	-3.598907e-05	9.939223e-06	-2.164277e-04	-1.467405e-05	1.698646e-05
6.926010e+03	1.503922e-04	-3.217486e-05	1.919670e-05	-1.767475e-04	-1.134813e-05	2.644404e-05
6.938400e+03	-2.303790e-04	-9.806075e-06	1.841344e-05	3.951170e-04	-3.271637e-05	-1.647550e-04
6.950790e+03	-2.349355e-04	-2.209838e-04	2.433777e-05	2.649108e-04	2.912127e-06	-3.077495e-05
6.963180e+03	-2.335823e-04	-1.364263e-04	2.056585e-05	3.374697e-04	-2.066859e-05	-1.038672e-04
6.975570e+03	-1.103714e-04	-3.647866e-04	1.643551e-05	9.203106e-05	-8.888848e-06	1.803692e-05
6.987960e+03	1.143262e-04	-1.132883e-04	2.075013e-05	-1.302123e-04	3.788173e-05	1.701550e-05
7.000350e+03	6.599188e-05	-2.019879e-06	1.420357e-06	-2.816204e-06	-7.409818e-06	-6.477125e-05
7.012740e+03	-2.536859e-05	-7.815355e-05	1.193262e-05	5.611762e-05	7.014563e-06	-3.081634e-05
7.025130e+03	5.147305e-06	-1.518156e-04	2.756004e-06	-9.769442e-05	-1.789038e-05	9.196859e-05
7.037520e+03	2.965773e-06	-2.614337e-06	1.610764e-05	-6.205925e-05	2.058666e-05	5.881340e-05
7.049910e+03	-2.699378e-04	-3.443036e-04	5.984058e-06	2.899334e-04	-3.156188e-05	-3.237280e-05
7.062300e+03	-1.857682e-04	-2.890867e-04	1.629666e-05	2.874503e-04	1.293316e-05	-9.409029e-05
7.074690e+03	8.539993e-05	-3.579999e-04	4.953843e-06	-1.389836e-04	-5.209992e-05	5.298084e-05
7.087080e+03	9.020757e-06	-3.348597e-04	1.704507e-05	1.186262e-05	6.946905e-06	-1.706090e-05
7.099470e+03	8.107390e-05	3.173841e-05	5.499822e-06	-2.701097e-06	-4.378202e-05	-8.104558e-05
7.111860e+03	9.478830e-05	-2.225720e-04	1.410460e-05	-2.179059e-04	-1.238752e-05	1.244618e-04
7.124250e+03	2.960132e-05	-1.767853e-04	2.100901e-05	-1.295217e-04	-2.232939e-05	1.097193e-04
7.136640e+03	-2.779794e-04	-3.662267e-05	1.904430e-05	4.274549e-04	-1.719879e-05	-1.487096e-04
7.149030e+03	-7.148971e-05	-3.559135e-04	2.319374e-05	1.081606e-05	-1.146311e-05	5.659591e-05
7.161420e+03	-1.376059e-04	-4.035643e-04	1.559558e-05	2.006441e-04	-2.730465e-05	-6.257612e-05
7.173810e+03	3.644369e-05	-2.675881e-04	2.942248e-05	-2.154730e-06	-1.636444e-05	-3.441693e-05
7.186200e+03	2.153828e-04	-1.476526e-04	2.316028e-05	-3.330980e-04	1.604995e-06	1.087677e-04
7.198590e+03	-1.317277e-04	5.341700e-05	1.774608e-05	3.102707e-04	-3.081810e-05	-1.827651e-04
7.210980e+03	1.358961e-04	-1.541375e-04	1.893949e-05	-3.118473e-04	-1.278334e-05	1.759512e-04
7.223370e+03	-2.330324e-04	-3.621585e-04	4.610075e-06	1.898956e-04	-3.796385e-05	3.116378e-05
7.235760e+03	4.351796e-05	-1.540295e-04	1.034064e-05	-6.979708e-05	-1.045353e-05	4.755286e-05
7.248150e+03	-1.632854e-04	-1.925502e-04	2.087067e-05	3.146987e-04	1.765196e-05	-1.523117e-04
7.260540e+03	2.574431e-05	-1.804587e-04	2.962534e-06	4.243439e-05	-7.325202e-05	-6.916129e-05
7.272930e+03	6.216743e-05	-1.905985e-04	2.053179e-05	-5.612430e-05	-5.847239e-07	-1.366078e-05
7.285320e+03	1.357251e-04	4.959509e-05	1.790711e-05	-8.233603e-05	-1.050056e-05	-4.498728e-05
7.297710e+03	-1.438484e-04	-3.689073e-04	2.683462e-05	1.149096e-04	4.910636e-06	2.924126e-05
7.310100e+03	-1.271147e-05	-6.622926e-05	1.285257e-05	-3.134269e-05	-3.074095e-05	4.411971e-05
7.322490e+03	-1.473346e-04	-2.439301e-04	2.761434e-05	1.341620e-04	-1.636360e-05	2.174671e-05
7.334880e+03	-1.380155e-04	-1.320466e-04	2.798264e-05	2.216780e-04	1.200163e-05	-8.366250e-05
7.347270e+03	-3.078716e-05	-1.246453e-04	9.523349e-06	1.172275e-04	-6.081472e-05	-8.602960e-05
7.359660e+03	5.501636e-05	-2.051958e-04	2.642870e-05	-5.781844e-05	-2.129432e-06	2.828286e-06
7.372050e+03	-6.914168e-06	-7.207642e-05	9.559171e-06	5.625065e-05	-2.000185e-05	-5.259103e-05
7.384440e+03	-6.486455e-05	-7.476468e-05	1.894858e-05	7.740584e-05	-1.276766e-05	-1.073799e-05
7.396830e+03	-1.577593e-04	1.510940e-05	2.599861e-05	2.646498e-04	-2.911243e-06	-1.059049e-04
7.409220e+03	-2.723614e-05	-1.058892e-04	2.155082e-05	-2.747686e-05	-2.608313e-05	5.543349e-05
7.421610e+03	-1.639299e-04	-4.108497e-04	3.454250e-05	1.472994e-04	-4.515689e-07	1.463917e-05
7.434000e+03	-1.013661e-04	-8.694777e-05	2.219768e-05	2.209882e-04	-1.866395e-05	-1.141615e-04
7.446390e+03	9.346472e-06	-2.372665e-04	1.655901e-05	-1.129428e-05	-1.855342e-05	1.801042e-06
7.458780e+03	-2.897309e-05	-3.209603e-04	2.293053e-05	-2.179964e-05	-1.832598e-06	4.989041e-05
7.471170e+03	-6.655556e-05	4.075501e-05	2.670694e-05	1.604875e-04	1.445267e-05	-9.166472e-05
7.483560e+03	-1.010406e-05	-1.846434e-04	3.065315e-06	-9.552057e-05	-3.502744e-05	1.055996e-04
