1.338120e+03	-4.481509e-02	1.218978e-01	-7.825837e-05	4.534552e-02	-3.253286e-05	-4.005866e-04
1.350510e+03	-7.717439e-02	1.033468e-01	9.722212e-06	7.735772e-02	-8.576524e-06	-2.007158e-04
1.362900e+03	-1.034057e-01	7.808459e-02	1.168411e-05	1.034232e-01	-2.591522e-05	-3.068277e-05
1.375290e+03	-1.210950e-01	4.630543e-02	5.839319e-05	1.211683e-01	-4.138546e-05	3.288859e-04
1.387680e+03	-1.299733e-01	1.058197e-02	5.515368e-06	1.289813e-01	-4.606459e-05	4.600693e-04
1.400070e+03	-1.268624e-01	-2.629456e-02	1.550990e-05	1.270912e-01	-2.950379e-05	5.219928e-04
1.412460e+03	-1.145059e-01	-6.059437e-02	1.131233e-04	1.135129e-01	3.357449e-05	4.469498e-04
1.424850e+03	-9.213605e-02	-8.961860e-02	7.865434e-07	9.184587e-02	5.375740e-06	3.656148e-04
1.437240e+03	-6.370026e-02	-1.108856e-01	2.985752e-05	6.341222e-02	2.928553e-05	2.597496e-04
1.449630e+03	-3.064924e-02	-1.248191e-01	-4.622592e-05	3.025394e-02	1.556466e-06	3.858756e-04
1.462020e+03	5.029366e-03	-1.276339e-01	-8.449976e-06	-5.654700e-03	9.318463e-06	6.511372e-04
1.474410e+03	4.041279e-02	-1.220252e-01	2.867999e-05	-4.130179e-02	4.214336e-05	8.196534e-04
1.486800e+03	7.277738e-02	-1.052649e-01	7.518456e-06	-7.340015e-02	-4.457680e-07	5.964201e-04
1.499190e+03	9.940474e-02	-8.059566e-02	1.209113e-05	-9.967343e-02	-1.513813e-05	5.131845e-04
1.511580e+03	1.176756e-01	-4.970876e-02	2.212004e-05	-1.186602e-01	-7.746515e-05	5.399998e-04
1.523970e+03	1.272459e-01	-1.465142e-02	3.266542e-05	-1.282459e-01	8.924784e-06	6.499724e-04
1.536360e+03	1.265877e-01	2.201305e-02	1.492205e-05	-1.275931e-01	7.782450e-05	7.706276e-04
1.548750e+03	1.154895e-01	5.742266e-02	1.066156e-05	-1.156955e-01	3.740312e-05	7.368523e-04
1.561140e+03	9.407855e-02	8.787128e-02	1.714951e-06	-9.461005e-02	2.136268e-05	7.046990e-04
1.573530e+03	6.509311e-02	1.116119e-01	-5.364026e-05	-6.569839e-02	9.610746e-05	5.429746e-04
1.585920e+03	3.109753e-02	1.249743e-01	-8.361249e-05	-3.154997e-02	6.913194e-05	4.216700e-04
1.598310e+03	-5.802109e-03	1.289624e-01	-4.659268e-05	5.377924e-03	-1.538468e-05	4.289876e-04
1.610700e+03	-4.306009e-02	1.229395e-01	-1.049586e-04	4.248289e-02	1.577765e-05	5.959771e-04
1.623090e+03	-7.723331e-02	1.061301e-01	-4.596434e-05	7.654210e-02	-6.110169e-05	7.313145e-04
1.635480e+03	-1.055883e-01	7.933890e-02	-9.756989e-05	1.045760e-01	-4.992827e-05	7.408939e-04
1.647870e+03	-1.246966e-01	4.474623e-02	3.807102e-05	1.248551e-01	-7.994703e-05	4.960086e-04
1.660260e+03	-1.330000e-01	5.716170e-03	5.540911e-05	1.320000e-01	-6.241462e-05	3.597851e-04
1.672650e+03	-1.293989e-01	-3.466050e-02	1.060614e-04	1.283989e-01	-3.226731e-05	3.655129e-04
1.685040e+03	-1.140679e-01	-7.225565e-02	3.595372e-05	1.130461e-01	-3.073094e-05	4.483974e-04
1.697430e+03	-8.673841e-02	-1.039676e-01	7.808678e-05	8.633779e-02	-1.016490e-05	4.290008e-04
1.709820e+03	-5.085797e-02	-1.262223e-01	5.176944e-05	5.034593e-02	4.588281e-07	4.640650e-04
1.722210e+03	-9.250639e-03	-1.363339e-01	-6.625480e-06	8.873065e-03	1.576533e-05	3.599748e-04
1.734600e+03	3.420453e-02	-1.331832e-01	9.154315e-06	-3.450333e-02	7.078121e-06	2.209595e-04
1.746990e+03	7.496754e-02	-1.162550e-01	2.233803e-05	-7.528645e-02	3.831276e-05	2.800687e-04
1.759380e+03	1.092759e-01	-8.708743e-02	-2.762555e-05	-1.093225e-01	-1.054259e-04	2.141914e-04
1.771770e+03	1.329690e-01	-4.749484e-02	1.548609e-05	-1.332103e-01	7.957918e-07	2.896134e-04
1.784160e+03	1.420000e-01	-1.070314e-03	3.048981e-05	-1.420000e-01	8.492170e-05	3.255989e-04
1.796550e+03	1.356800e-01	4.719915e-02	7.430424e-06	-1.356638e-01	1.326300e-04	3.057078e-04
1.808940e+03	1.126812e-01	9.070285e-02	-2.250440e-05	-1.132290e-01	9.302383e-05	1.843350e-04
1.821330e+03	7.534980e-02	1.241756e-01	-8.065577e-05	-7.536278e-02	6.863050e-05	4.755016e-05
1.833720e+03	2.843179e-02	1.441362e-01	-8.869874e-05	-2.853492e-02	2.147011e-05	1.113982e-04
1.846110e+03	-2.386908e-02	1.459607e-01	-1.407245e-04	2.379367e-02	5.412142e-06	9.250675e-05
1.858500e+03	-7.508494e-02	1.297811e-01	-1.484777e-04	7.489248e-02	-7.262981e-05	1.641046e-04
1.870890e+03	-1.179193e-01	9.452647e-02	3.601395e-05	1.180183e-01	-1.696883e-04	2.024251e-04
1.883280e+03	-1.464435e-01	4.514416e-02	-2.816639e-05	1.457941e-01	-1.340807e-04	2.737191e-04
1.895670e+03	-1.539999e-01	-1.308074e-02	7.668912e-05	1.539999e-01	-1.330367e-04	2.958500e-04
1.908060e+03	-1.389171e-01	-7.124625e-02	9.324351e-05	1.383050e-01	-9.754347e-05	3.015436e-04
1.920450e+03	-1.021107e-01	-1.204671e-01	1.098228e-04	1.012211e-01	-6.592507e-05	5.563322e-04
1.932840e+03	-4.661015e-02	-1.521914e-01	1.385687e-04	4.602017e-02	-3.633250e-06	6.151750e-04
1.945230e+03	1.852333e-02	-1.589374e-01	7.641139e-05	-1.929058e-02	-8.565831e-06	7.442725e-04
1.957620e+03	8.311640e-02	-1.394413e-01	1.591665e-04	-8.394618e-02	1.478430e-04	8.570159e-04
1.970010e+03	1.349516e-01	-9.169920e-02	1.171189e-04	-1.359536e-01	5.479242e-05	1.068368e-03
1.982400e+03	1.615622e-01	-2.466984e-02	7.259270e-05	-1.631560e-01	2.130427e-04	1.054966e-03
1.994790e+03	1.577079e-01	5.025182e-02	2.630684e-05	-1.585908e-01	1.899751e-04	1.105505e-03
2.007180e+03	1.173634e-01	1.159678e-01	-7.701153e-05	-1.183634e-01	1.780184e-04	1.089009e-03
2.019570e+03	5.043893e-02	1.577513e-01	-2.947409e-04	-5.140819e-02	3.195411e-04	1.008904e-03
2.031960e+03	-3.140066e-02	1.625354e-01	-2.870774e-04	3.074488e-02	-2.248836e-05	6.615005e-04
2.044350e+03	-1.051163e-01	1.227257e-01	-3.263739e-04	1.051040e-01	-2.342982e-04	2.900286e-04
2.056740e+03	-1.499502e-01	5.130365e-02	-5.591095e-05	1.499502e-01	-3.734920e-04	1.061420e-04
2.069130e+03	-1.485694e-01	-3.377084e-02	2.396555e-04	1.492163e-01	-3.965106e-04	-8.462130e-04
2.081520e+03	-1.019518e-01	-1.028550e-01	2.109724e-04	1.029728e-01	-2.034325e-04	-9.398586e-04
2.093910e+03	-2.715954e-02	-1.326884e-01	3.428214e-04	2.879782e-02	-1.688632e-04	-1.673897e-03
2.106300e+03	4.719746e-02	-1.139603e-01	1.787094e-04	-4.481425e-02	2.407018e-04	-2.393589e-03
2.118690e+03	9.227887e-02	-6.027694e-02	1.865315e-04	-8.974733e-02	-6.569843e-05	-2.513121e-03
2.131080e+03	9.390447e-02	2.751906e-03	-2.676470e-05	-9.109476e-02	2.422217e-04	-2.818112e-03
2.143470e+03	6.035457e-02	4.383733e-02	-2.089664e-04	-5.693556e-02	3.961167e-04	-3.419505e-03
2.155860e+03	1.876079e-02	5.065623e-02	-1.860971e-04	-1.526048e-02	-1.256934e-04	-3.479360e-03
2.168250e+03	-6.211835e-03	3.145827e-02	-1.873947e-04	1.038432e-02	-1.575166e-04	-4.550177e-03
2.180640e+03	-3.411081e-03	1.365229e-02	-5.116278e-05	5.074765e-03	-1.380496e-04	-1.676340e-03
2.193030e+03	6.356040e-03	1.512427e-02	5.584459e-05	-4.660016e-03	1.516114e-05	-1.694454e-03
2.205420e+03	4.967477e-03	2.918612e-02	9.466155e-05	-2.491921e-03	7.424550e-05	-2.441462e-03
2.217810e+03	-1.663065e-02	3.800000e-02	3.764193e-05	1.896676e-02	9.043730e-06	-2.374884e-03
2.230200e+03	-4.574522e-02	2.604764e-02	-3.828144e-05	4.715758e-02	-3.969625e-05	-1.328712e-03
2.242590e+03	-6.121816e-02	-9.581583e-03	-4.148480e-05	6.291353e-02	-7.463407e-05	-1.722578e-03
2.254980e+03	-4.546926e-02	-4.993097e-02	-2.943144e-05	4.659548e-02	1.876274e-04	-1.134787e-03
2.267370e+03	-2.480938e-03	-7.159206e-02	9.960576e-05	4.008007e-03	-5.991950e-04	-1.513961e-03
2.279760e+03	4.735529e-02	-5.852550e-02	4.650465e-05	-4.620280e-02	-5.663853e-05	-1.132624e-03
2.292150e+03	7.403669e-02	-9.735308e-03	9.586278e-05	-7.325295e-02	-1.243417e-04	-7.907000e-04
2.304540e+03	6.401795e-02	4.355431e-02	-1.624056e-05	-6.455939e-02	1.634517e-04	5.310843e-04
2.316930e+03	1.525870e-02	7.679448e-02	-1.095129e-04	-1.574996e-02	-1.562502e-04	4.728594e-04
2.329320e+03	-4.459560e-02	6.762532e-02	-1.292013e-04	4.321351e-02	1.981044e-05	1.423050e-03
2.341710e+03	-8.302932e-02	1.737096e-02	-1.113057e-04	8.146889e-02	-3.299369e-04	1.542265e-03
2.354100e+03	-7.273484e-02	-4.871294e-02	2.451699e-05	7.156348e-02	-5.602176e-05	1.224656e-03
2.366490e+03	-1.677705e-02	-8.795251e-02	1.790000e-04	1.580322e-02	-8.991520e-05	9.107822e-04
2.378880e+03	5.323620e-02	-7.491614e-02	1.820995e-04	-5.294157e-02	1.821298e-04	-2.308888e-04
2.391270e+03	9.089943e-02	-1.200031e-02	8.710018e-05	-8.969954e-02	3.849500e-04	-1.237012e-03
2.403660e+03	7.142800e-02	5.846281e-02	-1.237918e-04	-6.973325e-02	4.472755e-04	-1.655800e-03
2.416050e+03	3.902464e-03	8.766340e-02	-2.938617e-04	-4.846556e-04	8.143487e-05	-3.380000e-03
2.428440e+03	-6.119995e-02	5.783606e-02	-1.992701e-04	6.405074e-02	-4.249862e-04	-2.873172e-03
2.440830e+03	-8.217867e-02	-9.174903e-03	-5.635689e-05	8.497156e-02	-5.189171e-04	-2.790076e-03
2.453220e+03	-4.585256e-02	-6.753710e-02	1.043323e-04	4.806555e-02	-2.266923e-04	-2.269179e-03
2.465610e+03	1.863011e-02	-7.611552e-02	2.185655e-04	-1.747190e-02	-1.650197e-04	-1.177517e-03
2.478000e+03	6.659494e-02	-3.600177e-02	2.869728e-04	-6.708543e-02	-1.208801e-04	5.594938e-04
2.490390e+03	6.801248e-02	2.507698e-02	1.953666e-04	-6.939462e-02	-1.643359e-04	1.299693e-03
2.502780e+03	2.657888e-02	6.380312e-02	-1.303206e-04	-2.742486e-02	2.181700e-04	9.071045e-04
2.515170e+03	-2.822735e-02	6.011068e-02	-3.577163e-04	2.754539e-02	1.186973e-04	6.679358e-04
2.527560e+03	-6.180917e-02	1.961957e-02	-3.333655e-04	6.153692e-02	2.901764e-05	2.147360e-04
2.539950e+03	-5.327694e-02	-3.377141e-02	-5.398377e-05	5.297987e-02	-2.386921e-04	2.782881e-04
2.552340e+03	-9.263903e-03	-6.065170e-02	2.614557e-04	8.292814e-03	-7.285889e-04	9.656048e-04
2.564730e+03	4.011451e-02	-4.674526e-02	4.200929e-04	-4.179170e-02	-5.502518e-05	1.596712e-03
2.577120e+03	6.033761e-02	-7.604119e-05	2.757840e-04	-6.149594e-02	5.414363e-04	1.128861e-03
2.589510e+03	4.014595e-02	4.419122e-02	4.388977e-05	-4.045070e-02	4.972990e-04	3.344785e-04
2.601900e+03	-6.632638e-03	5.828183e-02	-2.079689e-04	6.481723e-03	1.488540e-04	1.495705e-04
2.614290e+03	-4.544546e-02	3.111531e-02	-3.950000e-04	4.570069e-02	1.125027e-04	-1.975764e-04
2.626680e+03	-5.052299e-02	-1.479870e-02	-3.375689e-04	5.146083e-02	-1.964368e-04	-8.715466e-04
2.639070e+03	-1.991146e-02	-4.650341e-02	-1.163487e-04	2.170736e-02	-5.699966e-04	-1.749004e-03
2.651460e+03	2.265625e-02	-4.311721e-02	1.650001e-04	-2.126767e-02	-4.551915e-04	-1.418681e-03
2.663850e+03	4.597657e-02	-9.666002e-03	2.023330e-04	-4.517240e-02	6.941619e-05	-9.455246e-04
2.676240e+03	3.682421e-02	2.822229e-02	2.268330e-04	-3.641033e-02	-8.088852e-05	-3.585912e-04
2.688630e+03	1.268357e-03	4.668276e-02	2.811272e-05	-1.849740e-03	3.725888e-04	5.759643e-04
2.701020e+03	-3.412512e-02	3.075843e-02	-6.176448e-05	3.369781e-02	5.979024e-05	3.976449e-04
2.713410e+03	-4.575730e-02	-3.158666e-03	-2.059576e-04	4.416250e-02	1.462392e-04	1.631183e-03
2.725800e+03	-2.793933e-02	-3.661434e-02	-1.674435e-04	2.674217e-02	-1.850740e-04	1.108614e-03
2.738190e+03	9.056074e-03	-4.374089e-02	-1.326920e-04	-1.061461e-02	-3.159898e-05	1.576403e-03
2.750580e+03	3.881007e-02	-2.174300e-02	5.792212e-05	-4.015178e-02	-2.482761e-04	1.312170e-03
2.762970e+03	4.126252e-02	1.565883e-02	1.733872e-04	-4.262717e-02	-1.475973e-04	1.395452e-03
2.775360e+03	1.459105e-02	4.257405e-02	1.542817e-04	-1.534949e-02	5.113754e-05	7.678536e-04
2.787750e+03	-2.347652e-02	3.862870e-02	1.249480e-04	2.366038e-02	2.449484e-06	-2.119509e-04
2.800140e+03	-4.441718e-02	6.989074e-03	1.954331e-05	4.443381e-02	1.378312e-04	-1.815878e-04
2.812530e+03	-3.569293e-02	-2.934816e-02	-4.737705e-05	3.553587e-02	1.000327e-04	9.002724e-05
2.824920e+03	-2.024097e-03	-4.602546e-02	-3.874575e-05	2.618123e-03	-1.036867e-04	-5.796083e-04
2.837310e+03	3.369524e-02	-3.290303e-02	-4.168595e-05	-3.292020e-02	7.193044e-05	-6.847257e-04
2.849700e+03	4.617361e-02	3.127182e-03	-4.962335e-05	-4.600247e-02	-1.316109e-05	-1.569281e-04
2.862090e+03	2.745504e-02	3.568994e-02	-1.031029e-04	-2.707007e-02	2.869743e-04	-3.886955e-04
2.874480e+03	-8.503479e-03	4.283405e-02	-8.069165e-06	9.046917e-03	-1.354415e-04	-5.340385e-04
2.886870e+03	-3.634795e-02	2.159360e-02	1.392420e-05	3.620919e-02	-1.706070e-04	3.548814e-05
2.899260e+03	-3.898882e-02	-1.161150e-02	8.016832e-05	3.817850e-02	-1.741648e-04	6.457512e-04
2.911650e+03	-1.560383e-02	-3.812252e-02	7.548485e-05	1.590547e-02	-4.748343e-05	-2.776211e-04
2.924040e+03	1.844148e-02	-3.570965e-02	2.700115e-05	-1.925601e-02	6.061943e-05	7.586954e-04
2.936430e+03	3.727241e-02	-9.809737e-03	2.852273e-06	-3.736824e-02	2.569328e-05	3.060634e-05
2.948820e+03	3.181003e-02	2.222777e-02	-5.336268e-05	-3.226080e-02	-7.228703e-05	4.739410e-04
2.961210e+03	3.598381e-03	3.704457e-02	-5.576482e-05	-3.477419e-03	-3.749136e-04	-1.317548e-04
2.973600e+03	-2.647990e-02	2.534297e-02	-1.464450e-04	2.764799e-02	9.514689e-05	-1.181944e-03
2.985990e+03	-3.515145e-02	-3.951256e-03	-8.381507e-05	3.587958e-02	-6.275666e-05	-7.605852e-04
2.998380e+03	-2.050859e-02	-2.983306e-02	9.821106e-05	2.153329e-02	-3.684441e-04	-9.778106e-04
3.010770e+03	1.001503e-02	-3.449035e-02	1.323598e-04	-9.612431e-03	-2.413408e-05	-4.488604e-04
3.023160e+03	3.283845e-02	-1.556071e-02	6.960659e-05	-3.221184e-02	1.223495e-04	-6.809730e-04
3.035550e+03	3.330142e-02	1.387798e-02	-1.076578e-05	-3.263531e-02	1.776278e-04	-6.374338e-04
3.047940e+03	1.092320e-02	3.394677e-02	-9.930530e-05	-1.089424e-02	1.883440e-04	-1.017303e-04
3.060330e+03	-1.836622e-02	3.014355e-02	-1.163897e-04	1.862795e-02	-4.559845e-05	-3.059716e-04
3.072720e+03	-3.376248e-02	6.390026e-03	-8.871255e-05	3.400203e-02	1.001643e-04	-1.916510e-04
3.085110e+03	-2.733920e-02	-2.124717e-02	-5.981430e-06	2.803632e-02	-2.133440e-04	-6.060572e-04
3.097500e+03	-6.966649e-04	-3.419991e-02	2.089912e-04	4.507937e-04	-4.019759e-04	2.454328e-04
3.109890e+03	2.460665e-02	-2.220161e-02	7.758424e-05	-2.495267e-02	2.699378e-04	3.199346e-04
3.122280e+03	3.237314e-02	2.576611e-03	1.315025e-04	-3.235398e-02	-5.857392e-04	-1.571354e-04
3.134670e+03	1.853930e-02	2.739501e-02	-1.495052e-05	-1.866935e-02	-1.924858e-04	-2.020921e-05
3.147060e+03	-7.973935e-03	3.120334e-02	-1.870642e-04	7.906005e-03	2.381350e-04	4.561174e-05
3.159450e+03	-3.005377e-02	1.364769e-02	-1.043700e-04	3.085393e-02	-3.109784e-04	-8.808237e-04
3.171840e+03	-3.022461e-02	-1.277044e-02	1.674233e-05	3.082768e-02	-3.017247e-04	-5.742577e-04
3.184230e+03	-9.246789e-03	-3.131140e-02	1.120389e-04	9.740784e-03	-3.348995e-05	-5.113225e-04
3.196620e+03	1.695903e-02	-2.768447e-02	1.532602e-04	-1.645571e-02	-4.636776e-05	-4.276017e-04
3.209010e+03	3.078716e-02	-4.882885e-03	1.007706e-04	-3.069896e-02	1.569702e-04	-6.928644e-05
3.221400e+03	2.451856e-02	1.960015e-02	-6.136642e-05	-2.478678e-02	6.151884e-04	1.317996e-04
3.233790e+03	1.040746e-03	3.081046e-02	-1.171071e-04	-1.150686e-03	-1.018664e-04	1.344724e-04
3.246180e+03	-2.203195e-02	2.058622e-02	-1.021431e-04	2.224516e-02	-1.681582e-04	-2.088781e-04
3.258570e+03	-2.909939e-02	-2.074772e-03	-1.693058e-04	2.882543e-02	2.597487e-04	2.917798e-04
3.270960e+03	-1.615662e-02	-2.446414e-02	4.660887e-05	1.626422e-02	-3.333993e-04	-1.026674e-04
3.283350e+03	6.868636e-03	-2.755151e-02	6.782670e-05	-6.680083e-03	3.805061e-04	-1.885364e-04
3.295740e+03	2.463855e-02	-1.266297e-02	1.558701e-04	-2.486632e-02	1.990000e-05	1.939327e-04
3.308130e+03	2.365532e-02	1.030284e-02	1.525116e-04	-2.311848e-02	-2.539049e-04	-4.421459e-04
3.320520e+03	7.495223e-03	2.482184e-02	-1.760919e-04	-7.989597e-03	1.046497e-03	4.783385e-04
3.332910e+03	-1.485935e-02	2.047209e-02	-1.862100e-04	1.575334e-02	2.085998e-04	-8.462154e-04
3.345300e+03	-2.448843e-02	1.090377e-03	-1.313250e-04	2.518430e-02	-2.488540e-04	-7.098481e-04
3.357690e+03	-1.623236e-02	-1.835971e-02	-3.451812e-05	1.664822e-02	-1.270601e-04	-4.572571e-04
3.370080e+03	3.620744e-03	-2.467274e-02	9.286294e-05	-3.235866e-03	-3.258734e-04	-3.896020e-04
3.382470e+03	2.075223e-02	-1.193883e-02	1.223545e-04	-2.095976e-02	-3.052526e-06	2.842677e-04
3.394860e+03	2.241406e-02	7.260807e-03	5.720442e-05	-2.261436e-02	4.310630e-04	1.145886e-04
3.407250e+03	8.097615e-03	2.127879e-02	-5.479263e-05	-8.123868e-03	4.630337e-04	2.740667e-05
3.419640e+03	-1.184392e-02	1.948243e-02	-7.287306e-05	1.233206e-02	2.478155e-04	-5.345471e-04
3.432030e+03	-2.199572e-02	3.639357e-03	-1.985815e-05	2.219758e-02	-4.525810e-04	-2.366279e-04
3.444420e+03	-1.635835e-02	-1.447625e-02	-5.736968e-06	1.654936e-02	-2.878776e-05	-2.522217e-04
3.456810e+03	1.702045e-03	-2.217924e-02	3.457133e-05	-2.050476e-03	-4.332626e-04	3.582813e-04
3.469200e+03	1.743250e-02	-1.373123e-02	6.754015e-05	-1.753670e-02	-2.201470e-05	6.617852e-05
3.481590e+03	2.030640e-02	5.506129e-03	6.476118e-05	-2.050638e-02	-2.442314e-05	2.000059e-04
3.493980e+03	8.105928e-03	1.957554e-02	-8.006160e-05	-8.298471e-03	5.667352e-04	1.930737e-04
3.506370e+03	-1.044862e-02	1.808173e-02	-1.854032e-05	1.091650e-02	-8.815919e-05	-4.989485e-04
3.518760e+03	-2.053662e-02	3.248856e-03	1.265839e-05	2.074817e-02	-2.511109e-04	-2.392863e-04
3.531150e+03	-1.560204e-02	-1.445893e-02	-5.057646e-05	1.597901e-02	1.736512e-04	-4.254596e-04
3.543540e+03	1.382055e-03	-2.186108e-02	-6.000439e-06	-1.003379e-03	-1.561287e-04	-3.775097e-04
3.555930e+03	1.778074e-02	-1.296423e-02	1.243713e-05	-1.767198e-02	9.021315e-05	-8.153842e-05
3.568320e+03	2.079250e-02	6.804997e-03	9.988013e-06	-2.112326e-02	-1.119275e-04	2.921223e-04
3.580710e+03	7.981934e-03	2.029629e-02	-2.928546e-05	-7.651418e-03	1.696965e-04	-3.187009e-04
3.593100e+03	-1.074063e-02	1.923170e-02	8.770993e-05	1.109132e-02	-5.587068e-04	-4.010070e-04
3.605490e+03	-2.115337e-02	3.431837e-03	6.198789e-05	2.138730e-02	4.365624e-05	-2.861866e-04
3.617880e+03	-1.704298e-02	-1.520902e-02	-5.434800e-05	1.791825e-02	7.230717e-05	-7.412708e-04
3.630270e+03	-1.753983e-04	-2.223587e-02	3.954349e-05	3.679744e-04	-8.377303e-05	-1.706503e-04
3.642660e+03	1.690096e-02	-1.481428e-02	-4.285526e-05	-1.680029e-02	4.108780e-04	-1.628875e-04
3.655050e+03	2.140000e-02	3.355347e-03	-5.879636e-05	-2.170000e-02	2.399837e-04	2.494708e-04
3.667440e+03	1.030236e-02	1.870241e-02	-3.604935e-05	-1.064405e-02	-6.789486e-05	3.474824e-04
3.679830e+03	-8.589422e-03	1.907258e-02	-5.110062e-06	8.829595e-03	-5.305035e-05	-2.393592e-04
3.692220e+03	-2.037001e-02	4.312469e-03	-8.859714e-06	2.055567e-02	-2.177099e-04	-1.687575e-04
3.704610e+03	-1.776317e-02	-1.355580e-02	3.275826e-05	1.842586e-02	-4.024789e-05	-8.458310e-04
3.717000e+03	-1.114611e-03	-2.222722e-02	8.155091e-05	1.327838e-03	-2.906306e-04	-2.532360e-04
3.729390e+03	1.668255e-02	-1.501877e-02	6.139473e-05	-1.685811e-02	2.021215e-04	1.904473e-04
3.741780e+03	2.157525e-02	2.792604e-03	5.267796e-05	-2.156253e-02	-1.127572e-04	-2.394266e-05
3.754170e+03	1.136944e-02	1.967179e-02	-2.687029e-06	-1.166623e-02	-7.066138e-05	2.088371e-04
3.766560e+03	-7.888243e-03	2.060942e-02	-5.726825e-05	7.920556e-03	1.261625e-04	1.668154e-05
3.778950e+03	-2.065649e-02	6.389653e-03	-4.927690e-05	2.069874e-02	-7.072373e-05	4.218943e-05
3.791340e+03	-1.886145e-02	-1.161455e-02	5.717814e-05	1.937660e-02	-2.977062e-04	-4.957289e-04
3.803730e+03	-2.265352e-03	-2.239126e-02	2.103420e-05	2.646444e-03	2.241358e-04	-3.734729e-04
3.816120e+03	1.531781e-02	-1.586156e-02	5.311329e-05	-1.537477e-02	-1.091708e-04	4.688272e-05
3.828510e+03	2.074372e-02	1.597908e-03	6.037025e-05	-2.065592e-02	-7.947319e-05	-3.077003e-05
3.840900e+03	1.218069e-02	1.693489e-02	5.135346e-05	-1.266743e-02	-2.911003e-04	4.015228e-04
3.853290e+03	-5.979203e-03	1.995214e-02	2.132695e-05	6.200659e-03	-1.857933e-04	-2.119350e-04
3.865680e+03	-1.837993e-02	6.911054e-03	-1.518399e-05	1.867281e-02	-1.163199e-04	-3.548985e-04
3.878070e+03	-1.822417e-02	-1.076622e-02	-7.962083e-06	1.914197e-02	9.608978e-05	-8.519905e-04
3.890460e+03	-2.403495e-03	-2.009409e-02	1.083836e-04	2.107838e-03	-4.956151e-04	2.475285e-04
3.902850e+03	1.406395e-02	-1.635233e-02	6.946314e-05	-1.395308e-02	3.738365e-04	-1.494103e-04
3.915240e+03	2.117620e-02	1.183766e-03	1.857197e-05	-2.154021e-02	1.431312e-04	3.272459e-04
3.927630e+03	1.235098e-02	1.687632e-02	2.995094e-05	-1.235024e-02	-1.974616e-04	-1.911355e-05
3.940020e+03	-5.040191e-03	1.975523e-02	4.028868e-05	5.087057e-03	-2.665565e-04	-4.799180e-05
3.952410e+03	-1.797220e-02	8.260557e-03	-8.308987e-05	1.796773e-02	5.287425e-04	6.699305e-05
3.964800e+03	-1.782811e-02	-9.723642e-03	1.825016e-05	1.825351e-02	-3.527461e-04	-4.748682e-04
3.977190e+03	-3.154407e-03	-2.029813e-02	5.069043e-05	3.196943e-03	8.480903e-05	-6.371029e-05
3.989580e+03	1.264136e-02	-1.649486e-02	6.015004e-05	-1.234410e-02	1.178352e-05	-3.032687e-04
4.001970e+03	1.888732e-02	3.693121e-05	1.152183e-04	-1.860000e-02	-3.222618e-04	-2.215856e-04
4.014360e+03	1.232625e-02	1.263901e-02	5.653851e-05	-1.242258e-02	-1.634387e-04	1.700224e-05
4.026750e+03	-3.342984e-03	1.846821e-02	-2.069909e-05	3.220339e-03	-1.455487e-04	1.257987e-04
4.039140e+03	-1.589666e-02	7.390188e-03	1.572146e-05	1.643823e-02	-1.032339e-04	-5.231962e-04
4.051530e+03	-1.624937e-02	-7.859075e-03	1.080904e-05	1.656862e-02	4.286151e-05	-3.573188e-04
4.063920e+03	-4.120145e-03	-1.827779e-02	8.380611e-05	4.671636e-03	-1.830360e-04	-5.246988e-04
4.076310e+03	1.110976e-02	-1.454619e-02	1.200058e-04	-1.100819e-02	-2.205067e-04	-1.383705e-05
4.088700e+03	1.790000e-02	-1.236071e-03	-6.254827e-06	-1.813588e-02	4.489051e-04	1.613634e-04
4.101090e+03	1.218610e-02	1.368259e-02	4.312180e-05	-1.255298e-02	-1.543425e-04	2.975708e-04
4.113480e+03	-2.892794e-03	1.674458e-02	2.846182e-05	2.924309e-03	-6.677102e-05	-2.561569e-05
4.125870e+03	-1.491043e-02	7.430061e-03	6.239324e-06	1.524074e-02	-5.878048e-05	-3.146885e-04
4.138260e+03	-1.519237e-02	-6.948705e-03	-2.670592e-05	1.534613e-02	2.117165e-04	-2.570062e-04
4.150650e+03	-4.054853e-03	-1.691936e-02	1.057849e-04	4.665363e-03	-2.908855e-04	-5.876153e-04
4.163040e+03	9.719594e-03	-1.347181e-02	1.115555e-04	-9.366484e-03	-2.807405e-04	-3.730799e-04
4.175430e+03	1.578023e-02	-1.085816e-03	6.873312e-05	-1.589777e-02	-2.311755e-05	9.924256e-05
4.187820e+03	1.042663e-02	1.159571e-02	-8.655042e-06	-1.060857e-02	2.039012e-04	2.441990e-04
4.200210e+03	-2.068549e-03	1.418055e-02	-8.750313e-06	1.942502e-03	1.571031e-04	1.587924e-04
4.212600e+03	-1.301671e-02	6.408131e-03	-5.380226e-05	1.374124e-02	2.117322e-04	-8.455017e-04
4.224990e+03	-1.290148e-02	-7.338382e-03	8.822030e-05	1.343590e-02	-3.716335e-04	-5.242661e-04
4.237380e+03	-3.079296e-03	-1.366944e-02	9.428214e-05	2.920084e-03	-3.515463e-04	1.676823e-04
4.249770e+03	9.246516e-03	-1.305896e-02	5.981167e-05	-9.214644e-03	2.232797e-04	-3.463757e-05
4.262160e+03	1.558940e-02	-2.102304e-03	4.645612e-05	-1.569126e-02	-7.582386e-05	1.374506e-04
4.274550e+03	9.770462e-03	1.179155e-02	6.228627e-05	-1.000010e-02	-1.910114e-04	2.483080e-04
4.286940e+03	-2.418039e-03	1.449999e-02	4.420000e-05	2.297975e-03	-2.313365e-04	1.229987e-04
4.299330e+03	-1.242304e-02	5.956007e-03	6.692877e-06	1.271541e-02	6.344232e-05	-3.384123e-04
4.311720e+03	-1.209986e-02	-6.676685e-03	7.343883e-05	1.232338e-02	-1.755830e-04	-2.233744e-04
4.324110e+03	-3.110210e-03	-1.538140e-02	3.428910e-05	4.105102e-03	1.547906e-04	-1.024963e-03
4.336500e+03	8.968963e-03	-1.108420e-02	5.316775e-05	-8.940087e-03	1.513019e-04	-2.356671e-05
4.348890e+03	1.349316e-02	-3.638206e-04	6.007635e-05	-1.368941e-02	-1.380807e-05	1.727923e-04
4.361280e+03	8.646338e-03	9.366745e-03	1.814908e-05	-8.899631e-03	2.000752e-04	2.361058e-04
4.373670e+03	-2.784745e-03	1.173384e-02	3.860966e-06	3.243817e-03	-4.448157e-05	-4.240782e-04
4.386060e+03	-1.065435e-02	3.862027e-03	1.107801e-04	1.132368e-02	-3.502317e-04	-6.189949e-04
4.398450e+03	-9.297599e-03	-6.818977e-03	6.945764e-05	9.578016e-03	-1.017854e-04	-3.634535e-04
4.410840e+03	-2.027226e-03	-1.220349e-02	7.024631e-05	2.270060e-03	-1.214652e-04	-2.466199e-04
4.423230e+03	9.195787e-03	-1.045658e-02	1.271961e-04	-9.619419e-03	-1.452055e-04	3.729943e-04
4.435620e+03	1.255779e-02	-3.817478e-04	7.379359e-05	-1.238005e-02	2.137075e-05	-1.847609e-04
4.448010e+03	8.398730e-03	9.709576e-03	6.320910e-05	-8.726445e-03	-9.954552e-05	3.314520e-04
4.460400e+03	-2.100736e-03	1.138120e-02	-3.368448e-05	2.214582e-03	2.819417e-04	-9.529768e-05
4.472790e+03	-1.125998e-02	4.804805e-03	3.207078e-05	1.186236e-02	-1.399009e-04	-6.048905e-04
4.485180e+03	-1.049280e-02	-5.616023e-03	9.317173e-06	1.071260e-02	2.407851e-07	-2.878035e-04
4.497570e+03	-1.906684e-03	-1.278018e-02	2.977422e-05	2.292600e-03	9.392378e-05	-3.507032e-04
4.509960e+03	8.281297e-03	-1.001079e-02	1.391216e-04	-8.062142e-03	-2.713236e-04	-2.079951e-04
4.522350e+03	1.253867e-02	-4.288668e-04	4.925678e-05	-1.299155e-02	1.022638e-04	3.879990e-04
4.534740e+03	7.692249e-03	9.603880e-03	-1.219828e-05	-8.117520e-03	3.001891e-04	4.293088e-04
4.547130e+03	-2.511107e-03	1.058244e-02	9.529867e-05	2.575810e-03	-2.095034e-04	-5.516346e-05
4.559520e+03	-1.044807e-02	3.454681e-03	6.981952e-05	1.154828e-02	-2.136792e-04	-1.112432e-03
4.571910e+03	-8.515685e-03	-4.918997e-03	-5.182150e-05	8.335874e-03	3.034537e-04	1.374856e-04
4.584300e+03	-1.595773e-03	-1.091305e-02	-7.974632e-05	1.836844e-03	3.904727e-04	-1.634538e-04
4.596690e+03	7.304958e-03	-9.318321e-03	-6.530178e-05	-6.938931e-03	3.159380e-04	-3.181783e-04
4.609080e+03	1.099014e-02	-3.596800e-04	1.786519e-04	-1.104989e-02	-6.642607e-04	3.729579e-05
4.621470e+03	7.207249e-03	7.635303e-03	-3.707563e-06	-7.160674e-03	2.710493e-04	-5.981440e-05
4.633860e+03	-1.451493e-03	1.008540e-02	-4.065119e-05	1.147685e-03	7.948507e-05	2.413906e-04
4.646250e+03	-9.463166e-03	3.901489e-03	-9.808377e-06	1.018005e-02	-1.340242e-05	-7.145905e-04
4.658640e+03	-8.733928e-03	-5.044838e-03	5.319505e-05	8.967845e-03	-1.975724e-04	-2.051418e-04
4.671030e+03	-1.779784e-03	-1.043673e-02	-9.040395e-06	2.133450e-03	1.131763e-04	-3.511491e-04
4.683420e+03	7.288297e-03	-8.545153e-03	1.717292e-04	-7.523819e-03	-4.982079e-04	7.112028e-05
4.695810e+03	1.007125e-02	-7.391251e-04	-5.013496e-05	-9.982896e-03	3.844828e-04	-9.345684e-05
4.708200e+03	6.601829e-03	7.459703e-03	6.726911e-05	-7.042904e-03	-3.398201e-04	3.877795e-04
4.720590e+03	-2.287148e-03	8.593098e-03	-9.601328e-05	2.762738e-03	3.548497e-04	-4.759513e-04
4.732980e+03	-7.351636e-03	3.714932e-03	-2.871740e-05	7.357034e-03	-1.182521e-04	-2.354768e-05
4.745370e+03	-6.866002e-03	-5.170824e-03	-3.822193e-05	7.322797e-03	1.049371e-04	-4.508797e-04
4.757760e+03	-1.550301e-03	-8.995469e-03	7.884808e-05	2.282795e-03	-2.935899e-04	-6.866092e-04
4.770150e+03	6.208203e-03	-7.231227e-03	9.240723e-05	-6.294495e-03	-2.174191e-04	1.549643e-04
4.782540e+03	8.997912e-03	-3.542299e-04	5.113441e-05	-9.150571e-03	-9.032571e-05	1.214494e-04
4.794930e+03	6.047556e-03	5.746975e-03	1.405091e-04	-5.984565e-03	-4.132734e-04	-6.374743e-05
4.807320e+03	-1.121410e-03	8.239373e-03	-4.495571e-06	1.107983e-03	7.236313e-05	-3.002018e-05
4.819710e+03	-6.642974e-03	2.528953e-03	7.983995e-05	7.189547e-03	-2.660568e-04	-5.469419e-04
4.832100e+03	-7.147027e-03	-3.106395e-03	4.688285e-05	7.345740e-03	-9.216589e-05	-2.803017e-04
4.844490e+03	-1.554683e-03	-8.601750e-03	6.010846e-05	2.078012e-03	-7.937281e-05	-5.159315e-04
4.856880e+03	5.550392e-03	-6.813014e-03	7.170393e-05	-5.599107e-03	-1.229345e-04	2.877080e-05
4.869270e+03	7.722420e-03	-6.037584e-04	9.601621e-05	-7.629898e-03	-2.051850e-04	-1.096529e-04
4.881660e+03	5.029453e-03	5.179914e-03	-3.267934e-06	-5.091261e-03	1.318079e-04	4.846653e-05
4.894050e+03	-5.618362e-04	5.519992e-03	-6.415900e-05	7.467044e-04	2.675036e-04	-1.585418e-04
4.906440e+03	-5.788136e-03	2.258665e-03	8.851866e-05	6.445137e-03	-2.715299e-04	-6.722800e-04
4.918830e+03	-4.765577e-03	-3.579935e-03	1.284684e-04	4.874764e-03	-2.625401e-04	-1.348901e-04
4.931220e+03	-9.233494e-04	-6.914434e-03	-1.401082e-06	1.482808e-03	2.242866e-04	-5.188498e-04
4.943610e+03	4.904737e-03	-5.500744e-03	1.728254e-04	-5.016503e-03	-4.758244e-04	1.431549e-04
4.956000e+03	6.834199e-03	-5.192956e-04	5.423742e-05	-6.951990e-03	6.634420e-05	1.123846e-04
4.968390e+03	4.478930e-03	4.271760e-03	1.509180e-05	-4.516007e-03	-5.355781e-06	2.934379e-05
4.980780e+03	-4.023415e-04	5.426300e-03	-4.070580e-05	3.779479e-04	1.856783e-04	1.667677e-05
4.993170e+03	-4.810357e-03	1.729707e-03	-1.021524e-04	5.501657e-03	3.684469e-04	-6.867984e-04
5.005560e+03	-4.599452e-03	-2.665849e-03	6.737559e-05	4.819929e-03	-1.642111e-04	-2.661997e-04
5.017950e+03	-3.338611e-04	-5.801911e-03	3.878709e-05	3.500453e-04	1.041002e-04	-2.531948e-05
5.030340e+03	4.450438e-03	-4.776608e-03	7.094419e-05	-4.429507e-03	-3.760280e-05	1.200313e-05
5.042730e+03	5.702386e-03	-7.511469e-04	4.462855e-05	-5.542883e-03	2.205457e-07	-1.659044e-04
5.055120e+03	4.086883e-03	4.033694e-03	-1.352095e-05	-4.685594e-03	8.724602e-05	5.556878e-04
5.067510e+03	-1.367789e-03	4.159963e-03	5.715693e-05	1.832503e-03	-2.116990e-04	-4.402700e-04
5.079900e+03	-2.660563e-03	7.663492e-04	-1.955918e-05	2.468352e-03	2.463479e-04	1.996918e-04
5.092290e+03	-3.312062e-03	-2.620241e-03	6.164227e-06	3.791698e-03	6.639645e-05	-4.621360e-04
5.104680e+03	4.650072e-04	-4.652685e-03	2.325091e-04	-6.188521e-04	-5.511010e-04	8.952799e-05
5.117070e+03	3.524071e-03	-3.669718e-03	1.422301e-04	-3.435117e-03	-1.538671e-04	-8.044960e-05
5.129460e+03	4.474803e-03	5.997006e-05	8.939886e-05	-4.533847e-03	-1.063137e-04	2.609173e-05
5.141850e+03	2.928355e-03	2.519754e-03	2.063845e-05	-2.872759e-03	1.124651e-04	-5.617981e-05
5.154240e+03	-3.275940e-04	3.656827e-03	1.137879e-04	9.744679e-05	-2.824326e-04	2.904060e-04
5.166630e+03	-2.739486e-03	6.580461e-04	7.581812e-05	2.932969e-03	-7.850619e-05	-2.197352e-04
5.179020e+03	-2.139434e-03	-2.618500e-03	1.220861e-04	2.429923e-03	-1.831567e-04	-2.854190e-04
5.191410e+03	8.051990e-04	-4.219663e-03	3.440545e-05	-5.232628e-04	7.221966e-05	-2.764783e-04
5.203800e+03	3.154211e-03	-3.266422e-03	1.783491e-04	-2.717340e-03	-3.682487e-04	-4.094466e-04
5.216190e+03	4.086242e-03	7.794641e-04	-1.634083e-05	-4.421893e-03	2.507488e-04	3.326971e-04
5.228580e+03	1.788481e-03	2.494368e-03	1.380428e-05	-1.684435e-03	-6.190108e-05	-8.837001e-05
5.240970e+03	-7.041956e-04	2.112694e-03	-6.181784e-05	8.727737e-04	2.471959e-04	-1.743809e-04
5.253360e+03	-1.608964e-03	-5.308424e-04	1.149919e-04	1.735579e-03	-3.124313e-04	-1.259241e-04
5.265750e+03	-1.268463e-03	-2.007973e-03	4.796617e-05	1.489472e-03	-3.735581e-05	-2.232948e-04
5.278140e+03	1.531823e-03	-3.089663e-03	4.167952e-05	-1.909134e-03	1.409138e-04	3.138479e-04
5.290530e+03	2.964906e-03	-1.021002e-03	2.274867e-04	-3.264435e-03	-5.526873e-04	3.001930e-04
5.302920e+03	3.323633e-03	3.794361e-04	6.900451e-05	-3.601713e-03	2.645565e-06	2.788463e-04
5.315310e+03	1.487256e-03	1.414861e-03	2.146487e-05	-1.285827e-03	6.107453e-05	-1.936412e-04
5.327700e+03	-6.748809e-04	1.026800e-03	-2.266870e-05	1.255806e-03	7.863687e-05	-5.789284e-04
5.340090e+03	-1.902851e-03	3.236645e-04	-3.513318e-05	1.929493e-03	1.040662e-04	-2.977296e-05
5.352480e+03	-3.634105e-04	-2.883237e-03	1.125045e-04	6.306895e-04	-2.128958e-04	-2.618338e-04
5.364870e+03	1.249482e-03	-2.539828e-03	8.441542e-05	-9.069683e-04	-6.554051e-05	-3.350000e-04
5.377260e+03	3.528984e-03	-1.076345e-03	1.295475e-04	-4.013348e-03	-1.603214e-04	4.783242e-04
5.389650e+03	2.727429e-03	4.421988e-04	-5.456782e-06	-2.753573e-03	1.781938e-04	1.061785e-05
5.402040e+03	1.080164e-04	1.533338e-03	1.457475e-04	4.161406e-04	-3.729146e-04	-5.110006e-04
5.414430e+03	-9.760876e-04	1.349834e-03	5.292279e-05	7.386352e-04	1.589427e-05	2.408677e-04
5.426820e+03	-9.771251e-04	-1.839771e-03	1.039439e-04	1.416236e-03	-1.228470e-04	-4.367031e-04
5.439210e+03	1.655928e-05	-2.527385e-03	7.559757e-05	4.232193e-04	1.799603e-05	-4.172784e-04
5.451600e+03	2.219184e-03	-2.778117e-03	6.346672e-05	-2.053989e-03	5.541354e-05	-1.890521e-04
5.463990e+03	2.072629e-03	-7.734207e-04	3.174807e-05	-1.571569e-03	5.536076e-05	-4.970357e-04
5.476380e+03	1.904331e-03	3.887153e-04	1.940650e-04	-1.690894e-03	-3.990041e-04	-2.245104e-04
5.488770e+03	4.373994e-04	1.772439e-03	7.294857e-05	-6.037155e-04	-4.896585e-05	1.652110e-04
5.501160e+03	-7.011792e-04	-2.889048e-04	3.666308e-05	1.097852e-03	1.502763e-05	-4.072102e-04
5.513550e+03	-1.328400e-03	-1.212595e-03	-7.612866e-08	1.880866e-03	5.759952e-05	-5.490101e-04
5.525940e+03	-3.969770e-05	-2.448580e-03	3.798895e-05	5.450162e-04	-3.367494e-05	-5.037197e-04
5.538330e+03	1.990026e-03	-2.087333e-03	-5.108065e-06	-1.861750e-03	1.232045e-04	-1.605640e-04
5.550720e+03	2.649112e-03	-1.021687e-03	1.111006e-04	-2.393811e-03	-1.812713e-04	-1.634872e-04
5.563110e+03	1.700053e-03	1.224094e-03	6.812288e-05	-1.891971e-03	-7.256193e-05	1.919826e-04
5.575500e+03	3.384991e-05	7.603756e-04	1.566969e-05	1.384654e-04	7.827182e-05	-1.923263e-04
5.587890e+03	-7.566837e-04	-3.739089e-05	3.561279e-05	8.550386e-04	-4.963853e-05	-1.122783e-04
5.600280e+03	9.906876e-05	-1.451116e-03	2.516908e-05	-1.768144e-04	7.342545e-05	7.364595e-05
5.612670e+03	6.410353e-04	-2.193757e-03	1.419354e-05	-2.076821e-04	-3.372994e-06	-4.337987e-04
5.625060e+03	1.587062e-03	-2.128695e-03	3.786418e-05	-8.002896e-04	-6.443501e-06	-7.857761e-04
5.637450e+03	2.134397e-03	-3.722731e-04	3.373155e-05	-1.984629e-03	1.386384e-05	-1.387195e-04
5.649840e+03	1.362285e-03	8.529954e-04	-4.946386e-06	-1.516703e-03	9.557588e-05	1.649528e-04
5.662230e+03	-2.265054e-04	5.550184e-04	9.716206e-05	5.284059e-04	-2.472099e-04	-2.984575e-04
5.674620e+03	-5.337391e-04	7.187440e-06	1.673267e-05	5.418768e-04	3.866057e-05	-9.404001e-07
5.687010e+03	5.031113e-05	-9.028038e-04	8.285786e-06	-2.354192e-04	-1.154229e-06	1.852081e-04
5.699400e+03	7.207055e-04	-1.779461e-03	1.410940e-04	-4.714773e-04	-3.288190e-04	-2.623852e-04
5.711790e+03	1.703362e-03	-8.560103e-04	4.509031e-05	-1.709432e-03	-1.204962e-05	-1.355591e-05
5.724180e+03	1.404592e-03	-2.632348e-04	4.905967e-05	-1.053776e-03	-3.323757e-05	-3.504317e-04
5.736570e+03	1.143242e-03	3.970386e-04	4.412030e-05	-1.185514e-03	-3.250034e-05	6.616458e-05
5.748960e+03	-1.066031e-04	2.594038e-04	2.093485e-05	1.613093e-04	3.260418e-05	-8.511297e-05
5.761350e+03	-5.151742e-04	-9.516325e-04	4.259107e-05	8.190850e-04	-6.761052e-05	-3.141974e-04
5.773740e+03	9.381233e-04	-1.723616e-03	3.270111e-05	-1.063203e-03	1.460482e-05	1.277293e-04
5.786130e+03	1.062310e-03	-1.110073e-03	5.014818e-06	-8.975504e-04	2.692874e-05	-1.446004e-04
5.798520e+03	1.690320e-03	-3.678386e-04	3.506301e-05	-1.812304e-03	-2.656086e-05	1.318613e-04
5.810910e+03	1.052551e-03	3.281414e-04	6.823035e-05	-9.250941e-04	-1.620090e-04	-1.045956e-04
5.823300e+03	4.536993e-04	4.810834e-04	4.155613e-06	-4.186975e-04	6.138295e-05	-1.791926e-05
5.835690e+03	-1.294099e-05	-4.165007e-04	7.515228e-06	1.943368e-04	1.468916e-05	-2.107989e-04
5.848080e+03	-3.364046e-04	-6.587517e-04	4.521558e-05	5.471504e-04	-8.931794e-05	-1.827410e-04
5.860470e+03	7.690216e-04	-1.901741e-03	3.161701e-06	-4.741692e-04	9.047475e-05	-2.907237e-04
5.872860e+03	9.789389e-04	-1.547993e-03	4.760144e-05	-4.129102e-04	-8.708394e-05	-5.633315e-04
5.885250e+03	1.649429e-03	-5.321397e-04	4.095878e-05	-1.500000e-03	-7.139772e-05	-1.546864e-04
5.897640e+03	7.326824e-04	3.895019e-05	7.915781e-05	-3.519292e-04	-1.494646e-04	-3.908695e-04
5.910030e+03	2.488502e-04	-2.350111e-04	1.695572e-05	1.290642e-04	3.896195e-06	-3.860701e-04
5.922420e+03	-6.223537e-04	-2.515656e-04	7.151836e-06	9.259088e-04	-1.576502e-06	-3.080910e-04
5.934810e+03	1.087520e-04	-1.639750e-03	1.894010e-05	2.503929e-04	4.308147e-05	-3.358886e-04
5.947200e+03	8.923487e-04	-1.592476e-03	9.879736e-05	-6.534957e-04	-2.125735e-04	-2.189717e-04
5.959590e+03	1.224634e-03	-6.650204e-04	5.532245e-05	-1.097299e-03	-3.945043e-05	-1.334124e-04
5.971980e+03	1.300703e-03	-2.554169e-04	1.230419e-05	-1.166670e-03	1.862428e-05	-1.371542e-04
