1.338120e+03	7.088900e-02	8.703658e-02	2.607396e-06	-7.108769e-02	-9.575934e-05	8.964644e-05
1.350510e+03	4.503709e-02	1.017705e-01	-3.582361e-05	-4.512517e-02	3.927459e-05	3.365763e-05
1.362900e+03	1.576326e-02	1.107834e-01	-2.791086e-05	-1.594570e-02	1.018772e-05	1.557921e-04
1.375290e+03	-1.455860e-02	1.106881e-01	-2.104088e-05	1.423597e-02	-2.635689e-05	3.260739e-04
1.387680e+03	-4.419045e-02	1.027046e-01	-1.710085e-05	4.372138e-02	-3.118779e-05	4.300158e-04
1.400070e+03	-7.068457e-02	8.721225e-02	7.099985e-06	7.018451e-02	-3.779330e-05	4.909999e-04
1.412460e+03	-9.191488e-02	6.448055e-02	1.775588e-05	9.151295e-02	-5.243820e-05	4.895931e-04
1.424850e+03	-1.066147e-01	3.695830e-02	1.360317e-05	1.056721e-01	-3.772225e-05	4.877436e-04
1.437240e+03	-1.120000e-01	6.567956e-03	3.755241e-05	1.110000e-01	-3.556835e-05	3.836433e-04
1.449630e+03	-1.097943e-01	-2.484332e-02	4.577154e-05	1.093102e-01	-6.734990e-06	4.109722e-04
1.462020e+03	-9.908300e-02	-5.424011e-02	4.589980e-05	9.849578e-02	1.676804e-05	5.468812e-04
1.474410e+03	-8.024189e-02	-7.970468e-02	2.633559e-05	7.974754e-02	1.721307e-05	5.567761e-04
1.486800e+03	-5.482290e-02	-9.862687e-02	-9.355877e-06	5.439695e-02	2.798446e-05	3.967491e-04
1.499190e+03	-2.533734e-02	-1.098893e-01	2.340209e-05	2.505080e-02	5.091318e-05	2.697941e-04
1.511580e+03	6.180715e-03	-1.126399e-01	1.290488e-05	-6.444956e-03	4.212765e-05	2.408376e-04
1.523970e+03	3.742666e-02	-1.072692e-01	-2.147431e-06	-3.782654e-02	3.957471e-05	3.290037e-04
1.536360e+03	6.623537e-02	-9.256525e-02	-1.892190e-05	-6.660107e-02	-1.732541e-05	3.972391e-04
1.548750e+03	9.020997e-02	-7.005093e-02	-7.849406e-06	-9.066807e-02	-5.459604e-06	4.056863e-04
1.561140e+03	1.073007e-01	-4.139281e-02	-6.193766e-06	-1.072691e-01	-2.047654e-05	3.904005e-04
1.573530e+03	1.144860e-01	-8.973390e-03	8.166561e-06	-1.151764e-01	1.153084e-05	3.629249e-04
1.585920e+03	1.131720e-01	2.481607e-02	-1.840883e-05	-1.132368e-01	5.226349e-05	3.073572e-04
1.598310e+03	1.013144e-01	5.684539e-02	-1.958900e-05	-1.013656e-01	1.751136e-05	2.754998e-04
1.610700e+03	8.072884e-02	8.442610e-02	-2.939442e-05	-8.101771e-02	1.532012e-05	2.941522e-04
1.623090e+03	5.251991e-02	1.045857e-01	-6.060222e-05	-5.271475e-02	2.839275e-05	2.135408e-04
1.635480e+03	1.930021e-02	1.165081e-01	-9.120848e-05	-1.946492e-02	2.114651e-05	1.729801e-04
1.647870e+03	-1.642866e-02	1.171239e-01	-5.381834e-05	1.632427e-02	-3.294905e-05	6.563521e-05
1.660260e+03	-5.100535e-02	1.078589e-01	-5.341828e-05	5.101633e-02	-6.016006e-05	3.108441e-05
1.672650e+03	-8.178143e-02	8.760068e-02	-7.861054e-06	8.169434e-02	-7.318431e-05	7.278237e-05
1.685040e+03	-1.056832e-01	5.894962e-02	3.292531e-05	1.056864e-01	-7.899481e-05	1.421977e-04
1.697430e+03	-1.201001e-01	2.354521e-02	4.432635e-05	1.201001e-01	-6.210267e-05	2.320685e-04
1.709820e+03	-1.220000e-01	-1.537135e-02	1.231940e-04	1.211598e-01	-4.257829e-05	2.818436e-04
1.722210e+03	-1.115878e-01	-5.337555e-02	5.408401e-05	1.107999e-01	-2.786564e-05	2.199699e-04
1.734600e+03	-8.859222e-02	-8.642606e-02	1.176495e-04	8.855685e-02	2.725999e-05	4.651545e-05
1.746990e+03	-5.664885e-02	-1.103240e-01	3.389038e-05	5.665979e-02	1.957606e-05	-4.747003e-05
1.759380e+03	-1.806142e-02	-1.239690e-01	2.047145e-05	1.812446e-02	2.144631e-05	-6.432164e-05
1.771770e+03	2.351179e-02	-1.243295e-01	-2.449909e-05	-2.351158e-02	-1.125227e-06	1.977097e-05
1.784160e+03	6.376105e-02	-1.099744e-01	3.155994e-05	-6.376105e-02	5.034979e-05	5.082818e-05
1.796550e+03	9.798192e-02	-8.308612e-02	-4.997787e-06	-9.798192e-02	-1.938257e-05	4.845268e-05
1.808940e+03	1.211922e-01	-4.563131e-02	2.669576e-05	-1.211922e-01	8.955116e-05	5.245634e-05
1.821330e+03	1.297322e-01	-1.464938e-03	1.226828e-05	-1.297322e-01	1.074577e-04	7.211003e-05
1.833720e+03	1.238594e-01	4.408505e-02	-1.280964e-05	-1.238453e-01	1.011862e-04	1.157860e-04
1.846110e+03	1.007174e-01	8.519865e-02	-6.424351e-05	-1.016235e-01	1.030857e-04	1.896847e-04
1.858500e+03	6.480811e-02	1.165324e-01	-1.102871e-04	-6.505386e-02	8.734737e-05	2.914469e-04
1.870890e+03	1.907153e-02	1.323854e-01	-9.431289e-05	-1.937963e-02	-2.181684e-05	2.530334e-04
1.883280e+03	-3.053957e-02	1.315736e-01	-1.285611e-04	3.019318e-02	-6.319141e-05	3.260361e-04
1.895670e+03	-7.767982e-02	1.125442e-01	-9.661426e-05	7.730815e-02	-1.147511e-04	3.962423e-04
1.908060e+03	-1.154096e-01	7.643085e-02	-1.477451e-05	1.147693e-01	-1.740806e-04	5.416118e-04
1.920450e+03	-1.377428e-01	2.719272e-02	-7.867314e-06	1.366296e-01	-1.727032e-04	6.824546e-04
1.932840e+03	-1.387378e-01	-2.796083e-02	1.669376e-04	1.387109e-01	-1.507921e-04	8.133833e-04
1.945230e+03	-1.179657e-01	-8.133361e-02	1.081469e-04	1.163616e-01	-8.399447e-05	9.991573e-04
1.957620e+03	-7.596171e-02	-1.224114e-01	9.657697e-05	7.462382e-02	-3.886843e-05	1.261681e-03
1.970010e+03	-1.938982e-02	-1.434152e-01	1.398656e-04	1.799245e-02	5.076314e-05	1.367484e-03
1.982400e+03	4.287214e-02	-1.398093e-01	8.182699e-05	-4.450627e-02	6.867683e-05	1.626184e-03
1.994790e+03	9.957180e-02	-1.094482e-01	6.151760e-05	-1.013002e-01	7.272657e-05	1.717122e-03
2.007180e+03	1.392074e-01	-5.382484e-02	7.176758e-05	-1.412175e-01	1.511946e-04	1.841824e-03
2.019570e+03	1.489779e-01	1.641360e-02	5.431682e-05	-1.509779e-01	1.432873e-04	1.817157e-03
2.031960e+03	1.243032e-01	8.531705e-02	-6.734843e-05	-1.263256e-01	3.288799e-04	1.524836e-03
2.044350e+03	6.690042e-02	1.360034e-01	-2.319828e-04	-6.823321e-02	2.658265e-04	1.214827e-03
2.056740e+03	-1.087295e-02	1.493717e-01	-3.105919e-04	1.020861e-02	3.142390e-05	6.601449e-04
2.069130e+03	-8.755836e-02	1.192111e-01	-2.992441e-04	8.761748e-02	-1.817387e-04	-1.015998e-05
2.081520e+03	-1.344567e-01	4.979114e-02	-9.129823e-05	1.350470e-01	-3.947600e-04	-8.929289e-04
2.093910e+03	-1.334164e-01	-3.383154e-02	1.493231e-04	1.345329e-01	-3.870467e-04	-1.705042e-03
2.106300e+03	-8.187204e-02	-9.910230e-02	2.967165e-04	8.411476e-02	-2.604920e-04	-2.263460e-03
2.118690e+03	-3.887345e-03	-1.189888e-01	3.728437e-04	6.995081e-03	-4.758740e-05	-3.107100e-03
2.131080e+03	6.385430e-02	-8.684421e-02	2.999989e-04	-6.025357e-02	1.892381e-04	-3.600325e-03
2.143470e+03	9.159928e-02	-2.367379e-02	1.108907e-04	-8.759928e-02	2.913877e-04	-4.000379e-03
2.155860e+03	7.212729e-02	3.355205e-02	-1.172040e-04	-6.812729e-02	3.909998e-04	-4.059997e-03
2.168250e+03	2.626693e-02	5.685596e-02	-2.887985e-04	-2.265303e-02	2.409002e-04	-3.594445e-03
2.180640e+03	-1.356133e-02	4.376620e-02	-3.432630e-04	1.672626e-02	-4.472727e-05	-3.239160e-03
2.193030e+03	-2.558050e-02	1.386914e-02	-2.053275e-04	2.825181e-02	-2.912346e-04	-2.617264e-03
2.205420e+03	-1.455070e-02	-5.671109e-03	3.992685e-05	1.641172e-02	-2.836765e-04	-1.840988e-03
2.217810e+03	1.075148e-03	-4.205118e-03	1.988734e-04	7.255766e-05	-2.260390e-04	-1.220291e-03
2.230200e+03	1.980948e-03	9.882689e-03	2.480923e-04	-1.640934e-03	3.143901e-05	-3.604248e-04
2.242590e+03	-1.417432e-02	1.609916e-02	1.506978e-04	1.387992e-02	1.799011e-04	2.859354e-04
2.254980e+03	-3.258130e-02	2.055539e-03	1.966687e-05	3.172903e-02	2.349083e-04	9.014781e-04
2.267370e+03	-3.275978e-02	-2.648248e-02	-9.219622e-05	3.167283e-02	9.108833e-05	1.110233e-03
2.279760e+03	-8.007728e-03	-4.972528e-02	-1.460744e-04	7.008403e-03	-1.353038e-05	9.439287e-04
2.292150e+03	3.295765e-02	-4.831316e-02	-3.657465e-05	-3.381323e-02	-1.425814e-04	7.921677e-04
2.304540e+03	6.545903e-02	-1.489237e-02	1.072731e-04	-6.571881e-02	-7.908087e-05	3.188776e-04
2.316930e+03	6.517282e-02	3.704572e-02	7.953025e-05	-6.480903e-02	8.662445e-05	-3.581714e-04
2.329320e+03	2.453666e-02	7.795862e-02	7.084507e-06	-2.353226e-02	1.443282e-04	-1.023077e-03
2.341710e+03	-3.553132e-02	7.882137e-02	-1.474054e-04	3.705385e-02	7.011119e-05	-1.597347e-03
2.354100e+03	-8.254748e-02	3.595175e-02	-9.266139e-05	8.464623e-02	-3.023135e-05	-2.049962e-03
2.366490e+03	-8.792028e-02	-3.063058e-02	-8.263959e-05	8.987655e-02	-1.929968e-04	-1.975639e-03
2.378880e+03	-4.768696e-02	-8.410221e-02	1.006152e-04	4.934192e-02	-1.583464e-04	-1.682157e-03
2.391270e+03	2.015536e-02	-9.547423e-02	1.455683e-04	-1.925350e-02	-1.617815e-04	-8.798397e-04
2.403660e+03	7.901881e-02	-6.149964e-02	2.266237e-04	-7.912797e-02	3.956154e-05	9.833755e-05
2.416050e+03	9.776019e-02	5.809068e-03	1.205565e-04	-9.899013e-02	1.598917e-04	1.122317e-03
2.428440e+03	7.190869e-02	6.905113e-02	-1.933213e-05	-7.393473e-02	2.175900e-04	1.982638e-03
2.440830e+03	9.391122e-03	9.818399e-02	-1.924636e-04	-1.193819e-02	2.338209e-04	2.532280e-03
2.453220e+03	-5.584709e-02	8.186409e-02	-2.649148e-04	5.340029e-02	-1.407181e-06	2.525691e-03
2.465610e+03	-9.360777e-02	2.569809e-02	-2.439434e-04	9.176251e-02	-1.139895e-04	1.926202e-03
2.478000e+03	-8.517840e-02	-3.950840e-02	-1.125826e-05	8.391836e-02	-2.056412e-04	1.189718e-03
2.490390e+03	-3.505408e-02	-8.277425e-02	1.064345e-04	3.482316e-02	-2.386485e-04	2.791811e-04
2.502780e+03	2.747794e-02	-8.061074e-02	2.058379e-04	-2.728008e-02	-1.558268e-04	-2.254139e-04
2.515170e+03	7.014979e-02	-3.632257e-02	2.612978e-04	-6.966613e-02	1.039503e-05	-5.118962e-04
2.527560e+03	6.874274e-02	2.191406e-02	1.744524e-04	-6.808813e-02	2.096962e-04	-6.201236e-04
2.539950e+03	2.856502e-02	5.729929e-02	2.486215e-05	-2.805113e-02	3.055369e-04	-5.168730e-04
2.552340e+03	-2.144757e-02	5.292850e-02	-1.788037e-04	2.208480e-02	1.783365e-04	-5.942222e-04
2.564730e+03	-4.649818e-02	1.569303e-02	-2.098745e-04	4.742477e-02	1.719843e-05	-9.220201e-04
2.577120e+03	-3.589474e-02	-2.454658e-02	-9.457821e-05	3.721319e-02	-1.367888e-04	-1.328060e-03
2.589510e+03	-3.200860e-04	-3.909806e-02	-1.747884e-05	2.109579e-03	-2.369348e-04	-1.791515e-03
2.601900e+03	2.992484e-02	-2.084463e-02	1.688876e-04	-2.812393e-02	-1.029385e-04	-1.851254e-03
2.614290e+03	3.208538e-02	1.222464e-02	9.177666e-05	-3.036612e-02	-7.490546e-06	-1.672591e-03
2.626680e+03	7.639002e-03	3.244595e-02	8.987291e-05	-6.700147e-03	8.418819e-05	-9.370941e-04
2.639070e+03	-2.265277e-02	2.469049e-02	5.932577e-06	2.299035e-02	1.267566e-04	-3.277091e-04
2.651460e+03	-3.416743e-02	-4.234442e-03	-1.215765e-04	3.391681e-02	1.162349e-06	2.816700e-04
2.663850e+03	-1.910071e-02	-3.159101e-02	-7.402354e-05	1.829502e-02	-3.480551e-07	7.719313e-04
2.676240e+03	1.386778e-02	-3.637206e-02	-2.679965e-05	-1.493605e-02	-4.370204e-05	1.080932e-03
2.688630e+03	3.976023e-02	-1.402834e-02	-3.704680e-05	-4.102489e-02	-9.797185e-06	1.234519e-03
2.701020e+03	3.969254e-02	2.323878e-02	-5.218327e-05	-4.099419e-02	-2.175339e-05	1.259944e-03
2.713410e+03	9.783503e-03	4.942639e-02	-2.925598e-05	-1.080236e-02	-4.128814e-05	1.037072e-03
2.725800e+03	-3.153269e-02	4.398986e-02	-4.922344e-05	3.072316e-02	-8.529401e-05	7.919298e-04
2.738190e+03	-5.579576e-02	7.270810e-03	4.051978e-05	5.539795e-02	-1.001083e-04	3.775209e-04
2.750580e+03	-4.505161e-02	-3.833304e-02	1.538128e-04	4.536214e-02	-6.342863e-05	-2.877248e-04
2.762970e+03	-2.142261e-03	-6.036510e-02	1.593207e-04	2.851163e-03	1.948341e-05	-7.151202e-04
2.775360e+03	4.524087e-02	-4.537190e-02	1.316362e-04	-4.427045e-02	9.927619e-05	-9.979113e-04
2.787750e+03	6.579950e-02	2.501872e-03	1.961813e-06	-6.469950e-02	1.550801e-04	-1.079992e-03
2.800140e+03	4.387923e-02	5.097213e-02	-1.235331e-04	-4.303035e-02	1.516220e-04	-8.734061e-04
2.812530e+03	-6.251768e-03	6.656735e-02	-2.052945e-04	6.969730e-03	4.053162e-05	-6.874578e-04
2.824920e+03	-5.312747e-02	4.367292e-02	-2.437774e-04	5.341328e-02	-1.376592e-04	-2.243900e-04
2.837310e+03	-6.747556e-02	-9.265694e-03	5.294281e-06	6.727964e-02	-2.366648e-04	1.476493e-04
2.849700e+03	-4.077194e-02	-5.517737e-02	1.690613e-04	4.019320e-02	-2.257694e-04	6.000217e-04
2.862090e+03	9.938433e-03	-6.611163e-02	2.837146e-04	-1.071187e-02	-5.238281e-05	7.768859e-04
2.874480e+03	5.291337e-02	-3.746406e-02	2.542498e-04	-5.371116e-02	1.091175e-04	8.725985e-04
2.886870e+03	6.068340e-02	1.157860e-02	1.001679e-04	-6.152823e-02	2.781240e-04	8.417574e-04
2.899260e+03	3.317773e-02	5.089646e-02	-1.332086e-04	-3.384078e-02	3.227895e-04	6.558296e-04
2.911650e+03	-1.310749e-02	5.693832e-02	-2.956192e-04	1.261629e-02	9.195148e-05	4.721009e-04
2.924040e+03	-4.882791e-02	2.754058e-02	-2.674269e-04	4.858909e-02	-1.145956e-04	1.838203e-04
2.936430e+03	-5.051248e-02	-1.639146e-02	-6.839985e-05	5.057233e-02	-2.502798e-04	-7.763036e-05
2.948820e+03	-1.994988e-02	-4.510586e-02	1.394883e-04	2.036671e-02	-2.426638e-04	-4.110434e-04
2.961210e+03	2.058936e-02	-4.235008e-02	2.110058e-04	-2.019259e-02	-1.361319e-04	-4.715487e-04
2.973600e+03	4.288757e-02	-1.096689e-02	2.277747e-04	-4.227587e-02	8.099610e-05	-6.850489e-04
2.985990e+03	3.387641e-02	2.423111e-02	2.902391e-05	-3.341040e-02	2.235037e-04	-5.188026e-04
2.998380e+03	1.831785e-03	3.855113e-02	-4.869802e-05	-1.248150e-03	2.992899e-04	-5.841865e-04
3.010770e+03	-2.838534e-02	2.421601e-02	-2.457192e-04	2.898534e-02	7.900769e-05	-6.046316e-04
3.023160e+03	-3.495468e-02	-8.132643e-03	-2.219291e-04	3.548017e-02	-1.385910e-04	-5.274037e-04
3.035550e+03	-1.510627e-02	-3.321759e-02	-5.965318e-05	1.534521e-02	-2.179661e-04	-2.701066e-04
3.047940e+03	1.646850e-02	-3.254934e-02	1.402141e-04	-1.629871e-02	-1.734046e-04	-1.155583e-04
3.060330e+03	3.531816e-02	-7.210839e-03	1.550203e-04	-3.533599e-02	-8.796043e-05	9.106138e-06
3.072720e+03	2.835641e-02	2.357408e-02	1.408163e-04	-2.853860e-02	1.167871e-04	2.212467e-04
3.085110e+03	-9.121176e-06	3.697023e-02	1.798973e-05	-3.679184e-04	1.820793e-04	3.349850e-04
3.097500e+03	-2.971060e-02	2.535950e-02	-1.382483e-04	2.940794e-02	9.081344e-05	3.136816e-04
3.109890e+03	-3.945070e-02	-5.745724e-03	-1.236099e-04	3.934713e-02	2.859048e-05	1.566820e-04
3.122280e+03	-2.155736e-02	-3.440360e-02	-1.160000e-04	2.144501e-02	-1.595342e-04	8.025198e-05
3.134670e+03	1.173123e-02	-3.905647e-02	8.480294e-05	-1.163586e-02	-8.191782e-05	-8.356251e-05
3.147060e+03	3.823658e-02	-1.778777e-02	1.094691e-04	-3.802286e-02	-8.265140e-05	-1.913289e-04
3.159450e+03	3.941884e-02	1.699293e-02	9.919690e-05	-3.899594e-02	-1.284673e-05	-4.004562e-04
3.171840e+03	1.285367e-02	4.079197e-02	4.455680e-05	-1.245373e-02	9.566662e-05	-4.000009e-04
3.184230e+03	-2.250466e-02	3.678896e-02	-1.421553e-05	2.289493e-02	1.092447e-04	-4.352311e-04
3.196620e+03	-4.265230e-02	7.436894e-03	-9.967257e-05	4.312299e-02	2.476804e-05	-5.178928e-04
3.209010e+03	-3.476874e-02	-2.779438e-02	-5.446010e-05	3.515296e-02	-6.996126e-05	-4.519885e-04
3.221400e+03	-2.413087e-03	-4.509793e-02	5.756132e-05	2.640960e-03	-5.403622e-05	-2.374731e-04
3.233790e+03	3.244128e-02	-3.235723e-02	8.802601e-05	-3.233202e-02	-3.353486e-05	-6.882047e-05
3.246180e+03	4.497331e-02	1.626518e-03	3.875624e-05	-4.502627e-02	3.253914e-06	1.067735e-04
3.258570e+03	3.059393e-02	3.508519e-02	4.900839e-05	-3.091269e-02	1.060505e-04	2.992968e-04
3.270960e+03	-5.293876e-03	4.596595e-02	-7.376416e-05	4.825381e-03	4.672812e-05	4.594713e-04
3.283350e+03	-3.801808e-02	2.809607e-02	-8.122512e-05	3.762053e-02	1.111952e-06	4.156537e-04
3.295740e+03	-4.630934e-02	-8.103826e-03	-8.382699e-05	4.590854e-02	-1.122819e-04	3.436137e-04
3.308130e+03	-2.517487e-02	-3.938284e-02	7.217963e-05	2.486848e-02	-7.561157e-05	3.106541e-04
3.320520e+03	1.151577e-02	-4.427084e-02	1.157953e-04	-1.165055e-02	-2.784293e-05	1.635723e-04
3.332910e+03	4.050568e-02	-2.174093e-02	1.045290e-04	-4.056563e-02	2.732496e-05	4.914826e-05
3.345300e+03	4.300831e-02	1.517107e-02	2.450460e-05	-4.279556e-02	1.026093e-04	-1.609793e-04
3.357690e+03	1.748661e-02	4.198344e-02	-1.032469e-04	-1.720107e-02	9.889589e-05	-2.317941e-04
3.370080e+03	-1.867290e-02	4.051252e-02	-1.085557e-04	1.892589e-02	5.937871e-05	-2.708694e-04
3.382470e+03	-4.125519e-02	1.299505e-02	-1.184982e-04	4.155519e-02	-6.643329e-05	-3.021144e-04
3.394860e+03	-3.694072e-02	-2.229880e-02	-1.062742e-05	3.714359e-02	-1.391489e-04	-2.862383e-04
3.407250e+03	-8.065124e-03	-4.197419e-02	6.673853e-05	8.278553e-03	-1.372367e-04	-2.090995e-04
3.419640e+03	2.541022e-02	-3.395363e-02	1.503108e-04	-2.535108e-02	-3.719983e-05	-1.431819e-04
3.432030e+03	4.104178e-02	-3.969373e-03	1.116671e-04	-4.114178e-02	9.526085e-05	6.567171e-05
3.444420e+03	3.020761e-02	2.801227e-02	4.375345e-06	-3.030528e-02	9.910756e-05	1.297039e-04
3.456810e+03	-3.608647e-04	3.979022e-02	-1.205999e-04	1.135355e-04	1.150816e-04	2.686926e-04
3.469200e+03	-3.023969e-02	2.691264e-02	-1.109469e-04	2.982472e-02	3.465037e-05	3.244885e-04
3.481590e+03	-3.975124e-02	-4.133297e-03	-1.070520e-04	3.945115e-02	-1.263684e-04	2.761707e-04
3.493980e+03	-2.310852e-02	-3.187803e-02	3.529627e-05	2.288522e-02	-1.315411e-04	2.256188e-04
3.506370e+03	7.678423e-03	-3.742156e-02	9.415708e-05	-7.788270e-03	-1.119316e-04	1.029055e-04
3.518760e+03	3.272397e-02	-1.921704e-02	1.802127e-04	-3.264458e-02	5.075146e-05	-6.047673e-05
3.531150e+03	3.553044e-02	1.128772e-02	2.648347e-05	-3.553063e-02	7.226099e-05	-5.779545e-05
3.543540e+03	1.514560e-02	3.402887e-02	-1.638707e-05	-1.499738e-02	1.091765e-04	-1.477381e-04
3.555930e+03	-1.454791e-02	3.347310e-02	-1.119977e-04	1.471151e-02	8.586041e-05	-1.986675e-04
3.568320e+03	-3.338872e-02	1.099060e-02	-1.295861e-04	3.366602e-02	-7.897223e-05	-3.079690e-04
3.580710e+03	-2.995753e-02	-1.794315e-02	-4.863402e-05	3.015605e-02	-1.406765e-04	-2.022606e-04
3.593100e+03	-6.218743e-03	-3.343408e-02	8.301963e-05	6.477801e-03	-1.079735e-04	-2.462373e-04
3.605490e+03	2.075735e-02	-2.705229e-02	1.277369e-04	-2.064434e-02	-7.533908e-05	-9.929494e-05
3.617880e+03	3.316468e-02	-2.078668e-03	9.426453e-05	-3.306807e-02	-6.394227e-06	-9.478161e-05
3.630270e+03	2.311456e-02	2.326947e-02	2.160279e-05	-2.322282e-02	1.150267e-04	7.195433e-05
3.642660e+03	-1.934438e-03	3.160732e-02	-4.727572e-05	1.835326e-03	1.157584e-04	1.005019e-04
3.655050e+03	-2.396207e-02	1.992023e-02	-1.176550e-04	2.374349e-02	3.138946e-05	1.291162e-04
3.667440e+03	-3.073737e-02	-5.791710e-03	-1.086110e-04	3.065545e-02	-6.634624e-05	1.804335e-04
3.679830e+03	-1.603813e-02	-2.700651e-02	1.969302e-05	1.595312e-02	-9.775098e-05	1.062468e-04
3.692220e+03	9.554275e-03	-2.944211e-02	3.935666e-05	-9.567121e-03	-1.310609e-04	1.745935e-05
3.704610e+03	2.768699e-02	-1.176654e-02	1.767807e-04	-2.758658e-02	3.576593e-05	-1.355985e-04
3.717000e+03	2.679942e-02	1.308092e-02	7.979907e-05	-2.669942e-02	5.391554e-05	-8.885035e-05
3.729390e+03	7.857684e-03	2.830662e-02	-9.649459e-06	-7.733562e-03	7.838454e-05	-1.161535e-04
3.741780e+03	-1.602980e-02	2.471469e-02	-8.512813e-05	1.622853e-02	4.114566e-05	-2.211462e-04
3.754170e+03	-2.875221e-02	3.930198e-03	-4.483540e-05	2.905089e-02	-1.417598e-05	-2.488098e-04
3.766560e+03	-2.177915e-02	-1.920967e-02	-4.133807e-05	2.202029e-02	-8.411126e-05	-1.927303e-04
3.778950e+03	1.746607e-04	-2.811560e-02	4.293269e-05	1.958587e-05	-8.963274e-05	-1.953995e-04
3.791340e+03	2.162801e-02	-1.861028e-02	1.127863e-04	-2.143118e-02	-1.724428e-05	-1.278965e-04
3.803730e+03	2.742904e-02	4.043821e-03	6.986275e-05	-2.738680e-02	3.800755e-05	-2.116488e-05
3.816120e+03	1.533895e-02	2.383817e-02	3.561895e-05	-1.531889e-02	8.332776e-05	4.424902e-06
3.828510e+03	-7.869836e-03	2.732973e-02	-3.780934e-05	7.860575e-03	7.155290e-05	7.892368e-06
3.840900e+03	-2.554775e-02	1.173681e-02	-6.129505e-05	2.555620e-02	3.732781e-06	2.475020e-05
3.853290e+03	-2.535624e-02	-1.136422e-02	-1.726284e-05	2.530966e-02	-3.687706e-05	5.274880e-05
3.865680e+03	-8.226337e-03	-2.613825e-02	2.421626e-05	8.228660e-03	-8.829535e-05	2.730478e-05
3.878070e+03	1.415826e-02	-2.357078e-02	1.940283e-05	-1.415898e-02	-6.584922e-05	5.555911e-06
3.890460e+03	2.708337e-02	-4.569454e-03	1.170696e-05	-2.698999e-02	-3.636600e-05	-5.772032e-05
3.902850e+03	2.136964e-02	1.713639e-02	4.541916e-05	-2.127007e-02	6.738083e-05	-8.000873e-05
3.915240e+03	1.312030e-03	2.662304e-02	9.244256e-06	-1.177337e-03	1.251192e-04	-1.350045e-04
3.927630e+03	-1.940037e-02	1.850962e-02	-5.611829e-05	1.950076e-02	1.027769e-05	-9.345357e-05
3.940020e+03	-2.607587e-02	-2.258295e-03	-1.563509e-05	2.626720e-02	-2.637286e-05	-1.739021e-04
3.952410e+03	-1.582636e-02	-2.131212e-02	2.336710e-05	1.600191e-02	-7.547422e-05	-1.618972e-04
3.964800e+03	5.490993e-03	-2.583513e-02	2.087094e-05	-5.357283e-03	-8.327673e-05	-1.326784e-04
3.977190e+03	2.283803e-02	-1.272969e-02	9.665250e-05	-2.273808e-02	3.381280e-05	-2.269414e-05
3.989580e+03	2.413656e-02	8.769577e-03	-2.581681e-05	-2.409746e-02	2.572548e-05	-6.394717e-05
4.001970e+03	9.593638e-03	2.386789e-02	-4.166534e-06	-9.571367e-03	7.452166e-05	-1.032875e-05
4.014360e+03	-1.157795e-02	2.278326e-02	-1.161046e-04	1.149438e-02	-2.427128e-05	8.752454e-05
4.026750e+03	-2.462545e-02	6.189692e-03	-4.455202e-05	2.462562e-02	-3.122617e-05	1.776846e-05
4.039140e+03	-2.071981e-02	-1.420119e-02	-1.589738e-05	2.072372e-02	-1.018587e-04	-1.782459e-05
4.051530e+03	-2.963834e-03	-2.410371e-02	8.475165e-05	2.898609e-03	-5.868321e-05	6.397024e-05
4.063920e+03	1.634479e-02	-1.834724e-02	7.160728e-05	-1.634479e-02	-6.636677e-05	-1.005074e-05
4.076310e+03	2.415864e-02	4.489912e-04	1.184728e-04	-2.415864e-02	1.162023e-04	-5.961627e-05
4.088700e+03	1.558581e-02	1.839959e-02	-2.559922e-05	-1.558711e-02	7.607620e-05	-8.279445e-06
4.101090e+03	-3.408901e-03	2.339544e-02	-4.960942e-05	3.421843e-03	8.019708e-05	-3.517971e-05
4.113480e+03	-1.969583e-02	1.299454e-02	-8.679460e-05	1.979734e-02	2.983698e-06	-1.391711e-04
4.125870e+03	-2.222212e-02	-6.385894e-03	-7.447258e-05	2.232295e-02	-1.028183e-04	-1.221311e-04
4.138260e+03	-9.894034e-03	-2.125343e-02	6.410144e-05	9.906011e-03	-6.286065e-05	-4.167529e-05
4.150650e+03	9.203998e-03	-2.132987e-02	5.056568e-05	-9.123530e-03	-8.897357e-05	-7.588279e-05
4.163040e+03	2.173530e-02	-6.833584e-03	6.359436e-05	-2.164059e-02	1.421956e-06	-1.146473e-04
4.175430e+03	1.939969e-02	1.190138e-02	2.118502e-05	-1.932392e-02	6.051707e-05	-6.157760e-05
4.187820e+03	3.740219e-03	2.197276e-02	-2.358041e-05	-3.760288e-03	6.692955e-05	1.316589e-05
4.200210e+03	-1.410920e-02	1.775246e-02	-6.833567e-05	1.416625e-02	1.641390e-05	-1.055754e-04
4.212600e+03	-2.239981e-02	8.686985e-04	-3.030567e-05	2.229981e-02	-5.170775e-06	4.530619e-05
4.224990e+03	-1.517298e-02	-1.602099e-02	1.354300e-05	1.523275e-02	-7.096210e-05	-3.653000e-05
4.237380e+03	1.964926e-03	-2.154691e-02	-2.194154e-05	-2.014814e-03	-1.243760e-04	4.305030e-05
4.249770e+03	1.764299e-02	-1.292123e-02	1.555753e-04	-1.771898e-02	2.898313e-05	5.435771e-05
4.262160e+03	2.109994e-02	4.887925e-03	3.140015e-05	-2.099939e-02	2.770987e-05	-5.669970e-05
4.274550e+03	1.023831e-02	1.910878e-02	1.211380e-05	-1.020203e-02	7.658115e-05	-2.060088e-05
4.286940e+03	-7.332193e-03	2.024154e-02	-3.474203e-05	7.409657e-03	4.027273e-05	-8.687227e-05
4.299330e+03	-1.973589e-02	8.073153e-03	-1.019376e-04	1.983589e-02	-4.131295e-05	-1.474965e-04
4.311720e+03	-1.902205e-02	-9.498186e-03	2.716365e-05	1.912250e-02	-3.574306e-05	-1.468858e-04
4.324110e+03	-5.383440e-03	-2.056415e-02	2.834706e-05	5.460230e-03	-6.512488e-05	-8.577556e-05
4.336500e+03	1.155645e-02	-1.780130e-02	4.612541e-05	-1.156223e-02	-5.349215e-05	-5.641901e-06
4.348890e+03	2.020000e-02	-3.129637e-03	1.139290e-04	-2.020000e-02	5.707814e-05	-3.511705e-05
4.361280e+03	1.581566e-02	1.334428e-02	2.545119e-05	-1.581566e-02	7.107230e-05	-3.851448e-05
4.373670e+03	6.386608e-04	2.014545e-02	-2.785522e-05	-5.988761e-04	7.329327e-05	-3.992549e-05
4.386060e+03	-1.483970e-02	1.401814e-02	-7.893936e-05	1.489487e-02	-5.108815e-06	-1.392428e-05
4.398450e+03	-1.974466e-02	-2.383940e-03	-5.732968e-05	1.972174e-02	-8.024241e-05	1.784327e-06
4.410840e+03	-1.209527e-02	-1.589664e-02	6.587325e-05	1.209776e-02	-4.275538e-05	-7.576070e-06
4.423230e+03	3.842071e-03	-1.933632e-02	1.671058e-05	-3.849522e-03	-7.515150e-05	3.647852e-06
4.435620e+03	1.681223e-02	-9.879084e-03	1.738532e-05	-1.693304e-02	-4.679993e-05	7.396078e-05
4.448010e+03	1.816768e-02	5.887912e-03	1.961847e-05	-1.811327e-02	3.501976e-05	-9.721981e-06
4.460400e+03	7.623183e-03	1.714715e-02	9.312861e-06	-7.595326e-03	7.515604e-05	-4.061967e-05
4.472790e+03	-7.484928e-03	1.700072e-02	-6.602032e-05	7.575736e-03	5.708031e-06	-8.317865e-05
4.485180e+03	-1.772945e-02	5.570979e-03	-2.886298e-05	1.782954e-02	5.093489e-06	-1.039548e-04
4.497570e+03	-1.562946e-02	-9.101583e-03	-2.185472e-05	1.573028e-02	-6.420355e-05	-1.191230e-04
4.509960e+03	-3.698302e-03	-1.710911e-02	6.931523e-05	3.763134e-03	-2.363951e-05	-5.859194e-05
4.522350e+03	1.038831e-02	-1.403522e-02	1.007326e-05	-1.029011e-02	-7.033888e-05	-7.104244e-05
4.534740e+03	1.686422e-02	-1.574578e-03	9.265923e-05	-1.687527e-02	4.557456e-05	-1.473866e-05
4.547130e+03	1.240456e-02	1.161455e-02	-2.274146e-05	-1.236238e-02	3.128586e-05	-7.140420e-05
4.559520e+03	-3.226578e-04	1.640438e-02	-2.480156e-05	3.070731e-04	2.054118e-05	1.070266e-05
4.571910e+03	-1.232130e-02	1.053046e-02	-3.424738e-05	1.242642e-02	-1.283900e-05	-3.642865e-05
4.584300e+03	-1.553322e-02	-2.215357e-03	-1.972369e-05	1.548837e-02	-2.979748e-05	2.356374e-05
4.596690e+03	-8.726218e-03	-1.294841e-02	-4.532454e-06	8.806271e-03	-6.813280e-05	-6.695252e-05
4.609080e+03	3.724582e-03	-1.507328e-02	9.740547e-05	-3.758091e-03	2.612449e-05	3.789367e-05
4.621470e+03	1.324954e-02	-6.820602e-03	2.449075e-05	-1.335676e-02	-8.374657e-06	1.053460e-05
4.633860e+03	1.360729e-02	5.337599e-03	1.518680e-06	-1.355046e-02	9.696590e-06	-5.960515e-05
4.646250e+03	5.015632e-03	1.317645e-02	1.895556e-05	-5.018561e-03	3.089888e-05	-5.178746e-06
4.658640e+03	-6.535556e-03	1.230970e-02	-6.243203e-05	6.589268e-03	-3.599760e-05	-4.970593e-05
4.671030e+03	-1.323232e-02	3.301804e-03	1.313781e-05	1.343285e-02	-8.636501e-06	-1.291181e-04
4.683420e+03	-1.105172e-02	-7.532517e-03	2.686210e-05	1.112879e-02	-2.413230e-05	-6.757771e-05
4.695810e+03	-1.624069e-03	-1.271825e-02	2.496127e-05	1.660321e-03	-4.164443e-05	-3.913927e-05
4.708200e+03	8.354969e-03	-9.652745e-03	3.716976e-05	-8.309905e-03	8.545648e-07	-5.136474e-05
4.720590e+03	1.237752e-02	-1.446707e-04	5.965104e-06	-1.237758e-02	2.450154e-05	-1.267391e-05
4.732980e+03	8.285693e-03	9.059232e-03	-2.250858e-06	-8.236633e-03	1.878167e-05	-2.251873e-06
4.745370e+03	-1.341360e-03	1.180629e-02	-1.797474e-05	1.387096e-03	2.906012e-05	-4.109642e-05
4.757760e+03	-9.471115e-03	6.795643e-03	-5.296200e-05	9.460777e-03	-6.171089e-05	1.287782e-05
4.770150e+03	-1.094311e-02	-2.505970e-03	-5.248763e-05	1.094305e-02	-9.181106e-05	-9.580170e-06
4.782540e+03	-5.288148e-03	-9.922955e-03	-4.174104e-06	5.280755e-03	-6.443153e-05	1.852871e-05
4.794930e+03	3.682963e-03	-1.006724e-02	6.753106e-05	-3.665401e-03	1.160670e-05	-1.998423e-05
4.807320e+03	9.514150e-03	-3.810902e-03	7.997983e-05	-9.536656e-03	6.935003e-05	4.536792e-05
4.819710e+03	8.832204e-03	4.720791e-03	-1.091327e-04	-8.787132e-03	-3.755850e-05	-3.791311e-05
4.832100e+03	2.400652e-03	9.619775e-03	-1.188190e-05	-2.297430e-03	4.895848e-05	-9.907302e-05
4.844490e+03	-5.502846e-03	7.891606e-03	-3.876352e-05	5.558763e-03	-2.029856e-05	-4.658317e-05
4.856880e+03	-9.051776e-03	1.208471e-03	8.954554e-06	9.163178e-03	-1.020019e-06	-1.103036e-04
4.869270e+03	-6.883670e-03	-6.102168e-03	-4.768185e-05	6.868649e-03	-1.059703e-04	1.584793e-05
4.881660e+03	-1.743753e-04	-8.732606e-03	5.283444e-05	1.326674e-04	-3.653900e-05	4.284573e-05
4.894050e+03	6.512088e-03	-5.648690e-03	8.754387e-05	-6.458058e-03	2.887898e-05	-4.946733e-05
4.906440e+03	8.070725e-03	9.107414e-04	2.528049e-05	-8.124933e-03	2.873181e-05	5.029078e-05
4.918830e+03	4.493709e-03	6.695330e-03	3.000713e-05	-4.443281e-03	6.749691e-05	-4.989488e-05
4.931220e+03	-2.119854e-03	7.394241e-03	-5.770828e-05	2.133257e-03	1.157319e-05	-5.131595e-06
4.943610e+03	-6.744331e-03	3.213860e-03	-3.633022e-05	6.763539e-03	-5.474542e-06	-1.751187e-05
4.956000e+03	-6.919324e-03	-2.842005e-03	-5.297399e-05	6.979933e-03	-4.363595e-05	-6.316528e-05
4.968390e+03	-2.102637e-03	-6.737744e-03	1.363586e-05	2.118033e-03	-7.131978e-05	-1.807275e-05
4.980780e+03	3.689750e-03	-5.732569e-03	5.279509e-05	-3.609271e-03	-2.774925e-05	-7.550904e-05
4.993170e+03	6.565143e-03	-1.144569e-03	4.486855e-05	-6.611027e-03	-1.359352e-05	3.895038e-05
5.005560e+03	4.926866e-03	4.207143e-03	2.802986e-05	-4.893939e-03	2.203533e-05	-1.898408e-05
5.017950e+03	5.934037e-06	6.308120e-03	1.316831e-05	9.235127e-05	5.377304e-05	-9.258352e-05
5.030340e+03	-4.704258e-03	4.065152e-03	-4.296970e-05	4.754378e-03	-3.901140e-06	-5.089293e-05
5.042730e+03	-5.707683e-03	-8.396772e-04	2.662782e-05	5.753795e-03	1.920055e-05	-4.953936e-05
5.055120e+03	-3.089744e-03	-4.854478e-03	-4.389317e-05	3.141274e-03	-5.219257e-05	-4.812396e-05
5.067510e+03	1.672996e-03	-5.452292e-03	3.312695e-05	-1.659928e-03	-3.038706e-05	-1.686166e-05
5.079900e+03	4.900122e-03	-2.148193e-03	2.551789e-05	-4.860624e-03	-1.971774e-05	-3.762508e-05
5.092290e+03	4.750094e-03	2.388184e-03	4.561942e-05	-4.703239e-03	2.590381e-05	-4.176863e-05
5.104680e+03	7.703830e-04	5.184168e-03	1.510012e-05	-7.011388e-04	4.593137e-05	-7.417696e-05
5.117070e+03	-2.969841e-03	4.206191e-03	-5.934435e-06	2.982136e-03	4.016894e-05	-1.290761e-05
5.129460e+03	-5.028701e-03	4.931710e-04	-7.683781e-05	5.069260e-03	-3.674068e-05	-4.087946e-05
5.141850e+03	-3.587989e-03	-3.481369e-03	-3.008519e-05	3.573159e-03	-4.005698e-05	7.058942e-06
5.154240e+03	2.926626e-04	-4.801296e-03	6.516858e-05	-2.739328e-04	9.365716e-06	-1.201349e-05
5.166630e+03	3.775862e-03	-2.880688e-03	-2.639345e-05	-3.779069e-03	-5.449031e-05	1.026502e-05
5.179020e+03	4.498208e-03	9.944020e-04	-8.947593e-07	-4.503251e-03	-2.133683e-05	6.502020e-06
5.191410e+03	2.062075e-03	4.227065e-03	1.218172e-05	-1.975081e-03	8.128932e-06	-7.843164e-05
5.203800e+03	-1.715557e-03	4.206206e-03	4.710754e-05	1.747480e-03	3.335358e-05	-3.364499e-05
5.216190e+03	-4.151485e-03	1.405799e-03	-5.852817e-05	4.207467e-03	-2.452022e-05	-5.927980e-05
5.228580e+03	-3.809561e-03	-2.201407e-03	-3.079367e-05	3.905139e-03	-2.607555e-05	-1.023828e-04
5.240970e+03	-7.779401e-04	-4.336526e-03	1.761065e-05	8.020902e-04	-1.211718e-05	-2.532321e-05
5.253360e+03	2.740122e-03	-3.429934e-03	6.398265e-06	-2.698201e-03	-2.723451e-05	-3.833252e-05
5.265750e+03	4.248727e-03	-1.701115e-04	2.708065e-05	-4.209119e-03	-2.734314e-05	-4.522411e-05
5.278140e+03	2.979337e-03	3.161611e-03	3.469825e-05	-2.929538e-03	1.237874e-05	-5.718004e-05
5.290530e+03	-3.414780e-04	4.157616e-03	2.724478e-05	3.767330e-04	2.045321e-05	-3.173677e-05
5.302920e+03	-3.451028e-03	2.475211e-03	-7.923169e-07	3.454162e-03	2.159083e-05	-6.131210e-06
5.315310e+03	-3.893647e-03	-9.354527e-04	2.016821e-05	3.915169e-03	2.718813e-05	-1.127190e-05
5.327700e+03	-1.892898e-03	-3.509031e-03	-4.589182e-06	1.935728e-03	-8.815376e-07	-4.143257e-05
5.340090e+03	1.398568e-03	-3.666351e-03	-2.434308e-05	-1.375066e-03	-3.381788e-05	-2.585915e-05
5.352480e+03	3.535197e-03	-1.379724e-03	1.025830e-05	-3.516663e-03	-2.557821e-05	-6.488813e-06
5.364870e+03	3.266769e-03	1.817901e-03	1.615281e-05	-3.225050e-03	-1.617498e-05	-3.372162e-05
5.377260e+03	9.005903e-04	3.677208e-03	-9.906533e-06	-8.813712e-04	-3.287028e-05	-2.172802e-05
5.389650e+03	-2.181448e-03	3.132748e-03	8.102637e-05	2.238526e-03	5.068789e-05	-6.981056e-05
5.402040e+03	-3.728311e-03	5.476303e-04	-7.819218e-05	3.823578e-03	-4.973068e-05	-9.567520e-05
5.414430e+03	-2.719138e-03	-2.383582e-03	5.045973e-05	2.750705e-03	4.700860e-05	-3.135628e-05
5.426820e+03	-7.609115e-06	-3.460670e-03	-1.658573e-05	2.426735e-05	4.285435e-06	-1.780336e-05
5.439210e+03	2.523115e-03	-2.212213e-03	-3.502152e-05	-2.454825e-03	-3.082494e-05	-7.008752e-05
5.451600e+03	3.246149e-03	3.163705e-04	-3.652966e-05	-3.246191e-03	-3.646595e-05	3.044619e-06
5.463990e+03	1.860698e-03	2.742189e-03	-9.034228e-06	-1.818300e-03	-4.442851e-05	-4.454024e-05
5.476380e+03	-7.241588e-04	3.052707e-03	2.792721e-05	7.816244e-04	-1.970622e-05	-4.848846e-05
5.488770e+03	-2.740283e-03	1.425024e-03	6.507132e-06	2.742319e-03	-2.137381e-05	-5.328255e-06
5.501160e+03	-2.770679e-03	-9.430990e-04	4.684134e-05	2.865047e-03	1.550777e-05	-1.063638e-04
5.513550e+03	-1.109124e-03	-2.715506e-03	3.014916e-05	1.142003e-03	1.454341e-05	-3.625640e-05
5.525940e+03	1.338818e-03	-2.603295e-03	-2.137116e-05	-1.325000e-03	-2.940950e-07	-1.461879e-05
5.538330e+03	2.638562e-03	-5.849632e-04	-9.441762e-06	-2.580060e-03	1.675439e-05	-6.709813e-05
5.550720e+03	2.176878e-03	1.580884e-03	2.702856e-05	-2.111722e-03	1.224238e-05	-8.103217e-05
5.563110e+03	2.803628e-04	2.519514e-03	-1.765636e-05	-2.341895e-04	-2.789813e-05	-4.649189e-05
5.575500e+03	-1.711730e-03	1.851416e-03	2.647920e-05	1.738024e-03	-1.348903e-05	-2.875700e-05
5.587890e+03	-2.329282e-03	5.148091e-05	2.290000e-05	2.428032e-03	-2.637535e-05	-9.699891e-05
5.600280e+03	-1.641201e-03	-1.770512e-03	1.640502e-05	1.644442e-03	-2.061309e-05	-9.654383e-06
5.612670e+03	2.923535e-04	-2.215897e-03	4.603246e-05	-2.436740e-04	2.899696e-05	-4.336201e-05
5.625060e+03	1.745664e-03	-1.290540e-03	4.904054e-07	-1.755739e-03	1.349898e-07	1.129450e-06
5.637450e+03	2.099655e-03	5.346476e-04	9.249574e-06	-2.049627e-03	1.329614e-05	-4.832565e-05
5.649840e+03	9.060079e-04	1.716386e-03	-2.051614e-05	-9.171671e-04	-4.596580e-06	1.047836e-05
5.662230e+03	-6.659461e-04	1.857752e-03	-8.821447e-06	7.029646e-04	-1.636375e-05	-4.350078e-05
5.674620e+03	-1.672422e-03	8.437981e-04	-1.941493e-05	1.784135e-03	-4.021358e-05	-1.207404e-04
5.687010e+03	-1.588239e-03	-8.132011e-04	2.424796e-05	1.628191e-03	-2.610745e-05	-3.416987e-05
5.699400e+03	-4.869127e-04	-1.569975e-03	3.452181e-05	5.584650e-04	-9.158154e-06	-6.972427e-05
5.711790e+03	7.513528e-04	-1.427769e-03	1.702508e-05	-7.481743e-04	9.455411e-06	-5.366248e-07
5.724180e+03	1.474740e-03	-3.446916e-04	3.269933e-05	-1.497931e-03	3.264219e-05	4.371551e-05
5.736570e+03	1.172300e-03	9.117553e-04	-1.013349e-05	-1.162069e-03	1.339859e-05	-1.432256e-05
5.748960e+03	9.199691e-05	1.441521e-03	-8.594796e-06	-3.134394e-05	2.061429e-07	-5.790474e-05
5.761350e+03	-9.390713e-04	9.419701e-04	3.551913e-06	9.801648e-04	-1.010733e-05	-3.215693e-05
5.773740e+03	-1.303188e-03	-1.067705e-04	-7.827890e-06	1.307835e-03	-3.544073e-05	-1.713669e-07
5.786130e+03	-6.677210e-04	-9.184465e-04	2.300301e-05	7.059769e-04	-2.299679e-05	-4.165036e-05
5.798520e+03	2.263168e-04	-1.036343e-03	4.289100e-05	-1.625592e-04	-1.767315e-06	-6.076391e-05
5.810910e+03	8.563702e-04	-5.142568e-04	3.557979e-05	-7.798638e-04	1.149832e-05	-7.244330e-05
5.823300e+03	8.811729e-04	2.768275e-04	6.829385e-06	-8.293027e-04	7.695592e-06	-3.963769e-05
5.835690e+03	3.609465e-04	8.766738e-04	3.504364e-05	-2.546708e-04	3.750140e-05	-1.033677e-04
5.848080e+03	-3.360232e-04	6.900882e-04	6.501554e-06	3.419160e-04	1.582730e-05	-6.140157e-06
5.860470e+03	-7.021020e-04	2.199186e-04	-7.394289e-06	7.161481e-04	-1.033027e-05	-1.638737e-05
5.872860e+03	-6.994412e-04	-3.805631e-04	-1.787051e-05	6.903669e-04	-2.089162e-05	7.803174e-06
5.885250e+03	-2.806401e-05	-5.837914e-04	6.004544e-05	6.742866e-05	1.843862e-05	-4.396478e-05
5.897640e+03	3.544290e-04	-3.331250e-04	2.368227e-05	-3.139988e-04	-6.099327e-06	-4.080797e-05
5.910030e+03	4.862564e-04	5.776683e-05	2.428244e-05	-4.559826e-04	-8.124595e-07	-3.147551e-05
5.922420e+03	2.574839e-04	3.258990e-04	6.910645e-06	-2.601516e-04	5.407989e-06	-3.486889e-06
5.934810e+03	-1.642809e-04	4.653277e-04	3.101068e-05	2.156039e-04	2.400327e-05	-5.408599e-05
5.947200e+03	-3.896591e-04	1.580507e-04	-3.269330e-05	4.426020e-04	-1.204478e-05	-5.355352e-05
5.959590e+03	-2.425067e-04	-1.339225e-04	-2.427971e-06	3.198068e-04	-4.865676e-06	-7.669173e-05
5.971980e+03	-7.862377e-05	-3.285572e-04	-7.655301e-06	1.133425e-04	-1.276776e-05	-3.479996e-05
