1.400070e+03	9.423337e-02	-1.470916e-01	-1.209133e-04	-9.627654e-02	-3.973248e-04	5.990000e-04
1.412460e+03	1.349434e-01	-1.114188e-01	7.007716e-05	-1.348866e-01	-4.641937e-05	5.952103e-04
1.424850e+03	1.602570e-01	-6.730359e-02	6.255165e-05	-1.612690e-01	-1.517211e-04	4.409507e-04
1.437240e+03	1.734608e-01	-1.655848e-02	1.064410e-04	-1.742756e-01	1.507826e-05	5.815749e-04
1.449630e+03	1.702788e-01	3.525918e-02	8.659702e-05	-1.712584e-01	-1.917773e-05	8.727084e-04
1.462020e+03	1.522043e-01	8.462451e-02	3.309942e-05	-1.543021e-01	3.099239e-04	1.321597e-03
1.474410e+03	1.201886e-01	1.259055e-01	2.429276e-05	-1.212223e-01	9.977040e-05	1.176534e-03
1.486800e+03	7.700355e-02	1.553494e-01	4.677532e-05	-7.782044e-02	-1.001605e-06	7.966015e-04
1.499190e+03	2.786667e-02	1.710374e-01	-4.887733e-05	-2.855985e-02	1.013979e-04	6.515982e-04
1.511580e+03	-2.257469e-02	1.714224e-01	-3.246014e-06	2.194090e-02	5.163793e-06	6.919998e-04
1.523970e+03	-7.334196e-02	1.583959e-01	5.212297e-05	7.233997e-02	-3.954586e-05	1.059444e-03
1.536360e+03	-1.182463e-01	1.299849e-01	-5.380650e-05	1.164385e-01	6.701356e-06	1.306487e-03
1.548750e+03	-1.517086e-01	8.862703e-02	-5.522485e-05	1.507639e-01	6.942895e-07	1.444946e-03
1.561140e+03	-1.725592e-01	3.881376e-02	-4.264996e-05	1.713502e-01	-1.133859e-05	1.348762e-03
1.573530e+03	-1.760981e-01	-1.531119e-02	1.355891e-05	1.750000e-01	-5.468979e-05	1.216019e-03
1.585920e+03	-1.628090e-01	-6.895586e-02	1.714535e-05	1.618090e-01	-2.941534e-05	7.755262e-04
1.598310e+03	-1.348217e-01	-1.150810e-01	2.539888e-05	1.342752e-01	-1.148095e-05	8.972792e-04
1.610700e+03	-9.279694e-02	-1.523340e-01	-1.163961e-04	9.174329e-02	-1.338459e-04	9.747160e-04
1.623090e+03	-4.120851e-02	-1.745620e-01	1.591979e-05	4.011777e-02	-6.548501e-05	1.073910e-03
1.635480e+03	1.589954e-02	-1.789528e-01	1.353695e-05	-1.694933e-02	-9.980502e-05	1.027388e-03
1.647870e+03	7.251515e-02	-1.651544e-01	9.980994e-05	-7.347818e-02	-1.801655e-05	8.995324e-04
1.660260e+03	1.225156e-01	-1.341624e-01	7.054071e-05	-1.224742e-01	-1.832099e-04	6.810099e-04
1.672650e+03	1.598502e-01	-8.753428e-02	2.164781e-04	-1.598502e-01	1.156794e-04	3.471956e-04
1.685040e+03	1.825721e-01	-3.006190e-02	1.203900e-04	-1.825721e-01	-8.941906e-05	7.420833e-04
1.697430e+03	1.834254e-01	3.186380e-02	1.372115e-04	-1.837291e-01	1.075594e-04	8.130311e-04
1.709820e+03	1.627717e-01	9.375408e-02	8.058725e-05	-1.637717e-01	3.033100e-04	8.967986e-04
1.722210e+03	1.205406e-01	1.447190e-01	-4.920213e-05	-1.215552e-01	3.847979e-04	4.828869e-04
1.734600e+03	6.402301e-02	1.784899e-01	-1.592498e-04	-6.414375e-02	3.441945e-04	8.400695e-05
1.746990e+03	-2.240094e-03	1.900000e-01	-1.592200e-04	2.135668e-03	1.526252e-04	1.395224e-04
1.759380e+03	-7.050901e-02	1.788651e-01	-1.160168e-04	7.039951e-02	7.605286e-05	3.906934e-05
1.771770e+03	-1.311386e-01	1.430324e-01	-3.433662e-04	1.311401e-01	4.581984e-05	9.552021e-05
1.784160e+03	-1.775351e-01	8.597588e-02	-6.733817e-05	1.775351e-01	-9.625530e-05	2.713653e-04
1.796550e+03	-1.985088e-01	1.270106e-02	-1.523612e-04	1.985088e-01	-1.147797e-04	2.504175e-04
1.808940e+03	-1.900454e-01	-6.485579e-02	-8.641733e-05	1.900454e-01	-1.630364e-04	1.647723e-04
1.821330e+03	-1.513373e-01	-1.352581e-01	-6.789738e-05	1.514117e-01	-2.071768e-04	1.521652e-04
1.833720e+03	-8.630919e-02	-1.843635e-01	-3.372505e-05	8.637230e-02	-2.680047e-04	-7.285582e-06
1.846110e+03	-4.977707e-03	-2.054012e-01	8.170417e-05	4.991810e-03	-1.912584e-04	-1.799784e-05
1.858500e+03	8.059864e-02	-1.918115e-01	1.344914e-04	-8.071290e-02	-2.010102e-04	1.842423e-04
1.870890e+03	1.558292e-01	-1.425272e-01	2.108061e-04	-1.558292e-01	-1.789386e-04	3.358470e-04
1.883280e+03	2.037076e-01	-6.192007e-02	3.454250e-04	-2.037521e-01	2.502667e-04	4.437236e-04
1.895670e+03	2.118109e-01	3.479762e-02	2.987224e-04	-2.120374e-01	2.343126e-04	5.095689e-04
1.908060e+03	1.749717e-01	1.282304e-01	1.465551e-04	-1.760426e-01	4.100936e-04	5.425399e-04
1.920450e+03	9.756679e-02	1.956938e-01	-9.949855e-06	-9.847751e-02	3.474465e-04	7.552746e-04
1.932840e+03	-6.269751e-03	2.207088e-01	-2.556350e-04	5.128221e-03	3.655167e-04	1.143490e-03
1.945230e+03	-1.140239e-01	1.919869e-01	-3.049831e-04	1.130238e-01	8.492781e-05	1.290000e-03
1.957620e+03	-1.984826e-01	1.089677e-01	-3.202239e-04	1.964694e-01	-9.103725e-05	1.853012e-03
1.970010e+03	-2.243271e-01	-9.844855e-03	-2.129914e-04	2.223286e-01	-2.533535e-04	2.186726e-03
1.982400e+03	-1.855563e-01	-1.311931e-01	-2.231266e-05	1.827156e-01	-3.349800e-04	2.335072e-03
1.994790e+03	-7.494643e-02	-2.110145e-01	5.246540e-05	7.278974e-02	-3.097863e-04	2.150000e-03
2.007180e+03	6.206141e-02	-2.103056e-01	2.615172e-04	-6.367255e-02	-1.777425e-04	1.598666e-03
2.019570e+03	1.740528e-01	-1.222107e-01	3.534231e-04	-1.751736e-01	3.769543e-05	1.067403e-03
2.031960e+03	2.026946e-01	1.952255e-02	2.488163e-04	-2.026719e-01	2.017001e-04	-3.389065e-04
2.044350e+03	1.246068e-01	1.410338e-01	5.891592e-06	-1.228041e-01	4.433572e-04	-1.307143e-03
2.056740e+03	-1.154568e-02	1.655991e-01	-3.907126e-04	1.469243e-02	4.588665e-04	-3.215664e-03
2.069130e+03	-1.087021e-01	8.737295e-02	-3.742367e-04	1.126679e-01	-1.816435e-05	-3.700213e-03
2.081520e+03	-1.053975e-01	-2.672226e-02	-1.272324e-04	1.114070e-01	-2.952089e-04	-6.164142e-03
2.093910e+03	-3.061878e-02	-7.492110e-02	3.232425e-04	3.484456e-02	-6.617472e-05	-4.274570e-03
2.106300e+03	3.023796e-02	-4.033059e-02	5.924858e-05	-2.557513e-02	1.581623e-04	-4.669215e-03
2.118690e+03	2.216012e-02	4.819636e-03	-1.828028e-03	-1.835944e-02	-1.201764e-03	-3.822196e-03
2.131080e+03	-7.583475e-03	-3.407329e-03	-4.725345e-03	2.489207e-03	-1.115817e-02	5.488141e-03
2.143470e+03	1.416244e-02	-1.789247e-02	-8.042225e-03	-1.184287e-02	1.200968e-02	-3.239280e-03
2.155860e+03	3.515748e-02	1.335745e-02	2.086434e-02	-2.868228e-02	-1.496873e-02	-6.433531e-03
2.168250e+03	-4.849528e-02	2.671370e-02	-3.826544e-02	-3.360527e-03	-2.657045e-02	5.236139e-02
2.180640e+03	-5.576659e-02	9.104230e-03	4.291114e-03	6.252551e-02	3.022104e-02	-6.623070e-03
2.193030e+03	-7.185229e-03	1.207186e-02	9.932233e-03	-5.979904e-02	-6.562044e-03	6.599697e-02
2.205420e+03	5.767590e-02	-5.166593e-02	-8.197895e-03	-4.839232e-02	5.961272e-03	-7.985429e-03
2.217810e+03	5.539797e-02	4.420898e-02	-6.846604e-04	-5.485846e-02	-3.660534e-04	-7.362663e-04
2.230200e+03	-1.792556e-02	7.932735e-02	2.644973e-03	2.247581e-02	-1.469742e-03	-4.552874e-03
2.242590e+03	-8.738862e-02	1.613412e-02	1.833260e-03	8.869341e-02	-1.585217e-04	-1.391806e-03
2.254980e+03	-6.396197e-02	-6.990699e-02	-8.579404e-04	6.504583e-02	3.043797e-03	-7.160824e-04
2.267370e+03	2.790506e-02	-9.661785e-02	-5.568032e-04	-2.664633e-02	-5.791682e-04	-1.139374e-03
2.279760e+03	1.002197e-01	-3.638688e-02	-3.139485e-04	-9.835668e-02	-6.555029e-04	-1.771058e-03
2.292150e+03	8.805745e-02	5.611723e-02	-9.191222e-06	-9.030402e-02	-3.743159e-04	2.268637e-03
2.304540e+03	8.448481e-03	1.059975e-01	4.091228e-04	-1.632377e-02	-7.612041e-04	7.903899e-03
2.316930e+03	-7.989395e-02	7.903697e-02	8.372566e-04	6.843649e-02	-4.725620e-04	1.138689e-02
2.329320e+03	-1.123062e-01	-4.097238e-03	4.504864e-04	1.011940e-01	8.728273e-04	1.186830e-02
2.341710e+03	-7.126129e-02	-8.434757e-02	3.971175e-05	6.221526e-02	2.831244e-04	9.052894e-03
2.354100e+03	2.207662e-02	-1.002367e-01	-6.750883e-04	-2.728916e-02	6.998266e-04	5.114325e-03
2.366490e+03	9.058610e-02	-3.875033e-02	-1.012258e-03	-8.923097e-02	-3.821502e-04	-9.825017e-04
2.378880e+03	7.726429e-02	5.045877e-02	-6.431144e-04	-7.026424e-02	-5.160034e-04	-6.995441e-03
2.391270e+03	-4.874447e-03	7.409393e-02	6.651776e-04	1.208288e-02	-1.850717e-04	-7.102471e-03
2.403660e+03	-5.439254e-02	1.247728e-02	-3.938431e-04	5.612924e-02	-1.025786e-03	-2.013786e-03
2.416050e+03	-2.034920e-02	-4.314970e-02	1.285039e-04	2.800448e-02	7.142896e-05	-7.521551e-03
2.428440e+03	4.397977e-02	-3.518054e-02	7.015969e-04	-3.654305e-02	5.405519e-05	-7.466347e-03
2.440830e+03	5.215588e-02	2.369960e-02	-4.048289e-03	-3.805217e-02	3.857959e-03	-1.491947e-02
2.453220e+03	-3.237279e-02	4.502295e-02	-1.159870e-03	3.789000e-02	2.213657e-03	-5.549798e-03
2.465610e+03	-5.310978e-02	-3.014320e-02	3.123326e-03	4.265069e-02	5.573189e-03	1.043783e-02
2.478000e+03	-1.597278e-02	-5.689460e-02	3.879719e-04	3.151299e-02	2.512567e-03	-1.549649e-02
2.490390e+03	7.385657e-02	-2.705566e-02	-3.389466e-05	-6.680519e-02	6.160018e-04	-7.059874e-03
2.502780e+03	6.815728e-02	6.384557e-02	1.419571e-03	-5.845545e-02	4.396843e-04	-9.830839e-03
2.515170e+03	-2.428938e-02	9.038597e-02	-7.143564e-04	3.221818e-02	8.372055e-05	-8.071478e-03
2.527560e+03	-9.621607e-02	2.077138e-02	1.925428e-03	1.025068e-01	6.519639e-04	-5.920165e-03
2.539950e+03	-7.753025e-02	-7.587905e-02	-4.544727e-04	8.317947e-02	5.026102e-04	-5.642237e-03
2.552340e+03	1.200038e-02	-1.159169e-01	-2.356126e-04	-1.133849e-02	-4.005451e-05	-6.683097e-04
2.564730e+03	1.001121e-01	-6.957927e-02	-2.870053e-04	-1.036435e-01	-3.769898e-04	3.420628e-03
2.577120e+03	1.206921e-01	3.060922e-02	4.280023e-04	-1.274427e-01	-6.849565e-04	7.063845e-03
2.589510e+03	5.925340e-02	1.119917e-01	5.138437e-04	-6.892423e-02	-4.420676e-04	9.730079e-03
2.601900e+03	-4.096909e-02	1.250061e-01	9.900699e-06	3.156847e-02	-4.344005e-05	9.420558e-03
2.614290e+03	-1.196021e-01	6.110855e-02	5.067803e-04	1.120124e-01	3.133558e-04	7.701398e-03
2.626680e+03	-1.235764e-01	-4.351012e-02	-6.016046e-05	1.185183e-01	3.427764e-04	4.425168e-03
2.639070e+03	-4.704384e-02	-1.168495e-01	-5.331827e-04	4.588225e-02	2.777469e-04	1.119192e-03
2.651460e+03	6.001632e-02	-1.082699e-01	-1.983455e-04	-5.802646e-02	-1.909232e-04	-2.377639e-03
2.663850e+03	1.149160e-01	-1.662842e-02	-4.958018e-04	-1.108641e-01	-3.473355e-04	-4.341563e-03
2.676240e+03	7.102825e-02	8.140595e-02	8.110818e-04	-6.632958e-02	-2.719982e-04	-4.699934e-03
2.688630e+03	-2.774114e-02	9.047601e-02	-6.494683e-04	3.262695e-02	2.160005e-04	-4.799073e-03
2.701020e+03	-8.110426e-02	8.866959e-03	6.431635e-04	8.569791e-02	-1.033111e-04	-4.631899e-03
2.713410e+03	-3.882219e-02	-6.530482e-02	-6.595153e-04	4.199046e-02	8.239486e-04	-3.220246e-03
2.725800e+03	3.556530e-02	-6.233842e-02	-3.751271e-04	-3.558520e-02	-1.100721e-04	1.773571e-05
2.738190e+03	6.992035e-02	1.171007e-02	-8.642365e-04	-7.037178e-02	-5.858065e-05	3.871058e-04
2.750580e+03	2.219683e-02	6.675122e-02	3.873690e-04	-1.990262e-02	-6.883548e-04	-2.270035e-03
2.762970e+03	-4.959444e-02	5.207453e-02	1.349500e-04	5.145854e-02	1.063020e-04	-2.219283e-03
2.775360e+03	-6.565959e-02	-1.786495e-02	2.026573e-04	6.875068e-02	5.594897e-04	-3.096638e-03
2.787750e+03	-1.959610e-02	-6.828867e-02	-4.443001e-04	2.088118e-02	5.843478e-04	-1.308913e-03
2.800140e+03	4.756510e-02	-5.732840e-02	-1.133981e-03	-4.660458e-02	7.264023e-04	-9.035063e-04
2.812530e+03	7.344459e-02	4.034580e-03	8.929258e-05	-7.424496e-02	-4.434357e-04	5.022699e-04
2.824920e+03	3.724585e-02	6.211382e-02	4.143364e-05	-4.054586e-02	-4.245228e-04	3.402604e-03
2.837310e+03	-2.758295e-02	6.882613e-02	-9.273633e-05	2.321525e-02	-7.286500e-05	4.397150e-03
2.849700e+03	-6.987241e-02	2.074928e-02	3.823977e-04	6.553147e-02	-1.901554e-04	4.192105e-03
2.862090e+03	-5.632601e-02	-4.067919e-02	7.436442e-05	5.292345e-02	4.826283e-04	3.388366e-03
2.874480e+03	1.168738e-03	-6.522896e-02	7.417625e-05	-2.867041e-03	4.546834e-04	1.701271e-03
2.886870e+03	5.215039e-02	-3.257175e-02	1.092372e-04	-5.210742e-02	-4.184633e-05	-3.439540e-05
2.899260e+03	5.175945e-02	2.623829e-02	-5.276704e-04	-5.009817e-02	1.852589e-04	-1.714329e-03
2.911650e+03	2.013918e-03	5.358068e-02	-3.467155e-05	-9.097158e-06	-2.834204e-04	-2.165342e-03
2.924040e+03	-4.304932e-02	2.314187e-02	1.248968e-04	4.550773e-02	-1.787747e-04	-2.456294e-03
2.936430e+03	-3.584300e-02	-3.199789e-02	-2.444754e-04	3.905334e-02	3.055772e-04	-3.169509e-03
2.948820e+03	9.455481e-03	-4.121101e-02	-9.270430e-04	-1.038577e-02	8.797166e-04	8.877053e-04
2.961210e+03	4.370221e-02	-1.021211e-02	-6.548167e-04	-4.364459e-02	3.104019e-04	-2.636188e-04
2.973600e+03	3.406787e-02	3.684977e-02	1.449405e-04	-3.119607e-02	3.016130e-04	-2.873845e-03
2.985990e+03	-1.660693e-02	4.172699e-02	-3.975540e-04	2.068901e-02	-8.496468e-05	-4.002533e-03
2.998380e+03	-4.825024e-02	2.347128e-03	-1.305417e-03	5.105548e-02	5.980608e-04	-2.776691e-03
3.010770e+03	-2.518539e-02	-4.012308e-02	-1.859272e-04	2.605714e-02	2.127149e-04	-9.274273e-04
3.023160e+03	2.439930e-02	-4.459632e-02	4.254914e-04	-2.378898e-02	-2.377848e-04	-6.181863e-04
3.035550e+03	5.209787e-02	-3.803057e-03	3.541788e-04	-5.305664e-02	-2.735196e-04	9.349652e-04
3.047940e+03	3.339897e-02	4.345470e-02	1.579792e-04	-3.482943e-02	3.605163e-05	1.524896e-03
3.060330e+03	-1.759999e-02	5.429967e-02	1.189567e-04	1.531173e-02	1.395696e-04	2.346063e-03
3.072720e+03	-5.684676e-02	1.772420e-02	1.015960e-03	5.353841e-02	-2.154154e-04	3.289630e-03
3.085110e+03	-4.755336e-02	-3.720422e-02	-6.473289e-04	4.544728e-02	3.941579e-04	2.067256e-03
3.097500e+03	3.142929e-03	-5.894523e-02	1.372390e-05	-5.180050e-03	-1.136449e-04	2.090090e-03
3.109890e+03	5.229656e-02	-2.948767e-02	-3.468498e-04	-5.328682e-02	3.539402e-06	1.012598e-03
3.122280e+03	5.270348e-02	2.779216e-02	-4.376737e-04	-5.260579e-02	-1.271014e-04	-8.675181e-05
3.134670e+03	4.487923e-03	6.022257e-02	-1.981234e-04	-3.555723e-03	2.028325e-04	-9.883547e-04
3.147060e+03	-4.872905e-02	3.280032e-02	4.581988e-05	5.003457e-02	1.324465e-04	-1.338169e-03
3.159450e+03	-4.964095e-02	-2.675133e-02	-2.413720e-04	5.142146e-02	3.570000e-04	-1.733655e-03
3.171840e+03	2.243934e-04	-5.633954e-02	-1.467081e-04	5.302730e-04	-8.179002e-05	-7.557953e-04
3.184230e+03	5.162842e-02	-2.902815e-02	-4.451140e-04	-4.977263e-02	-2.381887e-04	-1.936841e-03
3.196620e+03	5.003776e-02	3.274581e-02	9.810113e-05	-4.869275e-02	-5.174941e-04	-1.327785e-03
3.209010e+03	-4.344000e-03	5.963858e-02	-2.540003e-05	6.366185e-03	-2.010430e-04	-2.047514e-03
3.221400e+03	-5.640331e-02	2.874853e-02	1.980503e-04	5.763925e-02	2.590434e-04	-1.224045e-03
3.233790e+03	-5.458666e-02	-3.395780e-02	2.966953e-04	5.539553e-02	6.356560e-04	-9.406995e-04
3.246180e+03	-3.611156e-03	-6.679796e-02	-5.099540e-04	3.383145e-03	3.030202e-04	1.812503e-04
3.258570e+03	5.571569e-02	-4.078105e-02	-3.637625e-04	-5.655622e-02	-1.199388e-04	8.149687e-04
3.270960e+03	6.627926e-02	2.157556e-02	-8.201317e-05	-6.684809e-02	-4.758555e-04	6.099898e-04
3.283350e+03	1.829924e-02	6.895811e-02	1.987636e-05	-2.058634e-02	-2.071313e-04	2.178417e-03
3.295740e+03	-4.516585e-02	5.641566e-02	4.550692e-04	4.250895e-02	3.433187e-06	2.682277e-03
3.308130e+03	-7.112695e-02	-5.031448e-03	2.428543e-04	6.913999e-02	4.497512e-04	1.962917e-03
3.320520e+03	-3.549137e-02	-5.948710e-02	4.000576e-05	3.353401e-02	2.337301e-04	1.884668e-03
3.332910e+03	2.976661e-02	-6.129839e-02	-3.865298e-04	-3.068786e-02	2.482593e-04	8.765411e-04
3.345300e+03	6.583721e-02	-6.694715e-03	-5.943942e-04	-6.595177e-02	-2.774349e-05	1.540099e-04
3.357690e+03	4.317079e-02	5.235601e-02	1.412022e-04	-4.190018e-02	-4.771169e-04	-1.302838e-03
3.370080e+03	-2.434375e-02	5.928053e-02	-1.069752e-04	2.564055e-02	-2.043889e-04	-1.357618e-03
3.382470e+03	-5.979097e-02	7.976069e-03	7.384401e-04	6.145895e-02	-2.074581e-04	-1.678596e-03
3.394860e+03	-3.563323e-02	-4.725029e-02	4.946735e-04	3.628526e-02	2.204974e-05	-7.049753e-04
3.407250e+03	2.170989e-02	-5.327573e-02	8.117722e-05	-2.112265e-02	-2.703837e-04	-6.364900e-04
3.419640e+03	5.789417e-02	-4.682445e-03	-8.157355e-04	-5.719595e-02	4.450219e-04	-6.673107e-04
3.432030e+03	3.365615e-02	4.618859e-02	7.552853e-05	-3.206296e-02	-7.312139e-04	-1.527276e-03
3.444420e+03	-2.389554e-02	5.173395e-02	-2.595113e-04	2.519471e-02	1.020000e-04	-1.289970e-03
3.456810e+03	-5.585451e-02	5.689147e-03	3.930733e-04	5.625850e-02	2.602871e-05	-4.194830e-04
3.469200e+03	-3.480780e-02	-4.511407e-02	1.453242e-04	3.466425e-02	1.086964e-04	1.847871e-04
3.481590e+03	1.953628e-02	-5.357442e-02	8.417040e-06	-2.009419e-02	9.993312e-05	5.484590e-04
3.493980e+03	5.500038e-02	-1.233272e-02	-2.372591e-04	-5.593441e-02	2.141951e-04	8.911368e-04
3.506370e+03	3.885508e-02	3.938012e-02	-4.118137e-04	-3.986439e-02	2.653209e-05	9.934836e-04
3.518760e+03	-1.236009e-02	5.369873e-02	-3.446649e-05	1.080368e-02	-4.562026e-05	1.552624e-03
3.531150e+03	-5.217784e-02	1.847430e-02	2.182410e-05	5.102753e-02	1.432625e-05	1.115205e-03
3.543540e+03	-4.190540e-02	-3.285572e-02	2.126238e-04	4.088086e-02	3.923195e-05	9.973344e-04
3.555930e+03	5.864136e-03	-5.075077e-02	-2.783928e-04	-6.877239e-03	5.534225e-04	1.026006e-03
3.568320e+03	4.649065e-02	-2.123005e-02	2.579941e-04	-4.609134e-02	-3.409974e-04	-3.510006e-04
3.580710e+03	4.065045e-02	2.803043e-02	-2.004281e-04	-3.941755e-02	2.399375e-04	-1.416576e-03
3.593100e+03	-5.603522e-03	4.715121e-02	-2.053718e-04	7.176571e-03	4.555955e-04	-1.596834e-03
3.605490e+03	-4.238801e-02	1.708343e-02	3.975855e-04	4.292109e-02	-2.126254e-04	-5.465411e-04
3.617880e+03	-3.428980e-02	-3.018667e-02	4.008855e-05	3.437651e-02	3.808530e-04	2.989479e-05
3.630270e+03	8.374512e-03	-4.478715e-02	-4.438613e-04	-7.846690e-03	5.656548e-04	-4.957761e-04
3.642660e+03	4.513733e-02	-1.490348e-02	-1.307838e-04	-4.429060e-02	-9.397327e-05	-8.324349e-04
3.655050e+03	3.534466e-02	3.197480e-02	-2.549227e-04	-3.476576e-02	8.217680e-05	-6.492128e-04
3.667440e+03	-1.003645e-02	4.722181e-02	-8.730620e-05	9.967664e-03	2.765404e-04	-5.768487e-05
3.679830e+03	-4.450123e-02	1.308972e-02	-5.993202e-06	4.485942e-02	5.389349e-04	-3.760653e-04
3.692220e+03	-3.591581e-02	-3.185854e-02	-2.166237e-05	3.510863e-02	-2.052785e-04	7.177606e-04
3.704610e+03	7.414192e-03	-4.869385e-02	-3.953762e-04	-7.485799e-03	5.375055e-04	6.463189e-05
3.717000e+03	4.618580e-02	-1.935502e-02	-1.226819e-04	-4.710150e-02	-1.197899e-04	9.147152e-04
3.729390e+03	4.094657e-02	2.821300e-02	6.069819e-05	-4.196950e-02	-1.155878e-04	1.083653e-03
3.741780e+03	-3.413953e-03	5.018606e-02	1.135479e-04	2.222719e-03	-4.953488e-04	1.186429e-03
3.754170e+03	-4.358515e-02	2.376678e-02	4.073834e-05	4.283480e-02	5.910383e-04	7.485114e-04
3.766560e+03	-4.303572e-02	-2.504726e-02	8.288914e-06	4.244310e-02	-1.810835e-05	5.945665e-04
3.778950e+03	-9.379137e-04	-5.008820e-02	3.928295e-05	8.664067e-04	1.809709e-04	9.319871e-05
3.791340e+03	4.118595e-02	-2.524101e-02	-1.850459e-04	-4.042135e-02	-5.173324e-04	-7.141413e-04
3.803730e+03	4.317281e-02	2.255775e-02	-5.025327e-05	-4.230035e-02	2.644435e-04	-8.624293e-04
3.816120e+03	1.272114e-03	4.832670e-02	8.545865e-05	-2.586563e-04	6.236189e-05	-9.469626e-04
3.828510e+03	-4.050117e-02	2.549485e-02	5.274900e-05	4.079814e-02	4.021874e-04	-4.485527e-04
3.840900e+03	-4.126729e-02	-2.387189e-02	1.687775e-04	4.149053e-02	6.237809e-05	-2.217648e-04
3.853290e+03	9.501030e-05	-4.783061e-02	-4.825568e-05	2.682034e-04	-1.252180e-04	-3.588823e-04
3.865680e+03	4.146558e-02	-2.386271e-02	-1.991206e-04	-4.077455e-02	-4.382101e-04	-6.087461e-04
3.878070e+03	4.316270e-02	2.356204e-02	-9.247135e-06	-4.315773e-02	4.627775e-04	-5.756186e-05
3.890460e+03	1.672458e-05	4.778006e-02	3.933044e-04	8.645672e-04	-9.810058e-05	-9.127371e-04
3.902850e+03	-4.208042e-02	2.543676e-02	3.159272e-04	4.248556e-02	-4.291598e-04	-4.539467e-04
3.915240e+03	-4.287939e-02	-2.290272e-02	1.243677e-04	4.216214e-02	6.206761e-04	7.918505e-04
3.927630e+03	-3.805997e-03	-4.867812e-02	-2.751966e-04	3.501850e-03	7.214654e-04	3.474078e-04
3.940020e+03	3.959569e-02	-2.739320e-02	-4.706872e-04	-4.025907e-02	5.615508e-05	6.110695e-04
3.952410e+03	4.419970e-02	1.925937e-02	-2.601304e-04	-4.438284e-02	-8.323547e-04	1.978092e-04
3.964800e+03	7.194727e-03	4.776154e-02	3.949348e-04	-7.811881e-03	3.995223e-04	6.366334e-04
3.977190e+03	-3.693515e-02	3.057919e-02	3.954266e-04	3.570492e-02	-1.476011e-04	1.110446e-03
3.989580e+03	-4.537098e-02	-1.591536e-02	1.162319e-04	4.485471e-02	-2.680326e-04	5.410511e-04
4.001970e+03	-9.930787e-03	-4.553001e-02	1.874644e-05	1.069351e-02	7.544031e-04	-6.803928e-04
4.014360e+03	1.665538e-02	-2.502466e-02	2.811162e-04	-1.648169e-02	-5.486161e-04	-2.078231e-04
4.026750e+03	4.243417e-02	1.383742e-02	-2.689980e-04	-4.184019e-02	7.354095e-05	-6.245179e-04
4.039140e+03	1.253814e-02	4.331090e-02	-1.337865e-04	-1.173685e-02	-4.952784e-04	-7.720190e-04
4.051530e+03	-3.402659e-02	3.066145e-02	6.136759e-06	3.477537e-02	-8.573778e-04	-7.991525e-04
4.063920e+03	-4.357725e-02	-1.648514e-02	4.400086e-04	4.347552e-02	-3.637222e-05	2.581361e-04
4.076310e+03	-9.270505e-03	-4.599231e-02	5.148954e-04	1.012584e-02	1.235555e-03	-8.125763e-04
4.088700e+03	3.542007e-02	-2.976133e-02	-2.809710e-04	-3.470964e-02	9.029070e-05	-7.085167e-04
4.101090e+03	4.420674e-02	1.377263e-02	5.604047e-05	-4.386552e-02	5.275450e-04	-2.257836e-04
4.113480e+03	1.058145e-02	4.479295e-02	3.977954e-05	-1.100199e-02	-2.890515e-04	3.690407e-04
4.125870e+03	-3.266883e-02	3.286912e-02	-4.953481e-05	3.269263e-02	-2.466404e-04	8.330163e-05
4.138260e+03	-4.534347e-02	-1.336941e-02	2.289416e-05	4.462939e-02	-4.437643e-04	6.759460e-04
4.150650e+03	-1.292377e-02	-4.289454e-02	5.182902e-05	1.352299e-02	4.639965e-04	-6.779922e-04
4.163040e+03	3.183028e-02	-3.303249e-02	-2.716793e-04	-3.230222e-02	-1.558316e-04	4.382227e-04
4.175430e+03	4.389148e-02	9.104204e-03	-4.053839e-04	-4.438041e-02	-4.690570e-04	6.448396e-04
4.187820e+03	1.425526e-02	4.292104e-02	1.938690e-04	-1.438723e-02	-6.549852e-05	1.809498e-04
4.200210e+03	-2.852674e-02	3.461173e-02	5.337741e-04	2.828464e-02	4.672732e-04	2.381444e-04
4.212600e+03	-4.279919e-02	-7.143833e-03	-2.181929e-04	4.244214e-02	-3.114960e-04	4.730417e-04
4.224990e+03	-1.553836e-02	-3.971942e-02	-1.183935e-04	1.640795e-02	-8.848945e-05	-7.721866e-04
4.237380e+03	2.748083e-02	-3.273400e-02	-6.140132e-04	-2.671698e-02	-6.770984e-04	-7.578380e-04
4.249770e+03	4.230000e-02	7.756171e-03	-1.616924e-04	-4.113736e-02	-8.061140e-05	-1.178781e-03
4.262160e+03	1.420334e-02	3.898343e-02	4.168304e-04	-1.408715e-02	1.638326e-05	-1.609500e-04
4.274550e+03	-2.599548e-02	3.226227e-02	-2.321506e-04	2.584356e-02	-2.653969e-04	8.925828e-05
4.286940e+03	-4.074616e-02	-7.072690e-03	2.709130e-04	4.100926e-02	2.699224e-04	-3.006247e-04
4.299330e+03	-1.403719e-02	-3.798283e-02	-6.696628e-05	1.474566e-02	1.391027e-04	-7.887242e-04
4.311720e+03	2.697970e-02	-3.224917e-02	-1.370883e-04	-2.723548e-02	2.751236e-04	1.400064e-04
4.324110e+03	4.024113e-02	6.764909e-03	-1.273364e-04	-4.002381e-02	-1.301293e-04	-1.140680e-04
4.336500e+03	1.523029e-02	3.504322e-02	-1.196925e-04	-1.567235e-02	-1.929460e-04	4.804448e-04
4.348890e+03	-2.535397e-02	3.368455e-02	8.078092e-04	2.559436e-02	3.346794e-04	-2.767572e-04
4.361280e+03	-3.895835e-02	-4.022171e-03	-4.963214e-04	3.900557e-02	-2.673782e-04	-9.625537e-05
4.373670e+03	-1.530165e-02	-3.669300e-02	7.705873e-05	1.514581e-02	1.412308e-04	2.332358e-04
4.386060e+03	2.273548e-02	-3.157645e-02	-3.976370e-04	-2.343671e-02	-2.192341e-04	7.629989e-04
4.398450e+03	3.849577e-02	5.620397e-03	7.587234e-04	-3.832579e-02	3.965467e-04	-2.352682e-04
4.410840e+03	1.488716e-02	3.541832e-02	-2.395792e-04	-1.530470e-02	-3.132009e-04	4.062423e-04
4.423230e+03	-2.240872e-02	3.061080e-02	1.879438e-04	2.251470e-02	4.155066e-05	-9.749494e-05
4.435620e+03	-3.706115e-02	-4.510007e-03	-4.378224e-04	3.697446e-02	-2.373993e-04	6.308174e-05
4.448010e+03	-1.367944e-02	-3.471933e-02	-2.182161e-04	1.381756e-02	3.082087e-05	-1.768800e-04
4.460400e+03	2.365065e-02	-2.968501e-02	4.051261e-04	-2.339415e-02	3.725423e-04	-2.032580e-04
4.472790e+03	3.687379e-02	5.951124e-03	5.247891e-04	-3.631356e-02	2.373466e-04	-6.059718e-04
4.485180e+03	1.318221e-02	3.402003e-02	2.198954e-04	-1.297914e-02	-5.310986e-05	-2.515474e-04
4.497570e+03	-2.186588e-02	2.769182e-02	1.381235e-04	2.255715e-02	5.076958e-05	-6.557327e-04
4.509960e+03	-3.446436e-02	-6.234784e-03	1.904944e-04	3.514093e-02	1.261054e-04	-7.219542e-04
4.522350e+03	-9.577799e-03	-3.450520e-02	-8.105674e-04	1.030730e-02	-3.902651e-05	-6.693140e-04
4.534740e+03	2.589790e-02	-2.728708e-02	1.332952e-04	-2.534737e-02	2.376364e-04	-5.974966e-04
4.547130e+03	3.434670e-02	9.254201e-03	5.087901e-05	-3.449801e-02	-2.396910e-04	1.427400e-04
4.559520e+03	1.172408e-02	3.453185e-02	-2.264067e-04	-1.173610e-02	-2.083603e-04	-2.464249e-05
4.571910e+03	-2.446734e-02	2.642835e-02	2.011063e-05	2.416253e-02	-6.899800e-05	1.943150e-04
4.584300e+03	-3.488997e-02	-7.316988e-03	5.452409e-04	3.495195e-02	2.030290e-04	5.022346e-05
4.596690e+03	-1.165122e-02	-3.425789e-02	-9.982464e-05	1.134232e-02	1.260475e-04	3.316093e-04
4.609080e+03	2.421554e-02	-2.763006e-02	4.433267e-04	-2.435982e-02	2.570704e-04	1.869263e-04
4.621470e+03	3.549903e-02	7.835043e-03	-3.948025e-04	-3.569978e-02	-4.865338e-05	1.478164e-04
4.633860e+03	1.057121e-02	3.485184e-02	3.585068e-04	-1.113886e-02	-1.755789e-04	5.323895e-04
4.646250e+03	-2.121900e-02	2.501248e-02	3.857860e-04	2.068663e-02	2.396903e-05	4.985028e-04
4.658640e+03	-3.199747e-02	-7.852650e-03	5.775949e-04	3.257920e-02	1.976529e-04	-4.920041e-04
4.671030e+03	-1.158438e-02	-3.265723e-02	1.002374e-04	1.174667e-02	1.716825e-04	-1.907697e-04
4.683420e+03	2.325528e-02	-2.686447e-02	-4.450467e-04	-2.342133e-02	1.901785e-04	9.141802e-05
4.695810e+03	3.476246e-02	7.499223e-03	-6.484647e-04	-3.471444e-02	-1.271426e-04	1.594926e-05
4.708200e+03	1.165489e-02	3.339467e-02	3.278136e-05	-1.108087e-02	-2.558326e-04	-5.053736e-04
4.720590e+03	-2.405750e-02	2.722196e-02	5.803576e-04	2.398371e-02	-1.936681e-04	1.114749e-05
4.732980e+03	-3.404012e-02	-8.479755e-03	-4.495935e-05	3.442781e-02	2.569404e-04	-3.680312e-04
4.745370e+03	-9.331781e-03	-3.485345e-02	-1.222597e-04	9.985012e-03	3.913114e-04	-5.996532e-04
4.757760e+03	2.446803e-02	-2.491576e-02	-1.385444e-04	-2.446864e-02	-9.929679e-05	-2.141994e-05
4.770150e+03	3.329035e-02	9.071411e-03	8.419831e-05	-3.391978e-02	-2.875124e-04	6.596577e-04
4.782540e+03	8.935306e-03	3.325179e-02	3.652723e-04	-9.567539e-03	-1.518582e-04	5.990247e-04
4.794930e+03	-2.347640e-02	2.526935e-02	-2.262339e-04	2.353087e-02	9.872848e-05	-2.269672e-05
4.807320e+03	-3.392224e-02	-7.509896e-03	1.273548e-04	3.378927e-02	1.681307e-04	1.247006e-04
4.819710e+03	-9.544404e-03	-3.277965e-02	6.740073e-05	9.733953e-03	8.073966e-05	-2.434551e-04
4.832100e+03	2.431906e-02	-2.587016e-02	-8.968684e-05	-2.394502e-02	9.183359e-07	-3.780462e-04
4.844490e+03	3.254266e-02	7.226686e-03	-4.709216e-04	-3.332688e-02	5.754816e-05	8.132463e-04
4.856880e+03	1.049943e-02	3.207007e-02	7.116608e-04	-1.060335e-02	-3.189985e-04	9.895712e-05
4.869270e+03	-2.198248e-02	2.580024e-02	7.207706e-05	2.187278e-02	-1.632460e-04	1.036459e-04
4.881660e+03	-3.281488e-02	-7.389459e-03	1.288360e-04	3.291314e-02	1.700558e-04	-1.319361e-04
4.894050e+03	-9.697641e-03	-3.261822e-02	1.547054e-04	1.022728e-02	2.179245e-04	-5.231757e-04
4.906440e+03	2.189519e-02	-2.380850e-02	1.340413e-04	-2.222944e-02	-2.812659e-05	2.745654e-04
4.918830e+03	3.177657e-02	7.299926e-03	-5.015508e-04	-3.188183e-02	8.698022e-05	1.625075e-04
4.931220e+03	8.491226e-03	3.043601e-02	-3.086998e-04	-8.647100e-03	1.136408e-04	1.181561e-04
4.943610e+03	-2.207989e-02	2.403040e-02	6.840422e-04	2.204138e-02	-4.374867e-04	9.925795e-05
4.956000e+03	-2.968076e-02	-8.766810e-03	3.750890e-04	3.008673e-02	-2.306058e-04	-3.988643e-04
4.968390e+03	-5.358962e-03	-2.835406e-02	4.399354e-06	5.536794e-03	1.522591e-04	-1.344035e-04
4.980780e+03	2.157411e-02	-2.227311e-02	-3.551737e-04	-2.156795e-02	2.322869e-04	-9.346830e-06
4.993170e+03	2.761791e-02	7.837380e-03	4.290422e-05	-2.815475e-02	-7.238483e-05	4.714347e-04
5.005560e+03	8.115360e-03	2.943961e-02	1.397645e-04	-8.470869e-03	-2.561235e-04	3.033752e-04
5.017950e+03	-2.025465e-02	2.047341e-02	4.049729e-05	2.071198e-02	-1.619825e-05	-5.457012e-04
5.030340e+03	-2.842921e-02	-7.430829e-03	-3.382782e-04	2.822814e-02	4.385834e-04	1.990962e-04
5.042730e+03	-8.346739e-03	-2.880506e-02	1.435815e-04	8.270821e-03	2.307124e-05	8.306805e-05
5.055120e+03	2.125704e-02	-2.049905e-02	3.956155e-05	-2.177819e-02	-3.593556e-04	4.403399e-04
5.067510e+03	2.894576e-02	7.342378e-03	-7.783689e-04	-2.896078e-02	4.446276e-04	1.447828e-04
5.079900e+03	7.883560e-03	2.660000e-02	-1.603503e-04	-7.233974e-03	5.069731e-05	-7.117380e-04
5.092290e+03	-2.011091e-02	2.156315e-02	5.028436e-04	1.939438e-02	-7.545747e-04	7.183939e-04
5.104680e+03	-2.735472e-02	-7.781134e-03	3.179682e-04	2.733915e-02	-2.174797e-04	-4.150289e-05
5.117070e+03	-6.543926e-03	-2.749091e-02	-3.486000e-04	6.611348e-03	8.342635e-04	-1.022988e-04
5.129460e+03	2.107148e-02	-1.902343e-02	-3.215040e-04	-2.120035e-02	2.771020e-04	9.406374e-05
5.141850e+03	2.630320e-02	8.933928e-03	-7.143827e-05	-2.631827e-02	-2.516749e-04	-2.520948e-05
5.154240e+03	5.252772e-03	2.624715e-02	1.394481e-04	-4.791720e-03	-2.857615e-04	-4.487795e-04
5.166630e+03	-2.101091e-02	1.741871e-02	1.235277e-04	2.120102e-02	2.714767e-04	-1.674929e-04
5.179020e+03	-2.405735e-02	-1.008708e-02	2.248486e-04	2.425926e-02	-1.229202e-04	-2.336948e-04
5.191410e+03	-2.735901e-03	-2.706392e-02	5.373228e-05	2.849906e-03	-3.043566e-04	-1.215539e-04
5.203800e+03	2.054304e-02	-1.608154e-02	-3.399383e-04	-2.036042e-02	3.914597e-04	-1.748267e-04
5.216190e+03	2.342124e-02	1.084854e-02	-2.203824e-04	-2.363848e-02	5.880392e-04	3.325208e-04
5.228580e+03	2.355100e-03	2.587090e-02	1.859436e-04	-2.138017e-03	-5.273120e-04	-1.870859e-04
5.240970e+03	-1.955413e-02	1.460080e-02	2.589594e-04	1.901941e-02	-7.940952e-04	4.195026e-04
5.253360e+03	-2.298560e-02	-1.068155e-02	1.572796e-04	2.320752e-02	7.128390e-05	-1.206736e-04
5.265750e+03	-1.521089e-03	-1.937999e-02	1.605141e-04	1.800413e-03	1.257638e-03	-2.903078e-04
5.278140e+03	2.005894e-02	1.853274e-03	1.057857e-04	-2.048947e-02	2.142397e-03	3.755269e-04
5.290530e+03	1.850043e-02	1.209724e-02	-3.752113e-04	-1.890023e-02	4.458727e-04	4.088763e-04
5.302920e+03	-2.296609e-03	1.822107e-02	-3.296184e-04	1.704774e-03	-1.518009e-04	5.981205e-04
5.315310e+03	-1.941487e-02	9.775892e-03	-7.300027e-05	2.047562e-02	2.110298e-04	-8.145271e-04
5.327700e+03	-1.751824e-02	-1.001703e-02	1.341698e-04	1.769782e-02	-3.340285e-05	-2.061962e-04
5.340090e+03	-2.646749e-04	-2.235757e-02	9.262567e-05	4.745317e-04	-2.956986e-04	-2.017544e-04
5.352480e+03	1.916048e-02	-1.096378e-02	3.560677e-05	-1.925789e-02	-4.847834e-04	6.244047e-05
5.364870e+03	2.017895e-02	1.224825e-02	6.123963e-05	-2.009981e-02	7.119287e-05	-6.996513e-05
5.377260e+03	-2.935892e-04	2.240000e-02	-4.434615e-05	6.519065e-04	5.610071e-04	-3.132246e-04
5.389650e+03	-1.992624e-02	1.053637e-02	-2.227081e-05	1.955632e-02	-1.608859e-04	3.698739e-04
5.402040e+03	-1.905107e-02	-1.279798e-02	4.363446e-05	1.848693e-02	-1.823186e-04	4.683354e-04
5.414430e+03	1.062027e-03	-2.274906e-02	2.130278e-04	-6.336245e-04	4.042056e-04	-4.366954e-04
5.426820e+03	2.075270e-02	-1.018081e-02	-8.073899e-05	-2.043078e-02	4.727071e-05	-2.668305e-04
5.439210e+03	1.989553e-02	1.292586e-02	-1.420883e-04	-2.036618e-02	1.990355e-04	3.706780e-04
5.451600e+03	-2.011964e-03	2.265085e-02	4.866604e-05	1.623101e-03	2.334158e-04	3.408214e-04
5.463990e+03	-2.152832e-02	9.336874e-03	2.371514e-04	2.148924e-02	5.138295e-04	8.320489e-06
5.476380e+03	-1.711943e-02	-1.285145e-02	4.618502e-05	1.691201e-02	-1.919021e-04	1.770184e-04
5.488770e+03	2.677306e-03	-2.169008e-02	-2.215415e-04	-1.704778e-03	-1.140371e-04	-8.124699e-04
5.501160e+03	2.065357e-02	-9.241546e-03	-3.379570e-06	-2.090000e-02	7.674526e-05	4.782767e-04
5.513550e+03	1.788900e-02	1.246894e-02	6.314309e-05	-1.904995e-02	1.250305e-04	1.003152e-03
5.525940e+03	-2.596610e-03	2.320283e-02	-3.364393e-04	2.901408e-03	-8.012866e-04	-2.970756e-04
5.538330e+03	-1.958517e-02	8.674174e-03	-3.072536e-04	1.961709e-02	-6.786102e-04	-1.008420e-04
5.550720e+03	-1.686312e-02	-1.257899e-02	2.573120e-04	1.712070e-02	2.927920e-04	-2.373380e-04
5.563110e+03	2.794154e-03	-2.260712e-02	2.172807e-04	-3.234355e-03	4.664031e-04	4.422000e-04
5.575500e+03	1.574226e-02	-1.281970e-02	3.083261e-04	-1.621381e-02	5.696507e-04	3.724563e-04
5.587890e+03	2.262337e-02	1.402383e-02	-6.394589e-04	-2.181215e-02	-3.244961e-04	-8.195725e-04
5.600280e+03	-1.633109e-03	2.473150e-02	1.286805e-04	2.403334e-03	4.307177e-05	-8.589842e-04
5.612670e+03	-2.366670e-02	7.970570e-03	2.179096e-04	2.287572e-02	-2.819336e-04	7.433873e-04
5.625060e+03	-1.745881e-02	-1.667387e-02	9.479098e-04	1.665659e-02	1.033137e-03	1.180744e-03
5.637450e+03	7.091992e-03	-2.258541e-02	-1.102643e-03	-6.720996e-03	-5.371887e-04	-6.577676e-04
5.649840e+03	2.318841e-02	-3.148158e-03	-5.602441e-04	-2.186654e-02	-3.306289e-04	-1.308290e-03
5.662230e+03	1.302040e-02	1.677311e-02	1.061515e-03	-1.420941e-02	3.594493e-04	1.190378e-03
5.674620e+03	-7.956321e-03	1.972963e-02	4.309520e-04	7.248165e-03	5.242370e-05	6.736717e-04
5.687010e+03	-1.987851e-02	2.675906e-03	-9.423765e-04	2.026699e-02	-2.216406e-04	-5.578797e-04
5.699400e+03	-1.144800e-02	-1.627934e-02	-5.521692e-04	1.183850e-02	-3.035628e-04	-3.358745e-04
5.711790e+03	9.009131e-03	-1.715218e-02	2.069255e-04	-8.677347e-03	-2.792647e-04	-3.278672e-04
5.724180e+03	1.867110e-02	-1.896035e-03	8.907721e-04	-1.908080e-02	4.268918e-04	4.757922e-04
5.736570e+03	1.008927e-02	1.457105e-02	4.123237e-04	-1.070684e-02	5.960551e-04	6.473889e-04
5.748960e+03	-5.680531e-03	1.755168e-02	-7.452795e-04	6.726088e-03	-1.155719e-04	-9.220524e-04
5.761350e+03	-1.633640e-02	3.106995e-03	-2.261287e-04	1.736084e-02	-3.256227e-04	-1.080777e-03
5.773740e+03	-1.128097e-02	-1.497947e-02	5.343073e-04	1.061415e-02	-1.019375e-04	5.655850e-04
5.786130e+03	5.922296e-03	-1.673384e-02	-3.279286e-04	-6.747742e-03	1.150981e-04	9.629554e-04
5.798520e+03	1.813923e-02	-2.287426e-03	-7.136556e-04	-1.804048e-02	6.087544e-05	-9.106310e-05
5.810910e+03	1.160116e-02	1.434260e-02	-4.284014e-04	-1.095681e-02	-3.461191e-04	-6.985321e-04
5.823300e+03	-8.460346e-03	1.703312e-02	5.411259e-04	8.187593e-03	-1.951345e-04	3.566195e-04
5.835690e+03	-1.696179e-02	3.671324e-04	8.759327e-04	1.673277e-02	1.905554e-04	1.114479e-04
5.848080e+03	-9.270204e-03	-1.582407e-02	-3.830522e-04	9.484709e-03	2.110892e-04	-4.801842e-05
5.860470e+03	1.095219e-02	-1.348684e-02	-4.804429e-04	-1.011187e-02	2.210356e-04	-7.375147e-04
5.872860e+03	1.681263e-02	2.002404e-03	-3.606485e-04	-1.724003e-02	-2.610888e-04	5.922349e-04
5.885250e+03	4.522111e-03	1.415236e-02	-5.953588e-04	-5.786525e-03	-2.598072e-04	1.375965e-03
5.897640e+03	-9.482218e-03	1.312597e-02	7.007327e-04	9.535965e-03	1.003261e-04	-7.612712e-05
5.910030e+03	-1.324896e-02	-8.566484e-04	1.895767e-03	1.412835e-02	7.974299e-05	-9.645133e-04
5.922420e+03	-6.410870e-03	-1.383760e-02	-1.626158e-03	6.242418e-03	2.734195e-04	1.792595e-04
5.934810e+03	6.949580e-03	-1.237743e-02	-1.729994e-03	-7.955303e-03	2.431621e-04	9.999821e-04
5.947200e+03	1.623469e-02	3.385334e-04	7.415929e-04	-1.573251e-02	-4.897252e-04	-5.328870e-04
5.959590e+03	6.953612e-03	1.337676e-02	1.833749e-03	-6.608252e-03	-5.329591e-04	-3.779870e-04
5.971980e+03	-8.007944e-03	1.310712e-02	2.027769e-04	8.101883e-03	2.910731e-04	-1.049064e-04
5.984370e+03	-1.558459e-02	-1.644396e-03	-4.965618e-04	1.514910e-02	4.500664e-04	5.351788e-04
5.996760e+03	-6.684687e-03	-1.406196e-02	2.237276e-04	6.166892e-03	-1.592024e-04	7.060978e-04
6.009150e+03	1.191254e-02	-1.249979e-02	-3.402035e-04	-1.070464e-02	-4.487968e-05	-8.952282e-04
6.021540e+03	1.552953e-02	2.186413e-03	-3.866429e-04	-1.484510e-02	1.821390e-04	-7.156276e-04
6.033930e+03	3.419311e-03	1.558678e-02	9.807286e-04	-4.403703e-03	-3.670035e-04	8.831574e-04
6.046320e+03	-1.053013e-02	1.084593e-02	-5.692213e-04	1.005019e-02	1.219862e-04	4.033878e-04
6.058710e+03	-1.348872e-02	-6.518324e-03	-8.101865e-04	1.430017e-02	4.221166e-04	-8.078956e-04
6.071100e+03	-1.641632e-03	-1.572281e-02	4.931916e-04	2.534872e-03	-1.333665e-04	-8.777049e-04
6.083490e+03	1.062766e-02	-7.390041e-03	6.490115e-04	-1.199144e-02	-3.295575e-04	1.032704e-03
6.095880e+03	1.204650e-02	7.297574e-03	-6.686319e-04	-1.303736e-02	2.659641e-04	1.115041e-03
6.108270e+03	7.382100e-04	1.318886e-02	-6.697978e-04	-8.849818e-04	2.465218e-04	7.949261e-05
6.120660e+03	-1.000752e-02	5.625403e-03	7.925476e-04	1.134112e-02	-5.356451e-04	-8.725967e-04
6.133050e+03	-1.017683e-02	-4.250602e-03	7.650134e-04	1.106754e-02	-7.019322e-04	-7.683983e-04
6.145440e+03	-1.103171e-04	-1.113571e-02	1.476565e-04	-5.839045e-04	1.761301e-04	7.041793e-04
6.157830e+03	9.362434e-03	-1.080895e-02	-1.299961e-03	-9.421979e-03	1.199943e-03	5.598372e-05
6.170220e+03	1.005104e-02	4.829049e-03	-3.431728e-04	-1.002619e-02	-1.557849e-04	-2.466197e-05
6.182610e+03	2.909622e-03	1.488927e-02	4.808430e-04	-3.038858e-03	-7.025740e-04	1.206279e-04
6.195000e+03	-9.153580e-03	7.047628e-03	5.347627e-04	8.837463e-03	-2.053947e-04	3.185781e-04
6.207390e+03	-1.262757e-02	-7.242492e-03	3.131738e-04	1.239063e-02	4.258470e-05	3.309462e-04
6.219780e+03	-2.227389e-04	-1.320977e-02	-6.749247e-04	7.595930e-04	7.391785e-04	-5.468591e-04
6.232170e+03	1.301877e-02	-5.717075e-03	-1.180621e-04	-1.228591e-02	-4.292652e-04	-7.022835e-04
6.244560e+03	1.031602e-02	7.522889e-03	2.558624e-04	-1.039949e-02	-6.820674e-04	2.586276e-04
6.256950e+03	-3.943077e-03	1.265662e-02	3.115518e-04	2.976649e-03	1.083630e-04	7.825351e-04
6.269340e+03	-1.113973e-02	3.806500e-03	-1.308628e-04	1.122522e-02	6.245542e-04	6.885385e-06
6.281730e+03	-6.442606e-03	-9.308213e-03	-1.214890e-04	7.282864e-03	-3.910936e-04	-8.058313e-04
6.294120e+03	2.834909e-03	-9.798752e-03	-5.150299e-05	-2.923870e-03	-7.901363e-05	7.168385e-05
6.306510e+03	8.610883e-03	-1.105833e-03	1.133603e-04	-9.473068e-03	6.030872e-04	8.437612e-04
6.318900e+03	6.745739e-03	5.233663e-03	-1.561629e-04	-7.010318e-03	2.360534e-04	2.599353e-04
6.331290e+03	-2.846167e-04	8.517880e-03	-6.211413e-05	4.052212e-04	-1.311178e-03	-5.469665e-05
6.343680e+03	-8.317517e-03	4.840914e-03	2.745557e-04	8.959064e-03	-5.106198e-04	-7.013942e-04
6.356070e+03	-8.275597e-03	-4.664713e-03	4.878766e-04	7.508212e-03	1.003298e-03	7.527485e-04
6.368460e+03	3.548274e-04	-1.186869e-02	-2.322576e-04	-1.074373e-03	2.854513e-04	1.003658e-03
6.380850e+03	8.989181e-03	-4.990043e-03	-6.127046e-04	-7.703783e-03	-7.090439e-04	-1.348023e-03
