1.139880e+03	-8.028673e-02	2.540948e-02	2.284044e-03	8.831322e-02	-2.368778e-03	-1.362111e-02
1.152270e+03	-8.941665e-02	5.049419e-02	1.996478e-05	8.942350e-02	7.665318e-06	8.656330e-06
1.164660e+03	-9.928502e-02	2.441227e-02	-3.365644e-05	9.908756e-02	-1.019593e-05	6.075600e-05
1.177050e+03	-1.017868e-01	-2.994937e-03	-3.444320e-06	1.017614e-01	-1.287051e-05	1.118274e-04
1.189440e+03	-9.753914e-02	-2.972357e-02	1.487310e-05	9.767618e-02	-5.224750e-07	2.362891e-05
1.201830e+03	-8.547238e-02	-5.513379e-02	6.955729e-06	8.501375e-02	-2.418613e-05	3.591915e-04
1.214220e+03	-6.698971e-02	-7.600653e-02	9.535499e-06	6.668770e-02	-5.132473e-06	2.344601e-04
1.226610e+03	-4.555532e-02	-9.193964e-02	-1.364671e-05	4.552860e-02	-7.809637e-06	4.985726e-05
1.239000e+03	-2.025482e-02	-9.973969e-02	-3.066147e-06	2.048071e-02	9.506606e-06	-6.999792e-05
1.251390e+03	6.169722e-03	-1.015666e-01	-2.069598e-06	-6.126646e-03	-5.127514e-06	-3.856789e-05
1.263780e+03	3.366114e-02	-9.510423e-02	-1.074715e-05	-3.470343e-02	-3.137226e-05	1.603634e-04
1.276170e+03	6.091738e-02	-8.108787e-02	1.012263e-05	-6.175639e-02	1.149151e-05	4.403634e-04
1.288560e+03	8.107205e-02	-6.320090e-02	2.786254e-06	-8.136662e-02	-4.500498e-06	2.930243e-04
1.300950e+03	9.443918e-02	-4.279540e-02	1.218964e-05	-9.441742e-02	3.299269e-05	1.481722e-04
1.313340e+03	1.021882e-01	-1.516300e-02	2.010845e-05	-1.022290e-01	-2.862686e-05	2.522647e-04
1.325730e+03	1.018387e-01	1.476512e-02	4.340608e-05	-1.027224e-01	-2.475543e-05	4.355624e-04
1.338120e+03	9.495658e-02	4.177975e-02	3.034804e-05	-9.531969e-02	2.840870e-05	4.055414e-04
1.350510e+03	8.044398e-02	6.585936e-02	4.307027e-06	-8.082425e-02	3.615513e-05	3.999765e-04
1.362900e+03	5.981864e-02	8.521173e-02	6.053871e-06	-6.014170e-02	8.317643e-06	3.410799e-04
1.375290e+03	3.490731e-02	9.817073e-02	-5.688130e-05	-3.523272e-02	7.570259e-05	3.114363e-04
1.387680e+03	7.327093e-03	1.036363e-01	-2.974264e-05	-7.652505e-03	1.130688e-05	2.892689e-04
1.400070e+03	-2.098793e-02	1.023684e-01	-5.554941e-05	2.067026e-02	1.648453e-05	3.218775e-04
1.412460e+03	-4.822634e-02	9.322762e-02	-7.426643e-05	4.780443e-02	2.332911e-05	4.476778e-04
1.424850e+03	-7.208851e-02	7.657821e-02	-5.756894e-05	7.164156e-02	-1.458497e-05	4.598063e-04
1.437240e+03	-9.069023e-02	5.356703e-02	-3.517971e-05	9.017823e-02	-2.932584e-05	4.638385e-04
1.449630e+03	-1.023844e-01	2.581236e-02	-3.929066e-05	1.023214e-01	-3.640125e-05	3.812346e-04
1.462020e+03	-1.052704e-01	-4.314345e-03	-4.591699e-08	1.052452e-01	-5.147669e-05	2.769071e-04
1.474410e+03	-9.988621e-02	-3.436662e-02	2.358767e-05	9.980749e-02	-5.969365e-05	2.589804e-04
1.486800e+03	-8.599644e-02	-6.182601e-02	1.750977e-05	8.568756e-02	-5.812414e-05	2.588050e-04
1.499190e+03	-6.465140e-02	-8.450551e-02	5.829963e-05	6.442371e-02	-5.279322e-05	3.084579e-04
1.511580e+03	-3.726271e-02	-1.002818e-01	3.851441e-05	3.701512e-02	-4.375907e-05	2.665669e-04
1.523970e+03	-6.156502e-03	-1.074037e-01	3.426679e-05	5.873738e-03	-3.997936e-05	2.492599e-04
1.536360e+03	2.613120e-02	-1.048025e-01	4.126148e-05	-2.627254e-02	-4.457543e-05	1.871646e-04
1.548750e+03	5.644152e-02	-9.319736e-02	5.890540e-05	-5.647145e-02	-1.063824e-05	6.650189e-05
1.561140e+03	8.264045e-02	-7.279452e-02	6.146203e-05	-8.283099e-02	7.572974e-06	1.282853e-04
1.573530e+03	1.019380e-01	-4.502825e-02	6.971750e-05	-1.020007e-01	2.808073e-05	2.078954e-04
1.585920e+03	1.117490e-01	-1.201103e-02	7.853485e-05	-1.117744e-01	1.175136e-04	1.867240e-04
1.598310e+03	1.117791e-01	2.319588e-02	3.750036e-05	-1.118045e-01	1.319149e-04	1.194130e-04
1.610700e+03	9.964344e-02	5.667064e-02	1.226042e-05	-9.966885e-02	1.202326e-04	4.533667e-05
1.623090e+03	7.768503e-02	8.511420e-02	-4.641431e-05	-7.771306e-02	1.464459e-04	-3.666485e-05
1.635480e+03	4.776097e-02	1.058372e-01	-7.790696e-05	-4.768008e-02	1.020089e-04	-8.046099e-05
1.647870e+03	1.233302e-02	1.152287e-01	-1.176717e-04	-1.221205e-02	5.399850e-05	-1.437806e-04
1.660260e+03	-2.513086e-02	1.139587e-01	-1.358015e-04	2.521766e-02	-1.012317e-05	-1.087187e-04
1.672650e+03	-6.081695e-02	1.005881e-01	-1.289059e-04	6.090037e-02	-6.674079e-05	-9.070910e-05
1.685040e+03	-9.056590e-02	7.542307e-02	-1.081310e-04	9.066258e-02	-1.132185e-04	-9.545929e-05
1.697430e+03	-1.115010e-01	4.124132e-02	-7.779821e-05	1.114716e-01	-1.344588e-04	-6.223204e-05
1.709820e+03	-1.193026e-01	1.727150e-03	8.820090e-06	1.192772e-01	-1.458057e-04	1.704048e-05
1.722210e+03	-1.129076e-01	-3.897812e-02	2.850927e-05	1.128838e-01	-1.135396e-04	1.314005e-04
1.734600e+03	-9.333765e-02	-7.583936e-02	4.168179e-05	9.325987e-02	-9.760280e-05	1.452823e-04
1.746990e+03	-6.126113e-02	-1.041282e-01	7.410944e-05	6.103934e-02	-8.337267e-05	1.453811e-04
1.759380e+03	-2.102602e-02	-1.197771e-01	1.116096e-04	2.089838e-02	-3.728741e-05	1.641582e-04
1.771770e+03	2.299515e-02	-1.204434e-01	1.180797e-04	-2.320309e-02	-1.402532e-05	1.948455e-04
1.784160e+03	6.519841e-02	-1.059924e-01	1.140488e-04	-6.550811e-02	-7.293577e-06	3.031075e-04
1.796550e+03	1.002108e-01	-7.592939e-02	1.455798e-04	-1.005753e-01	5.316958e-05	3.280614e-04
1.808940e+03	1.226583e-01	-3.466580e-02	1.189347e-04	-1.237075e-01	1.239789e-04	5.933662e-04
1.821330e+03	1.272521e-01	1.364110e-02	9.459779e-05	-1.282775e-01	8.252875e-05	7.899217e-04
1.833720e+03	1.147318e-01	6.177190e-02	2.384011e-05	-1.157572e-01	2.319626e-04	8.676016e-04
1.846110e+03	8.394373e-02	1.022050e-01	-7.815453e-05	-8.499874e-02	2.375011e-04	1.072267e-03
1.858500e+03	3.794124e-02	1.290096e-01	-1.702914e-04	-3.921981e-02	1.754726e-04	1.286619e-03
1.870890e+03	-1.605631e-02	1.330946e-01	-2.049157e-04	1.457614e-02	6.326348e-05	1.535126e-03
1.883280e+03	-6.954370e-02	1.182128e-01	-2.527530e-04	6.769395e-02	-1.543855e-05	1.836511e-03
1.895670e+03	-1.136356e-01	7.902621e-02	-2.340090e-04	1.116000e-01	-1.239143e-04	1.968359e-03
1.908060e+03	-1.374153e-01	2.303040e-02	-1.154271e-04	1.353899e-01	-2.431737e-04	2.051005e-03
1.920450e+03	-1.341492e-01	-4.031942e-02	2.756701e-05	1.321238e-01	-2.488286e-04	1.979264e-03
1.932840e+03	-1.014225e-01	-9.750036e-02	1.229609e-04	9.942248e-02	-2.308718e-04	1.938859e-03
1.945230e+03	-4.304907e-02	-1.335539e-01	1.658148e-04	4.146185e-02	-1.633761e-04	1.582500e-03
1.957620e+03	2.909346e-02	-1.358526e-01	2.006307e-04	-3.017770e-02	-9.478193e-05	1.099016e-03
1.970010e+03	9.632963e-02	-1.017414e-01	2.077656e-04	-9.678110e-02	-1.218107e-05	3.813709e-04
1.982400e+03	1.337524e-01	-3.274555e-02	2.192491e-04	-1.327569e-01	2.174011e-04	-5.450329e-04
1.994790e+03	1.260688e-01	4.767145e-02	8.861460e-05	-1.251072e-01	2.953316e-04	-1.390445e-03
2.007180e+03	7.228065e-02	1.073692e-01	-1.492591e-04	-6.993265e-02	4.366404e-04	-2.329490e-03
2.019570e+03	-4.572422e-03	1.187596e-01	-3.901153e-04	7.750306e-03	2.672084e-04	-3.183191e-03
2.031960e+03	-6.801500e-02	8.138320e-02	-3.577889e-04	7.178945e-02	-1.237377e-04	-3.790547e-03
2.044350e+03	-8.868965e-02	1.824122e-02	-1.769193e-04	9.278853e-02	-3.505901e-04	-4.159731e-03
2.056740e+03	-6.791752e-02	-3.721249e-02	9.681730e-05	7.210053e-02	-4.104685e-04	-4.175407e-03
2.069130e+03	-2.274777e-02	-5.895556e-02	3.071368e-04	2.662778e-02	-2.405361e-04	-3.873676e-03
2.081520e+03	1.613536e-02	-4.906080e-02	3.418676e-04	-1.277545e-02	-6.248798e-06	-3.406840e-03
2.093910e+03	3.217039e-02	-2.391000e-02	2.150370e-04	-2.954398e-02	2.214447e-04	-2.654629e-03
2.106300e+03	3.026258e-02	-3.215503e-03	-3.129678e-05	-2.849162e-02	2.612003e-04	-1.811079e-03
2.118690e+03	2.192701e-02	6.387197e-03	-2.293084e-04	-2.074390e-02	2.046641e-04	-1.215035e-03
2.131080e+03	1.659800e-02	9.654307e-03	-2.351845e-04	-1.598262e-02	1.760707e-05	-6.460300e-04
2.143470e+03	1.495474e-02	1.307408e-02	-2.140074e-04	-1.485635e-02	-1.652496e-04	-7.023219e-05
2.155860e+03	1.180890e-02	2.072969e-02	-8.320970e-05	-1.253186e-02	-1.953843e-04	6.439525e-04
2.168250e+03	1.422028e-03	3.002948e-02	5.915159e-05	-2.821028e-03	-2.026972e-04	1.423000e-03
2.180640e+03	-1.774246e-02	3.208813e-02	1.705400e-04	1.594162e-02	-8.426729e-05	1.831053e-03
2.193030e+03	-3.921278e-02	1.926292e-02	1.464053e-04	3.722546e-02	2.994108e-05	1.901366e-03
2.205420e+03	-4.883298e-02	-8.810841e-03	1.189763e-04	4.724967e-02	1.083399e-04	1.519018e-03
2.217810e+03	-3.717564e-02	-4.258244e-02	2.749405e-05	3.659623e-02	1.413097e-04	6.486072e-04
2.230200e+03	-1.673710e-03	-6.273687e-02	-3.218874e-05	2.212613e-03	8.867547e-05	-4.951311e-04
2.242590e+03	4.455012e-02	-5.580606e-02	-5.992821e-05	-4.290439e-02	3.501819e-05	-1.662318e-03
2.254980e+03	7.624850e-02	-1.768175e-02	-6.906352e-05	-7.366375e-02	-2.915604e-05	-2.573961e-03
2.267370e+03	7.561633e-02	3.697943e-02	-2.783997e-05	-7.283723e-02	-2.818957e-05	-2.789284e-03
2.279760e+03	3.693567e-02	8.008168e-02	-9.316621e-05	-3.440171e-02	3.547066e-05	-2.524207e-03
2.292150e+03	-2.356787e-02	8.667705e-02	-6.052690e-05	2.514727e-02	-5.105203e-05	-1.630151e-03
2.304540e+03	-7.631528e-02	5.234112e-02	-2.539800e-05	7.671336e-02	-1.087765e-04	-3.991689e-04
2.316930e+03	-9.194945e-02	-8.722617e-03	8.418636e-05	9.110597e-02	-1.048776e-04	9.693540e-04
2.329320e+03	-6.707558e-02	-6.705522e-02	1.247473e-04	6.492257e-02	-9.021697e-05	2.143765e-03
2.341710e+03	-1.057549e-02	-9.239118e-02	1.810412e-04	7.771436e-03	-1.730685e-05	2.793242e-03
2.354100e+03	5.134105e-02	-8.010684e-02	1.554791e-04	-5.404559e-02	4.764354e-05	2.744987e-03
2.366490e+03	8.952209e-02	-3.101071e-02	9.919594e-05	-9.165435e-02	1.410305e-04	2.156532e-03
2.378880e+03	9.024744e-02	3.246618e-02	-1.351349e-05	-9.166768e-02	2.063927e-04	1.311886e-03
2.391270e+03	5.036728e-02	8.136838e-02	-1.646596e-04	-5.096468e-02	2.081681e-04	5.214701e-04
2.403660e+03	-9.646420e-03	9.248041e-02	-2.709125e-04	9.622979e-03	1.160481e-04	1.777911e-05
2.416050e+03	-6.328136e-02	6.322358e-02	-2.714447e-04	6.332488e-02	-7.638845e-05	-9.756680e-05
2.428440e+03	-8.359262e-02	7.656077e-03	-1.240915e-04	8.366721e-02	-2.282701e-04	-3.223834e-05
2.440830e+03	-6.365441e-02	-4.648292e-02	5.157337e-05	6.346414e-02	-2.625735e-04	1.830082e-04
2.453220e+03	-1.494019e-02	-7.097388e-02	2.036338e-04	1.471467e-02	-2.061462e-04	2.984491e-04
2.465610e+03	3.396085e-02	-5.759280e-02	2.739965e-04	-3.404876e-02	-5.012226e-05	1.636049e-04
2.478000e+03	5.779061e-02	-1.641368e-02	2.536420e-04	-5.751470e-02	1.464887e-04	-2.566569e-04
2.490390e+03	4.740891e-02	2.531753e-02	9.975004e-05	-4.657884e-02	3.025366e-04	-8.280585e-04
2.502780e+03	1.407724e-02	4.262539e-02	-1.059297e-04	-1.284088e-02	2.914873e-04	-1.248922e-03
2.515170e+03	-1.774042e-02	3.236335e-02	-2.092967e-04	1.931537e-02	1.401847e-04	-1.541771e-03
2.527560e+03	-2.704035e-02	5.420165e-03	-2.383093e-04	2.851542e-02	-6.226546e-05	-1.476388e-03
2.539950e+03	-1.479984e-02	-1.535353e-02	-1.013483e-04	1.613286e-02	-2.135241e-04	-1.298979e-03
2.552340e+03	6.209386e-03	-1.593943e-02	5.253841e-05	-5.211928e-03	-2.160030e-04	-9.918840e-04
2.564730e+03	1.517272e-02	-6.765034e-04	1.574909e-04	-1.454483e-02	-1.038264e-04	-6.485462e-04
2.577120e+03	7.909822e-03	1.453637e-02	1.518718e-04	-7.541287e-03	-5.837430e-06	-3.751932e-04
2.589510e+03	-1.028985e-02	1.535821e-02	8.073248e-05	1.040553e-02	8.627022e-05	-8.091450e-05
2.601900e+03	-2.123432e-02	-3.726175e-05	7.795380e-06	2.105494e-02	7.358492e-05	1.322821e-04
2.614290e+03	-1.563407e-02	-2.105095e-02	-1.951021e-05	1.531059e-02	2.218812e-05	3.275056e-04
2.626680e+03	6.970119e-03	-2.965063e-02	-1.320555e-05	-7.489602e-03	-1.167690e-05	5.244672e-04
2.639070e+03	3.191526e-02	-1.910253e-02	-6.002890e-06	-3.244067e-02	-1.420227e-05	5.851383e-04
2.651460e+03	4.036110e-02	1.049574e-02	2.948554e-06	-4.088651e-02	2.591026e-05	4.964382e-04
2.663850e+03	2.563409e-02	4.029094e-02	-9.466975e-06	-2.591895e-02	1.719448e-05	3.262640e-04
2.676240e+03	-1.062004e-02	4.946542e-02	-6.036315e-05	1.055136e-02	3.014389e-05	1.711356e-05
2.688630e+03	-4.957629e-02	2.172736e-02	-1.284442e-04	5.002317e-02	-2.627389e-05	-4.591838e-04
2.701020e+03	-5.518495e-02	-1.136712e-02	1.160146e-05	5.566083e-02	-9.823658e-05	-5.287899e-04
2.713410e+03	-3.141925e-02	-5.001260e-02	7.968311e-05	3.202666e-02	-9.933913e-05	-5.848567e-04
2.725800e+03	1.412230e-02	-6.022273e-02	1.167258e-04	-1.361752e-02	-6.095434e-05	-5.089786e-04
2.738190e+03	5.469413e-02	-3.415716e-02	1.280002e-04	-5.448403e-02	3.669345e-05	-2.153068e-04
2.750580e+03	6.400254e-02	1.348206e-02	9.389739e-05	-6.406643e-02	1.374210e-04	8.703538e-05
2.762970e+03	3.820358e-02	5.545017e-02	-4.371982e-05	-3.868168e-02	1.936452e-04	4.484191e-04
2.775360e+03	-1.034986e-02	6.672926e-02	-1.507665e-04	9.623069e-03	1.316990e-04	7.225794e-04
2.787750e+03	-5.261263e-02	4.076770e-02	-2.311670e-04	5.178718e-02	-1.353815e-05	7.955260e-04
2.800140e+03	-6.378078e-02	-6.363189e-03	-1.132139e-04	6.295536e-02	-1.714773e-04	8.032371e-04
2.812530e+03	-4.131096e-02	-4.845807e-02	5.259777e-05	4.069716e-02	-2.250841e-04	6.144492e-04
2.824920e+03	4.069044e-03	-6.169531e-02	1.964915e-04	-4.484898e-03	-1.922255e-04	4.202615e-04
2.837310e+03	4.542780e-02	-4.129857e-02	2.684468e-04	-4.565070e-02	-2.223416e-06	2.709868e-04
2.849700e+03	5.986544e-02	1.581942e-03	2.147765e-04	-6.009085e-02	1.883663e-04	2.121161e-04
2.862090e+03	4.140104e-02	4.091322e-02	1.879789e-05	-4.152081e-02	2.894818e-04	1.591398e-04
2.874480e+03	2.337057e-03	5.381527e-02	-1.747163e-04	-2.456581e-03	2.199861e-04	1.263860e-04
2.886870e+03	-3.346636e-02	3.812824e-02	-2.603179e-04	3.336700e-02	5.004516e-05	1.056583e-04
2.899260e+03	-4.562485e-02	2.816784e-03	-1.794296e-04	4.570428e-02	-1.489756e-04	-6.784594e-05
2.911650e+03	-3.008302e-02	-2.816270e-02	-3.605759e-05	3.035627e-02	-2.537737e-04	-1.953417e-04
2.924040e+03	7.982841e-04	-3.698998e-02	1.301134e-04	-4.398784e-04	-2.214392e-04	-3.521798e-04
2.936430e+03	2.668786e-02	-2.285644e-02	2.418240e-04	-2.632904e-02	-9.367632e-05	-3.938519e-04
2.948820e+03	3.247259e-02	3.954762e-03	2.088220e-04	-3.203058e-02	1.091292e-04	-3.841609e-04
2.961210e+03	1.751547e-02	2.417226e-02	8.475894e-05	-1.724401e-02	2.181560e-04	-2.677012e-04
2.973600e+03	-5.675448e-03	2.588098e-02	-5.557843e-05	5.746379e-03	1.935710e-04	-7.258546e-05
2.985990e+03	-2.059321e-02	1.084229e-02	-1.448713e-04	2.050052e-02	1.278161e-04	1.195706e-04
2.998380e+03	-1.857074e-02	-8.816240e-03	-1.917991e-04	1.832927e-02	-3.393584e-05	2.327119e-04
3.010770e+03	-2.519107e-03	-1.850024e-02	-9.928924e-05	2.200925e-03	-1.139467e-04	3.100119e-04
3.023160e+03	1.420084e-02	-1.221882e-02	1.586180e-05	-1.453683e-02	-1.575698e-04	3.251167e-04
3.035550e+03	1.866166e-02	4.317502e-03	9.256206e-05	-1.893458e-02	-9.278017e-05	2.523345e-04
3.047940e+03	9.167305e-03	1.845227e-02	1.158744e-04	-9.356532e-03	1.688575e-05	1.771940e-04
3.060330e+03	-8.354254e-03	1.928605e-02	7.017631e-05	8.264409e-03	6.330275e-05	8.167553e-05
3.072720e+03	-2.036424e-02	5.319646e-03	3.413709e-05	2.033778e-02	1.088392e-04	-4.795226e-05
3.085110e+03	-1.698009e-02	-1.334201e-02	-9.677591e-06	1.718025e-02	6.084283e-05	-1.277425e-04
3.097500e+03	1.396853e-04	-2.274124e-02	-2.239819e-05	1.096549e-04	2.391470e-05	-2.612569e-04
3.109890e+03	1.992809e-02	-1.681066e-02	-4.123427e-05	-1.964264e-02	-5.037496e-05	-2.992698e-04
3.122280e+03	2.843769e-02	3.550509e-03	-1.105580e-05	-2.806295e-02	-2.672596e-06	-3.413524e-04
3.134670e+03	1.886925e-02	2.449116e-02	-2.638822e-05	-1.860035e-02	-4.306126e-06	-2.819592e-04
3.147060e+03	-3.842490e-03	3.136738e-02	-2.925257e-05	4.028245e-03	-1.381756e-05	-1.694017e-04
3.159450e+03	-2.553452e-02	1.948938e-02	-9.705734e-06	2.551026e-02	-4.667975e-05	1.264442e-05
3.171840e+03	-3.124289e-02	-5.121897e-03	2.452234e-05	3.106373e-02	-5.199161e-05	1.922202e-04
3.184230e+03	-1.833944e-02	-2.723693e-02	7.574768e-05	1.797007e-02	-4.867297e-05	3.555061e-04
3.196620e+03	7.510137e-03	-3.291748e-02	9.329540e-05	-7.954981e-03	4.299806e-06	4.435585e-04
3.209010e+03	3.037456e-02	-1.774316e-02	3.939869e-05	-3.079984e-02	4.824749e-05	4.410949e-04
3.221400e+03	3.495301e-02	8.830993e-03	2.580168e-06	-3.533624e-02	1.155406e-04	3.587959e-04
3.233790e+03	1.997838e-02	3.162039e-02	-9.256812e-05	-2.018338e-02	8.933476e-05	2.271258e-04
3.246180e+03	-7.102206e-03	3.648809e-02	-1.391634e-04	7.079611e-03	-2.225854e-06	2.705057e-05
3.258570e+03	-3.000616e-02	2.054456e-02	-6.910808e-05	3.006609e-02	-8.926156e-05	-9.419048e-05
3.270960e+03	-3.426673e-02	-6.673157e-03	-1.747802e-05	3.443964e-02	-1.374730e-04	-1.986146e-04
3.283350e+03	-1.820338e-02	-2.889589e-02	1.236053e-04	1.848378e-02	-1.164951e-04	-2.455334e-04
3.295740e+03	8.854452e-03	-3.275337e-02	1.738836e-04	-8.644567e-03	-3.578019e-05	-2.238709e-04
3.308130e+03	3.034447e-02	-1.675869e-02	1.254802e-04	-3.026398e-02	8.571972e-05	-1.649531e-04
3.320520e+03	3.342839e-02	9.456579e-03	3.115726e-05	-3.327517e-02	1.798121e-04	-8.575953e-05
3.332910e+03	1.708953e-02	2.932795e-02	-9.855881e-05	-1.712459e-02	1.487441e-04	1.774111e-05
3.345300e+03	-8.022998e-03	3.153043e-02	-1.741591e-04	7.900555e-03	3.645573e-05	1.214888e-04
3.357690e+03	-2.675242e-02	1.589893e-02	-1.386217e-04	2.654934e-02	-9.259825e-05	1.888456e-04
3.370080e+03	-2.810159e-02	-7.702201e-03	-1.663197e-05	2.787618e-02	-1.672778e-04	2.276877e-04
3.382470e+03	-1.250182e-02	-2.440975e-02	1.185012e-04	1.227446e-02	-1.390433e-04	2.440081e-04
3.394860e+03	9.635204e-03	-2.503698e-02	2.027906e-04	-9.830606e-03	-1.086838e-05	1.935845e-04
3.407250e+03	2.492452e-02	-9.931491e-03	1.367380e-04	-2.508045e-02	1.134191e-04	1.670913e-04
3.419640e+03	2.290553e-02	1.267628e-02	5.646086e-06	-2.293094e-02	1.841760e-04	7.086381e-05
3.432030e+03	9.602727e-03	2.373758e-02	-1.226306e-04	-9.594908e-03	1.420341e-04	-1.052010e-05
3.444420e+03	-9.068900e-03	2.193095e-02	-1.482047e-04	9.223202e-03	1.879680e-05	-8.592433e-05
3.456810e+03	-1.997402e-02	7.664252e-03	-1.268446e-04	2.011007e-02	-9.458934e-05	-1.431375e-04
3.469200e+03	-1.721792e-02	-9.340712e-03	-1.003750e-05	1.739331e-02	-1.655230e-04	-1.592390e-04
3.481590e+03	-3.310287e-03	-1.774123e-02	1.163879e-04	3.454070e-03	-1.432465e-04	-1.452216e-04
3.493980e+03	1.169045e-02	-1.398121e-02	1.715608e-04	-1.161683e-02	-5.018262e-06	-1.183252e-04
3.506370e+03	1.827427e-02	-5.305496e-04	1.367282e-04	-1.819968e-02	9.894060e-05	-6.762925e-05
3.518760e+03	1.284328e-02	1.276625e-02	-9.050964e-06	-1.287302e-02	1.610495e-04	1.698678e-05
3.531150e+03	-6.356655e-05	1.684969e-02	-1.145451e-04	-1.068936e-05	1.200996e-04	7.552157e-05
3.543540e+03	-1.158777e-02	1.071942e-02	-1.555395e-04	1.146109e-02	1.170336e-06	1.556427e-04
3.555930e+03	-1.416366e-02	-1.852054e-03	-9.877775e-05	1.402507e-02	-1.398604e-04	1.982226e-04
3.568320e+03	-6.587724e-03	-1.159041e-02	1.793301e-05	6.404264e-03	-1.566838e-04	1.857868e-04
3.580710e+03	5.586331e-03	-1.219987e-02	1.349438e-04	-5.723417e-03	-1.179542e-04	1.344950e-04
3.593100e+03	1.409262e-02	-3.654680e-03	1.781297e-04	-1.412631e-02	3.581552e-05	8.612357e-05
3.605490e+03	1.278780e-02	8.074065e-03	1.105117e-04	-1.281553e-02	1.445507e-04	6.856531e-06
3.617880e+03	3.317102e-03	1.460704e-02	-2.123126e-05	-3.256977e-03	1.759345e-04	-6.219354e-05
3.630270e+03	-7.924455e-03	1.208677e-02	-1.368026e-04	8.053241e-03	1.111355e-04	-1.085781e-04
3.642660e+03	-1.318211e-02	1.775482e-03	-1.741417e-04	1.335253e-02	-2.750901e-05	-1.268466e-04
3.655050e+03	-9.097965e-03	-9.268385e-03	-9.593481e-05	9.192680e-03	-1.403409e-04	-9.525323e-05
3.667440e+03	1.858640e-03	-1.318564e-02	2.495784e-05	-1.791558e-03	-1.734835e-04	-6.779906e-05
3.679830e+03	1.242136e-02	-7.724568e-03	1.468302e-04	-1.234142e-02	-1.124394e-04	-1.364357e-05
3.692220e+03	1.504423e-02	3.846043e-03	1.658230e-04	-1.506893e-02	8.673857e-06	4.732532e-05
3.704610e+03	8.574160e-03	1.378018e-02	1.361034e-04	-8.666876e-03	1.337485e-04	9.392015e-05
3.717000e+03	-3.392738e-03	1.581739e-02	-1.589134e-05	3.240782e-03	1.692930e-04	1.482371e-04
3.729390e+03	-1.292360e-02	8.188390e-03	-1.086858e-04	1.279812e-02	1.191075e-04	1.584690e-04
3.741780e+03	-1.380011e-02	-4.092771e-03	-1.420871e-04	1.367469e-02	6.524247e-06	1.482726e-04
3.754170e+03	-5.592663e-03	-1.329624e-02	-1.031962e-04	5.440632e-03	-8.396982e-05	1.407519e-04
3.766560e+03	6.788827e-03	-1.327828e-02	-1.148284e-05	-6.858650e-03	-1.648274e-04	7.570216e-05
3.778950e+03	1.535480e-02	-4.417065e-03	9.621395e-05	-1.537933e-02	-1.171435e-04	3.364056e-05
3.791340e+03	1.490559e-02	7.992630e-03	1.451054e-04	-1.491603e-02	-4.305464e-05	-2.081773e-05
3.803730e+03	5.449766e-03	1.602096e-02	1.167378e-04	-5.395044e-03	7.902694e-05	-5.802527e-05
3.816120e+03	-6.934165e-03	1.479847e-02	2.658513e-05	7.018845e-03	1.329963e-04	-8.734915e-05
3.828510e+03	-1.459087e-02	5.016030e-03	-5.807186e-05	1.466536e-02	1.095025e-04	-9.186495e-05
3.840900e+03	-1.262998e-02	-7.196981e-03	-9.601538e-05	1.270623e-02	1.603393e-05	-5.083872e-05
3.853290e+03	-2.631185e-03	-1.398182e-02	-7.666523e-05	2.649184e-03	-5.576645e-05	-1.882908e-05
3.865680e+03	9.209934e-03	-1.179482e-02	-1.818346e-05	-9.244239e-03	-9.279422e-05	4.420641e-05
3.878070e+03	1.542596e-02	-1.708483e-03	3.951218e-05	-1.547890e-02	-7.962067e-05	7.265393e-05
3.890460e+03	1.274956e-02	9.830695e-03	9.290384e-05	-1.287501e-02	-2.547910e-05	1.102883e-04
3.902850e+03	2.715552e-03	1.564048e-02	5.296430e-05	-2.851581e-03	5.213666e-05	1.365739e-04
3.915240e+03	-8.252205e-03	1.247550e-02	2.067547e-05	8.127054e-03	8.234863e-05	1.175121e-04
3.927630e+03	-1.325585e-02	2.546632e-03	-1.604692e-05	1.313044e-02	6.652123e-05	9.938291e-05
3.940020e+03	-9.996007e-03	-7.969007e-03	-5.513659e-05	9.891927e-03	6.962288e-06	7.551076e-05
3.952410e+03	-1.504120e-04	-1.237274e-02	-4.200865e-05	1.361733e-04	-1.510027e-05	1.610676e-05
3.964800e+03	9.776637e-03	-8.807761e-03	-9.998585e-06	-9.777750e-03	-3.860982e-05	-2.439732e-06
3.977190e+03	1.379694e-02	8.003442e-04	4.153285e-05	-1.372235e-02	-6.208534e-05	-4.802506e-05
3.989580e+03	9.710410e-03	1.008594e-02	3.742621e-05	-9.635511e-03	8.946246e-06	-7.292822e-05
4.001970e+03	3.878775e-04	1.327289e-02	4.852289e-05	-3.411500e-04	2.155889e-05	-5.522014e-05
4.014360e+03	-8.158774e-03	9.028582e-03	2.023774e-05	8.192707e-03	4.546034e-05	-2.974518e-05
4.026750e+03	-1.062696e-02	9.225385e-05	9.109894e-07	1.060147e-02	3.867335e-05	-1.412166e-05
4.039140e+03	-6.202490e-03	-7.692405e-03	-2.637490e-05	6.186138e-03	8.794271e-06	1.300046e-05
4.051530e+03	2.236161e-03	-9.523183e-03	-2.916899e-05	-2.314530e-03	-2.073204e-05	7.561841e-05
4.063920e+03	9.235156e-03	-5.103017e-03	7.915425e-06	-9.313147e-03	-3.836932e-05	8.841392e-05
4.076310e+03	1.069222e-02	3.146317e-03	1.552079e-05	-1.081753e-02	-2.274750e-05	1.227860e-04
4.088700e+03	5.784498e-03	9.555565e-03	2.725663e-05	-5.889811e-03	1.306482e-05	1.017950e-04
4.101090e+03	-1.890356e-03	1.021203e-02	1.152186e-05	1.813241e-03	1.569118e-05	7.653372e-05
4.113480e+03	-7.500748e-03	5.382029e-03	1.236034e-05	7.481872e-03	1.543949e-05	3.158752e-05
4.125870e+03	-7.656005e-03	-1.883652e-03	6.216735e-06	7.642245e-03	1.554290e-05	5.983572e-06
4.138260e+03	-2.640265e-03	-6.765948e-03	-6.988649e-06	2.660161e-03	7.701233e-06	-1.834116e-05
4.150650e+03	4.126893e-03	-6.414251e-03	-2.246448e-06	-4.081870e-03	-7.489863e-06	-4.376300e-05
4.163040e+03	8.153818e-03	-1.317566e-03	1.513696e-06	-8.113738e-03	-1.488195e-05	-4.009346e-05
4.175430e+03	7.386558e-03	4.916295e-03	1.582414e-05	-7.326092e-03	-2.081006e-05	-5.386354e-05
4.187820e+03	2.276462e-03	8.230709e-03	2.644301e-05	-2.250580e-03	-1.034583e-05	-2.967943e-05
4.200210e+03	-3.499313e-03	6.972911e-03	6.546980e-06	3.493736e-03	1.029077e-05	7.127493e-06
4.212600e+03	-6.279287e-03	1.876646e-03	8.597676e-06	6.253842e-03	1.737407e-05	2.289912e-05
4.224990e+03	-4.424354e-03	-3.392146e-03	-4.558897e-06	4.381987e-03	2.416588e-06	4.336024e-05
4.237380e+03	5.998565e-04	-5.424196e-03	4.963901e-06	-6.701802e-04	-5.962639e-08	6.974009e-05
4.249770e+03	5.410032e-03	-3.262915e-03	-3.286365e-06	-5.475407e-03	-6.079802e-06	6.531956e-05
4.262160e+03	6.827532e-03	1.710899e-03	1.725073e-05	-6.886570e-03	-1.682579e-05	6.220096e-05
4.274550e+03	4.313272e-03	6.014993e-03	1.318735e-05	-4.396010e-03	7.696313e-06	7.668254e-05
4.286940e+03	-5.380385e-04	6.978193e-03	3.150256e-05	4.999848e-04	4.085251e-06	4.134766e-05
4.299330e+03	-4.398291e-03	4.076138e-03	1.342924e-05	4.374369e-03	3.580824e-06	2.935742e-05
4.311720e+03	-4.764831e-03	-7.160106e-04	3.304105e-06	4.768459e-03	6.757190e-06	-2.894335e-06
4.324110e+03	-1.600503e-03	-4.176704e-03	2.562051e-05	1.624509e-03	7.840853e-06	-1.699972e-05
4.336500e+03	3.033739e-03	-4.060022e-03	-3.392239e-06	-2.978488e-03	1.508878e-05	-5.258499e-05
4.348890e+03	6.006067e-03	-6.471587e-04	-4.299979e-06	-5.975371e-03	-1.581243e-06	-2.985076e-05
4.361280e+03	5.523344e-03	3.801375e-03	-5.186719e-06	-5.499459e-03	1.267118e-05	-2.300391e-05
4.373670e+03	1.915586e-03	6.314752e-03	-1.996773e-06	-1.937843e-03	-1.060020e-05	1.746296e-05
4.386060e+03	-2.355011e-03	5.512188e-03	-9.944986e-06	2.318372e-03	-1.900850e-05	3.508325e-05
4.398450e+03	-4.582028e-03	1.747490e-03	3.167019e-05	4.497115e-03	-8.555756e-06	8.023979e-05
4.410840e+03	-3.289730e-03	-2.247538e-03	4.425425e-05	3.222707e-03	-8.048875e-06	6.834329e-05
4.423230e+03	4.525624e-04	-3.937120e-03	3.896077e-05	-5.384057e-04	1.907335e-05	8.858182e-05
4.435620e+03	4.248333e-03	-2.464490e-03	1.180585e-05	-4.318671e-03	2.651335e-05	6.670065e-05
4.448010e+03	5.616605e-03	1.323318e-03	1.928791e-06	-5.673003e-03	3.027245e-05	6.009346e-05
4.460400e+03	3.864759e-03	4.858806e-03	-2.149320e-05	-3.909658e-03	2.045667e-05	5.261510e-05
4.472790e+03	5.120296e-05	5.833776e-03	-3.872744e-05	-8.585489e-05	8.452257e-08	3.530001e-05
4.485180e+03	-3.203243e-03	3.866823e-03	-3.133307e-06	3.185984e-03	-3.882894e-05	2.145747e-05
4.497570e+03	-3.850206e-03	1.157579e-04	2.149575e-05	3.838600e-03	-2.945180e-05	5.164495e-06
4.509960e+03	-1.651349e-03	-2.850662e-03	4.173560e-05	1.650248e-03	-1.236933e-05	3.378171e-07
4.522350e+03	2.011724e-03	-3.257155e-03	5.188565e-05	-1.999156e-03	1.575091e-05	-9.746923e-06
4.534740e+03	4.683894e-03	-8.213358e-04	4.371038e-05	-4.680569e-03	2.811402e-05	-2.207011e-06
4.547130e+03	4.717521e-03	2.698640e-03	2.146063e-06	-4.728544e-03	5.828729e-05	1.438723e-05
4.559520e+03	2.221532e-03	5.092552e-03	-3.338331e-05	-2.252914e-03	2.790550e-05	3.410491e-05
4.571910e+03	-1.178431e-03	4.841864e-03	-3.844695e-05	1.108603e-03	-4.288710e-07	6.617695e-05
4.584300e+03	-3.189931e-03	2.247683e-03	-3.584071e-06	3.114518e-03	-3.315712e-05	7.830578e-05
4.596690e+03	-2.748623e-03	-9.353815e-04	5.620123e-06	2.653326e-03	-3.041086e-05	9.127206e-05
4.609080e+03	-9.552565e-05	-2.713769e-03	4.616305e-05	5.187986e-06	-3.308396e-05	9.005438e-05
4.621470e+03	2.914137e-03	-1.956194e-03	5.833458e-05	-2.991247e-03	5.164068e-06	8.097032e-05
4.633860e+03	4.288701e-03	7.428759e-04	2.940484e-05	-4.337885e-03	3.941703e-05	4.842631e-05
4.646250e+03	3.371601e-03	3.561355e-03	3.428217e-06	-3.397750e-03	3.383816e-05	2.620068e-05
4.658640e+03	6.916033e-04	4.694585e-03	-1.896611e-05	-7.100136e-04	4.434100e-05	1.860508e-05
4.671030e+03	-1.945566e-03	3.471510e-03	-4.104499e-05	1.926770e-03	-9.219570e-06	1.484431e-05
4.683420e+03	-2.667492e-03	7.590354e-04	-1.615759e-05	2.677915e-03	-3.086858e-05	-7.847163e-06
4.695810e+03	-1.365592e-03	-1.582251e-03	4.046817e-06	1.347763e-03	-4.199134e-05	1.627102e-05
4.708200e+03	1.148829e-03	-2.163494e-03	3.892815e-05	-1.163247e-03	-3.237303e-05	1.255800e-05
4.720590e+03	3.391752e-03	-6.092870e-04	5.472801e-05	-3.399167e-03	1.124456e-06	6.248843e-06
4.732980e+03	3.654753e-03	1.934614e-03	4.885381e-05	-3.688496e-03	3.816251e-05	3.959483e-05
4.745370e+03	1.951973e-03	3.861877e-03	3.730435e-06	-2.008611e-03	4.190974e-05	5.637405e-05
4.757760e+03	-4.961613e-04	3.840186e-03	-3.438372e-05	4.205867e-04	3.643938e-05	7.266991e-05
4.770150e+03	-2.080515e-03	2.048460e-03	-2.880696e-05	2.006906e-03	1.130148e-06	7.776226e-05
4.782540e+03	-1.859886e-03	-3.132046e-04	-2.093269e-05	1.775835e-03	-2.061134e-05	8.238616e-05
4.794930e+03	4.451560e-05	-1.704781e-03	2.203914e-05	-1.101168e-04	-4.720400e-05	6.585818e-05
4.807320e+03	2.252695e-03	-1.189840e-03	2.329712e-05	-2.307866e-03	-2.079380e-05	5.338098e-05
4.819710e+03	3.390627e-03	7.337210e-04	4.614963e-05	-3.411943e-03	8.380372e-07	2.821707e-05
4.832100e+03	2.740148e-03	2.868324e-03	3.348008e-05	-2.753853e-03	2.604853e-05	1.310637e-05
4.844490e+03	7.011687e-04	3.674851e-03	1.855116e-05	-7.230836e-04	3.318699e-05	2.093636e-05
4.856880e+03	-1.213290e-03	2.845863e-03	-3.074908e-05	1.186820e-03	3.823065e-05	2.241305e-05
4.869270e+03	-1.852982e-03	8.385768e-04	-1.789363e-05	1.847570e-03	-2.588384e-06	1.067396e-05
4.881660e+03	-8.034770e-04	-9.319178e-04	-1.324658e-05	7.800062e-04	-1.180825e-05	2.824328e-05
4.894050e+03	1.182109e-03	-1.367298e-03	2.209924e-05	-1.210577e-03	-3.206359e-05	2.808993e-05
4.906440e+03	2.846516e-03	-2.092240e-04	3.012869e-05	-2.890556e-03	-1.577359e-05	4.231502e-05
4.918830e+03	2.852689e-03	2.192709e-03	5.147742e-05	-2.914952e-03	3.233137e-05	6.139015e-05
4.931220e+03	1.723958e-03	3.273205e-03	1.351144e-05	-1.767466e-03	3.894782e-05	4.215428e-05
4.943610e+03	-2.140587e-04	3.314735e-03	1.544052e-06	1.504827e-04	2.975916e-05	6.212327e-05
4.956000e+03	-1.480620e-03	1.867291e-03	-1.441398e-05	1.425425e-03	1.632258e-05	6.042160e-05
4.968390e+03	-1.330505e-03	1.581335e-05	-2.106051e-05	1.275343e-03	1.659763e-05	5.926756e-05
4.980780e+03	1.297068e-04	-1.108438e-03	-9.109012e-06	-1.769753e-04	-1.558410e-05	4.707395e-05
4.993170e+03	1.932630e-03	-7.698409e-04	1.458918e-05	-1.988964e-03	-3.379327e-05	4.821935e-05
5.005560e+03	2.840484e-03	7.911614e-04	2.835815e-05	-2.865551e-03	-1.879200e-05	3.304904e-05
5.017950e+03	2.363325e-03	2.499381e-03	3.865078e-05	-2.374937e-03	2.216222e-06	1.890739e-05
5.030340e+03	7.839397e-04	3.211740e-03	2.321070e-05	-8.045537e-04	2.010583e-05	2.012112e-05
5.042730e+03	-8.430640e-04	2.550458e-03	1.095241e-05	8.074161e-04	2.685132e-05	3.579166e-05
5.055120e+03	-1.342987e-03	9.047719e-04	-7.344149e-06	1.317575e-03	2.337230e-05	2.608334e-05
5.067510e+03	-5.686976e-04	-6.024919e-04	-9.994649e-06	5.361345e-04	9.414368e-06	3.405046e-05
5.079900e+03	1.117889e-03	-9.537483e-04	-7.014644e-06	-1.159499e-03	-8.588609e-06	4.083608e-05
5.092290e+03	2.516303e-03	2.931928e-05	1.640010e-07	-2.553695e-03	-2.789802e-05	4.066667e-05
5.104680e+03	2.696045e-03	1.757231e-03	1.422353e-05	-2.741457e-03	-1.247277e-05	4.946533e-05
5.117070e+03	1.573712e-03	3.048146e-03	2.262527e-05	-1.632002e-03	-9.761363e-06	5.895792e-05
5.129460e+03	-1.378372e-04	3.035365e-03	2.896857e-05	8.809238e-05	1.314477e-05	5.050102e-05
5.141850e+03	-1.281216e-03	1.808762e-03	1.450465e-05	1.241513e-03	1.372310e-05	4.697968e-05
5.154240e+03	-1.164876e-03	1.419666e-04	1.161343e-05	1.119261e-03	2.104042e-05	4.275141e-05
5.166630e+03	1.917908e-04	-9.023934e-04	-3.589893e-06	-2.229240e-04	2.512979e-06	3.083688e-05
5.179020e+03	1.835326e-03	-6.494352e-04	3.954880e-06	-1.861451e-03	7.211718e-06	2.753246e-05
5.191410e+03	2.774201e-03	7.724133e-04	6.845696e-06	-2.789503e-03	1.628839e-06	1.665802e-05
5.203800e+03	2.357897e-03	2.397081e-03	1.184411e-05	-2.384732e-03	3.666900e-06	2.527314e-05
5.216190e+03	8.757993e-04	3.144435e-03	1.523464e-05	-9.013517e-04	3.235835e-07	2.549263e-05
5.228580e+03	-6.751489e-04	2.620190e-03	1.569011e-05	6.584116e-04	1.206109e-05	2.071664e-05
5.240970e+03	-1.349551e-03	1.132406e-03	6.489622e-06	1.323882e-03	7.174097e-06	2.777952e-05
5.253360e+03	-7.295332e-04	-3.379161e-04	5.075890e-07	6.678792e-04	4.926335e-06	5.545736e-05
5.265750e+03	7.929377e-04	-8.606976e-04	5.945979e-06	-8.408853e-04	2.592345e-06	4.895689e-05
5.278140e+03	2.213678e-03	-1.428707e-04	1.590270e-06	-2.257907e-03	-5.975635e-06	4.626304e-05
5.290530e+03	2.626310e-03	1.365539e-03	1.252595e-05	-2.681697e-03	4.622627e-06	5.135701e-05
5.302920e+03	1.819174e-03	2.740364e-03	1.389817e-05	-1.850412e-03	7.640368e-06	3.105879e-05
5.315310e+03	2.882581e-04	2.993261e-03	1.220639e-05	-3.241913e-04	1.033971e-05	3.585358e-05
5.327700e+03	-9.741713e-04	2.145356e-03	1.147810e-05	9.490528e-04	1.377434e-05	2.154208e-05
5.340090e+03	-1.154777e-03	6.245764e-04	9.297287e-06	1.130051e-03	9.258789e-06	2.549411e-05
5.352480e+03	-2.243462e-04	-5.424819e-04	8.022858e-06	1.951732e-04	-2.276051e-06	2.882982e-05
5.364870e+03	1.274130e-03	-6.356861e-04	-1.563185e-06	-1.295163e-03	-1.206609e-05	2.199054e-05
5.377260e+03	2.337627e-03	3.331000e-04	2.022614e-05	-2.369245e-03	-4.387358e-06	3.123520e-05
5.389650e+03	2.367973e-03	1.757142e-03	9.945667e-06	-2.403296e-03	7.326689e-06	3.661345e-05
5.402040e+03	1.351566e-03	2.764088e-03	3.181365e-05	-1.391906e-03	1.415268e-05	4.009562e-05
5.414430e+03	-4.993585e-05	2.708254e-03	1.218986e-05	1.892435e-05	1.257120e-05	3.185751e-05
5.426820e+03	-9.842628e-04	1.678181e-03	3.182332e-07	9.487798e-04	1.540260e-05	3.933151e-05
5.439210e+03	-8.894182e-04	3.255671e-04	-1.381229e-05	8.613038e-04	1.791261e-06	3.731185e-05
5.451600e+03	1.653941e-04	-5.034137e-04	2.241648e-06	-2.032663e-04	-3.499579e-06	3.873344e-05
5.463990e+03	1.498531e-03	-3.533634e-04	-8.263368e-06	-1.528898e-03	-2.970052e-06	3.102296e-05
5.476380e+03	2.238872e-03	6.758088e-04	1.764956e-05	-2.257765e-03	-9.999372e-06	2.069877e-05
5.488770e+03	2.032863e-03	1.895961e-03	2.307457e-05	-2.055990e-03	4.160270e-09	2.359124e-05
5.501160e+03	1.012802e-03	2.582683e-03	8.808377e-06	-1.028587e-03	1.114965e-05	1.630717e-05
5.513550e+03	-1.364404e-04	2.331091e-03	1.242280e-05	1.131138e-04	1.260077e-05	2.320549e-05
5.525940e+03	-7.901824e-04	1.364216e-03	-6.033176e-06	7.560751e-04	2.048979e-05	3.469483e-05
5.538330e+03	-4.866639e-04	2.450400e-04	1.001763e-06	4.515654e-04	1.132319e-05	3.429204e-05
5.550720e+03	4.417763e-04	-2.692595e-04	-4.690382e-06	-4.864549e-04	-5.463579e-06	4.432646e-05
5.563110e+03	1.467377e-03	-1.739658e-05	3.055096e-06	-1.501413e-03	-1.082710e-05	3.351880e-05
5.575500e+03	2.016505e-03	9.386650e-04	8.476787e-06	-2.061617e-03	-9.488029e-06	4.336912e-05
5.587890e+03	1.726475e-03	1.866410e-03	1.392116e-05	-1.754320e-03	5.806249e-07	2.823340e-05
5.600280e+03	8.564492e-04	2.323419e-03	2.580566e-05	-8.867947e-04	6.374826e-06	3.083770e-05
5.612670e+03	-5.736276e-05	2.061015e-03	1.243944e-05	2.189617e-05	1.806415e-05	3.624471e-05
5.625060e+03	-4.800997e-04	1.231525e-03	1.260918e-07	4.349412e-04	7.605555e-06	4.105603e-05
5.637450e+03	-2.200885e-04	4.065306e-04	5.440915e-06	1.785622e-04	7.747862e-06	4.430136e-05
5.649840e+03	5.374225e-04	4.460543e-05	-2.428334e-07	-5.789438e-04	9.277861e-06	4.142417e-05
5.662230e+03	1.311059e-03	2.704109e-04	-1.547082e-06	-1.345366e-03	4.827950e-06	3.462190e-05
5.674620e+03	1.672805e-03	9.557549e-04	-6.044027e-06	-1.699222e-03	-1.263061e-06	2.622005e-05
5.687010e+03	1.437166e-03	1.658039e-03	6.460764e-06	-1.453317e-03	-7.866235e-06	1.466747e-05
5.699400e+03	8.269538e-04	1.953363e-03	8.425848e-06	-8.376317e-04	-3.002470e-06	1.115764e-05
5.711790e+03	2.034148e-04	1.784320e-03	6.261980e-06	-2.153369e-04	-5.291034e-06	1.298918e-05
5.724180e+03	-9.989581e-05	1.217881e-03	1.357347e-05	6.247747e-05	1.490469e-07	3.765835e-05
5.736570e+03	9.175272e-05	6.544795e-04	1.513326e-05	-1.375876e-04	7.749817e-06	4.613814e-05
5.748960e+03	5.500196e-04	4.330287e-04	8.798073e-06	-6.123404e-04	1.531354e-06	6.205853e-05
5.761350e+03	1.072104e-03	5.751901e-04	1.213478e-05	-1.117429e-03	3.247980e-06	4.590059e-05
5.773740e+03	1.273787e-03	1.008271e-03	1.153185e-05	-1.325146e-03	1.288238e-05	5.121504e-05
5.786130e+03	1.145044e-03	1.420216e-03	-8.320081e-08	-1.186644e-03	1.490512e-05	4.168843e-05
5.798520e+03	7.701066e-04	1.620666e-03	1.114149e-05	-7.963347e-04	4.174638e-06	2.695318e-05
5.810910e+03	3.978444e-04	1.509181e-03	1.097975e-05	-4.202071e-04	5.588040e-06	2.378345e-05
5.823300e+03	2.329093e-04	1.167576e-03	1.024220e-05	-2.622985e-04	-5.617364e-07	3.054254e-05
5.835690e+03	3.498997e-04	8.603999e-04	6.097383e-06	-3.798022e-04	6.822701e-06	3.048155e-05
5.848080e+03	5.950093e-04	7.058676e-04	9.791534e-06	-6.284563e-04	2.095913e-06	3.358335e-05
5.860470e+03	8.887169e-04	7.577792e-04	7.673924e-06	-9.222531e-04	6.605920e-06	3.476700e-05
5.872860e+03	1.048548e-03	1.009746e-03	4.890521e-06	-1.068788e-03	1.130459e-05	2.016826e-05
5.885250e+03	9.936752e-04	1.284433e-03	4.228115e-06	-1.025055e-03	-5.587983e-06	3.076938e-05
5.897640e+03	7.542631e-04	1.412031e-03	9.849596e-06	-7.907399e-04	3.958348e-06	3.620190e-05
5.910030e+03	5.475447e-04	1.360256e-03	1.049790e-05	-5.831324e-04	2.383816e-06	3.560071e-05
5.922420e+03	4.153981e-04	1.193850e-03	4.278379e-06	-4.502550e-04	-8.266993e-07	3.522170e-05
5.934810e+03	4.459884e-04	9.862251e-04	1.152813e-05	-5.063889e-04	-3.201736e-06	5.947882e-05
5.947200e+03	5.590389e-04	8.625142e-04	1.414757e-05	-6.128998e-04	4.410064e-06	5.301577e-05
5.959590e+03	7.639277e-04	8.718880e-04	1.764428e-05	-8.098815e-04	-1.885686e-07	4.638994e-05
5.971980e+03	8.808686e-04	9.795932e-04	9.533086e-06	-9.142051e-04	6.548610e-06	3.317008e-05
5.984370e+03	9.070980e-04	1.141155e-03	6.633269e-06	-9.337834e-04	1.246928e-05	2.704557e-05
5.996760e+03	8.243152e-04	1.295994e-03	8.150953e-06	-8.449760e-04	5.513366e-06	2.083287e-05
6.009150e+03	6.705727e-04	1.304529e-03	1.097909e-06	-6.909150e-04	1.104980e-05	2.043638e-05
6.021540e+03	5.286325e-04	1.231391e-03	6.221067e-06	-5.557905e-04	3.155702e-06	2.667369e-05
6.033930e+03	4.809329e-04	1.101867e-03	1.060917e-05	-5.185842e-04	7.100961e-07	3.833535e-05
6.046320e+03	5.350980e-04	9.669319e-04	7.614682e-06	-5.829525e-04	-5.011163e-06	4.836398e-05
6.058710e+03	6.570353e-04	9.208400e-04	1.390385e-05	-7.132556e-04	5.618578e-06	5.566343e-05
6.071100e+03	8.018528e-04	9.534471e-04	5.323278e-06	-8.396794e-04	9.137181e-06	3.951357e-05
6.083490e+03	8.425307e-04	1.076481e-03	1.113549e-05	-8.815734e-04	6.283052e-06	4.045394e-05
6.095880e+03	8.289276e-04	1.198035e-03	-5.110754e-06	-8.527071e-04	6.601115e-06	2.485096e-05
6.108270e+03	7.002526e-04	1.244622e-03	-5.538734e-06	-7.253877e-04	3.581113e-06	2.527424e-05
6.120660e+03	5.637796e-04	1.238988e-03	9.580403e-06	-5.932561e-04	-5.318183e-06	2.979871e-05
