1.350510e+03	-1.242181e-01	6.670863e-02	-9.473193e-05	1.242181e-01	-2.440400e-06	-1.156187e-04
1.362900e+03	-1.380313e-01	2.846848e-02	2.200094e-05	1.380313e-01	-2.127945e-05	1.367210e-04
1.375290e+03	-1.402683e-01	-1.217012e-02	6.553484e-05	1.402683e-01	-2.879971e-05	3.896426e-04
1.387680e+03	-1.312843e-01	-5.192037e-02	-1.627585e-05	1.313219e-01	-1.762352e-05	5.234252e-04
1.400070e+03	-1.113544e-01	-8.689525e-02	4.204051e-05	1.103246e-01	-8.926185e-06	5.103599e-04
1.412460e+03	-8.127040e-02	-1.145222e-01	-3.944372e-05	8.075971e-02	-3.496279e-06	5.058542e-04
1.424850e+03	-4.519601e-02	-1.332514e-01	-9.936379e-06	4.473028e-02	-1.627856e-05	4.828156e-04
1.437240e+03	-5.747388e-03	-1.399987e-01	-4.671246e-05	5.379069e-03	-3.754666e-05	3.639321e-04
1.449630e+03	3.412079e-02	-1.354477e-01	-2.161907e-05	-3.448214e-02	-5.163668e-05	3.621016e-04
1.462020e+03	7.139617e-02	-1.204062e-01	1.655022e-06	-7.197974e-02	-4.133694e-05	5.846080e-04
1.474410e+03	1.031257e-01	-9.522639e-02	4.776153e-05	-1.041208e-01	7.270251e-06	9.017021e-04
1.486800e+03	1.270177e-01	-6.119620e-02	6.182138e-05	-1.280177e-01	2.306255e-06	8.969356e-04
1.499190e+03	1.389657e-01	-2.177682e-02	4.240875e-05	-1.396861e-01	-7.984069e-05	6.510603e-04
1.511580e+03	1.393797e-01	1.986549e-02	6.788183e-05	-1.393797e-01	8.921506e-05	5.247165e-04
1.523970e+03	1.278255e-01	5.956775e-02	6.970520e-05	-1.283038e-01	5.143498e-06	6.101811e-04
1.536360e+03	1.052589e-01	9.458540e-02	4.310309e-06	-1.062165e-01	1.386179e-04	6.672887e-04
1.548750e+03	7.277727e-02	1.215652e-01	2.043888e-06	-7.345497e-02	7.061674e-05	6.738677e-04
1.561140e+03	3.374130e-02	1.383928e-01	-3.718833e-06	-3.444449e-02	2.708142e-05	6.389766e-04
1.573530e+03	-8.526448e-03	1.419661e-01	-6.232034e-05	7.895850e-03	6.741729e-05	6.435736e-04
1.585920e+03	-5.057949e-02	1.335678e-01	-4.125608e-05	5.016917e-02	1.154860e-05	4.743252e-04
1.598310e+03	-8.835545e-02	1.134579e-01	-9.267564e-05	8.803016e-02	1.243162e-05	5.000385e-04
1.610700e+03	-1.193440e-01	8.212216e-02	-8.453467e-05	1.193444e-01	-2.009689e-05	6.571685e-04
1.623090e+03	-1.404027e-01	4.200751e-02	-4.974479e-05	1.396380e-01	-3.368541e-05	7.265519e-04
1.635480e+03	-1.468907e-01	-3.265900e-03	2.492360e-05	1.458907e-01	-5.031634e-05	6.545329e-04
1.647870e+03	-1.394921e-01	-4.925604e-02	-3.970830e-07	1.384797e-01	-5.397223e-05	6.217323e-04
1.660260e+03	-1.164345e-01	-9.075842e-02	7.843125e-06	1.165177e-01	-4.901669e-05	3.272576e-04
1.672650e+03	-8.290615e-02	-1.231662e-01	-5.360377e-06	8.259948e-02	-5.515899e-05	2.005628e-04
1.685040e+03	-3.960443e-02	-1.441892e-01	-2.093316e-05	3.940798e-02	-1.002043e-04	2.120645e-04
1.697430e+03	8.809275e-03	-1.496818e-01	2.646919e-05	-9.153835e-03	-7.100094e-05	3.379641e-04
1.709820e+03	5.769313e-02	-1.403036e-01	6.200801e-05	-5.809906e-02	-1.162472e-04	4.097582e-04
1.722210e+03	1.018380e-01	-1.147597e-01	7.564108e-05	-1.018166e-01	-8.769549e-05	3.631602e-04
1.734600e+03	1.352360e-01	-7.426820e-02	1.144698e-04	-1.357743e-01	-2.464199e-06	2.987349e-04
1.746990e+03	1.535435e-01	-2.419273e-02	1.364395e-04	-1.535435e-01	-1.695103e-06	2.407299e-04
1.759380e+03	1.533399e-01	3.020459e-02	8.804032e-05	-1.540478e-01	1.378394e-04	1.960726e-04
1.771770e+03	1.346779e-01	8.271029e-02	4.767458e-05	-1.353162e-01	1.952373e-04	2.112203e-04
1.784160e+03	9.795849e-02	1.255293e-01	-9.054847e-05	-9.816210e-02	2.659257e-04	2.394898e-04
1.796550e+03	4.686475e-02	1.543573e-01	-9.497645e-05	-4.695677e-02	1.393284e-04	1.330256e-04
1.808940e+03	-1.212181e-02	1.614661e-01	-1.387903e-04	1.200982e-02	6.734834e-05	1.373023e-04
1.821330e+03	-7.124226e-02	1.475170e-01	-1.593446e-04	7.114287e-02	-2.123419e-05	1.198438e-04
1.833720e+03	-1.222691e-01	1.115251e-01	-9.709955e-05	1.222719e-01	-1.357965e-04	1.191887e-04
1.846110e+03	-1.571521e-01	5.730252e-02	-7.763572e-05	1.566589e-01	-1.575979e-04	2.092365e-04
1.858500e+03	-1.689938e-01	-8.356598e-03	-2.260475e-06	1.689939e-01	-1.720254e-04	3.766845e-04
1.870890e+03	-1.537033e-01	-7.528551e-02	-1.650525e-05	1.529960e-01	-1.835446e-04	5.330894e-04
1.883280e+03	-1.111993e-01	-1.317045e-01	7.508452e-05	1.111202e-01	-1.426307e-04	5.925492e-04
1.895670e+03	-4.831372e-02	-1.671554e-01	2.199423e-04	4.771333e-02	-4.514777e-05	5.210508e-04
1.908060e+03	2.616066e-02	-1.728870e-01	1.220165e-04	-2.692410e-02	-1.198912e-05	8.382725e-04
1.920450e+03	9.889161e-02	-1.478102e-01	1.692747e-04	-9.975783e-02	-1.063618e-04	8.727723e-04
1.932840e+03	1.553166e-01	-8.994284e-02	1.530436e-04	-1.563272e-01	3.005706e-05	1.221205e-03
1.945230e+03	1.800298e-01	-1.006843e-02	2.137192e-04	-1.812003e-01	2.237917e-04	1.473156e-03
1.957620e+03	1.655432e-01	7.611450e-02	6.315007e-05	-1.677043e-01	3.593311e-04	1.607288e-03
1.970010e+03	1.087323e-01	1.459517e-01	-1.123230e-04	-1.107284e-01	3.810781e-04	1.610317e-03
1.982400e+03	2.255428e-02	1.810240e-01	-2.932416e-04	-2.429216e-02	2.339283e-04	1.730000e-03
1.994790e+03	-7.362862e-02	1.669003e-01	-4.706791e-04	7.209087e-02	9.457952e-05	1.493388e-03
2.007180e+03	-1.486555e-01	1.012511e-01	-3.426330e-04	1.475909e-01	-2.916542e-04	9.659024e-04
2.019570e+03	-1.744643e-01	2.820688e-03	-1.496248e-05	1.744603e-01	-4.413287e-04	3.154780e-04
2.031960e+03	-1.399489e-01	-9.421849e-02	1.956589e-04	1.410449e-01	-4.456942e-04	-5.007568e-04
2.044350e+03	-5.394462e-02	-1.510427e-01	3.227134e-04	5.570196e-02	-3.390363e-04	-1.760572e-03
2.056740e+03	4.672019e-02	-1.409777e-01	3.643498e-04	-4.453090e-02	6.486569e-05	-2.250269e-03
2.069130e+03	1.133131e-01	-7.293756e-02	2.366939e-04	-1.103131e-01	2.588588e-04	-3.369432e-03
2.081520e+03	1.158124e-01	1.584200e-02	3.404133e-05	-1.123744e-01	3.081670e-04	-4.110887e-03
2.093910e+03	6.169342e-02	7.403979e-02	-2.236480e-04	-5.781463e-02	4.746901e-04	-3.799044e-03
2.106300e+03	-3.975799e-03	7.244702e-02	-2.789350e-04	7.608411e-03	-3.023421e-05	-3.544716e-03
2.118690e+03	-3.790039e-02	2.999118e-02	-3.522229e-04	4.260898e-02	1.878528e-04	-4.718918e-03
2.131080e+03	-2.533986e-02	-7.953092e-03	1.065881e-05	2.936719e-02	-4.517255e-04	-4.217346e-03
2.143470e+03	5.170842e-03	-7.579104e-03	1.954097e-04	-2.047984e-03	-4.840900e-04	-3.093396e-03
2.155860e+03	1.582891e-02	1.317216e-02	1.177865e-04	-1.328592e-02	2.472249e-04	-2.299101e-03
2.168250e+03	-1.558259e-02	3.336172e-02	-2.357405e-05	2.078068e-02	4.420446e-04	-5.045437e-03
2.180640e+03	-4.740095e-02	1.334866e-02	7.714570e-05	4.989618e-02	-3.059415e-04	-2.223410e-03
2.193030e+03	-5.146035e-02	-3.441174e-02	-8.189705e-05	5.301542e-02	1.433587e-04	-1.695481e-03
2.205420e+03	-1.220249e-02	-7.243789e-02	-4.562654e-05	1.316331e-02	-2.723456e-05	-8.995457e-04
2.217810e+03	4.751152e-02	-6.487910e-02	6.436010e-05	-4.711910e-02	7.220954e-05	-4.321844e-04
2.230200e+03	8.606797e-02	-1.452392e-02	1.194643e-04	-8.587936e-02	1.606567e-04	-2.347278e-04
2.242590e+03	7.481228e-02	5.694547e-02	1.611059e-05	-7.732176e-02	3.183916e-04	2.445615e-03
2.254980e+03	1.186610e-02	9.650393e-02	-2.389935e-04	-1.456618e-02	2.769854e-04	2.639996e-03
2.267370e+03	-6.419032e-02	8.037080e-02	-2.948181e-04	6.093026e-02	1.076733e-04	3.254515e-03
2.279760e+03	-1.075547e-01	1.210251e-02	-1.844120e-04	1.035747e-01	-8.862940e-05	3.322059e-03
2.292150e+03	-8.685840e-02	-7.019823e-02	1.016555e-05	8.538571e-02	-2.177305e-04	1.575320e-03
2.304540e+03	-9.059489e-03	-1.123070e-01	1.953494e-04	6.677499e-03	-5.024191e-05	2.366657e-03
2.316930e+03	7.601605e-02	-8.533280e-02	3.267675e-04	-7.561708e-02	-9.997420e-05	-4.026226e-04
2.329320e+03	1.134916e-01	-1.299892e-03	2.710042e-04	-1.126077e-01	-1.642475e-04	-1.016486e-03
2.341710e+03	7.899750e-02	8.277895e-02	-3.333121e-05	-7.632299e-02	3.846141e-04	-2.665229e-03
2.354100e+03	-7.651533e-03	1.081108e-01	-3.309787e-04	9.924794e-03	4.741150e-04	-2.143183e-03
2.366490e+03	-8.631679e-02	6.034763e-02	-3.650453e-04	8.915595e-02	-8.410772e-05	-2.674254e-03
2.378880e+03	-9.627823e-02	-2.850992e-02	-2.299956e-04	9.840100e-02	-3.196570e-04	-2.140513e-03
2.391270e+03	-3.554129e-02	-8.699290e-02	1.223424e-04	3.631955e-02	-5.697281e-04	-7.351663e-04
2.403660e+03	4.257179e-02	-7.482991e-02	2.490933e-04	-4.247846e-02	-1.472527e-04	7.948511e-08
2.416050e+03	7.939255e-02	-1.083162e-02	3.406638e-04	-7.969142e-02	-3.023440e-04	2.564108e-04
2.428440e+03	5.300758e-02	5.492156e-02	1.912640e-04	-5.332686e-02	4.306282e-05	2.458823e-04
2.440830e+03	-1.257657e-02	6.990764e-02	-1.474814e-05	1.407094e-02	3.511870e-04	-1.402263e-03
2.453220e+03	-6.293993e-02	2.977600e-02	-1.544190e-04	6.460492e-02	2.118450e-04	-1.775486e-03
2.465610e+03	-6.032041e-02	-3.267858e-02	-1.319110e-04	6.077843e-02	-1.401137e-04	-4.456153e-04
2.478000e+03	-9.695724e-03	-6.729126e-02	-4.497544e-05	1.001923e-02	-3.120179e-04	-3.247628e-04
2.490390e+03	4.848987e-02	-4.784064e-02	1.721212e-05	-4.939295e-02	-1.221647e-04	9.630798e-04
2.502780e+03	6.687941e-02	8.771286e-03	8.249830e-05	-6.792722e-02	4.954166e-05	9.065677e-04
2.515170e+03	3.422838e-02	5.842920e-02	5.772570e-05	-3.455304e-02	2.874682e-04	3.265409e-04
2.527560e+03	-2.366416e-02	6.183793e-02	3.394595e-05	2.245632e-02	-2.643813e-05	1.210977e-03
2.539950e+03	-6.560048e-02	1.824876e-02	4.025592e-05	6.665637e-02	-1.753082e-04	-1.003239e-03
2.552340e+03	-5.310794e-02	-3.961771e-02	-1.643679e-05	5.375831e-02	1.979980e-04	-6.276343e-04
2.564730e+03	-9.403314e-04	-6.526530e-02	2.051523e-05	2.764214e-03	-8.702833e-05	-1.815422e-03
2.577120e+03	5.275339e-02	-4.135196e-02	-1.866906e-05	-5.212044e-02	7.784813e-05	-6.170766e-04
2.589510e+03	6.291142e-02	1.632542e-02	-1.441752e-05	-6.230320e-02	-2.777681e-04	-6.737676e-04
2.601900e+03	2.511765e-02	6.085202e-02	-5.765573e-05	-2.509173e-02	8.341911e-05	4.337769e-05
2.614290e+03	-3.290083e-02	5.675047e-02	-1.321187e-05	3.320096e-02	-1.632826e-04	-2.777335e-04
2.626680e+03	-6.483025e-02	9.523739e-03	4.407280e-05	6.462327e-02	-7.724807e-05	1.403374e-04
2.639070e+03	-4.799103e-02	-4.457774e-02	-2.033276e-05	4.798529e-02	6.506213e-04	-6.376306e-06
2.651460e+03	6.240144e-03	-6.576830e-02	3.724067e-05	-6.781657e-03	-2.552183e-04	4.446745e-04
2.663850e+03	5.535318e-02	-3.737563e-02	5.393677e-05	-5.528711e-02	7.558663e-05	1.077642e-04
2.676240e+03	6.441401e-02	1.925719e-02	-7.882583e-05	-6.494037e-02	1.254721e-04	4.537221e-04
2.688630e+03	2.564835e-02	6.124247e-02	-1.821103e-04	-2.594185e-02	2.269696e-04	2.810173e-04
2.701020e+03	-3.247004e-02	5.996903e-02	-1.377160e-04	3.233282e-02	2.992842e-06	1.882375e-04
2.713410e+03	-6.711795e-02	1.396831e-02	-5.580212e-06	6.575218e-02	-1.112330e-04	1.359025e-03
2.725800e+03	-5.457841e-02	-4.137199e-02	1.762906e-04	5.356623e-02	-6.173951e-04	1.062942e-03
2.738190e+03	-3.781327e-03	-6.789961e-02	2.029912e-04	2.787487e-03	-1.276777e-04	9.898640e-04
2.750580e+03	4.866257e-02	-4.765415e-02	2.111962e-04	-4.820937e-02	-2.374649e-04	-4.408182e-04
2.762970e+03	6.737498e-02	7.944762e-03	-4.039402e-06	-6.749246e-02	3.777876e-04	8.470637e-05
2.775360e+03	3.793433e-02	5.543500e-02	-1.740681e-04	-3.758530e-02	2.035059e-04	-3.964431e-04
2.787750e+03	-1.854520e-02	6.324054e-02	-2.680016e-04	1.984798e-02	1.404105e-04	-1.286497e-03
2.800140e+03	-5.824383e-02	2.739151e-02	-2.011708e-04	5.816578e-02	2.074866e-05	-8.552712e-05
2.812530e+03	-5.686729e-02	-2.935590e-02	-9.601935e-05	5.844629e-02	-3.870595e-04	-1.595662e-03
2.824920e+03	-1.272967e-02	-6.121633e-02	1.925474e-04	1.263066e-02	-6.650125e-04	5.251744e-05
2.837310e+03	3.743742e-02	-4.931102e-02	2.950755e-04	-3.745887e-02	-7.138730e-05	4.955021e-05
2.849700e+03	5.861394e-02	-2.743972e-03	1.994306e-04	-5.879727e-02	3.294154e-04	1.040892e-05
2.862090e+03	3.827189e-02	4.290379e-02	6.252215e-05	-3.791142e-02	1.041772e-04	-2.007036e-04
2.874480e+03	-9.016085e-03	5.337984e-02	-6.142576e-05	1.001989e-02	-1.587935e-04	-9.923001e-04
2.886870e+03	-4.538758e-02	2.587311e-02	-2.467304e-04	4.530831e-02	3.555967e-04	4.798702e-05
2.899260e+03	-4.938119e-02	-1.809848e-02	-1.464726e-04	5.025356e-02	-4.881245e-04	-8.922776e-04
2.911650e+03	-1.564506e-02	-4.823950e-02	3.423015e-05	1.597769e-02	-2.506917e-04	-3.224919e-04
2.924040e+03	2.756779e-02	-4.254427e-02	9.352326e-05	-2.750624e-02	4.510863e-05	-8.601308e-05
2.936430e+03	4.788131e-02	-6.349180e-03	1.538570e-04	-4.759323e-02	1.491896e-04	-3.272724e-04
2.948820e+03	3.455106e-02	3.356371e-02	7.480076e-05	-3.491440e-02	3.235670e-04	3.729729e-04
2.961210e+03	-5.781500e-03	4.648463e-02	2.530167e-05	7.113842e-03	-2.070082e-04	-1.305939e-03
2.973600e+03	-3.791415e-02	2.731020e-02	-8.255389e-05	3.737887e-02	1.896888e-04	5.204477e-04
2.985990e+03	-4.304370e-02	-1.362568e-02	-1.139772e-04	4.383004e-02	-3.389990e-04	-8.994076e-04
2.998380e+03	-1.571949e-02	-4.167543e-02	-1.866967e-04	1.610778e-02	8.203971e-04	-3.690377e-04
3.010770e+03	2.144668e-02	-3.723062e-02	-4.227578e-05	-2.173158e-02	-1.328599e-04	2.919362e-04
3.023160e+03	4.088084e-02	-6.796517e-03	1.120085e-04	-4.104454e-02	-2.332692e-04	8.841012e-05
3.035550e+03	3.028791e-02	2.715217e-02	-5.371727e-05	-3.034036e-02	7.349333e-04	-7.058543e-05
3.047940e+03	-2.973584e-03	3.887525e-02	-4.857196e-06	3.381768e-03	4.854119e-05	-3.517573e-04
3.060330e+03	-3.199212e-02	2.018532e-02	1.577177e-05	3.263291e-02	-8.854798e-05	-7.575015e-04
3.072720e+03	-3.526673e-02	-1.171524e-02	-7.560019e-05	3.517132e-02	3.896995e-04	-1.938761e-05
3.085110e+03	-1.230666e-02	-3.484115e-02	1.652877e-05	1.272305e-02	-1.838867e-04	-4.297485e-04
3.097500e+03	1.946738e-02	-3.104911e-02	1.496825e-05	-1.881036e-02	-2.497512e-04	-5.589489e-04
3.109890e+03	3.511194e-02	-2.935980e-03	3.394696e-05	-3.524278e-02	-2.227931e-04	2.507879e-04
3.122280e+03	2.383671e-02	2.550417e-02	-2.511809e-05	-2.399759e-02	1.551249e-05	1.768165e-04
3.134670e+03	-5.972439e-03	3.348386e-02	-4.412008e-05	6.039905e-03	-2.030737e-05	-8.301534e-05
3.147060e+03	-2.977794e-02	1.690603e-02	-4.598777e-05	2.958126e-02	3.030615e-04	2.024487e-04
3.159450e+03	-3.081358e-02	-1.519966e-02	1.000179e-05	3.171688e-02	2.056944e-04	-7.814363e-04
3.171840e+03	-6.767833e-03	-3.459063e-02	8.923485e-05	6.876498e-03	2.131236e-04	-1.052142e-04
3.184230e+03	2.243989e-02	-2.529393e-02	1.766042e-05	-2.260059e-02	2.135576e-04	1.917923e-04
3.196620e+03	3.355503e-02	1.260080e-03	4.151165e-05	-3.345036e-02	-2.744546e-04	-1.629353e-04
3.209010e+03	1.909332e-02	2.757198e-02	-2.897551e-05	-1.861242e-02	-2.796439e-04	-4.461953e-04
3.221400e+03	-1.129396e-02	3.239800e-02	-3.338660e-04	1.220925e-02	3.780552e-04	-9.214297e-04
3.233790e+03	-3.168314e-02	8.887987e-03	-7.969177e-05	3.252658e-02	-1.389720e-04	-9.503558e-04
3.246180e+03	-2.748207e-02	-1.817983e-02	3.597571e-05	2.724400e-02	-2.376641e-05	1.056984e-04
3.258570e+03	-1.273856e-03	-3.401040e-02	1.693947e-04	1.602356e-03	-1.849499e-04	-3.254405e-04
3.270960e+03	2.704627e-02	-2.278141e-02	4.469668e-05	-2.708365e-02	3.593389e-04	-4.581403e-05
3.283350e+03	3.448261e-02	7.232524e-03	-2.093451e-07	-3.525221e-02	8.668528e-06	8.404830e-04
3.295740e+03	1.577692e-02	3.341836e-02	-2.770901e-05	-1.667165e-02	-4.657207e-04	1.015247e-03
3.308130e+03	-1.679115e-02	3.360199e-02	1.279962e-05	1.729127e-02	-5.119983e-04	-5.159989e-04
3.320520e+03	-3.412076e-02	7.831754e-03	-2.778381e-05	3.365454e-02	-6.768771e-05	4.913472e-04
3.332910e+03	-2.790986e-02	-2.236091e-02	6.651278e-05	2.808089e-02	-7.076868e-05	-1.072831e-04
3.345300e+03	1.892512e-04	-3.573336e-02	1.820614e-04	8.733105e-05	-2.653594e-04	-2.770677e-04
3.357690e+03	2.835868e-02	-2.323749e-02	1.735317e-04	-2.792468e-02	-1.257755e-04	-2.354088e-04
3.370080e+03	3.497624e-02	8.780341e-03	6.887174e-05	-3.556653e-02	-2.236970e-04	4.867888e-04
3.382470e+03	1.448378e-02	3.334261e-02	-2.381170e-04	-1.447322e-02	7.939841e-04	-2.826233e-06
3.394860e+03	-1.777102e-02	3.193853e-02	-1.539358e-04	1.846203e-02	-8.058315e-05	-7.124776e-04
3.407250e+03	-3.542066e-02	5.424449e-03	-1.303900e-04	3.602063e-02	1.217774e-04	-6.117975e-04
3.419640e+03	-2.582203e-02	-2.581684e-02	4.811050e-05	2.591943e-02	-4.410336e-04	-1.563285e-04
3.432030e+03	3.083428e-03	-3.606684e-02	1.803701e-04	-2.682962e-03	-1.054003e-04	-4.315092e-04
3.444420e+03	3.053076e-02	-1.995451e-02	1.296124e-04	-3.060184e-02	3.303313e-04	-5.111695e-05
3.456810e+03	3.393733e-02	1.120491e-02	3.206554e-05	-3.384104e-02	2.964217e-04	-1.794155e-04
3.469200e+03	1.257363e-02	3.420737e-02	2.468980e-05	-1.332408e-02	-5.846839e-04	7.871835e-04
3.481590e+03	-1.901073e-02	3.161260e-02	-1.594891e-05	1.826745e-02	-4.212743e-04	6.564788e-04
3.493980e+03	-3.556871e-02	3.010218e-03	-1.698705e-04	3.587462e-02	3.604242e-04	-2.998135e-04
3.506370e+03	-2.513365e-02	-2.635767e-02	-2.589654e-05	2.584649e-02	-2.065787e-04	-7.037534e-04
3.518760e+03	4.462803e-03	-3.623283e-02	2.910965e-04	-4.612485e-03	-1.049261e-03	1.143780e-04
3.531150e+03	2.897577e-02	-2.042580e-02	1.554496e-04	-2.827188e-02	3.470886e-04	-7.421865e-04
3.543540e+03	3.295625e-02	1.127460e-02	5.132641e-05	-3.311165e-02	3.677630e-04	2.995786e-04
3.555930e+03	1.095594e-02	3.263517e-02	-3.466138e-05	-1.105875e-02	2.084698e-04	6.665319e-05
3.568320e+03	-1.904911e-02	2.765913e-02	-1.140514e-04	1.980281e-02	1.787875e-04	-7.195704e-04
3.580710e+03	-3.248599e-02	1.861801e-03	-1.372668e-04	3.261917e-02	-7.161369e-06	-1.390682e-04
3.593100e+03	-2.168982e-02	-2.517127e-02	-2.953592e-05	2.228546e-02	-1.744504e-04	-5.248949e-04
3.605490e+03	7.004641e-03	-3.331927e-02	7.430811e-05	-7.136606e-03	-2.703307e-04	1.237046e-04
3.617880e+03	2.891002e-02	-1.430478e-02	1.251392e-04	-2.863144e-02	-6.021189e-05	-2.942354e-04
3.630270e+03	2.876367e-02	1.403250e-02	1.387284e-04	-2.830494e-02	-3.118412e-04	-2.712010e-04
3.642660e+03	7.956528e-03	3.111494e-02	-2.973102e-06	-8.551178e-03	2.686131e-04	6.024190e-04
3.655050e+03	-2.138729e-02	2.364859e-02	-2.357464e-04	2.165087e-02	1.283857e-03	-2.130394e-04
3.667440e+03	-3.078764e-02	-1.486283e-05	-6.967918e-05	3.069054e-02	-3.164302e-04	5.219199e-05
3.679830e+03	-1.914293e-02	-2.434033e-02	-6.559858e-05	1.962970e-02	5.018741e-05	-5.335033e-04
3.692220e+03	6.407393e-03	-3.046373e-02	1.700043e-04	-5.545472e-03	-8.157821e-04	-8.637818e-04
3.704610e+03	2.672845e-02	-1.218895e-02	6.425773e-05	-2.724076e-02	1.408416e-04	5.714842e-04
3.717000e+03	2.634761e-02	1.272323e-02	5.207554e-05	-2.721544e-02	-1.553309e-04	7.603821e-04
3.729390e+03	5.097195e-03	2.697218e-02	-3.298121e-05	-5.013230e-03	2.333846e-04	-5.536566e-05
3.741780e+03	-1.884130e-02	2.000571e-02	2.351299e-05	1.993738e-02	-3.567892e-04	-9.483309e-04
3.754170e+03	-2.539547e-02	-3.788713e-03	7.872512e-05	2.583701e-02	-3.877983e-04	-4.470769e-04
3.766560e+03	-1.412076e-02	-2.204180e-02	-4.078572e-05	1.496348e-02	4.892774e-04	-9.278739e-04
3.778950e+03	9.712551e-03	-2.569949e-02	-1.528009e-05	-9.192581e-03	1.269199e-04	-5.179816e-04
3.791340e+03	2.462970e-02	-6.144809e-03	3.317940e-05	-2.519577e-02	-4.874372e-05	5.792011e-04
3.803730e+03	1.961358e-02	1.454039e-02	-1.535598e-04	-1.968143e-02	5.432376e-04	1.314908e-04
3.816120e+03	-2.515975e-04	2.490969e-02	-8.087643e-05	-2.507856e-05	3.059463e-04	2.172938e-04
3.828510e+03	-1.940797e-02	1.389770e-02	-4.063700e-05	2.014964e-02	-1.021834e-04	-6.145932e-04
3.840900e+03	-2.185893e-02	-5.989753e-03	-1.453739e-05	2.206829e-02	9.413128e-05	-1.330121e-04
3.853290e+03	-8.230488e-03	-2.263137e-02	5.687538e-05	9.061961e-03	-2.850402e-04	-8.171433e-04
3.865680e+03	1.200274e-02	-1.865563e-02	3.413823e-05	-1.277479e-02	9.202944e-05	5.653302e-04
3.878070e+03	2.065879e-02	-3.103882e-03	3.435063e-05	-2.091434e-02	6.376902e-05	1.494519e-04
3.890460e+03	1.475532e-02	1.374436e-02	-3.098945e-05	-1.546384e-02	2.234666e-04	6.821137e-04
3.902850e+03	-3.662461e-03	1.919807e-02	-1.366609e-04	4.143245e-03	6.140068e-04	-4.740269e-04
3.915240e+03	-1.602126e-02	6.633087e-03	-1.235253e-04	1.609145e-02	1.495836e-04	-5.762316e-05
3.927630e+03	-1.541509e-02	-9.145518e-03	8.352043e-06	1.515265e-02	-2.516462e-04	1.428836e-04
3.940020e+03	-2.523119e-03	-1.858752e-02	4.966456e-05	2.919131e-03	-6.366893e-05	-3.315186e-04
3.952410e+03	1.419903e-02	-1.333847e-02	4.117644e-05	-1.451118e-02	9.918296e-06	2.657845e-04
3.964800e+03	1.781267e-02	3.558504e-03	7.606840e-05	-1.806205e-02	-2.290309e-04	4.250951e-04
3.977190e+03	7.952369e-03	1.785276e-02	-6.082585e-05	-8.868089e-03	3.879475e-04	9.125289e-04
3.989580e+03	-8.495067e-03	1.414772e-02	-6.091684e-05	8.816332e-03	1.313979e-04	-3.392082e-04
4.001970e+03	-1.679996e-02	2.508160e-03	7.589720e-05	1.700154e-02	-5.599835e-04	-1.901335e-04
4.014360e+03	-1.080288e-02	-1.366978e-02	-9.161916e-05	1.137958e-02	7.844666e-04	-4.989915e-04
4.026750e+03	3.520722e-03	-1.647561e-02	7.707266e-05	-3.479755e-03	-4.208863e-04	-3.963123e-05
4.039140e+03	1.421045e-02	-6.590656e-03	3.270964e-05	-1.438922e-02	6.026763e-05	2.064240e-04
4.051530e+03	1.368325e-02	6.114758e-03	-1.610472e-05	-1.328223e-02	3.852776e-05	-2.534643e-04
4.063920e+03	2.676088e-03	1.435952e-02	-2.844975e-05	-2.378730e-03	6.749334e-05	-3.520839e-04
4.076310e+03	-9.046733e-03	9.404073e-03	3.329487e-05	9.137807e-03	-3.439047e-04	-1.213076e-04
4.088700e+03	-1.419978e-02	-6.680126e-04	1.079847e-04	1.429552e-02	-5.549689e-04	-1.487571e-04
4.101090e+03	-6.570661e-03	-1.297045e-02	3.040595e-05	6.531686e-03	6.317738e-05	5.332728e-05
4.113480e+03	5.910911e-03	-1.295835e-02	2.696908e-05	-5.435460e-03	8.320279e-05	-4.318210e-04
4.125870e+03	1.487503e-02	-2.490998e-03	1.335737e-04	-1.547901e-02	-5.087294e-04	7.015301e-04
4.138260e+03	1.047819e-02	9.568409e-03	2.308704e-05	-1.058954e-02	5.325833e-05	1.123098e-04
4.150650e+03	-2.475498e-03	1.423432e-02	-9.911286e-05	2.725605e-03	3.488449e-04	-2.785699e-04
4.163040e+03	-1.254119e-02	6.948644e-03	-5.325905e-05	1.252148e-02	1.112589e-04	1.905097e-06
4.175430e+03	-1.226256e-02	-6.258408e-03	-9.882257e-05	1.235617e-02	3.286609e-04	-1.215172e-04
4.187820e+03	-1.263036e-03	-1.389527e-02	-1.149287e-04	1.051028e-03	6.163419e-04	2.896139e-04
4.200210e+03	9.092267e-03	-9.595029e-03	4.995486e-05	-9.174345e-03	-7.121343e-06	2.282664e-06
4.212600e+03	1.244758e-02	-1.190882e-04	1.051641e-04	-1.195096e-02	-3.750013e-04	-4.680378e-04
4.224990e+03	6.702036e-03	9.626406e-03	-1.751253e-05	-6.575821e-03	1.384315e-04	-2.434310e-04
4.237380e+03	-3.965175e-03	1.118570e-02	8.571185e-05	3.870040e-03	-6.178818e-04	4.861763e-05
4.249770e+03	-1.036484e-02	2.751520e-03	3.437537e-05	1.035630e-02	-9.365614e-05	4.442758e-05
4.262160e+03	-7.635483e-03	-7.915484e-03	3.273496e-07	7.437690e-03	-4.533759e-05	2.348700e-04
4.274550e+03	1.194111e-03	-1.105760e-02	-9.773495e-05	-1.328915e-03	5.234722e-04	9.336864e-05
4.286940e+03	1.008368e-02	-7.595413e-03	9.124550e-05	-9.553212e-03	-4.871833e-04	-4.357225e-04
4.299330e+03	1.134047e-02	4.871598e-03	5.154346e-05	-1.174384e-02	2.734422e-05	4.175966e-04
4.311720e+03	3.518517e-03	1.161242e-02	2.078275e-05	-4.141320e-03	-1.856561e-05	6.450717e-04
4.324110e+03	-7.379104e-03	8.501500e-03	-2.678188e-05	7.490126e-03	5.021806e-06	-1.158553e-04
4.336500e+03	-1.089969e-02	-2.046714e-03	1.377119e-04	1.129968e-02	-6.706328e-04	-4.049111e-04
4.348890e+03	-5.705521e-03	-9.966058e-03	9.943390e-05	6.356104e-03	-1.444259e-04	-6.348528e-04
4.361280e+03	5.098877e-03	-1.142062e-02	9.843964e-05	-5.090730e-03	-3.769081e-04	9.408051e-05
4.373670e+03	1.076090e-02	-3.107479e-03	-4.420351e-05	-1.092368e-02	4.507595e-04	1.556544e-04
4.386060e+03	8.065210e-03	5.966774e-03	-1.148597e-05	-8.093241e-03	5.499400e-05	5.068253e-05
4.398450e+03	-9.075371e-05	8.742452e-03	-1.900462e-04	4.375605e-04	7.883363e-04	-3.615502e-04
4.410840e+03	-7.657581e-03	4.779451e-03	8.715693e-05	8.472250e-03	-6.007520e-04	-7.004760e-04
4.423230e+03	-8.558536e-03	-4.591496e-03	-1.409955e-04	9.698614e-03	7.069671e-04	-1.139576e-03
4.435620e+03	-2.031628e-03	-8.125602e-03	2.933304e-04	1.829469e-03	-1.394296e-03	2.026845e-04
4.448010e+03	6.320585e-03	-9.481139e-03	6.932041e-05	-6.012821e-03	-8.044561e-05	-3.327711e-04
4.460400e+03	9.695529e-03	5.096187e-04	-7.540547e-05	-9.803612e-03	3.961079e-04	1.420579e-04
4.472790e+03	5.933935e-03	7.350147e-03	7.960443e-05	-6.036421e-03	-4.797845e-04	1.280955e-04
4.485180e+03	-3.174258e-03	9.508068e-03	-6.006403e-05	2.862626e-03	2.891250e-04	2.998978e-04
4.497570e+03	-9.990726e-03	2.914595e-03	-5.523549e-05	1.088947e-02	1.944806e-04	-9.006492e-04
4.509960e+03	-6.936242e-03	-6.682185e-03	3.522510e-05	7.339100e-03	-2.304710e-04	-3.885623e-04
4.522350e+03	1.206643e-03	-9.428429e-03	1.572627e-04	-1.390671e-03	-5.569195e-04	2.697803e-04
4.534740e+03	7.319440e-03	-5.077438e-03	-7.989115e-05	-7.221458e-03	6.030819e-04	-1.042569e-04
4.547130e+03	8.820576e-03	1.309303e-03	-6.373758e-05	-8.840490e-03	2.195435e-04	1.832754e-05
4.559520e+03	2.944717e-03	6.906969e-03	-2.817307e-07	-2.656232e-03	-1.770594e-04	-2.388623e-04
4.571910e+03	-4.273538e-03	7.116933e-03	-6.985164e-05	4.375052e-03	2.739574e-04	-1.122042e-04
4.584300e+03	-6.818862e-03	-1.123820e-03	-1.771552e-04	7.427242e-03	5.193652e-04	-6.021320e-04
4.596690e+03	-3.936412e-03	-6.616831e-03	3.477632e-05	4.457414e-03	-2.295658e-04	-4.710477e-04
4.609080e+03	2.375317e-03	-6.523860e-03	-7.965832e-05	-2.597887e-03	4.136552e-04	1.851408e-04
4.621470e+03	7.231005e-03	-4.339705e-03	-4.962198e-05	-6.854639e-03	2.879968e-04	-2.969666e-04
4.633860e+03	6.622343e-03	3.221311e-03	3.878867e-05	-6.504825e-03	-1.965953e-04	-1.029556e-04
4.646250e+03	9.121453e-04	6.263584e-03	-1.967538e-05	-4.690450e-04	9.009360e-05	-4.354897e-04
4.658640e+03	-4.973571e-03	4.936374e-03	-1.309573e-05	5.010667e-03	-2.008641e-05	-3.605361e-05
4.671030e+03	-6.314166e-03	-2.413659e-03	-2.675782e-05	6.616898e-03	1.895043e-04	-2.672940e-04
4.683420e+03	-1.970127e-03	-6.947862e-03	8.799393e-05	1.976278e-03	-3.544467e-04	-2.619863e-05
4.695810e+03	3.929928e-03	-6.095612e-03	-7.799595e-05	-3.935894e-03	4.665327e-04	4.223597e-06
4.708200e+03	6.890832e-03	-1.983538e-03	-2.100131e-04	-6.707217e-03	7.772188e-04	-2.475168e-04
4.720590e+03	4.656803e-03	3.925388e-03	-1.266351e-04	-4.597212e-03	1.882460e-04	-6.269123e-05
4.732980e+03	-6.666571e-04	5.516518e-03	-7.315087e-06	7.638195e-04	-1.093728e-04	-9.673460e-05
4.745370e+03	-4.425496e-03	2.992777e-03	-7.705002e-05	4.368489e-03	3.662799e-04	7.525066e-05
4.757760e+03	-4.709443e-03	-3.987632e-03	5.530033e-05	5.769167e-03	-3.163740e-04	-1.060227e-03
4.770150e+03	1.549315e-04	-5.325464e-03	1.425042e-05	-8.300869e-05	4.748935e-05	-1.998534e-05
4.782540e+03	4.759750e-03	-3.702161e-03	5.194142e-05	-4.971611e-03	-1.381334e-04	2.306174e-04
4.794930e+03	5.339262e-03	1.806031e-04	2.522953e-05	-5.163197e-03	1.536877e-05	-1.871941e-04
4.807320e+03	2.736260e-03	4.345906e-03	-1.677453e-05	-2.745641e-03	1.057108e-04	9.924331e-06
4.819710e+03	-1.831656e-03	2.804174e-03	-2.009247e-04	2.450031e-03	7.252357e-04	-6.009427e-04
4.832100e+03	-4.479132e-03	-6.673252e-04	-7.233308e-05	5.218702e-03	7.031551e-05	-7.547504e-04
4.844490e+03	-2.152299e-03	-4.538533e-03	-6.792636e-05	2.118809e-03	2.575551e-04	2.080927e-05
4.856880e+03	1.652944e-03	-5.500848e-03	1.668632e-05	-1.282145e-03	-3.531185e-05	-2.852272e-04
4.869270e+03	4.618222e-03	-2.650712e-03	7.866506e-05	-4.382598e-03	-2.487408e-04	-2.730288e-04
4.881660e+03	4.411205e-03	1.994365e-03	2.222282e-05	-4.518911e-03	7.098039e-06	1.075485e-04
4.894050e+03	4.931597e-04	3.908082e-03	-2.529751e-05	-1.330421e-04	8.056691e-05	-3.576376e-04
4.906440e+03	-2.236074e-03	2.031261e-03	-2.810852e-05	2.434582e-03	-5.673326e-05	-2.015382e-04
4.918830e+03	-2.855801e-03	-2.065808e-03	6.122714e-05	3.430076e-03	-2.528703e-04	-5.819914e-04
4.931220e+03	-1.875602e-05	-3.282927e-03	1.282254e-04	-2.524512e-04	-4.135422e-04	3.803829e-04
4.943610e+03	1.909758e-03	-3.527275e-03	5.704641e-07	-1.389437e-03	1.088895e-04	-4.863008e-04
4.956000e+03	4.191064e-03	-8.317094e-04	6.613029e-05	-4.243191e-03	-2.926855e-04	4.663119e-05
4.968390e+03	2.951639e-03	2.992090e-03	7.991931e-05	-3.209036e-03	-1.591891e-04	3.632554e-04
4.980780e+03	-1.660344e-04	2.130144e-03	-6.614043e-05	6.125597e-04	2.307966e-04	-4.517555e-04
4.993170e+03	-2.394017e-03	1.850101e-03	-2.125405e-05	2.154301e-03	-8.727706e-06	2.719848e-04
5.005560e+03	-3.071947e-03	-2.607393e-03	7.034171e-05	3.907687e-03	-2.178292e-04	-8.346421e-04
5.017950e+03	7.347584e-04	-4.229042e-03	-3.464090e-05	-7.139470e-04	2.029822e-04	-4.115213e-05
5.030340e+03	2.914775e-03	-2.986494e-03	-2.138918e-04	-2.468906e-03	7.367715e-04	-3.785677e-04
5.042730e+03	4.257045e-03	-1.042521e-04	-9.041133e-06	-4.525206e-03	-1.364559e-04	2.646285e-04
5.055120e+03	1.845918e-03	2.888437e-03	9.175440e-05	-2.121247e-03	-4.222293e-04	2.919402e-04
5.067510e+03	-1.088972e-03	1.623418e-03	-1.788132e-04	1.434815e-03	6.364288e-04	-3.440428e-04
5.079900e+03	-1.926752e-03	-3.869387e-04	-1.344134e-04	2.107436e-03	3.380508e-04	-1.802346e-04
5.092290e+03	-5.847356e-04	-3.150720e-03	2.397755e-05	1.067377e-03	-1.146120e-04	-3.893111e-04
5.104680e+03	1.420547e-03	-2.064571e-03	-5.002548e-05	-1.547369e-03	1.606185e-04	7.584836e-05
5.117070e+03	2.892281e-03	-4.193595e-04	4.780238e-05	-3.076104e-03	-1.583286e-04	1.845194e-04
5.129460e+03	2.305995e-03	5.179482e-04	2.789899e-05	-1.970013e-03	-3.633389e-05	-3.439061e-04
5.141850e+03	6.300527e-04	1.982199e-03	8.792533e-05	-6.256755e-04	-2.627100e-04	1.244370e-05
5.154240e+03	-1.427908e-03	9.812411e-04	1.488464e-04	1.560000e-03	-4.474513e-04	-1.286441e-04
5.166630e+03	-1.541365e-03	-1.999320e-03	6.060589e-05	2.012965e-03	-1.968937e-04	-4.681310e-04
5.179020e+03	7.206678e-04	-3.068304e-03	-1.409655e-04	-7.635285e-04	4.198369e-04	1.036706e-05
5.191410e+03	2.187007e-03	-2.411015e-03	4.831208e-05	-1.932669e-03	-2.657634e-04	-2.363163e-04
5.203800e+03	3.835059e-03	-1.322252e-03	7.111787e-05	-3.865059e-03	-1.702942e-04	3.339440e-05
5.216190e+03	2.197550e-03	1.029458e-03	8.092847e-05	-2.115478e-03	-1.694796e-04	-8.684127e-05
5.228580e+03	2.992421e-04	1.495500e-03	1.130957e-04	-5.055671e-04	-2.576510e-04	1.652687e-04
5.240970e+03	-1.197829e-03	-7.679005e-04	-1.131122e-04	1.785771e-03	3.988553e-04	-5.476688e-04
5.253360e+03	1.896207e-05	-2.271303e-03	9.085033e-05	1.777752e-04	-3.099294e-04	-1.966386e-04
5.265750e+03	1.135244e-03	-2.209823e-03	3.619632e-05	-8.005212e-04	-4.505420e-05	-3.442120e-04
5.278140e+03	2.684180e-03	-6.953565e-04	-1.771362e-04	-2.947610e-03	5.105041e-04	2.808169e-04
5.290530e+03	2.298425e-03	9.068107e-04	-1.259102e-04	-2.471442e-03	2.598717e-04	1.094316e-04
5.302920e+03	1.396548e-03	7.582786e-04	-4.585401e-05	-1.349722e-03	1.047994e-04	-1.595253e-05
5.315310e+03	-5.919206e-04	8.847116e-04	4.307356e-05	7.472673e-04	-1.592424e-04	-1.535887e-04
5.327700e+03	-9.041550e-04	-1.273143e-03	8.771957e-05	1.257773e-03	-2.169177e-04	-3.462021e-04
5.340090e+03	-3.385149e-04	-1.258326e-03	-7.239403e-07	4.345086e-04	7.457024e-05	-8.056279e-05
5.352480e+03	2.006270e-03	-1.731306e-03	3.064301e-05	-2.378283e-03	-1.059878e-05	3.727959e-04
5.364870e+03	2.694421e-03	-7.664121e-04	1.767292e-05	-2.735008e-03	-6.287266e-05	4.702125e-05
5.377260e+03	1.563628e-03	1.342769e-03	8.688067e-06	-1.725836e-03	1.790703e-05	1.564973e-04
5.389650e+03	1.052083e-04	7.737390e-04	7.823986e-05	2.076464e-04	-2.169647e-04	-2.534666e-04
5.402040e+03	-1.007067e-03	-3.160417e-04	-5.216920e-05	1.571187e-03	2.158106e-04	-5.629454e-04
5.414430e+03	2.450738e-05	-1.741509e-03	-2.027795e-05	2.235875e-04	2.457936e-05	-2.608066e-04
5.426820e+03	1.106595e-03	-1.849784e-03	7.932431e-07	-9.318949e-04	4.570228e-05	-1.524998e-04
5.439210e+03	1.945529e-03	-1.327413e-03	-3.968616e-05	-1.744767e-03	1.194736e-04	-1.993292e-04
5.451600e+03	1.593105e-03	-3.324130e-04	-7.330660e-05	-1.042384e-03	2.580758e-04	-5.389479e-04
5.463990e+03	1.578828e-03	-1.131376e-04	2.378448e-05	-1.397363e-03	-1.503045e-04	-2.296910e-04
5.476380e+03	-8.129689e-04	4.901154e-05	-4.792992e-05	1.741636e-03	2.146612e-04	-9.313770e-04
