1.523970e+03	-8.368925e-02	9.841066e-03	1.669234e-05	8.358925e-02	2.602608e-06	1.427345e-04
1.536360e+03	-8.315541e-02	-1.191903e-02	-4.840043e-06	8.305541e-02	-1.618087e-05	7.718681e-05
1.548750e+03	-7.733103e-02	-3.274094e-02	-2.367924e-05	7.723225e-02	-1.208563e-05	8.126049e-05
1.561140e+03	-6.657679e-02	-5.144381e-02	5.247845e-09	6.644437e-02	-1.472355e-05	1.781910e-04
1.573530e+03	-5.142495e-02	-6.675134e-02	-1.098327e-05	5.122405e-02	-2.533184e-05	2.765682e-04
1.585920e+03	-3.279332e-02	-7.763268e-02	1.172622e-05	3.251686e-02	-2.479606e-05	2.921816e-04
1.598310e+03	-1.194772e-02	-8.340648e-02	-2.083359e-06	1.165769e-02	-2.710989e-05	2.900151e-04
1.610700e+03	9.763943e-03	-8.357329e-02	-1.552082e-05	-1.008418e-02	-4.510311e-05	3.126858e-04
1.623090e+03	3.063292e-02	-7.825570e-02	2.198862e-05	-3.090931e-02	-1.337499e-05	2.688513e-04
1.635480e+03	4.966479e-02	-6.775051e-02	2.515993e-05	-4.989371e-02	-1.623690e-05	2.515075e-04
1.647870e+03	6.554905e-02	-5.291171e-02	2.665805e-05	-6.591705e-02	-1.738037e-05	3.029986e-04
1.660260e+03	7.736926e-02	-3.415436e-02	3.460161e-05	-7.777085e-02	1.759528e-05	4.098246e-04
1.672650e+03	8.379869e-02	-1.289219e-02	3.995829e-05	-8.420934e-02	2.308459e-05	3.958554e-04
1.685040e+03	8.434571e-02	9.387471e-03	3.027712e-05	-8.464202e-02	-2.288305e-05	2.798376e-04
1.697430e+03	7.908873e-02	3.095649e-02	3.344208e-05	-7.916277e-02	4.375251e-05	1.583895e-04
1.709820e+03	6.834604e-02	5.037074e-02	1.247935e-05	-6.844187e-02	4.600156e-05	1.137730e-04
1.722210e+03	5.296957e-02	6.648117e-02	-1.318991e-05	-5.313057e-02	7.199357e-05	1.302275e-04
1.734600e+03	3.369846e-02	7.822386e-02	-1.811703e-05	-3.390691e-02	3.995509e-05	1.347723e-04
1.746990e+03	1.203288e-02	8.454064e-02	-2.645004e-05	-1.213634e-02	2.970493e-05	1.162979e-04
1.759380e+03	-1.059320e-02	8.491995e-02	-5.330036e-05	1.050288e-02	3.122113e-05	8.804659e-05
1.771770e+03	-3.278469e-02	7.938273e-02	-7.836612e-05	3.268402e-02	1.812790e-05	1.083935e-04
1.784160e+03	-5.272188e-02	6.817767e-02	-4.829673e-05	5.262894e-02	-1.751753e-05	1.098796e-04
1.796550e+03	-6.941076e-02	5.197154e-02	-3.801826e-05	6.924046e-02	-2.469151e-05	1.538605e-04
1.808940e+03	-8.137313e-02	3.163529e-02	-6.834831e-05	8.118324e-02	-3.649756e-05	2.224401e-04
1.821330e+03	-8.729546e-02	8.475816e-03	1.035512e-05	8.699559e-02	-4.118819e-05	2.163944e-04
1.833720e+03	-8.664575e-02	-1.555043e-02	-3.871123e-05	8.658269e-02	-4.921362e-05	1.172093e-04
1.846110e+03	-7.900565e-02	-3.881084e-02	1.460167e-05	7.895082e-02	-4.626539e-05	9.786590e-06
1.858500e+03	-6.531507e-02	-5.913350e-02	1.695042e-05	6.543238e-02	-4.402369e-05	-6.959475e-05
1.870890e+03	-4.679869e-02	-7.514227e-02	4.848248e-05	4.689869e-02	-3.214169e-05	-6.174827e-05
1.883280e+03	-2.434102e-02	-8.564227e-02	3.435088e-05	2.444851e-02	-4.584723e-05	-4.296588e-05
1.895670e+03	2.290000e-04	-8.940000e-02	5.260000e-05	-2.670000e-04	-2.730000e-05	3.790000e-05
1.908060e+03	2.541846e-02	-8.635172e-02	9.281977e-05	-2.552315e-02	1.230237e-05	8.667823e-05
1.920450e+03	4.884510e-02	-7.599958e-02	4.877360e-05	-4.890897e-02	-4.220367e-05	1.129986e-04
1.932840e+03	6.867076e-02	-5.915570e-02	7.135629e-05	-6.872012e-02	1.963844e-05	5.227335e-05
1.945230e+03	8.313233e-02	-3.723606e-02	7.006061e-05	-8.323467e-02	3.695870e-05	4.695620e-05
1.957620e+03	9.093469e-02	-1.183108e-02	5.859134e-05	-9.103469e-02	2.051499e-05	7.059489e-05
1.970010e+03	9.077185e-02	1.503549e-02	3.459201e-05	-9.087187e-02	1.049251e-04	9.940883e-05
1.982400e+03	8.277608e-02	4.108374e-02	5.928075e-06	-8.286573e-02	8.447931e-05	5.080501e-05
1.994790e+03	6.735596e-02	6.372380e-02	-2.560946e-05	-6.731815e-02	1.042265e-04	-2.853372e-06
2.007180e+03	4.570981e-02	8.099818e-02	-8.291074e-05	-4.554258e-02	1.167718e-04	-1.128146e-04
2.019570e+03	1.997188e-02	9.133746e-02	-9.469001e-05	-1.984566e-02	7.724623e-05	-1.336483e-04
2.031960e+03	-7.830842e-03	9.319003e-02	-1.299787e-04	7.930407e-03	4.260703e-05	-1.313327e-04
2.044350e+03	-3.549118e-02	8.722121e-02	-8.358026e-05	3.559148e-02	-2.265287e-05	-8.609630e-05
2.056740e+03	-6.029039e-02	7.287781e-02	-8.969370e-05	6.036866e-02	-4.633264e-05	-5.434301e-05
2.069130e+03	-8.017185e-02	5.115438e-02	-8.495716e-05	8.016689e-02	-7.345896e-05	-2.701705e-05
2.081520e+03	-9.270980e-02	2.432244e-02	-5.007777e-05	9.268609e-02	-1.014251e-04	2.520567e-05
2.093910e+03	-9.526105e-02	-5.215325e-03	5.022146e-05	9.535480e-02	-1.007826e-04	-1.202924e-05
2.106300e+03	-8.984719e-02	-3.475420e-02	3.654734e-06	8.985225e-02	-9.271731e-05	3.901474e-05
2.118690e+03	-7.516865e-02	-6.129136e-02	-2.379990e-05	7.506926e-02	-1.023588e-04	9.726921e-05
2.131080e+03	-5.237383e-02	-8.194102e-02	6.847703e-05	5.235536e-02	-5.073590e-05	5.922230e-05
2.143470e+03	-2.412339e-02	-9.483160e-02	6.928520e-05	2.406210e-02	-3.495609e-05	4.482302e-05
2.155860e+03	7.225000e-03	-9.702634e-02	4.340650e-05	-7.220815e-03	-5.781707e-05	2.552831e-05
2.168250e+03	3.824944e-02	-9.074958e-02	7.317841e-05	-3.824944e-02	-3.150768e-05	1.583410e-05
2.180640e+03	6.565526e-02	-7.423749e-02	9.615622e-05	-6.565513e-02	-4.394427e-06	4.820929e-05
2.193030e+03	8.668628e-02	-4.938109e-02	1.235790e-04	-8.681093e-02	5.685374e-05	1.084920e-04
2.205420e+03	9.856852e-02	-1.835647e-02	1.107179e-04	-9.868571e-02	5.800512e-05	1.952854e-04
2.217810e+03	9.968943e-02	1.548938e-02	8.662093e-05	-9.979735e-02	1.388983e-04	3.073282e-04
2.230200e+03	8.953985e-02	4.838094e-02	3.937004e-05	-8.992893e-02	1.642485e-04	3.703452e-04
2.242590e+03	6.846360e-02	7.627706e-02	-1.910437e-05	-6.886099e-02	1.705560e-04	4.400028e-04
2.254980e+03	3.883578e-02	9.546120e-02	-8.853101e-05	-3.933632e-02	1.417362e-04	5.013913e-04
2.267370e+03	3.970312e-03	1.029654e-01	-1.079103e-04	-4.568896e-03	5.831380e-05	6.024951e-04
2.279760e+03	-3.263170e-02	1.000588e-01	-2.010533e-04	3.189210e-02	3.934037e-05	7.238147e-04
2.292150e+03	-6.647432e-02	8.313350e-02	-2.340272e-04	6.567723e-02	-3.102918e-05	8.355558e-04
2.304540e+03	-9.302221e-02	5.436158e-02	-1.906792e-04	9.216033e-02	-1.351139e-04	9.223710e-04
2.316930e+03	-1.075407e-01	1.722899e-02	-3.416423e-05	1.065460e-01	-1.888652e-04	1.022489e-03
2.329320e+03	-1.080000e-01	-2.369407e-02	-8.788395e-06	1.060319e-01	-1.919997e-04	1.178344e-03
2.341710e+03	-9.219286e-02	-6.286278e-02	3.961813e-05	9.105631e-02	-1.718556e-04	1.261930e-03
2.354100e+03	-6.186601e-02	-9.403955e-02	7.112668e-05	6.053956e-02	-1.480620e-04	1.372303e-03
2.366490e+03	-2.021582e-02	-1.116256e-01	1.141198e-04	1.873441e-02	-1.285914e-04	1.501420e-03
2.378880e+03	2.709403e-02	-1.115665e-01	2.071813e-04	-2.863852e-02	-1.053316e-05	1.564807e-03
2.391270e+03	7.191019e-02	-9.109518e-02	2.104871e-04	-7.345837e-02	4.906128e-05	1.451869e-03
2.403660e+03	1.057803e-01	-5.192293e-02	1.967903e-04	-1.068244e-01	1.295914e-04	1.484538e-03
2.416050e+03	1.179796e-01	6.443905e-04	1.581852e-04	-1.189795e-01	1.768753e-04	1.219460e-03
2.428440e+03	1.053954e-01	5.709720e-02	4.123013e-05	-1.063473e-01	3.201032e-04	9.573570e-04
2.440830e+03	6.309197e-02	1.010039e-01	-1.156316e-04	-6.336537e-02	3.477920e-04	3.266881e-04
2.453220e+03	3.469686e-03	1.179523e-01	-3.157020e-04	-3.007896e-03	2.293060e-04	-4.657891e-04
2.465610e+03	-5.611653e-02	1.006669e-01	-3.281733e-04	5.724841e-02	-2.053807e-05	-1.105541e-03
2.478000e+03	-9.655589e-02	5.411116e-02	-3.327706e-04	9.835506e-02	-2.084466e-04	-1.859720e-03
2.490390e+03	-1.041198e-01	-8.176862e-03	-3.651971e-05	1.061193e-01	-3.807003e-04	-2.514410e-03
2.502780e+03	-7.580326e-02	-6.150303e-02	1.537230e-04	7.863402e-02	-3.390660e-04	-2.812042e-03
2.515170e+03	-2.463948e-02	-8.549999e-02	2.330937e-04	2.766285e-02	-1.963399e-04	-2.971566e-03
2.527560e+03	2.625361e-02	-7.638750e-02	2.737594e-04	-2.330985e-02	6.456495e-06	-2.948949e-03
2.539950e+03	5.676385e-02	-4.257814e-02	2.081547e-04	-5.397234e-02	1.294309e-04	-2.820204e-03
2.552340e+03	6.090402e-02	-4.051197e-03	5.166014e-05	-5.840374e-02	2.203643e-04	-2.538368e-03
2.564730e+03	4.487225e-02	2.399496e-02	-1.141944e-04	-4.260661e-02	2.378432e-04	-2.297102e-03
2.577120e+03	2.153342e-02	3.444158e-02	-3.417027e-04	-1.959932e-02	2.722003e-04	-1.889117e-03
2.589510e+03	2.770595e-03	3.226064e-02	-3.628729e-04	-1.485604e-03	-1.340768e-04	-1.285023e-03
2.601900e+03	-7.406991e-03	2.495772e-02	-1.984190e-04	7.971610e-03	-3.416949e-04	-5.785266e-04
2.614290e+03	-1.302854e-02	2.022225e-02	1.462658e-04	1.294194e-02	-3.606505e-04	1.782427e-04
2.626680e+03	-1.984927e-02	1.692496e-02	4.555278e-04	1.926902e-02	-1.325012e-04	6.115549e-04
2.639070e+03	-2.927086e-02	1.003319e-02	3.183310e-04	2.860983e-02	1.854778e-04	6.740212e-04
2.651460e+03	-3.621767e-02	-4.965550e-03	1.517525e-04	3.576848e-02	3.418349e-04	4.104062e-04
2.663850e+03	-3.374965e-02	-2.709622e-02	-1.612650e-04	3.374045e-02	2.816729e-04	-5.714529e-05
2.676240e+03	-1.551717e-02	-4.745729e-02	-3.209865e-04	1.604941e-02	8.904207e-05	-5.741818e-04
2.688630e+03	1.588650e-02	-5.349492e-02	-2.771678e-04	-1.489733e-02	-2.240916e-04	-1.000805e-03
2.701020e+03	4.796178e-02	-3.860613e-02	-8.686406e-05	-4.668513e-02	-3.965074e-04	-1.194037e-03
2.713410e+03	6.519755e-02	-5.082479e-03	1.816362e-04	-6.399829e-02	-4.340247e-04	-1.196828e-03
2.725800e+03	6.024591e-02	3.421084e-02	3.850817e-04	-5.935824e-02	-1.672408e-04	-9.014357e-04
2.738190e+03	3.052848e-02	6.449445e-02	4.169027e-04	-2.995730e-02	1.182773e-04	-5.339369e-04
2.750580e+03	-1.164963e-02	7.197425e-02	2.152235e-04	1.162334e-02	4.095327e-04	3.130629e-05
2.762970e+03	-5.208502e-02	5.344766e-02	-1.380017e-05	5.143203e-02	4.773494e-04	6.779876e-04
2.775360e+03	-7.433739e-02	1.419397e-02	-3.158781e-04	7.292199e-02	3.732936e-04	1.334762e-03
2.787750e+03	-6.979408e-02	-3.126664e-02	-3.831724e-04	6.804687e-02	1.255081e-04	1.834921e-03
2.800140e+03	-4.032475e-02	-6.566119e-02	-4.317446e-04	3.831248e-02	-2.006995e-04	2.009588e-03
2.812530e+03	5.959821e-03	-7.563224e-02	-1.980692e-04	-7.868106e-03	-4.388027e-04	1.891992e-03
2.824920e+03	5.002743e-02	-5.809603e-02	1.135388e-04	-5.134686e-02	-4.470675e-04	1.285052e-03
2.837310e+03	7.418291e-02	-1.678097e-02	3.268244e-04	-7.458375e-02	-2.843404e-04	4.379580e-04
2.849700e+03	6.933598e-02	3.019268e-02	3.804512e-04	-6.891057e-02	2.276638e-05	-4.256117e-04
2.862090e+03	3.557164e-02	6.436380e-02	2.460150e-04	-3.457038e-02	2.863066e-04	-1.051289e-03
2.874480e+03	-9.549069e-03	6.798731e-02	-1.054198e-06	1.094355e-02	4.052205e-04	-1.376900e-03
2.886870e+03	-4.740003e-02	4.522238e-02	-2.197662e-04	4.852891e-02	2.983530e-04	-1.192185e-03
2.899260e+03	-5.930547e-02	5.111321e-03	-2.554803e-04	5.994461e-02	8.015557e-05	-7.345228e-04
2.911650e+03	-4.632253e-02	-3.123718e-02	-2.357518e-04	4.649120e-02	-1.155204e-04	-2.355384e-04
2.924040e+03	-1.426227e-02	-4.701021e-02	-8.782623e-05	1.406133e-02	-2.083492e-04	2.097951e-04
2.936430e+03	1.780424e-02	-3.969166e-02	2.679531e-05	-1.800824e-02	-2.107319e-04	2.639741e-04
2.948820e+03	3.276488e-02	-1.500617e-02	1.084712e-04	-3.268631e-02	-1.247143e-04	-2.627311e-05
2.961210e+03	2.801793e-02	9.875384e-03	8.251631e-05	-2.755714e-02	4.528488e-06	-4.873151e-04
2.973600e+03	9.116751e-03	1.966068e-02	6.215060e-05	-8.225545e-03	1.083382e-05	-9.225510e-04
2.985990e+03	-8.385845e-03	1.339001e-02	1.410811e-05	9.442045e-03	2.899231e-05	-1.067558e-03
2.998380e+03	-1.128127e-02	-2.913108e-03	2.979422e-05	1.226083e-02	-2.933033e-05	-9.640615e-04
3.010770e+03	6.078463e-04	-1.309984e-02	1.587866e-04	9.388710e-05	-1.727366e-05	-7.013122e-04
3.023160e+03	1.644322e-02	-7.742045e-03	1.729703e-04	-1.590878e-02	9.755369e-05	-5.479967e-04
3.035550e+03	2.094537e-02	1.006174e-02	1.143608e-04	-2.044503e-02	1.863168e-04	-4.687044e-04
3.047940e+03	8.694420e-03	2.743901e-02	-5.163917e-05	-8.233707e-03	2.590046e-04	-4.581520e-04
3.060330e+03	-1.510939e-02	2.984351e-02	-2.339609e-04	1.562757e-02	1.814745e-04	-5.175876e-04
3.072720e+03	-3.573860e-02	1.309675e-02	-3.003051e-04	3.623254e-02	-2.017787e-05	-4.765948e-04
3.085110e+03	-3.888534e-02	-1.613620e-02	-2.414563e-04	3.920881e-02	-2.180448e-04	-3.094255e-04
3.097500e+03	-2.037527e-02	-4.185144e-02	-4.245333e-05	2.037860e-02	-3.279738e-04	2.497266e-05
3.109890e+03	1.300544e-02	-4.769168e-02	1.514605e-04	-1.341751e-02	-2.981709e-04	3.774250e-04
3.122280e+03	4.407161e-02	-2.970771e-02	2.762949e-04	-4.475938e-02	-1.354471e-04	7.169307e-04
3.134670e+03	5.454115e-02	6.392446e-03	2.882934e-04	-5.534115e-02	2.257096e-05	8.125215e-04
3.147060e+03	3.973340e-02	4.311046e-02	1.507404e-04	-4.053964e-02	2.343004e-04	7.922035e-04
3.159450e+03	3.525372e-03	5.984301e-02	-1.835902e-05	-4.162381e-03	2.959067e-04	6.351606e-04
3.171840e+03	-3.779723e-02	5.051057e-02	-1.648909e-04	3.730829e-02	2.350269e-04	4.237819e-04
3.184230e+03	-6.202377e-02	1.470105e-02	-2.678245e-04	6.182757e-02	9.368533e-05	2.105993e-04
3.196620e+03	-5.820753e-02	-2.966291e-02	-2.691365e-04	5.810439e-02	-8.921354e-05	1.075382e-04
3.209010e+03	-2.417266e-02	-6.050616e-02	-1.789317e-04	2.417073e-02	-2.488823e-04	4.639444e-05
3.221400e+03	2.097085e-02	-6.145656e-02	2.309214e-05	-2.092375e-02	-3.025466e-04	-5.667048e-05
3.233790e+03	5.564906e-02	-3.230989e-02	2.245484e-04	-5.544868e-02	-2.273656e-04	-1.258949e-04
3.246180e+03	6.176678e-02	1.165363e-02	3.166875e-04	-6.162939e-02	-8.859858e-06	-1.538497e-04
3.258570e+03	3.864659e-02	4.876569e-02	2.730931e-04	-3.854497e-02	2.136946e-04	-9.620009e-05
3.270960e+03	-2.886968e-03	5.944660e-02	6.220526e-05	2.847501e-03	3.714443e-04	6.630068e-05
3.283350e+03	-4.086780e-02	4.241495e-02	-1.969052e-04	4.058534e-02	3.245636e-04	2.933830e-04
3.295740e+03	-5.521051e-02	4.517335e-03	-2.790960e-04	5.469179e-02	1.195027e-04	5.415916e-04
3.308130e+03	-4.351892e-02	-3.263176e-02	-2.726666e-04	4.282586e-02	-1.273546e-04	7.034176e-04
3.320520e+03	-1.046582e-02	-4.925813e-02	-1.168101e-04	9.747393e-03	-3.022704e-04	7.525789e-04
3.332910e+03	2.439038e-02	-4.132239e-02	1.277664e-04	-2.500432e-02	-3.212155e-04	6.339397e-04
3.345300e+03	4.185036e-02	-1.300590e-02	2.955119e-04	-4.224658e-02	-1.678023e-04	4.494731e-04
3.357690e+03	3.652690e-02	1.861404e-02	3.109580e-04	-3.674683e-02	3.737068e-05	2.175335e-04
3.370080e+03	1.205839e-02	3.480316e-02	2.297734e-04	-1.201853e-02	2.592548e-04	-1.565565e-05
3.382470e+03	-1.532893e-02	2.995949e-02	1.448497e-05	1.541970e-02	3.387935e-04	-1.626032e-04
3.394860e+03	-2.803237e-02	8.245832e-03	-1.849260e-04	2.823265e-02	2.667328e-04	-2.553063e-04
3.407250e+03	-2.217789e-02	-1.523547e-02	-2.674643e-04	2.246888e-02	9.471512e-05	-2.710868e-04
3.419640e+03	-1.878404e-03	-2.361756e-02	-2.894523e-04	2.155810e-03	-1.032261e-04	-2.781462e-04
3.432030e+03	1.752485e-02	-1.550000e-02	-1.439833e-04	-1.732373e-02	-2.395521e-04	-2.194846e-04
3.444420e+03	2.214473e-02	4.573382e-03	3.038988e-06	-2.200647e-02	-2.661659e-04	-1.567833e-04
3.456810e+03	1.069700e-02	2.128452e-02	1.495085e-04	-1.060252e-02	-1.929094e-04	-9.210251e-05
3.469200e+03	-1.012259e-02	2.293563e-02	2.316309e-04	1.006646e-02	-3.496374e-05	6.468241e-05
3.481590e+03	-2.570197e-02	8.414526e-03	2.102804e-04	2.550144e-02	1.174752e-04	1.712334e-04
3.493980e+03	-2.537152e-02	-1.388333e-02	1.006153e-04	2.507501e-02	2.221401e-04	3.150104e-04
3.506370e+03	-8.472971e-03	-2.922866e-02	-6.182752e-05	8.032048e-03	1.802980e-04	4.386478e-04
3.518760e+03	1.571560e-02	-2.800721e-02	-1.450952e-04	-1.612228e-02	1.592294e-04	4.313099e-04
3.531150e+03	3.206788e-02	-9.278954e-03	-1.899419e-04	-3.246788e-02	1.508204e-05	4.328143e-04
3.543540e+03	3.087479e-02	1.685229e-02	-1.569878e-04	-3.118889e-02	-8.143026e-05	3.013633e-04
3.555930e+03	1.105658e-02	3.505035e-02	-8.656931e-05	-1.115507e-02	-1.272248e-04	1.270706e-04
3.568320e+03	-1.702892e-02	3.465264e-02	-8.032059e-06	1.707321e-02	-1.401977e-04	-6.040150e-05
3.580710e+03	-3.728585e-02	1.432544e-02	6.625132e-05	3.758122e-02	-1.351572e-04	-2.680356e-04
3.593100e+03	-3.845735e-02	-1.594756e-02	1.770000e-04	3.885818e-02	-6.522564e-05	-3.721884e-04
3.605490e+03	-1.798431e-02	-3.926303e-02	1.689155e-04	1.840771e-02	3.095566e-05	-4.699911e-04
3.617880e+03	1.369847e-02	-4.182887e-02	1.395516e-04	-1.329184e-02	8.958228e-05	-4.271969e-04
3.630270e+03	3.909843e-02	-2.335736e-02	5.591911e-05	-3.875947e-02	1.779207e-04	-3.678873e-04
3.642660e+03	4.422168e-02	9.162956e-03	-5.896752e-05	-4.407580e-02	1.717298e-04	-1.578276e-04
3.655050e+03	2.793652e-02	3.667806e-02	-1.488033e-04	-2.795079e-02	1.317895e-04	4.017666e-05
3.667440e+03	-3.822325e-03	4.493057e-02	-2.079493e-04	3.583817e-03	2.015255e-05	2.707388e-04
3.679830e+03	-3.370175e-02	3.170266e-02	-1.616159e-04	3.321066e-02	-1.283803e-04	4.444922e-04
3.692220e+03	-4.498478e-02	1.321258e-03	-2.493180e-05	4.447356e-02	-1.823991e-04	5.760532e-04
3.704610e+03	-3.466967e-02	-2.966507e-02	9.553546e-05	3.405419e-02	-1.872364e-04	5.760231e-04
3.717000e+03	-5.817446e-03	-4.407550e-02	2.156303e-04	5.350855e-03	-8.005661e-05	4.779493e-04
3.729390e+03	2.555769e-02	-3.630300e-02	2.091551e-04	-2.581745e-02	5.102520e-05	2.321934e-04
3.741780e+03	4.277164e-02	-8.752529e-03	1.301333e-04	-4.277506e-02	2.118590e-04	-3.174318e-05
3.754170e+03	3.715555e-02	2.215387e-02	-4.791409e-05	-3.677679e-02	2.215680e-04	-3.099359e-04
3.766560e+03	1.153764e-02	4.056517e-02	-1.855924e-04	-1.105354e-02	1.785477e-04	-4.811372e-04
3.778950e+03	-1.855581e-02	3.665829e-02	-2.710544e-04	1.916284e-02	3.480979e-05	-5.539898e-04
3.791340e+03	-3.726712e-02	1.290027e-02	-1.874104e-04	3.779048e-02	-1.612628e-04	-5.423364e-04
3.803730e+03	-3.472290e-02	-1.593181e-02	-2.776383e-05	3.522047e-02	-2.369747e-04	-4.157308e-04
3.816120e+03	-1.338871e-02	-3.422490e-02	1.298721e-04	1.362475e-02	-2.121529e-04	-2.415571e-04
3.828510e+03	1.379861e-02	-3.250579e-02	2.267744e-04	-1.379475e-02	-6.070709e-05	-7.367212e-05
3.840900e+03	3.080706e-02	-1.329691e-02	2.063196e-04	-3.085537e-02	7.967081e-05	5.991355e-05
3.853290e+03	2.971566e-02	1.219358e-02	9.651451e-05	-2.989394e-02	1.869547e-04	1.954907e-04
3.865680e+03	1.221685e-02	2.802764e-02	-7.205098e-05	-1.243511e-02	2.291681e-04	2.638813e-04
3.878070e+03	-1.155775e-02	2.729876e-02	-2.014175e-04	1.124412e-02	1.249524e-04	2.969293e-04
3.890460e+03	-2.630259e-02	1.077353e-02	-1.911999e-04	2.610327e-02	-4.150843e-05	2.661032e-04
3.902850e+03	-2.521213e-02	-1.147054e-02	-9.501477e-05	2.506228e-02	-1.616107e-04	1.857468e-04
3.915240e+03	-8.942736e-03	-2.508948e-02	4.318876e-05	8.907728e-03	-2.156771e-04	3.718960e-05
3.927630e+03	1.211752e-02	-2.348010e-02	1.890603e-04	-1.197480e-02	-1.145995e-04	-1.444973e-04
3.940020e+03	2.508965e-02	-7.065036e-03	1.926372e-04	-2.478980e-02	6.128164e-05	-3.279608e-04
3.952410e+03	2.253518e-02	1.321093e-02	1.070875e-04	-2.198518e-02	1.719138e-04	-4.452502e-04
3.964800e+03	5.523956e-03	2.516557e-02	-4.456876e-05	-5.023956e-03	2.069170e-04	-5.022070e-04
3.977190e+03	-1.432824e-02	2.146957e-02	-1.845474e-04	1.483529e-02	1.433195e-04	-4.733241e-04
3.989580e+03	-2.531284e-02	3.971965e-03	-2.048360e-04	2.572328e-02	-2.553799e-05	-3.849349e-04
4.001970e+03	-2.107697e-02	-1.568564e-02	-1.375862e-04	2.125128e-02	-1.640171e-04	-2.248211e-04
4.014360e+03	-3.213184e-03	-2.600155e-02	2.751067e-05	3.303781e-03	-2.064742e-04	-6.437609e-05
4.026750e+03	1.674981e-02	-2.123215e-02	1.609204e-04	-1.685048e-02	-1.324630e-04	9.800304e-05
4.039140e+03	2.650124e-02	-3.059950e-03	1.907816e-04	-2.666221e-02	-4.305354e-07	1.929635e-04
4.051530e+03	2.166663e-02	1.771907e-02	1.203438e-04	-2.186514e-02	1.547953e-04	2.442837e-04
4.063920e+03	3.159459e-03	2.774542e-02	-1.231769e-05	-3.419225e-03	2.033297e-04	2.606086e-04
4.076310e+03	-1.854472e-02	2.315924e-02	-1.557553e-04	1.833853e-02	1.509195e-04	2.158651e-04
4.088700e+03	-2.958745e-02	3.864020e-03	-1.867907e-04	2.939023e-02	6.289297e-06	1.393065e-04
4.101090e+03	-2.484011e-02	-1.867598e-02	-1.527638e-04	2.487619e-02	-1.325873e-04	4.005780e-05
4.113480e+03	-4.836468e-03	-3.118078e-02	-1.616051e-05	4.902471e-03	-2.168849e-04	-6.534974e-05
4.125870e+03	1.842114e-02	-2.656833e-02	1.303999e-04	-1.821356e-02	-1.475912e-04	-1.719635e-04
4.138260e+03	3.208185e-02	-6.346486e-03	1.865906e-04	-3.188185e-02	-3.236713e-05	-2.363118e-04
4.150650e+03	2.819865e-02	1.743877e-02	1.575725e-04	-2.789364e-02	9.684431e-05	-2.622172e-04
4.163040e+03	8.003717e-03	3.202961e-02	2.291674e-05	-7.793323e-03	1.944504e-04	-2.373695e-04
4.175430e+03	-1.635368e-02	2.890974e-02	-7.830594e-05	1.654531e-02	1.697763e-04	-1.551394e-04
4.187820e+03	-3.161318e-02	9.360892e-03	-1.811561e-04	3.164402e-02	6.341111e-05	-3.944581e-05
4.200210e+03	-2.947026e-02	-1.546726e-02	-1.524809e-04	2.937371e-02	-7.239214e-05	1.061962e-04
4.212600e+03	-1.085646e-02	-3.114817e-02	-7.503901e-05	1.071024e-02	-1.671948e-04	2.121708e-04
4.224990e+03	1.405945e-02	-2.981767e-02	7.725899e-05	-1.435463e-02	-1.837456e-04	2.774343e-04
4.237380e+03	3.049404e-02	-1.211733e-02	1.527778e-04	-3.076278e-02	-9.590657e-05	2.736506e-04
4.249770e+03	3.025690e-02	1.280573e-02	1.763365e-04	-3.045933e-02	3.637372e-05	2.041393e-04
4.262160e+03	1.336977e-02	2.996086e-02	1.092297e-04	-1.346156e-02	1.517794e-04	1.088465e-04
4.274550e+03	-1.124053e-02	3.068869e-02	-8.143294e-06	1.121240e-02	1.804689e-04	1.836272e-05
4.286940e+03	-2.903745e-02	1.440255e-02	-1.213472e-04	2.913695e-02	1.285586e-04	-6.003543e-05
4.299330e+03	-3.064170e-02	-9.568552e-03	-1.507617e-04	3.074170e-02	7.388186e-06	-7.810000e-05
4.311720e+03	-1.493469e-02	-2.803913e-02	-8.608785e-05	1.503656e-02	-9.795515e-05	-7.171190e-05
4.324110e+03	8.353930e-03	-3.007891e-02	-2.687677e-05	-8.286890e-03	-1.343120e-04	-6.344368e-05
4.336500e+03	2.675744e-02	-1.522106e-02	7.120731e-05	-2.665672e-02	-1.154395e-04	-5.249819e-05
4.348890e+03	2.926794e-02	7.371106e-03	1.107229e-04	-2.916755e-02	-2.513843e-05	-5.139313e-05
4.361280e+03	1.512337e-02	2.553011e-02	1.040288e-04	-1.507402e-02	5.534876e-05	-2.521620e-05
4.373670e+03	-6.817872e-03	2.799439e-02	5.770526e-06	6.827778e-03	1.359820e-04	-1.228739e-05
4.386060e+03	-2.433053e-02	1.493172e-02	-3.431080e-05	2.427455e-02	1.026340e-04	3.860493e-05
4.398450e+03	-2.687082e-02	-6.317503e-03	-8.785826e-05	2.677082e-02	3.776635e-05	1.057430e-04
4.410840e+03	-1.476072e-02	-2.312798e-02	-7.866304e-05	1.464257e-02	-5.194289e-05	1.561124e-04
4.423230e+03	5.742683e-03	-2.567901e-02	-9.172438e-06	-5.930040e-03	-7.925459e-05	1.862890e-04
4.435620e+03	2.188673e-02	-1.432444e-02	4.798225e-05	-2.206439e-02	-8.583038e-05	1.430543e-04
4.448010e+03	2.468636e-02	5.597800e-03	8.273244e-05	-2.473551e-02	-1.014802e-05	8.826041e-05
4.460400e+03	1.359064e-02	2.133264e-02	7.967066e-05	-1.358919e-02	5.907123e-05	3.296041e-05
4.472790e+03	-5.717331e-03	2.397952e-02	1.489229e-05	5.730138e-03	9.670305e-05	-3.871132e-05
4.485180e+03	-2.107550e-02	1.272813e-02	-2.364005e-05	2.117388e-02	7.715650e-05	-8.223758e-05
4.497570e+03	-2.358126e-02	-6.026470e-03	-7.343033e-05	2.368232e-02	3.576657e-05	-7.899146e-05
4.509960e+03	-1.209153e-02	-2.126895e-02	-5.921599e-05	1.213478e-02	-2.801925e-05	-4.414152e-05
4.522350e+03	6.363204e-03	-2.349742e-02	-1.599849e-05	-6.347624e-03	-6.100629e-05	-1.095380e-05
4.534740e+03	2.149348e-02	-1.175872e-02	2.465642e-05	-2.149392e-02	-6.020318e-05	1.598135e-05
4.547130e+03	2.331950e-02	6.633611e-03	5.788524e-05	-2.332118e-02	-1.338582e-05	3.719834e-05
4.559520e+03	1.148460e-02	2.135744e-02	4.862689e-05	-1.155427e-02	3.840153e-05	3.192613e-05
4.571910e+03	-6.980785e-03	2.278251e-02	2.800478e-05	6.920269e-03	4.597765e-05	5.448504e-05
4.584300e+03	-2.119847e-02	1.142069e-02	-2.032415e-05	2.115773e-02	6.512839e-05	6.901969e-05
4.596690e+03	-2.270801e-02	-7.300401e-03	-2.692667e-05	2.260801e-02	4.370681e-05	9.295004e-05
4.609080e+03	-1.131006e-02	-2.136927e-02	-2.466377e-05	1.121006e-02	8.169514e-06	1.020000e-04
4.621470e+03	7.495871e-03	-2.296332e-02	-2.717401e-05	-7.595871e-03	-4.515802e-06	9.118627e-05
4.633860e+03	2.176366e-02	-1.129500e-02	-3.621473e-05	-2.185534e-02	-1.812949e-05	8.877567e-05
4.646250e+03	2.350691e-02	7.612557e-03	-1.355189e-05	-2.354703e-02	-6.956276e-06	3.841960e-05
4.658640e+03	1.156142e-02	2.234100e-02	-3.834540e-05	-1.156654e-02	1.593354e-05	-1.266467e-05
4.671030e+03	-7.408097e-03	2.427129e-02	-1.443325e-05	7.471894e-03	-1.486448e-05	-2.784311e-05
4.683420e+03	-2.272114e-02	1.205052e-02	-2.152861e-05	2.273008e-02	-2.010601e-05	-5.010935e-05
4.695810e+03	-2.480362e-02	-7.155728e-03	1.843034e-05	2.480362e-02	-1.507733e-05	-2.701919e-05
4.708200e+03	-1.251753e-02	-2.287380e-02	2.739902e-05	1.251931e-02	-2.690129e-05	2.344503e-06
4.720590e+03	6.735698e-03	-2.520657e-02	4.940168e-05	-6.775911e-03	2.011446e-05	3.504459e-05
4.732980e+03	2.266700e-02	-1.308767e-02	2.546801e-05	-2.267476e-02	2.411134e-05	3.730896e-05
4.745370e+03	2.519648e-02	6.296723e-03	-3.609790e-05	-2.529649e-02	6.186551e-05	5.939589e-05
4.757760e+03	1.358928e-02	2.244813e-02	-6.005586e-05	-1.367452e-02	2.976987e-05	5.581590e-05
4.770150e+03	-5.896998e-03	2.503867e-02	-8.046892e-05	5.863910e-03	-1.507165e-05	3.669380e-05
4.782540e+03	-2.197793e-02	1.424694e-02	-4.754415e-05	2.197903e-02	-7.144298e-05	3.208561e-05
4.794930e+03	-2.500973e-02	-5.274944e-03	7.450905e-06	2.500973e-02	-9.441473e-05	1.379959e-05
4.807320e+03	-1.481546e-02	-2.147373e-02	9.904362e-05	1.480860e-02	-8.246491e-05	2.282837e-05
4.819710e+03	4.541920e-03	-2.504854e-02	1.079942e-04	-4.582928e-03	-4.818989e-06	3.492136e-05
4.832100e+03	2.084571e-02	-1.518211e-02	6.597816e-05	-2.084524e-02	4.942154e-05	3.807137e-05
4.844490e+03	2.483476e-02	3.783430e-03	1.877714e-05	-2.487281e-02	9.409621e-05	1.731640e-05
4.856880e+03	1.534054e-02	2.027576e-02	-6.689277e-05	-1.534312e-02	7.623326e-05	-8.107316e-06
4.869270e+03	-6.449185e-03	2.405204e-02	-1.122866e-04	6.486248e-03	-9.094169e-07	-3.934136e-05
4.881660e+03	-1.941280e-02	1.592378e-02	-8.578240e-05	1.941024e-02	-6.008587e-05	-1.450131e-06
4.894050e+03	-2.407682e-02	-2.820692e-03	-3.304755e-05	2.407682e-02	-1.163875e-04	-1.135805e-05
4.906440e+03	-1.565544e-02	-1.896789e-02	8.316529e-05	1.565562e-02	-1.128669e-04	-2.707775e-06
4.918830e+03	2.328457e-03	-2.350875e-02	1.260493e-04	-2.336469e-03	-4.922981e-05	7.274817e-06
4.931220e+03	1.832261e-02	-1.565392e-02	1.256121e-04	-1.832240e-02	6.400304e-05	1.145762e-05
4.943610e+03	2.310166e-02	1.899983e-03	5.973871e-05	-2.310166e-02	1.199369e-04	6.734175e-06
4.956000e+03	1.543543e-02	1.769330e-02	-3.933225e-05	-1.543543e-02	1.351535e-04	5.381436e-06
4.968390e+03	-1.432612e-03	2.266584e-02	-1.282220e-04	1.434325e-03	7.400402e-05	7.798355e-06
4.980780e+03	-1.726623e-02	1.513926e-02	-1.246915e-04	1.716193e-02	-1.778661e-05	9.433943e-06
4.993170e+03	-2.225703e-02	-1.258332e-03	-7.346783e-05	2.225703e-02	-1.108618e-04	1.874937e-05
5.005560e+03	-1.476947e-02	-1.678780e-02	5.848440e-05	1.477083e-02	-1.278116e-04	3.228218e-05
5.017950e+03	1.263484e-03	-2.191176e-02	1.138760e-04	-1.300028e-03	-8.660559e-05	2.494062e-05
5.030340e+03	1.659271e-02	-1.447312e-02	1.443972e-04	-1.662876e-02	2.196817e-05	-4.986279e-06
5.042730e+03	2.149996e-02	1.420002e-03	6.749719e-05	-2.149995e-02	1.160653e-04	-1.470028e-05
5.055120e+03	1.424995e-02	1.631774e-02	3.146834e-06	-1.415343e-02	1.419185e-04	-4.389183e-05
5.067510e+03	-1.543467e-03	2.107023e-02	-9.570615e-05	1.566610e-03	1.059318e-04	-2.125443e-05
5.079900e+03	-1.597022e-02	1.398376e-02	-1.408162e-04	1.596937e-02	2.665542e-05	-2.747074e-05
5.092290e+03	-2.026638e-02	-1.548459e-03	-9.755201e-05	2.026638e-02	-7.409025e-05	-9.504662e-07
5.104680e+03	-1.353155e-02	-1.567987e-02	-2.474939e-05	1.353016e-02	-1.377852e-04	1.025225e-05
5.117070e+03	1.773045e-03	-1.982139e-02	8.746538e-05	-1.809752e-03	-9.898837e-05	3.088090e-05
5.129460e+03	1.571675e-02	-1.304895e-02	1.240358e-04	-1.571659e-02	-3.316262e-05	2.136818e-05
5.141850e+03	1.975040e-02	2.113131e-03	1.103260e-04	-1.975040e-02	7.108693e-05	6.412970e-06
5.154240e+03	1.265505e-02	1.595160e-02	7.853726e-06	-1.265533e-02	1.504847e-04	-3.136928e-06
5.166630e+03	-2.299336e-03	1.997568e-02	-8.233116e-05	2.310562e-03	1.088366e-04	-1.285244e-05
5.179020e+03	-1.618143e-02	1.250642e-02	-1.133698e-04	1.618289e-02	2.058164e-05	-2.090920e-06
5.191410e+03	-2.024587e-02	-2.417133e-03	-1.147561e-04	2.024592e-02	-5.667615e-05	-1.211083e-05
5.203800e+03	-1.254953e-02	-1.630886e-02	-2.821217e-05	1.254289e-02	-1.140192e-04	-4.802865e-06
5.216190e+03	2.510109e-03	-2.036649e-02	6.024027e-05	-2.509804e-03	-9.663774e-05	6.725009e-07
5.228580e+03	1.629767e-02	-1.257221e-02	1.059210e-04	-1.629767e-02	-4.446417e-05	-5.280768e-08
5.240970e+03	2.009455e-02	2.643926e-03	1.040000e-04	-2.009455e-02	7.241233e-05	1.377600e-06
5.253360e+03	1.250429e-02	1.636352e-02	2.868020e-05	-1.250392e-02	1.147635e-04	1.388242e-06
5.265750e+03	-2.871361e-03	1.988518e-02	-6.009667e-05	2.868897e-03	1.029630e-04	6.577667e-06
5.278140e+03	-1.645529e-02	1.249504e-02	-9.374782e-05	1.637907e-02	3.621129e-05	4.783931e-06
5.290530e+03	-1.995246e-02	-2.930803e-03	-1.046353e-04	1.995246e-02	-3.854249e-05	2.048097e-06
5.302920e+03	-1.261470e-02	-1.650272e-02	-3.361663e-05	1.261309e-02	-9.418375e-05	8.865074e-06
5.315310e+03	2.704626e-03	-2.023253e-02	4.250508e-05	-2.706927e-03	-7.519940e-05	5.827506e-06
5.327700e+03	1.656386e-02	-1.291174e-02	8.150431e-05	-1.656388e-02	-6.187806e-05	5.547768e-06
5.340090e+03	2.040806e-02	2.446777e-03	8.422809e-05	-2.040806e-02	4.139094e-05	-1.177017e-06
5.352480e+03	1.303893e-02	1.636714e-02	2.332470e-05	-1.303921e-02	1.021510e-04	-1.581849e-05
5.364870e+03	-2.179826e-03	2.049592e-02	-4.718062e-05	2.187646e-03	8.294495e-05	-7.465013e-06
5.377260e+03	-1.637489e-02	1.312614e-02	-8.688319e-05	1.637473e-02	3.192404e-05	-1.540723e-07
5.389650e+03	-2.073426e-02	-2.075790e-03	-8.796334e-05	2.073430e-02	-2.242282e-05	3.735792e-06
5.402040e+03	-1.326510e-02	-1.627497e-02	-3.304142e-05	1.325950e-02	-7.778916e-05	1.255436e-05
5.414430e+03	1.871969e-03	-2.086825e-02	2.804196e-05	-1.891315e-03	-8.643509e-05	2.734503e-05
5.426820e+03	1.611922e-02	-1.364178e-02	7.064117e-05	-1.611840e-02	-5.839097e-05	2.242236e-05
5.439210e+03	2.079008e-02	1.553682e-03	7.867594e-05	-2.079008e-02	3.377449e-05	8.034923e-06
5.451600e+03	1.391016e-02	1.565904e-02	2.756370e-05	-1.390389e-02	8.107899e-05	4.916070e-06
5.463990e+03	-1.204422e-03	2.034513e-02	-1.940793e-05	1.200685e-03	7.445160e-05	1.440702e-06
5.476380e+03	-1.512328e-02	1.391040e-02	-8.696788e-05	1.520316e-02	4.826662e-05	-7.212702e-06
5.488770e+03	-1.975030e-02	-8.646081e-04	-8.676187e-05	1.975024e-02	-2.929468e-05	-2.499479e-06
5.501160e+03	-1.384682e-02	-1.483484e-02	-4.023484e-05	1.384489e-02	-7.032657e-05	2.708593e-05
5.513550e+03	7.079443e-04	-1.944331e-02	6.446732e-06	-7.590670e-04	-8.094646e-05	3.788248e-05
5.525940e+03	1.465553e-02	-1.368456e-02	6.088309e-05	-1.465599e-02	-4.572124e-05	3.080271e-05
5.538330e+03	1.943637e-02	5.340719e-04	5.623807e-05	-1.943637e-02	-5.859087e-06	2.943278e-05
5.550720e+03	1.363429e-02	1.444543e-02	3.575556e-05	-1.363429e-02	4.252943e-05	1.223150e-05
5.563110e+03	-2.087417e-04	1.936419e-02	-1.499857e-05	2.113070e-04	6.147958e-05	-2.539655e-06
5.575500e+03	-1.403441e-02	1.368810e-02	-4.707950e-05	1.403666e-02	2.445010e-05	6.125156e-06
5.587890e+03	-1.924142e-02	4.305724e-05	-4.718613e-05	1.924142e-02	-1.337578e-06	-1.291424e-05
5.600280e+03	-1.354868e-02	-1.358754e-02	-1.771659e-05	1.354950e-02	-4.489621e-05	-8.484872e-06
5.612670e+03	-7.991404e-05	-1.879997e-02	-6.785164e-06	6.315210e-05	-6.159985e-05	1.677944e-05
5.625060e+03	1.315835e-02	-1.331334e-02	4.735776e-05	-1.317473e-02	-2.742313e-05	2.889405e-05
5.637450e+03	1.834486e-02	-6.060084e-06	4.549702e-05	-1.834480e-02	8.237941e-06	3.054357e-05
5.649840e+03	1.300197e-02	1.300449e-02	1.713832e-05	-1.301217e-02	2.900592e-05	2.461636e-05
5.662230e+03	-7.826675e-05	1.780265e-02	-2.857153e-05	3.122241e-05	5.018442e-05	4.174806e-05
5.674620e+03	-1.267869e-02	1.288075e-02	-3.980238e-05	1.268005e-02	1.240883e-06	9.917735e-06
5.687010e+03	-1.732865e-02	2.391390e-05	-3.106009e-05	1.732865e-02	-3.693043e-05	1.407435e-05
5.699400e+03	-1.256839e-02	-1.243088e-02	9.042407e-06	1.256826e-02	-3.782535e-05	6.861780e-06
5.711790e+03	-5.281724e-05	-1.691164e-02	3.191242e-05	3.504725e-05	-4.873518e-05	1.434685e-05
5.724180e+03	1.232895e-02	-1.217799e-02	6.358122e-05	-1.232941e-02	-2.090866e-05	2.263688e-06
5.736570e+03	1.675244e-02	8.131379e-05	3.480524e-05	-1.675244e-02	4.108582e-05	-1.974188e-07
5.748960e+03	1.174455e-02	1.225621e-02	1.321774e-06	-1.174500e-02	3.858904e-05	7.610632e-07
5.761350e+03	-3.351129e-04	1.661230e-02	-4.067196e-05	3.442718e-04	4.176843e-05	-8.487699e-06
5.773740e+03	-1.227209e-02	1.157365e-02	-4.505378e-05	1.227177e-02	-4.574092e-06	7.420138e-06
5.786130e+03	-1.658624e-02	-4.456519e-04	-4.389945e-05	1.658627e-02	-4.070693e-05	2.394625e-05
5.798520e+03	-1.142553e-02	-1.221297e-02	2.286243e-05	1.140332e-02	-5.951916e-05	3.530199e-05
5.810910e+03	5.653956e-04	-1.638954e-02	5.106799e-05	-6.062174e-04	-3.436372e-05	4.443660e-05
5.823300e+03	1.200807e-02	-1.116059e-02	7.011636e-05	-1.207914e-02	5.588853e-06	3.405633e-05
5.835690e+03	1.594976e-02	7.431200e-04	3.126728e-05	-1.595518e-02	4.955456e-05	3.107908e-05
5.848080e+03	1.085486e-02	1.195865e-02	-2.591356e-05	-1.085486e-02	7.179580e-05	-6.358122e-06
5.860470e+03	-9.688622e-04	1.546654e-02	-5.606526e-05	9.688622e-04	3.407926e-05	-1.763114e-06
5.872860e+03	-1.192772e-02	1.063906e-02	-5.664204e-05	1.192772e-02	-2.256783e-05	1.321224e-06
5.885250e+03	-1.537284e-02	-1.178341e-03	-3.388721e-05	1.537284e-02	-5.812361e-05	-1.334921e-06
5.897640e+03	-1.041570e-02	-1.220773e-02	3.294407e-05	1.041586e-02	-7.459355e-05	6.379136e-06
5.910030e+03	1.245771e-03	-1.557108e-02	7.338892e-05	-1.275305e-03	-3.709385e-05	2.725745e-05
5.922420e+03	1.223470e-02	-1.026352e-02	6.616203e-05	-1.223590e-02	1.773733e-05	2.798308e-05
5.934810e+03	1.561244e-02	1.242030e-03	5.350455e-05	-1.561232e-02	5.398561e-05	2.501059e-05
5.947200e+03	1.020982e-02	1.211909e-02	-3.242055e-06	-1.022428e-02	9.096632e-05	1.761884e-05
5.959590e+03	-1.334888e-03	1.562110e-02	-8.394864e-05	1.320747e-03	4.903210e-05	1.529819e-05
5.971980e+03	-1.218491e-02	1.003533e-02	-7.128175e-05	1.218546e-02	-1.515448e-05	7.553872e-06
5.984370e+03	-1.549903e-02	-1.495663e-03	-5.042148e-05	1.549903e-02	-7.252947e-05	-2.199421e-06
5.996760e+03	-9.925055e-03	-1.222372e-02	2.198997e-05	9.920366e-03	-8.877584e-05	6.021457e-06
6.009150e+03	1.651521e-03	-1.538335e-02	7.309764e-05	-1.642639e-03	-6.353562e-05	-3.153448e-06
6.021540e+03	1.215622e-02	-9.985268e-03	1.064952e-04	-1.215664e-02	1.452985e-05	-1.305591e-06
6.033930e+03	1.517848e-02	1.626205e-03	7.191366e-05	-1.517848e-02	6.234147e-05	3.749762e-06
6.046320e+03	9.927941e-03	1.199575e-02	-3.562249e-06	-1.002955e-02	9.740833e-05	7.954183e-06
6.058710e+03	-1.484545e-03	1.498053e-02	-6.505317e-05	1.475652e-03	8.686574e-05	1.967122e-05
6.071100e+03	-1.184681e-02	9.892267e-03	-1.038407e-04	1.175085e-02	8.277471e-07	3.207551e-05
6.083490e+03	-1.485570e-02	-1.372163e-03	-5.658727e-05	1.485607e-02	-5.077220e-05	2.021129e-05
6.095880e+03	-9.428624e-03	-1.193660e-02	-1.210233e-05	9.373961e-03	-1.011574e-04	5.177011e-05
6.108270e+03	1.535419e-03	-1.486119e-02	7.259093e-05	-1.562276e-03	-5.644181e-05	2.675530e-05
6.120660e+03	1.167158e-02	-9.572604e-03	1.079547e-04	-1.167173e-02	-1.600788e-05	1.542020e-05
6.133050e+03	1.468151e-02	1.500115e-03	6.207440e-05	-1.468156e-02	5.958053e-05	2.028907e-06
6.145440e+03	9.544790e-03	1.171544e-02	1.723609e-05	-9.536624e-03	8.677373e-05	-9.305922e-06
6.157830e+03	-1.354236e-03	1.482374e-02	-4.481891e-05	1.370179e-03	8.178000e-05	-1.717050e-05
6.170220e+03	-1.150827e-02	9.616891e-03	-8.855952e-05	1.150786e-02	2.171377e-05	-7.866586e-06
6.182610e+03	-1.472194e-02	-1.179347e-03	-7.196812e-05	1.472201e-02	-3.580049e-05	-1.083220e-05
6.195000e+03	-9.523512e-03	-1.126149e-02	-6.154923e-06	9.511165e-03	-7.137147e-05	1.109956e-05
6.207390e+03	1.077189e-03	-1.429591e-02	4.211762e-05	-1.076483e-03	-6.344355e-05	-6.821773e-07
6.219780e+03	1.093174e-02	-9.352842e-03	6.686115e-05	-1.094672e-02	-2.769995e-05	2.254121e-05
6.232170e+03	1.389045e-02	1.197186e-03	7.190349e-05	-1.389044e-02	3.361854e-05	1.702787e-05
6.244560e+03	9.102117e-03	1.078510e-02	2.348836e-05	-9.110567e-03	7.503296e-05	1.588797e-05
6.256950e+03	-1.255631e-03	1.357790e-02	-4.361724e-05	1.242342e-03	7.310008e-05	1.307432e-05
6.269340e+03	-1.063296e-02	9.053132e-03	-5.995820e-05	1.061731e-02	3.658798e-05	2.599498e-05
6.281730e+03	-1.330000e-02	-1.159148e-03	-7.285758e-05	1.330000e-02	-1.719006e-05	9.914107e-06
6.294120e+03	-8.925156e-03	-1.034027e-02	-2.032789e-05	8.914990e-03	-6.442120e-05	1.258146e-05
6.306510e+03	9.356838e-04	-1.303674e-02	2.515757e-05	-9.350485e-04	-6.075041e-05	4.108344e-06
6.318900e+03	9.948410e-03	-8.686054e-03	5.833179e-05	-9.948410e-03	-3.724712e-05	-1.148134e-05
6.331290e+03	1.269744e-02	9.253871e-04	7.179044e-05	-1.269751e-02	1.477634e-05	-5.526252e-06
6.343680e+03	8.286535e-03	9.755657e-03	1.847592e-05	-8.276984e-03	6.903187e-05	-6.345287e-06
6.356070e+03	-1.078506e-03	1.241772e-02	-1.408837e-05	1.063030e-03	7.149679e-05	7.773446e-06
6.368460e+03	-9.764182e-03	7.996812e-03	-5.926961e-05	9.761406e-03	3.957046e-05	1.694374e-06
6.380850e+03	-1.238536e-02	-1.195318e-03	-5.508307e-05	1.238531e-02	-5.471814e-06	1.033720e-05
6.393240e+03	-7.861068e-03	-9.706118e-03	-4.490188e-05	7.867946e-03	-4.633069e-05	-5.322938e-07
6.405630e+03	1.138819e-03	-1.227256e-02	1.463193e-05	-1.139815e-03	-6.062765e-05	8.015699e-07
6.418020e+03	9.388180e-03	-7.776322e-03	3.758522e-05	-9.392350e-03	-3.822187e-05	1.623207e-05
6.430410e+03	1.189929e-02	1.060983e-03	5.448919e-05	-1.189929e-02	5.453789e-07	1.593146e-05
6.442800e+03	7.527648e-03	9.063563e-03	3.617133e-05	-7.547249e-03	5.210169e-05	1.678939e-05
6.455190e+03	-1.151432e-03	1.128937e-02	-2.940284e-06	1.149219e-03	5.823234e-05	3.404065e-06
6.467580e+03	-8.874766e-03	7.155055e-03	-4.204358e-05	8.867827e-03	3.477486e-05	2.711066e-07
6.479970e+03	-1.080000e-02	-1.355464e-03	-4.848027e-05	1.080000e-02	7.844434e-07	4.821197e-06
6.492360e+03	-6.803733e-03	-8.816502e-03	-1.505484e-05	6.812443e-03	-1.428166e-05	-6.474787e-06
6.504750e+03	1.511801e-03	-1.072817e-02	-1.249598e-05	-1.521863e-03	-4.452614e-05	6.682817e-06
6.517140e+03	8.757645e-03	-6.660796e-03	2.690288e-05	-8.776140e-03	-2.021887e-05	1.853414e-05
6.529530e+03	1.057913e-02	1.493159e-03	2.821678e-05	-1.057900e-02	9.138632e-06	5.050689e-06
6.541920e+03	6.485904e-03	8.597585e-03	1.566370e-05	-6.505567e-03	2.674476e-05	1.847664e-05
6.554310e+03	-1.430374e-03	1.033810e-02	-1.319254e-05	1.423264e-03	4.099744e-05	7.880535e-06
6.566700e+03	-8.419121e-03	6.218382e-03	-2.853584e-05	8.397826e-03	2.085906e-05	9.400669e-06
6.579090e+03	-1.001355e-02	-1.494123e-03	-3.950156e-05	1.009602e-02	-9.754077e-06	-1.040130e-05
6.591480e+03	-5.883360e-03	-8.298846e-03	-1.389747e-05	5.868233e-03	-2.282619e-05	7.444781e-06
6.603870e+03	1.698675e-03	-9.888147e-03	7.938176e-06	-1.711563e-03	-2.633502e-05	1.327835e-05
6.616260e+03	8.329108e-03	-5.633210e-03	1.478722e-05	-8.326637e-03	-1.146494e-05	-4.318025e-06
6.628650e+03	9.781835e-03	1.848253e-03	1.841614e-05	-9.791835e-03	5.999004e-06	8.785443e-06
6.641040e+03	5.527209e-03	8.274611e-03	-6.850684e-06	-5.537209e-03	2.637763e-05	1.117099e-05
6.653430e+03	-1.875234e-03	9.559834e-03	-2.520175e-05	1.865350e-03	7.369820e-06	5.697120e-06
6.665820e+03	-8.039691e-03	5.461156e-03	-3.585521e-05	8.029219e-03	9.360462e-06	1.383319e-05
6.678210e+03	-9.144976e-03	-1.839506e-03	-1.984847e-05	9.152518e-03	-1.459251e-05	-1.025077e-05
6.690600e+03	-5.225145e-03	-7.745935e-03	6.058535e-06	5.206046e-03	-2.845232e-05	1.613930e-05
6.702990e+03	1.898680e-03	-8.797360e-03	8.838867e-06	-1.888326e-03	-2.070159e-05	-5.525761e-06
6.715380e+03	7.549676e-03	-4.912020e-03	1.780610e-05	-7.560212e-03	-8.336120e-06	1.561280e-05
6.727770e+03	8.567908e-03	2.037519e-03	9.636405e-06	-8.572576e-03	1.904329e-05	-7.308153e-07
6.740160e+03	4.669783e-03	7.566162e-03	-5.585397e-06	-4.679607e-03	3.013296e-05	9.473997e-06
6.752550e+03	-2.137603e-03	8.471459e-03	-4.636195e-05	2.134074e-03	2.023074e-05	-5.120113e-07
6.764940e+03	-7.524336e-03	4.567864e-03	-2.173695e-05	7.524300e-03	-8.865032e-06	-3.294103e-07
6.777330e+03	-8.383416e-03	-2.049502e-03	-2.299099e-05	8.386347e-03	-3.777447e-05	-1.282704e-06
6.789720e+03	-4.414668e-03	-7.361817e-03	1.791474e-05	4.416353e-03	-3.602899e-05	-4.859187e-06
6.802110e+03	1.967260e-03	-8.187274e-03	1.730099e-05	-1.977966e-03	-2.508664e-05	1.026830e-05
6.814500e+03	7.196932e-03	-4.178605e-03	3.176603e-05	-7.211178e-03	-8.915808e-06	1.097410e-05
6.826890e+03	7.856373e-03	2.072666e-03	1.295119e-05	-7.848544e-03	2.614113e-05	-3.822516e-06
6.839280e+03	3.892813e-03	7.090093e-03	-8.734185e-06	-3.923223e-03	3.605316e-05	2.724733e-05
6.851670e+03	-2.237277e-03	7.634040e-03	-3.151345e-05	2.237519e-03	9.137708e-06	-1.509425e-06
6.864060e+03	-7.002939e-03	3.718747e-03	-4.179647e-05	6.999151e-03	-9.182216e-06	8.179917e-06
6.876450e+03	-7.444250e-03	-2.325681e-03	-2.012998e-05	7.454002e-03	-3.929374e-05	-6.634976e-06
6.888840e+03	-3.643083e-03	-6.839040e-03	6.759406e-06	3.630005e-03	-4.660560e-05	1.073445e-05
6.901230e+03	2.274622e-03	-7.197184e-03	4.766262e-05	-2.265383e-03	-3.631505e-05	-6.205663e-06
6.913620e+03	6.525228e-03	-3.536665e-03	2.776117e-05	-6.529400e-03	9.694058e-07	4.413686e-06
6.926010e+03	6.856717e-03	2.192801e-03	1.897773e-05	-6.859616e-03	9.659185e-06	3.278360e-06
6.938400e+03	3.279307e-03	6.295809e-03	1.329562e-06	-3.279459e-03	3.134135e-05	-3.746397e-06
6.950790e+03	-2.293979e-03	6.555813e-03	-2.053202e-05	2.284999e-03	7.638750e-06	1.052437e-05
6.963180e+03	-6.210624e-03	2.978139e-03	-1.897736e-05	6.209196e-03	4.926341e-06	-3.424250e-06
6.975570e+03	-6.411466e-03	-2.453321e-03	-7.673714e-06	6.401466e-03	-2.825585e-05	7.839386e-06
6.987960e+03	-2.815823e-03	-6.208960e-03	9.951994e-06	2.805814e-03	-1.605421e-05	4.610853e-06
7.000350e+03	2.463757e-03	-6.365891e-03	2.155445e-05	-2.480366e-03	-3.214287e-05	1.376597e-05
7.012740e+03	6.168324e-03	-2.725865e-03	1.826849e-05	-6.178424e-03	1.997027e-05	1.103843e-05
7.025130e+03	6.202068e-03	2.371101e-03	2.107732e-05	-6.209174e-03	6.217315e-06	1.768316e-06
7.037520e+03	2.590986e-03	5.977452e-03	4.356892e-06	-2.600558e-03	3.000509e-05	7.232991e-06
7.049910e+03	-2.275302e-03	5.961086e-03	-2.856264e-05	2.283183e-03	1.059391e-05	-1.760844e-06
7.062300e+03	-5.796584e-03	2.340130e-03	-2.251793e-05	5.805346e-03	-2.150632e-05	-1.337396e-05
7.074690e+03	-5.625942e-03	-2.362475e-03	-1.058594e-05	5.625814e-03	-2.907365e-05	-3.093289e-06
7.087080e+03	-2.130094e-03	-5.645554e-03	1.846710e-05	2.129596e-03	-3.273841e-05	3.448972e-06
7.099470e+03	2.519125e-03	-5.449810e-03	3.566368e-05	-2.511305e-03	-3.712863e-06	-5.980011e-06
7.111860e+03	5.579541e-03	-1.970139e-03	3.430368e-05	-5.600144e-03	4.390042e-06	1.504352e-05
7.124250e+03	5.261264e-03	2.538956e-03	1.597347e-05	-5.260433e-03	2.918539e-05	-3.881455e-07
7.136640e+03	1.913952e-03	5.404720e-03	-8.721816e-07	-1.922776e-03	2.374858e-05	8.472303e-06
7.149030e+03	-2.433674e-03	5.095974e-03	-2.902473e-05	2.434129e-03	2.451989e-05	-4.526191e-07
7.161420e+03	-5.149776e-03	1.831398e-03	-1.795133e-05	5.139982e-03	-7.957670e-06	8.363333e-06
7.173810e+03	-4.778525e-03	-2.421975e-03	-1.729511e-05	4.778836e-03	-3.223926e-05	3.081603e-06
7.186200e+03	-1.606239e-03	-4.902261e-03	9.072225e-06	1.590807e-03	-3.445265e-05	1.086108e-05
7.198590e+03	2.483040e-03	-4.504075e-03	3.249089e-05	-2.481359e-03	-2.044223e-05	3.787745e-06
7.210980e+03	4.790546e-03	-1.352970e-03	4.357744e-05	-4.800627e-03	4.784101e-06	1.026181e-05
7.223370e+03	4.330960e-03	2.571746e-03	2.644933e-05	-4.334232e-03	2.828546e-05	3.918887e-10
7.235760e+03	1.213405e-03	4.784336e-03	1.028519e-05	-1.214740e-03	2.422858e-05	-2.968786e-06
7.248150e+03	-2.558552e-03	4.291271e-03	-4.202206e-06	2.564815e-03	3.212223e-05	-1.860764e-06
7.260540e+03	-4.699447e-03	1.238113e-03	-2.189115e-05	4.689448e-03	5.692415e-06	3.360269e-06
7.272930e+03	-4.179153e-03	-2.438882e-03	-1.243735e-05	4.144976e-03	-6.890931e-06	9.754625e-06
7.285320e+03	-1.099682e-03	-4.548915e-03	1.478409e-06	1.088359e-03	-2.365623e-05	1.229957e-05
7.297710e+03	2.414938e-03	-3.885449e-03	9.913124e-06	-2.423978e-03	-1.704079e-05	4.562092e-06
7.310100e+03	4.363475e-03	-8.711052e-04	2.942124e-05	-4.382951e-03	-1.234479e-05	1.657673e-05
7.322490e+03	3.606549e-03	2.520363e-03	1.751849e-05	-3.613368e-03	1.222992e-05	8.367194e-06
7.334880e+03	6.604418e-04	4.270023e-03	1.482115e-05	-6.455561e-04	2.314871e-05	-1.458635e-05
7.347270e+03	-2.610782e-03	3.519422e-03	5.972882e-06	2.609657e-03	2.487752e-05	3.854310e-07
7.359660e+03	-4.250400e-03	5.582201e-04	-4.941267e-06	4.258775e-03	1.635555e-05	-3.154045e-06
7.372050e+03	-3.453015e-03	-2.547367e-03	-5.815512e-06	3.451134e-03	1.317223e-05	-2.837792e-07
7.384440e+03	-6.103587e-04	-4.089102e-03	-9.024957e-06	6.196108e-04	-5.027796e-06	-9.645420e-06
7.396830e+03	2.441124e-03	-3.274780e-03	1.500831e-05	-2.460188e-03	-6.415319e-06	1.222683e-05
7.409220e+03	3.776721e-03	-5.055954e-04	1.082180e-05	-3.798397e-03	-3.349822e-06	1.469033e-05
7.421610e+03	2.919162e-03	2.373469e-03	2.399469e-05	-2.928985e-03	1.060000e-05	8.462519e-06
7.434000e+03	2.910383e-04	3.596502e-03	6.916926e-06	-3.021155e-04	1.196754e-05	1.269191e-05
7.446390e+03	-2.536995e-03	2.748170e-03	-5.618417e-06	2.516392e-03	2.729060e-05	1.492569e-05
7.458780e+03	-3.611633e-03	9.176158e-05	3.176001e-06	3.603374e-03	2.110000e-05	7.259294e-06
7.471170e+03	-2.687702e-03	-2.640277e-03	-1.386705e-05	2.679043e-03	1.663937e-05	1.187617e-05
7.483560e+03	-7.694185e-05	-3.649675e-03	-1.028746e-05	8.177513e-05	-2.531811e-06	-3.270322e-06
7.495950e+03	2.500931e-03	-2.675292e-03	-4.801632e-06	-2.499587e-03	5.171572e-06	8.838184e-07
7.508340e+03	3.514401e-03	-1.391747e-04	-1.775203e-06	-3.513309e-03	-7.629944e-06	5.503553e-06
7.520730e+03	2.486780e-03	2.353411e-03	1.578192e-05	-2.483331e-03	-5.054080e-06	-3.836118e-06
7.533120e+03	4.225994e-05	3.272660e-03	4.070805e-06	-4.041922e-05	3.346009e-06	-1.353854e-06
7.545510e+03	-2.355630e-03	2.196163e-03	7.957614e-06	2.357178e-03	8.556605e-06	5.259028e-06
7.557900e+03	-3.180521e-03	-2.209349e-04	3.889619e-06	3.171048e-03	1.472953e-05	1.911874e-06
7.570290e+03	-2.050964e-03	-2.525997e-03	7.237412e-06	2.053139e-03	1.846082e-05	1.812430e-07
7.582680e+03	3.692261e-04	-3.247348e-03	-7.934562e-06	-3.970069e-04	1.313417e-05	2.798084e-05
7.595070e+03	2.576026e-03	-2.079955e-03	-5.606119e-06	-2.593144e-03	1.699265e-05	1.651529e-05
7.607460e+03	3.229972e-03	3.309663e-04	-9.610907e-06	-3.239974e-03	9.747654e-06	1.293164e-05
7.619850e+03	2.074520e-03	2.455389e-03	-2.018535e-05	-2.084792e-03	6.699658e-07	9.800222e-06
7.632240e+03	-2.354584e-04	3.019007e-03	-2.017127e-06	2.314052e-04	-1.104145e-05	4.777116e-06
7.644630e+03	-2.286306e-03	1.909249e-03	5.821915e-06	2.293079e-03	-5.270776e-06	2.898816e-06
7.657020e+03	-2.778627e-03	-3.593949e-04	1.762589e-05	2.779052e-03	9.524296e-06	-1.893995e-06
7.669410e+03	-1.650246e-03	-2.285000e-03	1.166445e-05	1.654029e-03	3.257697e-06	-4.442417e-06
7.681800e+03	5.281226e-04	-2.699897e-03	1.486048e-05	-5.233734e-04	2.855066e-05	-5.202249e-06
7.694190e+03	2.395062e-03	-1.533887e-03	-1.171656e-05	-2.401824e-03	2.631472e-05	2.109552e-06
7.706580e+03	2.744481e-03	5.837151e-04	-1.782723e-05	-2.758369e-03	2.037148e-05	5.840124e-06
7.718970e+03	1.580863e-03	2.392431e-03	-2.934677e-05	-1.589555e-03	-1.690606e-06	7.102427e-06
7.731360e+03	-5.082519e-04	2.708060e-03	-1.993693e-05	5.056975e-04	-4.962229e-06	3.511560e-06
7.743750e+03	-2.193093e-03	1.577260e-03	-9.793477e-06	2.174535e-03	-6.421579e-06	1.741205e-05
7.756140e+03	-2.514023e-03	-4.250390e-04	3.313467e-06	2.504143e-03	-1.491539e-05	8.117902e-06
7.768530e+03	-1.388164e-03	-2.041069e-03	9.043190e-06	1.368436e-03	-1.234498e-05	1.946895e-05
7.780920e+03	5.401027e-04	-2.306070e-03	1.132218e-05	-5.562249e-04	1.084859e-05	1.724524e-05
7.793310e+03	2.087917e-03	-1.151282e-03	9.377268e-06	-2.098845e-03	1.936484e-05	7.439212e-06
7.805700e+03	2.264756e-03	7.489517e-04	-1.090348e-05	-2.279986e-03	2.669350e-05	1.636301e-05
7.818090e+03	1.119725e-03	2.182868e-03	-2.317800e-05	-1.139688e-03	5.528540e-06	2.418113e-05
7.830480e+03	-7.498145e-04	2.359202e-03	-2.734356e-05	7.560102e-04	1.036885e-05	-1.982017e-06
7.842870e+03	-2.151232e-03	1.206758e-03	-1.610004e-05	2.151299e-03	-1.649961e-05	-1.000513e-06
7.855260e+03	-2.308259e-03	-6.047844e-04	-8.289568e-06	2.324703e-03	-6.286480e-06	-1.549999e-05
7.867650e+03	-1.139587e-03	-1.950827e-03	-2.055343e-05	1.159569e-03	-1.409052e-05	-2.421938e-05
7.880040e+03	5.706949e-04	-2.115670e-03	5.636573e-06	-5.654960e-04	-7.923541e-06	-4.783402e-06
7.892430e+03	1.830691e-03	-9.439440e-04	1.570749e-05	-1.829501e-03	1.246828e-06	-2.156426e-06
7.904820e+03	1.927524e-03	7.188306e-04	-1.045411e-05	-1.940014e-03	1.221333e-05	2.302222e-05
7.917210e+03	7.595105e-04	1.971083e-03	3.979714e-06	-7.838396e-04	2.407819e-06	2.489283e-05
7.929600e+03	-8.891542e-04	1.965779e-03	-1.901040e-05	8.607361e-04	1.018174e-05	2.973878e-05
7.941990e+03	-2.059513e-03	8.088949e-04	-1.049420e-05	2.026456e-03	-1.373781e-05	2.880456e-05
7.954380e+03	-2.089706e-03	-8.183130e-04	-1.516273e-05	2.079565e-03	-6.380577e-06	5.883944e-06
7.966770e+03	-9.109622e-04	-1.983314e-03	-5.608573e-06	9.080585e-04	-1.115807e-05	2.101009e-06
7.979160e+03	6.500244e-04	-1.999097e-03	7.413219e-06	-6.442219e-04	-1.839174e-05	-3.760474e-06
7.991550e+03	1.758011e-03	-8.643882e-04	1.761991e-06	-1.747934e-03	-4.486608e-06	-1.169016e-06
8.003940e+03	1.767177e-03	6.075841e-04	-4.312515e-06	-1.755955e-03	6.619693e-06	-1.301924e-05
8.016330e+03	6.633175e-04	1.670499e-03	-5.559507e-06	-6.577511e-04	-6.202485e-06	-4.540351e-06
8.028720e+03	-7.731645e-04	1.611975e-03	-7.908973e-06	7.770029e-04	4.291296e-06	-4.069997e-06
8.041110e+03	-1.751339e-03	5.362990e-04	-7.408331e-06	1.743136e-03	-1.079532e-05	3.407461e-06
8.053500e+03	-1.681484e-03	-8.534149e-04	-1.133130e-05	1.671501e-03	-1.519469e-05	6.853860e-06
8.065890e+03	-6.330812e-04	-1.810747e-03	2.789985e-06	6.207551e-04	-1.645638e-05	1.044054e-05
8.078280e+03	7.154089e-04	-1.705491e-03	1.289108e-05	-7.232767e-04	-1.162498e-05	7.829748e-06
8.090670e+03	1.638606e-03	-7.231895e-04	1.221711e-05	-1.656205e-03	-3.060002e-06	2.046892e-05
8.103060e+03	1.596277e-03	5.458479e-04	-8.200924e-06	-1.605336e-03	5.286707e-06	8.004726e-06
8.115450e+03	6.240947e-04	1.437934e-03	-3.795516e-07	-6.448547e-04	-2.395430e-06	1.958137e-05
8.127840e+03	-5.839057e-04	1.392719e-03	-1.105206e-05	5.763491e-04	-2.258085e-06	8.015444e-06
8.140230e+03	-1.404094e-03	4.849616e-04	-1.223002e-06	1.407442e-03	-1.167319e-05	-6.823435e-07
8.152620e+03	-1.325561e-03	-7.413725e-04	-2.262807e-06	1.325673e-03	-1.134062e-05	-6.286525e-07
8.165010e+03	-4.573103e-04	-1.475297e-03	1.284455e-05	4.519599e-04	-8.029788e-06	4.475534e-06
8.177400e+03	7.146817e-04	-1.418037e-03	1.822124e-05	-6.958250e-04	-1.354217e-05	-1.813342e-05
8.189790e+03	1.450227e-03	-5.322057e-04	8.541643e-06	-1.450602e-03	4.196216e-06	1.545139e-07
8.202180e+03	1.372966e-03	5.554354e-04	1.376514e-06	-1.372963e-03	5.589626e-06	2.873352e-06
8.214570e+03	5.559445e-04	1.252163e-03	1.450111e-06	-5.597029e-04	4.242284e-07	3.233147e-06
8.226960e+03	-4.768850e-04	1.207678e-03	2.123319e-06	4.640258e-04	7.266531e-06	1.309039e-05
8.239350e+03	-1.135486e-03	4.092771e-04	-7.896358e-06	1.131433e-03	-3.336893e-06	2.044795e-06
8.251740e+03	-1.038739e-03	-5.587740e-04	7.479630e-06	1.028742e-03	-1.870963e-06	1.399940e-05
8.264130e+03	-2.908917e-04	-1.137386e-03	3.119089e-06	2.833490e-04	-1.047587e-05	7.807934e-06
8.276520e+03	6.176820e-04	-1.050510e-03	1.138587e-05	-6.236635e-04	-1.409986e-05	5.370078e-06
8.288910e+03	1.182691e-03	-3.076981e-04	1.466532e-05	-1.196474e-03	-9.385919e-06	1.505601e-05
8.301300e+03	1.093150e-03	5.434649e-04	1.653413e-05	-1.113023e-03	1.717999e-05	1.449414e-05
8.313690e+03	4.295784e-04	1.109578e-03	1.675607e-05	-4.228377e-04	1.971958e-06	-4.635414e-06
8.326080e+03	-4.398393e-04	1.026082e-03	7.536611e-06	4.204760e-04	2.028654e-05	1.876105e-05
