1.338120e+03	7.236219e-02	8.384918e-02	4.924137e-05	-7.240598e-02	-1.035422e-04	5.798015e-05
1.350510e+03	4.706444e-02	1.004194e-01	-5.497439e-05	-4.726074e-02	1.404128e-05	1.372256e-04
1.362900e+03	1.822760e-02	1.088702e-01	1.418544e-06	-1.844601e-02	-4.868680e-05	2.497703e-04
1.375290e+03	-1.176951e-02	1.101214e-01	-6.209210e-06	1.139397e-02	-4.687514e-05	3.507474e-04
1.387680e+03	-4.110428e-02	1.032715e-01	-9.782353e-06	4.078945e-02	-2.845852e-05	3.675933e-04
1.400070e+03	-6.758167e-02	8.833831e-02	6.579532e-05	6.718124e-02	-9.419611e-05	4.522204e-04
1.412460e+03	-8.924911e-02	6.666458e-02	1.526961e-06	8.872320e-02	-3.087099e-05	4.903604e-04
1.424850e+03	-1.038361e-01	3.994970e-02	7.217123e-05	1.036506e-01	-5.021770e-05	4.512423e-04
1.437240e+03	-1.108047e-01	1.003844e-02	1.011361e-04	1.108073e-01	-1.475822e-05	4.044687e-04
1.449630e+03	-1.097870e-01	-2.060161e-02	8.409681e-05	1.097658e-01	1.798454e-05	4.470775e-04
1.462020e+03	-1.004628e-01	-4.997676e-02	6.455828e-05	9.945198e-02	2.978309e-05	5.003283e-04
1.474410e+03	-8.258051e-02	-7.560667e-02	5.284965e-05	8.206124e-02	5.605597e-05	5.218833e-04
1.486800e+03	-5.846357e-02	-9.542972e-02	3.787902e-05	5.805723e-02	7.043682e-05	4.065486e-04
1.499190e+03	-3.007766e-02	-1.071585e-01	6.212048e-06	2.969099e-02	7.282911e-05	3.416144e-04
1.511580e+03	8.826781e-04	-1.110000e-01	-7.115562e-06	-1.169371e-03	4.721948e-05	3.083090e-04
1.523970e+03	3.183939e-02	-1.072343e-01	-2.765323e-05	-3.213193e-02	3.030584e-05	3.744042e-04
1.536360e+03	6.073942e-02	-9.483553e-02	-2.380029e-05	-6.113930e-02	2.699995e-05	3.979612e-04
1.548750e+03	8.532946e-02	-7.422110e-02	-3.026519e-05	-8.577322e-02	-2.648195e-05	4.192946e-04
1.561140e+03	1.035223e-01	-4.718538e-02	-1.559160e-05	-1.037188e-01	2.071303e-05	4.845721e-04
1.573530e+03	1.137121e-01	-1.559452e-02	-9.965816e-06	-1.137090e-01	-4.373327e-05	4.638911e-04
1.585920e+03	1.138918e-01	1.734879e-02	-1.762408e-05	-1.138914e-01	5.003905e-05	3.561199e-04
1.598310e+03	1.041571e-01	4.980209e-02	-2.261768e-05	-1.042176e-01	1.536873e-05	2.312328e-04
1.610700e+03	8.517335e-02	7.817198e-02	-2.511171e-05	-8.538938e-02	6.191760e-05	1.853822e-04
1.623090e+03	5.912962e-02	9.940466e-02	-7.561170e-05	-5.923255e-02	4.728728e-05	8.827040e-05
1.635480e+03	2.749988e-02	1.129065e-01	-7.150015e-05	-2.760190e-02	1.091823e-05	7.758893e-05
1.647870e+03	-7.266868e-03	1.167038e-01	-4.217966e-05	7.161464e-03	-3.032423e-05	1.222033e-04
1.660260e+03	-4.204213e-02	1.100514e-01	-7.071538e-05	4.194229e-02	-4.088530e-05	7.837494e-05
1.672650e+03	-7.360930e-02	9.311978e-02	1.440029e-05	7.350886e-02	-7.506639e-05	1.375615e-04
1.685040e+03	-9.884484e-02	6.700295e-02	-1.633527e-05	9.878267e-02	-6.750134e-05	1.262809e-04
1.697430e+03	-1.154753e-01	3.372518e-02	4.330845e-05	1.154777e-01	-6.705771e-05	-9.305989e-06
1.709820e+03	-1.209770e-01	-3.464045e-03	6.354629e-06	1.209770e-01	-6.100578e-05	3.054486e-05
1.722210e+03	-1.143188e-01	-4.125626e-02	8.804554e-05	1.143178e-01	-3.383547e-05	7.397845e-05
1.734600e+03	-9.595152e-02	-7.548419e-02	4.291597e-05	9.598941e-02	-7.454301e-07	-8.599738e-05
1.746990e+03	-6.746506e-02	-1.028350e-01	1.986477e-05	6.763951e-02	-6.653964e-06	-2.002207e-04
1.759380e+03	-3.159357e-02	-1.191199e-01	4.755185e-05	3.189397e-02	3.357389e-05	-2.749720e-04
1.771770e+03	8.188649e-03	-1.236762e-01	-5.052717e-06	-7.962994e-03	7.219543e-06	-2.318898e-04
1.784160e+03	4.792568e-02	-1.153790e-01	2.695119e-05	-4.771997e-02	1.867520e-05	-2.105516e-04
1.796550e+03	8.350468e-02	-9.373849e-02	3.884890e-05	-8.338734e-02	9.577985e-06	-1.341192e-04
1.808940e+03	1.099370e-01	-6.161740e-02	5.368668e-05	-1.099399e-01	5.531630e-05	-1.124655e-04
1.821330e+03	1.252753e-01	-2.132421e-02	4.311720e-05	-1.252753e-01	-4.799375e-06	-4.310514e-05
1.833720e+03	1.259422e-01	2.233802e-02	3.335549e-05	-1.259422e-01	8.111476e-05	-3.411910e-05
1.846110e+03	1.108801e-01	6.404131e-02	3.096525e-05	-1.108816e-01	5.953356e-05	-8.312790e-05
1.858500e+03	8.343848e-02	9.845023e-02	-3.987489e-05	-8.332950e-02	1.216297e-04	-1.009235e-04
1.870890e+03	4.466468e-02	1.219902e-01	-8.607665e-05	-4.456291e-02	8.629298e-05	-8.954564e-05
1.883280e+03	-3.213049e-04	1.298290e-01	-1.640345e-04	4.007738e-04	6.336236e-05	-7.662631e-05
1.895670e+03	-4.603630e-02	1.232436e-01	-8.659537e-05	4.602888e-02	-3.862830e-05	-8.093912e-05
1.908060e+03	-8.725299e-02	9.903569e-02	-1.070040e-04	8.718272e-02	-6.706677e-05	3.931779e-05
1.920450e+03	-1.174491e-01	6.209700e-02	-1.426878e-04	1.174518e-01	-1.025846e-04	9.708112e-05
1.932840e+03	-1.329265e-01	1.563088e-02	9.408446e-05	1.329265e-01	-1.485862e-04	1.416250e-04
1.945230e+03	-1.308636e-01	-3.407456e-02	2.977326e-05	1.307641e-01	-1.065646e-04	2.080643e-04
1.957620e+03	-1.096524e-01	-8.014997e-02	5.446065e-05	1.088291e-01	-8.489288e-05	3.208231e-04
1.970010e+03	-7.229484e-02	-1.158410e-01	6.828770e-05	7.182566e-02	-5.055847e-05	5.231941e-04
1.982400e+03	-2.431503e-02	-1.352650e-01	8.138823e-05	2.381093e-02	-4.855197e-05	4.758819e-04
1.994790e+03	2.914841e-02	-1.352406e-01	8.825939e-05	-2.978378e-02	2.282723e-06	6.462038e-04
2.007180e+03	7.956914e-02	-1.144069e-01	8.476102e-05	-8.032312e-02	3.751646e-05	7.287909e-04
2.019570e+03	1.192445e-01	-7.459947e-02	8.355162e-05	-1.202383e-01	-2.095306e-05	8.705001e-04
2.031960e+03	1.393138e-01	-2.128313e-02	1.033777e-04	-1.403138e-01	1.283931e-04	9.950110e-04
2.044350e+03	1.384169e-01	3.787473e-02	5.132362e-05	-1.394169e-01	1.544262e-04	1.157269e-03
2.056740e+03	1.115524e-01	9.240182e-02	-4.484974e-05	-1.125356e-01	2.444954e-04	1.259405e-03
2.069130e+03	6.264815e-02	1.316606e-01	-1.326708e-04	-6.407192e-02	1.573748e-04	1.401264e-03
2.081520e+03	-5.623838e-05	1.467102e-01	-2.134793e-04	-1.486635e-03	8.066673e-05	1.530538e-03
2.093910e+03	-6.617148e-02	1.349628e-01	-3.073069e-04	6.458699e-02	9.564545e-06	1.559271e-03
2.106300e+03	-1.207283e-01	9.139141e-02	-1.488848e-04	1.197100e-01	-2.688863e-04	1.550726e-03
2.118690e+03	-1.494442e-01	2.539902e-02	-6.349433e-05	1.484442e-01	-2.708189e-04	1.591874e-03
2.131080e+03	-1.450747e-01	-5.092291e-02	1.398773e-04	1.440720e-01	-2.940435e-04	1.359479e-03
2.143470e+03	-9.936313e-02	-1.170503e-01	2.435747e-04	9.845392e-02	-1.480701e-04	9.515429e-04
2.155860e+03	-2.413562e-02	-1.482022e-01	2.773511e-04	2.349526e-02	-3.048774e-05	6.328974e-04
2.168250e+03	6.020179e-02	-1.370852e-01	1.363527e-04	-6.038506e-02	-7.240059e-06	1.252097e-04
2.180640e+03	1.237536e-01	-7.796851e-02	1.698622e-04	-1.228663e-01	2.077400e-04	-7.140776e-04
2.193030e+03	1.405351e-01	8.181556e-03	4.244451e-05	-1.385791e-01	2.900070e-04	-1.357098e-03
2.205420e+03	1.013199e-01	8.430281e-02	-1.629619e-04	-9.950163e-02	4.016357e-04	-1.844494e-03
2.217810e+03	2.619887e-02	1.164937e-01	-4.050933e-04	-2.383033e-02	1.684115e-04	-2.426496e-03
2.230200e+03	-4.757198e-02	9.504624e-02	-3.689217e-04	5.050231e-02	-3.236430e-05	-2.976928e-03
2.242590e+03	-8.220990e-02	3.481523e-02	-2.057946e-04	8.563907e-02	-3.415929e-04	-3.355295e-03
2.254980e+03	-6.947896e-02	-2.555949e-02	1.566464e-04	7.280816e-02	-3.777070e-04	-3.343619e-03
2.267370e+03	-2.396374e-02	-4.900543e-02	2.773200e-04	2.742752e-02	-2.673199e-04	-3.456883e-03
2.279760e+03	1.276973e-02	-3.695120e-02	2.953905e-04	-9.559559e-03	4.634203e-06	-3.155234e-03
2.292150e+03	2.014208e-02	-9.769896e-03	2.128973e-04	-1.753825e-02	2.420104e-04	-2.640678e-03
2.304540e+03	5.211290e-03	2.669007e-03	-4.628557e-05	-3.058445e-03	2.115227e-04	-2.163251e-03
2.316930e+03	-6.810981e-03	-6.505039e-03	-1.261901e-04	8.911641e-03	2.687307e-04	-2.102719e-03
2.329320e+03	7.932073e-04	-2.385453e-02	-1.879585e-04	8.322388e-04	3.067281e-05	-1.634952e-03
2.341710e+03	2.758516e-02	-2.268204e-02	-1.322955e-04	-2.662537e-02	-1.519038e-04	-9.458584e-04
2.354100e+03	4.521729e-02	3.448642e-03	-1.945099e-05	-4.489438e-02	-1.516247e-04	-3.634168e-04
2.366490e+03	3.557947e-02	4.080679e-02	5.869785e-05	-3.560772e-02	-7.603158e-05	1.387183e-04
2.378880e+03	-4.039602e-03	5.976442e-02	8.428306e-05	3.459288e-03	-1.087448e-04	5.980680e-04
2.391270e+03	-5.063221e-02	4.520331e-02	9.966579e-05	4.939743e-02	9.675168e-05	1.241191e-03
2.403660e+03	-7.208406e-02	-1.341224e-03	2.020816e-05	7.095000e-02	3.176159e-05	1.147524e-03
2.416050e+03	-5.654302e-02	-5.555743e-02	1.035553e-05	5.566673e-02	2.802595e-05	8.511872e-04
2.428440e+03	-2.130755e-03	-8.298620e-02	-2.550324e-05	1.481664e-03	2.861397e-05	6.431659e-04
2.440830e+03	5.942146e-02	-6.532860e-02	1.229937e-06	-5.976004e-02	2.841057e-05	2.795189e-04
2.453220e+03	9.111598e-02	-6.158469e-03	-2.355902e-05	-9.085252e-02	2.501007e-06	-2.190860e-04
2.465610e+03	7.341120e-02	6.075679e-02	-2.415199e-05	-7.279296e-02	1.176401e-04	-5.588809e-04
2.478000e+03	1.200961e-02	9.589986e-02	-1.350486e-04	-1.080889e-02	-7.609546e-05	-1.209991e-03
2.490390e+03	-5.812785e-02	7.768315e-02	-9.587861e-05	5.932502e-02	-4.793953e-05	-1.144897e-03
2.502780e+03	-9.326060e-02	1.621909e-02	-1.429187e-05	9.416059e-02	-7.542548e-05	-9.141784e-04
2.515170e+03	-7.877659e-02	-5.422490e-02	1.561289e-04	7.932466e-02	-5.844616e-05	-5.184551e-04
2.527560e+03	-1.948671e-02	-9.033400e-02	6.820299e-05	1.915781e-02	-1.315640e-04	3.104439e-04
2.539950e+03	4.846531e-02	-7.702214e-02	1.140078e-04	-4.976490e-02	1.114101e-05	1.269583e-03
2.552340e+03	8.444052e-02	-1.827408e-02	9.661033e-05	-8.596175e-02	1.283958e-04	1.546098e-03
2.564730e+03	6.969341e-02	4.547219e-02	9.427082e-07	-7.136886e-02	2.447601e-04	1.603295e-03
2.577120e+03	1.384977e-02	7.739782e-02	-1.899291e-04	-1.474163e-02	7.051529e-05	8.733731e-04
2.589510e+03	-4.449361e-02	5.830976e-02	-1.462914e-04	4.398930e-02	3.474891e-06	5.136772e-04
2.601900e+03	-6.504106e-02	5.141042e-03	-1.658423e-04	6.484357e-02	-2.092097e-04	3.444737e-05
2.614290e+03	-4.287308e-02	-4.371099e-02	1.460664e-04	4.390016e-02	-4.227449e-05	-9.442715e-04
2.626680e+03	8.623978e-03	-5.549994e-02	2.748206e-04	-7.855477e-03	1.247076e-04	-7.650308e-04
2.639070e+03	4.740011e-02	-2.357293e-02	7.968980e-05	-4.660432e-02	6.221235e-05	-7.855087e-04
2.651460e+03	4.278689e-02	2.234890e-02	-1.883940e-05	-4.255846e-02	1.890471e-04	-2.386027e-04
2.663850e+03	5.863275e-03	4.538813e-02	-1.407950e-04	-5.491460e-03	4.659684e-05	-3.760573e-04
2.676240e+03	-3.363506e-02	3.027054e-02	-1.561604e-04	3.540358e-02	-5.364903e-06	-1.717119e-03
2.688630e+03	-4.221754e-02	-1.148401e-02	-6.016803e-05	4.380869e-02	-2.022014e-04	-1.611852e-03
2.701020e+03	-1.418183e-02	-4.087939e-02	1.295336e-04	1.629830e-02	-8.172040e-05	-2.057653e-03
2.713410e+03	2.723600e-02	-3.633139e-02	1.714838e-04	-2.591669e-02	-1.156711e-05	-1.279199e-03
2.725800e+03	4.524405e-02	7.139038e-04	1.554815e-04	-4.450764e-02	9.754550e-05	-9.072340e-04
2.738190e+03	2.790002e-02	3.882212e-02	2.751480e-05	-2.798700e-02	2.033410e-04	1.250348e-04
2.750580e+03	-1.456110e-02	4.839559e-02	-2.593824e-04	1.391878e-02	1.407834e-05	7.176479e-04
2.762970e+03	-4.956167e-02	1.932203e-02	-2.397178e-04	4.812066e-02	-1.049672e-04	1.516083e-03
2.775360e+03	-4.899977e-02	-2.624614e-02	-8.995312e-05	4.719347e-02	-1.337815e-04	1.795399e-03
2.787750e+03	-1.255874e-02	-5.467126e-02	9.117517e-05	1.096378e-02	-1.335980e-04	1.584424e-03
2.800140e+03	3.520815e-02	-4.601604e-02	1.359203e-04	-3.637629e-02	-1.514799e-04	1.161371e-03
2.812530e+03	5.889858e-02	-2.134310e-03	1.312494e-04	-5.950199e-02	1.182307e-05	5.909502e-04
2.824920e+03	3.999595e-02	4.397393e-02	-2.211817e-05	-4.080988e-02	1.038295e-04	7.676962e-04
2.837310e+03	-8.905293e-03	5.917090e-02	-3.259472e-05	9.164297e-03	2.648486e-04	-2.933430e-04
2.849700e+03	-5.282638e-02	3.168780e-02	-1.190421e-04	5.368262e-02	5.762077e-05	-9.346160e-04
2.862090e+03	-5.762704e-02	-2.148891e-02	-1.526386e-04	5.862967e-02	-2.075908e-04	-1.012015e-03
2.874480e+03	-1.675430e-02	-5.714186e-02	1.461102e-04	1.788838e-02	-5.219279e-05	-1.046652e-03
2.886870e+03	3.362615e-02	-5.019212e-02	1.188756e-04	-3.265220e-02	-1.152892e-04	-1.020750e-03
2.899260e+03	5.888625e-02	-5.984566e-03	8.607303e-05	-5.812458e-02	1.748315e-05	-7.120032e-04
2.911650e+03	4.155541e-02	4.164694e-02	-5.693187e-05	-4.107137e-02	6.742546e-05	-5.407849e-04
2.924040e+03	-6.189894e-03	5.669245e-02	-1.246026e-04	6.114557e-03	1.041538e-04	2.861447e-05
2.936430e+03	-4.624559e-02	3.126574e-02	-1.731561e-04	4.655101e-02	-2.556335e-05	-2.773189e-04
2.948820e+03	-5.159672e-02	-1.700113e-02	-1.505790e-04	5.120823e-02	-2.720534e-04	4.597820e-04
2.961210e+03	-1.992293e-02	-4.967716e-02	8.018493e-05	1.953540e-02	-1.354410e-04	3.939442e-04
2.973600e+03	2.465780e-02	-4.628734e-02	9.624637e-05	-2.529103e-02	-1.372317e-04	6.203642e-04
2.985990e+03	4.959853e-02	-9.225491e-03	2.469897e-04	-5.019859e-02	1.696816e-04	5.210895e-04
2.998380e+03	3.759741e-02	3.248649e-02	-5.491588e-05	-3.816735e-02	7.122251e-05	5.717790e-04
3.010770e+03	-7.645670e-04	4.670298e-02	-9.298299e-05	-2.182913e-04	1.292293e-04	9.807371e-04
3.023160e+03	-3.699189e-02	3.007714e-02	-5.247834e-05	3.691813e-02	2.171398e-04	9.367367e-05
3.035550e+03	-4.489833e-02	-1.030257e-02	-7.362862e-05	4.499837e-02	-5.435800e-05	-1.320515e-04
3.047940e+03	-1.851322e-02	-4.087644e-02	1.568165e-05	1.889040e-02	-1.300093e-04	-3.743998e-04
3.060330e+03	2.046521e-02	-3.827994e-02	1.304574e-04	-1.979550e-02	-8.252296e-05	-7.129125e-04
3.072720e+03	4.132412e-02	-6.384002e-03	8.460586e-05	-4.045096e-02	-8.460735e-05	-8.194134e-04
3.085110e+03	3.028500e-02	2.882502e-02	2.487615e-04	-2.950178e-02	3.162188e-04	-7.933951e-04
3.097500e+03	-4.685087e-03	3.998008e-02	-1.399793e-04	5.196141e-03	5.346791e-05	-5.080775e-04
3.109890e+03	-3.562230e-02	1.983816e-02	-1.077224e-04	3.629920e-02	7.124900e-05	-6.479667e-04
3.122280e+03	-3.730736e-02	-1.647735e-02	-1.340093e-04	3.788721e-02	-3.544574e-05	-5.538058e-04
3.134670e+03	-9.243460e-03	-3.915231e-02	-2.741654e-05	9.497841e-03	-5.634059e-05	-3.182027e-04
3.147060e+03	2.617208e-02	-3.124113e-02	7.485062e-05	-2.585477e-02	-8.152045e-05	-3.295333e-04
3.159450e+03	4.016421e-02	6.883052e-04	1.388323e-04	-4.030022e-02	1.299875e-05	1.895746e-04
3.171840e+03	2.544407e-02	3.312320e-02	4.684731e-05	-2.584837e-02	-1.516904e-05	3.554860e-04
3.184230e+03	-9.638195e-03	4.141453e-02	1.136377e-05	9.106172e-03	3.120015e-05	5.262098e-04
3.196620e+03	-3.864377e-02	1.939818e-02	-7.160867e-05	3.824381e-02	2.418468e-05	4.331561e-04
3.209010e+03	-3.919510e-02	-1.646016e-02	-7.280213e-06	3.878636e-02	5.851289e-05	4.152967e-04
3.221400e+03	-1.207522e-02	-3.994027e-02	-2.173624e-05	1.159837e-02	-4.587757e-06	4.522274e-04
3.233790e+03	2.363359e-02	-3.416182e-02	1.541809e-05	-2.364216e-02	8.021427e-06	4.489930e-06
3.246180e+03	4.079659e-02	-2.573471e-03	-5.425123e-06	-4.031288e-02	-5.209078e-05	-4.712809e-04
3.258570e+03	2.825651e-02	3.033710e-02	-7.276440e-05	-2.802576e-02	-6.833063e-05	-3.199162e-04
3.270960e+03	-6.220827e-03	4.109636e-02	3.635091e-06	6.862631e-03	3.606150e-06	-6.428743e-04
3.283350e+03	-3.648051e-02	2.003798e-02	-1.172766e-04	3.710836e-02	-1.758930e-04	-6.613856e-04
3.295740e+03	-3.757619e-02	-1.611235e-02	-2.400388e-06	3.802018e-02	-4.680824e-05	-4.360755e-04
3.308130e+03	-1.088513e-02	-3.866930e-02	1.057383e-04	1.127380e-02	6.441753e-05	-4.394085e-04
3.320520e+03	2.393659e-02	-3.263369e-02	2.292557e-04	-2.364887e-02	2.180419e-04	-2.328856e-04
3.332910e+03	4.008593e-02	-5.433471e-04	-8.836710e-05	-3.979420e-02	-5.099523e-05	-2.642893e-04
3.345300e+03	2.557964e-02	3.100212e-02	-7.540393e-05	-2.593003e-02	-4.558344e-06	2.294217e-04
3.357690e+03	-8.304029e-03	3.914585e-02	-2.251188e-05	7.991450e-03	9.436317e-05	3.125720e-04
3.370080e+03	-3.597106e-02	1.868006e-02	-1.849369e-04	3.566922e-02	-1.682383e-04	2.745618e-04
3.382470e+03	-3.730454e-02	-1.611233e-02	-2.219561e-05	3.700494e-02	-1.228145e-04	2.960977e-04
3.394860e+03	-1.157210e-02	-3.914591e-02	1.747790e-04	1.123002e-02	3.155267e-05	3.320802e-04
3.407250e+03	2.268283e-02	-3.350613e-02	6.029961e-05	-2.307020e-02	-2.308312e-05	3.399956e-04
3.419640e+03	3.978165e-02	-2.755017e-03	2.163473e-04	-3.968165e-02	2.313320e-04	-4.635875e-05
3.432030e+03	2.712557e-02	2.912441e-02	-3.861539e-05	-2.702360e-02	7.660497e-05	-1.567575e-04
3.444420e+03	-5.819537e-03	3.758411e-02	-1.289271e-04	6.046714e-03	5.161576e-05	-2.186773e-04
3.456810e+03	-3.392245e-02	1.879768e-02	-2.140354e-05	3.430161e-02	3.960409e-05	-3.485421e-04
3.469200e+03	-3.572051e-02	-1.471903e-02	-9.000368e-05	3.612000e-02	-1.603341e-04	-4.532890e-04
3.481590e+03	-9.906831e-03	-3.629763e-02	2.278958e-05	1.059883e-02	-1.501416e-04	-7.094338e-04
3.493980e+03	2.338719e-02	-3.026557e-02	1.209609e-04	-2.311903e-02	-1.521250e-05	-3.037298e-04
3.506370e+03	3.684528e-02	-2.055536e-04	1.068237e-04	-3.664688e-02	1.417072e-04	-3.228822e-04
3.518760e+03	2.375761e-02	2.962970e-02	-1.411839e-04	-2.349864e-02	5.462469e-06	-2.655135e-04
3.531150e+03	-8.774430e-03	3.645540e-02	4.023001e-05	8.699995e-03	1.818365e-04	7.535724e-05
3.543540e+03	-3.391700e-02	1.535912e-02	-8.005153e-05	3.375359e-02	-3.619500e-05	1.185105e-04
3.555930e+03	-3.322392e-02	-1.682898e-02	3.392385e-05	3.308573e-02	-4.496808e-05	9.760957e-05
3.568320e+03	-7.496595e-03	-3.538885e-02	3.405709e-05	7.180893e-03	-7.697216e-05	3.093178e-04
3.580710e+03	2.378735e-02	-2.750548e-02	-4.944378e-05	-2.397456e-02	-1.460094e-04	1.416015e-04
3.593100e+03	3.551732e-02	1.386309e-03	8.574536e-05	-3.580520e-02	1.399198e-04	2.667098e-04
3.605490e+03	2.162871e-02	2.892638e-02	-1.893755e-04	-2.194506e-02	-3.151206e-05	2.688884e-04
3.617880e+03	-9.356195e-03	3.542396e-02	1.840179e-04	9.637327e-03	3.583579e-04	-2.740781e-04
3.630270e+03	-3.322516e-02	1.407151e-02	-2.299868e-04	3.352787e-02	-1.969355e-04	-2.596424e-04
3.642660e+03	-3.073530e-02	-1.699453e-02	1.053186e-04	3.106957e-02	-4.697750e-05	-3.007209e-04
3.655050e+03	-5.643798e-03	-3.346826e-02	9.390164e-05	5.996055e-03	-1.078563e-04	-3.320508e-04
3.667440e+03	2.325946e-02	-2.574974e-02	8.131755e-05	-2.313902e-02	-7.682025e-06	-1.214766e-04
3.679830e+03	3.365973e-02	5.337355e-03	1.889911e-04	-3.315861e-02	2.534726e-04	-4.949775e-04
3.692220e+03	1.838865e-02	2.883071e-02	1.956963e-05	-1.787621e-02	2.275872e-04	-4.634177e-04
3.704610e+03	-1.205561e-02	3.115654e-02	-2.121752e-04	1.210078e-02	-1.467166e-05	-1.864880e-05
3.717000e+03	-3.167684e-02	1.041854e-02	-1.723829e-04	3.177338e-02	-1.133263e-04	-6.193578e-05
3.729390e+03	-2.797420e-02	-1.890397e-02	8.842067e-05	2.786495e-02	-5.486984e-05	1.368738e-04
3.741780e+03	-2.314043e-03	-3.259167e-02	-3.741418e-05	2.187219e-03	-2.437518e-04	1.207096e-04
3.754170e+03	2.455196e-02	-2.232109e-02	2.592051e-04	-2.459157e-02	1.137889e-04	1.590832e-04
3.766560e+03	3.229775e-02	5.024670e-03	1.129624e-04	-3.269767e-02	1.298195e-04	3.549331e-04
3.778950e+03	1.541114e-02	2.816150e-02	5.303531e-05	-1.569087e-02	2.509606e-04	3.193628e-04
3.791340e+03	-1.235161e-02	3.011140e-02	-2.572804e-04	1.256751e-02	-3.653973e-05	-1.851393e-04
3.803730e+03	-3.023005e-02	8.188771e-03	5.698976e-06	3.008035e-02	8.119885e-05	1.192426e-04
3.816120e+03	-2.521996e-02	-1.848683e-02	5.224126e-05	2.533626e-02	-1.595927e-06	-8.686708e-05
3.828510e+03	-9.914410e-04	-3.009790e-02	-7.522754e-05	9.385327e-04	-2.455843e-04	3.008552e-05
3.840900e+03	2.312849e-02	-1.953495e-02	1.179196e-04	-2.288237e-02	-6.225085e-05	-2.158516e-04
3.853290e+03	2.939990e-02	6.421254e-03	9.309580e-05	-2.909990e-02	8.227862e-05	-3.017316e-04
3.865680e+03	1.256568e-02	2.735912e-02	-8.723456e-05	-1.220931e-02	4.334284e-05	-3.378139e-04
3.878070e+03	-1.333224e-02	2.590592e-02	9.160317e-06	1.336500e-02	1.819929e-04	-3.924321e-05
3.890460e+03	-2.748297e-02	5.546450e-03	-1.719809e-04	2.764221e-02	-7.354017e-05	-2.203271e-04
3.902850e+03	-2.134938e-02	-1.851361e-02	-1.682127e-04	2.144553e-02	-2.079394e-04	-9.659596e-05
3.915240e+03	1.480434e-03	-2.757192e-02	-4.775950e-05	-1.574120e-03	-1.812334e-04	9.226734e-05
3.927630e+03	2.293163e-02	-1.569316e-02	2.018819e-04	-2.322972e-02	9.750622e-05	2.208982e-04
3.940020e+03	2.538724e-02	7.470990e-03	-3.221893e-05	-2.566462e-02	-3.080769e-05	3.793659e-04
3.952410e+03	9.694370e-03	2.417842e-02	-1.318393e-05	-9.744298e-03	5.729802e-05	8.777408e-05
3.964800e+03	-1.281866e-02	2.231515e-02	-9.994815e-05	1.280959e-02	3.615585e-05	-8.197928e-05
3.977190e+03	-2.466341e-02	3.492368e-03	1.076481e-05	2.465810e-02	7.407245e-05	3.593419e-05
3.989580e+03	-1.740363e-02	-1.659190e-02	-1.020939e-04	1.746086e-02	-1.242198e-04	-2.656061e-05
4.001970e+03	2.103043e-03	-2.310600e-02	2.152904e-05	-2.118147e-03	-7.548266e-05	5.863736e-05
4.014360e+03	1.890421e-02	-1.272282e-02	-4.193768e-05	-1.911623e-02	-1.201246e-04	2.505129e-04
4.026750e+03	2.049328e-02	8.185244e-03	1.278437e-04	-2.009136e-02	1.153446e-04	-3.679553e-04
4.039140e+03	6.028095e-03	2.074284e-02	-8.051032e-05	-5.912905e-03	-1.628281e-05	-1.185448e-04
4.051530e+03	-1.246019e-02	1.719916e-02	-1.042873e-04	1.279690e-02	4.496956e-06	-2.522455e-04
4.063920e+03	-2.003846e-02	1.040842e-04	9.623369e-05	2.007035e-02	1.323356e-04	-6.591857e-05
4.076310e+03	-1.216771e-02	-1.572907e-02	-1.631195e-04	1.232802e-02	-1.600180e-04	-1.421896e-04
4.088700e+03	4.926874e-03	-1.913879e-02	2.195406e-05	-5.130544e-03	-6.317223e-05	2.073347e-04
4.101090e+03	1.793928e-02	-6.572571e-03	-1.231379e-04	-1.782614e-02	-1.939381e-04	-1.110130e-04
4.113480e+03	1.538079e-02	8.991838e-03	2.017260e-04	-1.582451e-02	1.953157e-04	4.446361e-04
4.125870e+03	2.097095e-03	1.770206e-02	-7.798379e-05	-1.992689e-03	-2.063610e-05	-1.115114e-04
4.138260e+03	-1.299121e-02	1.228708e-02	3.112661e-05	1.305869e-02	7.854492e-05	-1.153756e-04
4.150650e+03	-1.625723e-02	-2.662388e-03	-6.022073e-05	1.616494e-02	-1.693975e-05	1.101884e-04
4.163040e+03	-7.578108e-03	-1.409768e-02	-5.929300e-05	7.536314e-03	-8.942167e-05	3.952493e-05
4.175430e+03	6.148267e-03	-1.412292e-02	-7.372808e-05	-6.270859e-03	-1.158880e-04	1.022474e-04
4.187820e+03	1.479152e-02	-3.199188e-03	8.610638e-05	-1.477164e-02	3.465745e-05	-7.445891e-05
4.200210e+03	1.114948e-02	1.012399e-02	-8.742170e-05	-1.084799e-02	-8.090514e-05	-2.888271e-04
4.212600e+03	-9.546821e-04	1.416422e-02	1.010853e-04	9.900605e-04	1.077505e-04	-5.363134e-05
4.224990e+03	-1.188329e-02	7.235603e-03	-1.242558e-04	1.179688e-02	-7.573593e-05	3.933230e-05
4.237380e+03	-1.293547e-02	-4.950641e-03	-1.396774e-04	1.320993e-02	-9.789536e-05	-2.310826e-04
4.249770e+03	-3.296026e-03	-1.290817e-02	-1.081576e-05	3.389677e-03	-1.949042e-07	-8.545125e-05
4.262160e+03	8.493920e-03	-1.063066e-02	1.584448e-05	-8.583596e-03	1.884412e-05	9.578133e-05
4.274550e+03	1.285120e-02	6.168674e-04	-9.849190e-05	-1.286095e-02	-7.924743e-05	7.029175e-05
4.286940e+03	6.776263e-03	1.077548e-02	1.120136e-04	-6.735917e-03	1.153327e-04	-8.569598e-05
4.299330e+03	-4.275536e-03	1.174507e-02	4.872046e-05	4.444006e-03	6.502437e-05	-1.434608e-04
4.311720e+03	-1.145813e-02	3.604893e-03	-1.825200e-04	1.151963e-02	-1.711192e-04	-6.327719e-06
4.324110e+03	-9.502112e-03	-7.289940e-03	2.245717e-04	9.139908e-03	2.073556e-04	3.230894e-04
4.336500e+03	-1.848523e-04	-1.137162e-02	7.580961e-06	4.794675e-05	3.144724e-05	1.322912e-04
4.348890e+03	9.124806e-03	-6.518055e-03	-5.757141e-05	-8.751886e-03	-2.274917e-05	-2.468122e-04
4.361280e+03	1.046118e-02	2.633827e-03	1.898117e-05	-1.044752e-02	6.306816e-05	-3.925531e-06
4.373670e+03	3.917134e-03	1.007762e-02	-3.398791e-05	-3.689901e-03	6.562211e-06	-2.267851e-04
4.386060e+03	-5.610240e-03	8.778410e-03	7.974185e-05	5.678098e-03	9.971268e-05	-1.071410e-04
4.398450e+03	-1.039619e-02	7.870827e-04	-3.834137e-05	1.039621e-02	-1.285785e-04	-2.782234e-05
4.410840e+03	-6.263484e-03	-7.216170e-03	1.978765e-04	6.598448e-03	1.275972e-04	-3.496865e-04
4.423230e+03	2.265813e-03	-9.599067e-03	-9.664192e-06	-2.254804e-03	-3.252385e-05	-1.136923e-05
4.435620e+03	8.619484e-03	-3.971455e-03	-1.281963e-04	-8.771387e-03	-9.926040e-05	1.748012e-04
4.448010e+03	7.833971e-03	5.177458e-03	-1.397178e-06	-7.809324e-03	7.220912e-05	-2.109183e-05
4.460400e+03	5.927312e-04	8.931823e-03	-7.407591e-05	-7.901342e-04	1.625533e-05	1.841420e-04
4.472790e+03	-6.756925e-03	6.538011e-03	-1.369898e-04	6.954057e-03	-1.036134e-04	-1.996277e-04
4.485180e+03	-8.773349e-03	-1.808520e-03	4.838319e-05	8.754560e-03	2.775166e-05	3.331435e-05
4.497570e+03	-3.805845e-03	-7.950779e-03	-1.196026e-04	3.708632e-03	-2.087697e-04	8.661108e-05
4.509960e+03	3.848250e-03	-7.459441e-03	3.989388e-04	-3.756621e-03	3.292640e-04	-9.298615e-05
4.522350e+03	8.287191e-03	-1.254390e-03	-1.581160e-04	-8.178180e-03	-1.299149e-04	-1.058013e-04
4.534740e+03	5.582917e-03	5.471363e-03	4.226128e-05	-5.507121e-03	1.154175e-04	-9.062503e-05
4.547130e+03	-5.481991e-04	8.226231e-03	-2.469505e-04	9.811964e-04	-1.231764e-04	-4.198773e-04
4.559520e+03	-7.072087e-03	3.636399e-03	5.389775e-05	7.073433e-03	7.535377e-05	-8.189739e-07
4.571910e+03	-6.904843e-03	-2.874513e-03	-2.621848e-04	7.062071e-03	-2.461152e-04	-2.225244e-04
4.584300e+03	-1.498779e-03	-7.173479e-03	1.087237e-04	1.450563e-03	5.180046e-05	1.921190e-06
4.596690e+03	5.014790e-03	-5.132164e-03	3.119222e-05	-4.830275e-03	-8.879994e-06	-1.926442e-04
4.609080e+03	6.890474e-03	8.273370e-04	5.319129e-05	-6.908933e-03	4.428911e-05	5.768409e-06
4.621470e+03	3.299987e-03	6.440654e-03	6.447849e-06	-3.180633e-03	5.190281e-05	-1.154436e-04
4.633860e+03	-2.960858e-03	6.171750e-03	-6.176132e-05	2.888154e-03	1.610301e-05	7.527427e-05
4.646250e+03	-6.193928e-03	1.652210e-03	-3.574728e-05	6.344015e-03	3.591470e-06	-1.200355e-04
4.658640e+03	-5.642344e-03	-4.497688e-03	-7.014363e-05	5.479630e-03	-7.389441e-05	1.666212e-04
4.671030e+03	2.533816e-04	-6.378156e-03	1.041636e-04	-2.348966e-04	6.059343e-05	-1.823032e-05
4.683420e+03	4.789098e-03	-3.063598e-03	1.820673e-04	-4.567264e-03	1.406296e-04	-1.834827e-04
4.695810e+03	5.785554e-03	2.097811e-03	-6.517717e-05	-5.771321e-03	-5.955656e-05	-1.293389e-04
4.708200e+03	1.513909e-03	5.357211e-03	-1.732041e-07	-1.512467e-03	4.135600e-05	-2.493453e-05
4.720590e+03	-3.267355e-03	4.654557e-03	2.454103e-04	3.448445e-03	2.800362e-04	-1.684503e-04
4.732980e+03	-5.374863e-03	7.357012e-05	-1.698999e-05	5.385939e-03	1.438730e-05	-6.872562e-05
4.745370e+03	-3.446328e-03	-4.304098e-03	-9.829543e-05	3.420266e-03	-7.691506e-05	-9.772619e-08
4.757760e+03	1.746305e-03	-4.644853e-03	1.289806e-04	-1.503740e-03	8.349267e-05	-2.469844e-04
4.770150e+03	4.776807e-03	-1.579208e-03	-5.860645e-05	-4.709242e-03	-7.997176e-05	-5.417414e-05
4.782540e+03	4.313785e-03	3.077371e-03	4.300441e-05	-4.278703e-03	5.345693e-05	-2.876150e-05
4.794930e+03	-7.521766e-04	5.298235e-03	1.328132e-05	8.557027e-04	8.134901e-06	-1.054002e-04
4.807320e+03	-4.255148e-03	2.916742e-03	8.522137e-05	4.260537e-03	7.870619e-05	-1.470633e-05
4.819710e+03	-4.609373e-03	-1.556187e-03	-4.988999e-05	4.576048e-03	-2.266557e-05	7.770421e-05
4.832100e+03	-1.624949e-03	-4.272823e-03	-7.080967e-06	1.684186e-03	-2.267180e-05	-4.686360e-05
4.844490e+03	2.114188e-03	-3.661266e-03	3.043114e-05	-2.005852e-03	1.429480e-05	-1.107411e-04
4.856880e+03	4.501492e-03	-4.626111e-04	1.136589e-04	-4.453572e-03	1.272245e-04	-4.118385e-05
4.869270e+03	2.815798e-03	3.418480e-03	-6.938003e-05	-2.499885e-03	-4.623276e-05	-2.971986e-04
4.881660e+03	-1.111754e-03	4.222829e-03	4.338098e-05	1.328198e-03	4.685382e-05	-2.265007e-04
4.894050e+03	-3.757168e-03	1.559455e-03	-2.357397e-05	3.753727e-03	-2.073662e-06	-4.701004e-07
4.906440e+03	-3.440126e-03	-2.001929e-03	7.298144e-06	3.324718e-03	2.324298e-05	9.567857e-05
4.918830e+03	-3.480189e-04	-3.074251e-03	-1.168884e-04	6.696608e-04	-1.043038e-04	-3.203601e-04
4.931220e+03	2.414644e-03	-2.415844e-03	-8.198560e-06	-2.382854e-03	3.676946e-06	-3.083202e-05
4.943610e+03	3.442291e-03	7.000743e-04	-5.498072e-06	-3.445652e-03	1.747146e-05	-6.225251e-05
4.956000e+03	1.328489e-03	3.221569e-03	-2.399082e-05	-1.301298e-03	2.704588e-07	-3.014174e-05
4.968390e+03	-1.490792e-03	3.077263e-03	1.659887e-05	1.505034e-03	5.045689e-05	-2.265168e-05
4.980780e+03	-3.030291e-03	8.027068e-04	-3.667254e-05	3.167709e-03	-2.645483e-05	-1.382064e-04
4.993170e+03	-2.585440e-03	-2.018278e-03	1.214934e-06	2.673161e-03	-1.222359e-06	-9.653630e-05
5.005560e+03	-1.665893e-05	-2.847794e-03	2.123908e-05	1.164078e-04	2.326578e-05	-1.026447e-04
5.017950e+03	2.601180e-03	-1.557981e-03	6.617790e-05	-2.527395e-03	8.770421e-05	-6.936623e-05
5.030340e+03	2.312217e-03	1.241765e-03	-3.990145e-05	-2.110709e-03	-2.317204e-05	-1.903036e-04
5.042730e+03	8.058804e-04	2.415256e-03	3.369451e-05	-7.494778e-04	4.622226e-05	-5.324099e-05
5.055120e+03	-1.596430e-03	2.206586e-03	-7.496328e-05	1.886357e-03	-4.235265e-05	-2.712557e-04
5.067510e+03	-2.251322e-03	-3.098109e-04	-1.143793e-05	2.150967e-03	3.155420e-06	1.106161e-04
5.079900e+03	-1.610289e-03	-1.611897e-03	-7.413643e-05	1.824169e-03	-7.555762e-05	-1.385076e-04
5.092290e+03	6.219286e-04	-1.985679e-03	2.639040e-06	-5.905399e-04	-6.710271e-06	-3.941496e-05
5.104680e+03	2.231445e-03	-3.452262e-04	6.053139e-05	-2.028626e-03	8.065098e-05	-2.038156e-04
5.117070e+03	1.472576e-03	1.259063e-03	-1.092795e-05	-1.447339e-03	2.102934e-06	-4.832656e-05
5.129460e+03	-1.354356e-04	2.027160e-03	6.603060e-06	1.871429e-04	2.988682e-05	-5.913366e-05
5.141850e+03	-1.419868e-03	1.156927e-03	1.485117e-05	1.440714e-03	3.755508e-05	-1.294485e-05
5.154240e+03	-1.886873e-03	-3.686988e-04	1.249489e-05	1.940277e-03	1.001124e-05	-6.393408e-05
5.166630e+03	-5.329241e-04	-1.539584e-03	-1.913516e-05	5.856961e-04	-2.358256e-05	-4.988702e-05
5.179020e+03	7.020401e-04	-1.383870e-03	-6.233320e-05	-6.795133e-04	-7.933503e-05	-8.429786e-06
5.191410e+03	1.399886e-03	-2.400480e-04	1.118774e-04	-1.439805e-03	9.759404e-05	4.699946e-05
5.203800e+03	7.974387e-04	1.212192e-03	-6.321282e-05	-6.719968e-04	-4.344475e-05	-1.217928e-04
5.216190e+03	-2.487041e-04	1.319080e-03	6.481040e-05	3.803139e-04	8.231671e-05	-1.142591e-04
5.228580e+03	-1.378056e-03	3.334372e-04	2.097079e-05	1.323397e-03	4.818235e-05	5.455129e-05
5.240970e+03	-1.297937e-03	-5.832558e-04	-6.688088e-05	1.357589e-03	-4.599289e-05	-6.324894e-05
5.253360e+03	-1.753107e-04	-7.537358e-04	5.639988e-05	4.146127e-04	5.384155e-05	-2.687285e-04
5.265750e+03	6.199780e-04	-7.610764e-04	-2.489673e-05	-6.554683e-04	-3.349485e-05	2.378405e-05
5.278140e+03	1.025730e-03	2.801938e-04	8.128146e-05	-9.912382e-04	6.484183e-05	-4.527295e-05
5.290530e+03	5.168949e-04	1.067372e-03	3.988615e-05	-3.815366e-04	4.085567e-05	-1.286657e-04
5.302920e+03	-6.368868e-04	5.564414e-04	1.346972e-04	5.214253e-04	1.455134e-04	1.138173e-04
5.315310e+03	-1.011236e-03	2.498993e-04	-1.207060e-04	1.123008e-03	-9.925189e-05	-1.022904e-04
5.327700e+03	-7.339645e-04	-7.351555e-04	1.428595e-04	6.557813e-04	1.627085e-04	7.397994e-05
5.340090e+03	4.610443e-04	-3.945599e-04	-2.045046e-04	-1.882549e-04	-1.704654e-04	-2.931076e-04
5.352480e+03	2.848583e-04	-3.780325e-04	-2.999962e-05	-3.205395e-04	-2.827741e-05	3.137782e-05
5.364870e+03	4.561474e-04	3.072597e-04	3.050987e-05	-4.305282e-04	2.882238e-05	-2.065303e-05
5.377260e+03	2.830287e-04	6.544588e-04	-2.857681e-05	-1.776846e-04	-2.119516e-05	-8.973396e-05
5.389650e+03	-9.124733e-04	1.985540e-04	-4.931745e-05	7.908975e-04	-4.394541e-05	1.215758e-04
5.402040e+03	-6.962987e-04	-3.685067e-05	1.606704e-04	7.464375e-04	1.572200e-04	-5.043491e-05
5.414430e+03	-3.073023e-04	-4.806419e-04	-4.563251e-05	3.017066e-04	-1.279460e-05	-1.443006e-05
5.426820e+03	-4.592298e-05	-4.087179e-04	-1.811625e-05	4.627151e-05	-1.869677e-05	1.227157e-07
5.439210e+03	3.277220e-04	7.982456e-05	5.196068e-05	-1.772240e-04	4.239600e-05	-1.526963e-04
5.451600e+03	1.570854e-04	2.799771e-04	5.483050e-05	-1.105047e-04	4.950838e-05	-4.611353e-05
5.463990e+03	1.199303e-04	4.718070e-04	8.277511e-05	6.177833e-06	9.137328e-05	-1.360221e-04
5.476380e+03	-6.332852e-04	1.523258e-04	1.069125e-06	6.005871e-04	1.144998e-05	-1.943994e-05
5.488770e+03	-1.442963e-04	7.086841e-05	-5.828677e-05	3.105567e-04	-3.640122e-05	-1.633077e-04
5.501160e+03	-2.216756e-04	-4.503363e-05	-6.342332e-05	3.743138e-04	-1.262406e-05	-1.501361e-04
5.513550e+03	7.198794e-05	-3.260285e-04	-1.296797e-04	-1.171812e-04	-9.685745e-05	4.118888e-05
5.525940e+03	8.589919e-05	2.461091e-05	-3.130769e-05	-4.650169e-05	-2.218548e-05	-3.501395e-05
5.538330e+03	-9.388450e-05	1.669975e-04	5.909223e-05	1.573266e-04	5.132068e-05	-6.770376e-05
5.550720e+03	2.381447e-04	4.816250e-05	-7.730092e-05	-2.494917e-04	-7.689499e-05	1.158084e-05
5.563110e+03	-2.476763e-04	1.679068e-04	1.617275e-04	2.968488e-04	1.348056e-04	-5.054267e-05
5.575500e+03	-1.176038e-04	1.606433e-04	-3.787018e-06	2.817511e-04	-1.294753e-07	-1.608341e-04
5.587890e+03	-2.372422e-04	3.641389e-05	1.234739e-05	3.244486e-04	1.647905e-05	-8.489434e-05
5.600280e+03	1.037323e-04	3.196153e-05	-5.032662e-05	-1.935868e-05	-3.422237e-05	-9.028451e-05
5.612670e+03	-3.766684e-04	-3.909462e-04	-4.288842e-05	1.746729e-04	-2.408960e-05	2.009635e-04
5.625060e+03	8.347546e-05	2.010809e-04	-4.051368e-06	9.828432e-05	1.108513e-05	-1.822807e-04
5.637450e+03	-2.390988e-04	-6.285094e-05	-4.913662e-05	2.448128e-04	-4.131878e-05	4.779286e-06
5.649840e+03	8.183058e-05	8.006915e-05	3.458190e-05	2.284710e-05	2.833434e-05	-1.044286e-04
5.662230e+03	-1.084637e-04	-1.346555e-05	-9.214181e-05	1.330157e-04	-9.254619e-05	-1.915386e-05
5.674620e+03	-1.327799e-04	-1.839744e-05	-9.064897e-05	2.107598e-04	-7.870728e-05	-6.519107e-05
5.687010e+03	-6.475158e-05	2.566860e-05	5.184684e-05	1.927478e-04	5.281097e-05	-1.260996e-04
5.699400e+03	-5.434524e-04	-2.715174e-04	-5.379340e-05	4.971888e-04	-3.656845e-05	4.988868e-05
5.711790e+03	1.015094e-04	2.592171e-05	5.510007e-05	2.448483e-06	4.097947e-05	-1.003893e-04
5.724180e+03	-2.558899e-04	-1.249813e-04	3.429102e-05	1.323687e-04	3.598880e-05	1.231049e-04
5.736570e+03	2.475316e-04	3.417419e-04	-4.380102e-05	-8.590565e-05	-4.995124e-05	-1.550644e-04
5.748960e+03	-3.754556e-04	2.469364e-05	4.473373e-05	2.950700e-04	4.088487e-05	8.043850e-05
5.761350e+03	-4.050040e-04	-1.145054e-04	1.174232e-04	2.967664e-04	1.323170e-04	1.134759e-04
5.773740e+03	-8.419644e-05	2.973929e-04	-8.734517e-05	3.743620e-04	-5.887638e-05	-2.794538e-04
5.786130e+03	-1.304941e-04	-3.472752e-04	3.004681e-05	7.389536e-05	3.472510e-05	5.908993e-05
5.798520e+03	-1.086348e-04	8.240540e-06	-6.139150e-05	2.444860e-04	-4.690581e-05	-1.490997e-04
5.810910e+03	-9.489163e-05	9.208459e-06	8.300061e-05	1.755789e-04	7.585627e-05	-7.620615e-05
5.823300e+03	-1.446241e-04	2.602716e-04	-9.091799e-05	3.418747e-04	-8.017021e-05	-1.777526e-04
5.835690e+03	1.007410e-04	1.576669e-04	3.967640e-05	-3.940281e-05	2.916788e-05	-6.683493e-05
5.848080e+03	-2.448331e-04	1.710994e-04	2.515724e-06	3.516004e-04	5.406552e-06	-9.946139e-05
5.860470e+03	5.709879e-05	-2.458169e-04	1.850718e-05	-1.226926e-04	2.842521e-05	6.559382e-05
5.872860e+03	-3.852359e-04	-2.468797e-04	5.618748e-05	3.179941e-04	8.028819e-05	5.013034e-05
5.885250e+03	6.807256e-05	1.712614e-04	3.167769e-05	1.627163e-04	5.312470e-05	-2.320263e-04
5.897640e+03	-1.189910e-04	-2.625118e-06	3.879475e-05	1.301072e-04	4.566427e-05	-2.087088e-06
5.910030e+03	1.794664e-04	1.263412e-04	-8.268835e-05	-1.478649e-04	-7.790302e-05	-3.416237e-05
5.922420e+03	-4.963923e-04	3.565822e-04	6.147502e-05	6.198753e-04	4.853792e-05	-1.234953e-04
5.934810e+03	-4.149490e-04	1.101630e-04	3.555053e-07	4.799618e-04	-5.177410e-06	-6.552487e-05
5.947200e+03	-5.273429e-04	-2.086342e-04	5.595574e-05	4.629045e-04	6.011772e-05	6.425976e-05
5.959590e+03	1.806912e-05	-8.457727e-06	-3.140976e-05	1.096044e-04	-6.599339e-06	-1.218418e-04
5.971980e+03	-8.295992e-05	-2.794894e-04	1.493801e-05	1.788133e-05	3.427962e-05	5.743223e-05
5.984370e+03	8.229769e-05	4.765180e-05	-3.693308e-05	5.702055e-06	-9.116504e-06	-8.801738e-05
