1.338120e+03	9.006641e-02	-2.617563e-02	1.178224e-05	-9.026641e-02	2.279200e-05	6.006613e-05
1.350510e+03	9.194290e-02	-1.606578e-03	2.106320e-05	-9.214290e-02	-2.525987e-05	1.724959e-04
1.362900e+03	8.972904e-02	2.269136e-02	3.221552e-05	-8.998393e-02	-1.361249e-05	2.466414e-04
1.375290e+03	8.061540e-02	4.531655e-02	2.083740e-05	-8.100507e-02	5.199916e-05	3.019853e-04
1.387680e+03	6.613869e-02	6.485620e-02	1.265409e-05	-6.643980e-02	2.562479e-05	3.659689e-04
1.400070e+03	4.672658e-02	7.990297e-02	-1.101747e-05	-4.702658e-02	5.156298e-05	3.184035e-04
1.412460e+03	2.421620e-02	8.944465e-02	-9.022075e-06	-2.451620e-02	4.505378e-05	3.521526e-04
1.424850e+03	-1.776436e-04	9.207559e-02	-1.335911e-05	-1.223564e-04	1.361000e-05	3.430086e-04
1.437240e+03	-2.438733e-02	8.947860e-02	-3.296929e-05	2.408733e-02	5.298704e-06	2.690007e-04
1.449630e+03	-4.704781e-02	7.997057e-02	-3.331727e-05	4.674781e-02	-1.116986e-05	2.570313e-04
1.462020e+03	-6.677856e-02	6.511935e-02	-1.991661e-05	6.647953e-02	-2.105879e-05	3.222994e-04
1.474410e+03	-8.218271e-02	4.520774e-02	2.115378e-06	8.168778e-02	-2.572796e-05	4.475299e-04
1.486800e+03	-9.135920e-02	2.179649e-02	-4.978207e-06	9.100002e-02	-2.662273e-05	4.046618e-04
1.499190e+03	-9.349126e-02	-3.562538e-03	-3.913375e-05	9.319092e-02	-2.223543e-05	2.711164e-04
1.511580e+03	-8.971064e-02	-2.875960e-02	-1.000322e-05	8.946969e-02	-1.996530e-05	2.343519e-04
1.523970e+03	-7.865770e-02	-5.184477e-02	2.127646e-05	7.846018e-02	-5.302039e-06	2.012176e-04
1.536360e+03	-6.186484e-02	-7.129390e-02	1.372294e-05	6.166484e-02	-6.854703e-06	1.882637e-04
1.548750e+03	-4.044759e-02	-8.560427e-02	2.252373e-05	4.024757e-02	-1.344327e-06	1.781681e-04
1.561140e+03	-1.552066e-02	-9.349310e-02	-5.005615e-06	1.532177e-02	-2.439317e-05	1.873130e-04
1.573530e+03	1.074667e-02	-9.447164e-02	1.742211e-05	-1.094419e-02	-2.250846e-05	1.977877e-04
1.585920e+03	3.654157e-02	-8.851318e-02	2.259486e-05	-3.674987e-02	-3.210803e-05	2.148022e-04
1.598310e+03	5.991421e-02	-7.523437e-02	4.870221e-05	-6.002960e-02	-1.756509e-05	1.610373e-04
1.610700e+03	7.901436e-02	-5.576451e-02	3.630539e-05	-7.911112e-02	-4.170818e-05	1.490085e-04
1.623090e+03	9.191345e-02	-3.147122e-02	5.734101e-05	-9.210429e-02	4.586510e-06	1.541526e-04
1.635480e+03	9.704754e-02	-4.057046e-03	5.924285e-05	-9.714753e-02	8.876789e-06	1.125663e-04
1.647870e+03	9.550136e-02	2.411950e-02	4.784441e-05	-9.556934e-02	6.875694e-05	6.919005e-05
1.660260e+03	8.457420e-02	5.091305e-02	2.028698e-05	-8.456603e-02	9.385729e-05	-1.010712e-05
1.672650e+03	6.651775e-02	7.347840e-02	-1.840596e-06	-6.652298e-02	9.434407e-05	-3.507576e-05
1.685040e+03	4.246019e-02	8.991691e-02	-5.298647e-05	-4.236316e-02	1.028612e-04	-1.026022e-04
1.697430e+03	1.468005e-02	9.863345e-02	-8.748885e-05	-1.457939e-02	1.016030e-04	-7.535706e-05
1.709820e+03	-1.509286e-02	9.944082e-02	-8.561440e-05	1.516799e-02	2.915113e-05	-8.789782e-05
1.722210e+03	-4.419911e-02	9.103488e-02	-9.763554e-05	4.419285e-02	8.238191e-06	-6.903246e-06
1.734600e+03	-6.978650e-02	7.396594e-02	-8.239788e-05	6.978650e-02	-4.808993e-05	2.595594e-06
1.746990e+03	-8.932828e-02	4.976924e-02	-5.093050e-05	8.932828e-02	-6.832049e-05	-4.071269e-05
1.759380e+03	-1.008721e-01	2.033316e-02	-5.069130e-06	1.008721e-01	-9.820179e-05	-9.416319e-05
1.771770e+03	-1.028450e-01	-1.145157e-02	1.151401e-05	1.028485e-01	-8.327186e-05	-1.155896e-04
1.784160e+03	-9.461424e-02	-4.265086e-02	7.380310e-08	9.472640e-02	-8.011013e-05	-1.303725e-04
1.796550e+03	-7.703999e-02	-7.006574e-02	1.617293e-05	7.718243e-02	-5.695742e-05	-1.737225e-04
1.808940e+03	-5.145610e-02	-9.108062e-02	1.240606e-05	5.166141e-02	-6.107899e-05	-1.954615e-04
1.821330e+03	-2.053150e-02	-1.032401e-01	4.536332e-05	2.073764e-02	-3.552711e-05	-1.874620e-04
1.833720e+03	1.284486e-02	-1.049980e-01	3.796188e-05	-1.274454e-02	-4.274669e-05	-1.556362e-04
1.846110e+03	4.562058e-02	-9.571812e-02	5.766623e-05	-4.541548e-02	-3.011614e-05	-1.449645e-04
1.858500e+03	7.417236e-02	-7.651753e-02	9.325147e-05	-7.399551e-02	1.663881e-06	-1.192196e-04
1.870890e+03	9.543419e-02	-4.878609e-02	9.232536e-05	-9.538967e-02	5.181227e-06	-7.580873e-05
1.883280e+03	1.068292e-01	-1.531837e-02	9.383092e-05	-1.068308e-01	6.162066e-05	2.653932e-05
1.895670e+03	1.059755e-01	2.060125e-02	8.369012e-05	-1.059755e-01	1.052622e-04	9.244576e-05
1.908060e+03	9.376496e-02	5.470589e-02	5.058462e-05	-9.376378e-02	1.280818e-04	3.406555e-05
1.920450e+03	7.080268e-02	8.283289e-02	-2.322615e-05	-7.090884e-02	1.456485e-04	9.206449e-05
1.932840e+03	3.933172e-02	1.020357e-01	-4.730556e-05	-3.943172e-02	1.155935e-04	6.469529e-05
1.945230e+03	3.020541e-03	1.086731e-01	-1.417868e-04	-3.114839e-03	1.148339e-04	4.825588e-05
1.957620e+03	-3.442833e-02	1.052395e-01	-1.518084e-04	3.426297e-02	4.191352e-05	9.829968e-05
1.970010e+03	-6.859843e-02	8.752660e-02	-1.441961e-04	6.840515e-02	-2.154243e-05	1.997494e-04
1.982400e+03	-9.516581e-02	5.918503e-02	-1.589258e-04	9.485713e-02	-7.787854e-05	2.884042e-04
1.994790e+03	-1.097039e-01	2.287096e-02	-6.015761e-05	1.097069e-01	-1.317398e-04	3.684725e-04
2.007180e+03	-1.122071e-01	-1.742213e-02	-3.927036e-05	1.122127e-01	-1.406750e-04	4.077639e-04
2.019570e+03	-9.961044e-02	-5.636306e-02	-2.534204e-06	9.938855e-02	-1.481146e-04	5.062735e-04
2.031960e+03	-7.338704e-02	-8.866225e-02	7.518189e-05	7.274841e-02	-1.243546e-04	6.211080e-04
2.044350e+03	-3.690880e-02	-1.100522e-01	9.513359e-05	3.631824e-02	-1.094725e-04	6.538843e-04
2.056740e+03	5.314763e-03	-1.159853e-01	1.167637e-04	-6.069054e-03	-6.650879e-05	7.568011e-04
2.069130e+03	4.841960e-02	-1.076628e-01	1.205750e-04	-4.922840e-02	-4.892095e-05	8.309229e-04
2.081520e+03	8.588510e-02	-8.181643e-02	1.516699e-04	-8.681692e-02	3.131215e-05	9.710737e-04
2.093910e+03	1.118622e-01	-4.319658e-02	1.390426e-04	-1.128656e-01	5.956676e-05	1.058251e-03
2.106300e+03	1.196387e-01	4.166770e-03	1.109527e-04	-1.206387e-01	1.862437e-04	1.141470e-03
2.118690e+03	1.104698e-01	5.255674e-02	4.384453e-05	-1.114606e-01	2.066041e-04	1.176981e-03
2.131080e+03	8.045735e-02	9.384859e-02	-2.153003e-05	-8.174246e-02	2.154982e-04	1.249041e-03
2.143470e+03	3.491080e-02	1.199382e-01	-1.872786e-04	-3.610478e-02	2.688629e-04	1.168482e-03
2.155860e+03	-1.956237e-02	1.250018e-01	-2.209007e-04	1.841500e-02	8.919953e-05	1.163203e-03
2.168250e+03	-7.291297e-02	1.052674e-01	-2.754104e-04	7.178481e-02	-1.355277e-05	1.155343e-03
2.180640e+03	-1.129139e-01	6.192971e-02	-1.758598e-04	1.127928e-01	-1.754029e-04	1.034566e-03
2.193030e+03	-1.285556e-01	1.978097e-03	-1.074573e-04	1.276244e-01	-2.884150e-04	7.752036e-04
2.205420e+03	-1.135314e-01	-6.049576e-02	9.949013e-05	1.125491e-01	-2.687516e-04	4.810317e-04
2.217810e+03	-6.721476e-02	-1.077257e-01	1.668463e-04	6.722016e-02	-2.252682e-04	9.271133e-05
2.230200e+03	-1.302277e-03	-1.237576e-01	1.904533e-04	1.713876e-03	-1.583474e-04	-4.033065e-04
2.242590e+03	6.256515e-02	-1.041586e-01	2.372532e-04	-6.152139e-02	-3.554845e-06	-1.026460e-03
2.254980e+03	1.055745e-01	-5.030323e-02	2.164584e-04	-1.036583e-01	1.956920e-04	-1.611757e-03
2.267370e+03	1.090202e-01	1.512404e-02	1.018734e-04	-1.069861e-01	2.927814e-04	-2.078426e-03
2.279760e+03	7.403603e-02	6.837343e-02	-9.259945e-05	-7.164675e-02	3.987349e-04	-2.457678e-03
2.292150e+03	1.856337e-02	8.689249e-02	-3.059910e-04	-1.585300e-02	2.590485e-04	-2.735914e-03
2.304540e+03	-3.139135e-02	7.118395e-02	-3.198840e-04	3.422996e-02	9.622110e-06	-2.823463e-03
2.316930e+03	-5.609715e-02	3.210605e-02	-2.192603e-04	5.879875e-02	-2.422135e-04	-2.690218e-03
2.329320e+03	-5.167698e-02	-6.617962e-03	-2.044802e-05	5.417610e-02	-3.097046e-04	-2.543427e-03
2.341710e+03	-2.853994e-02	-2.690621e-02	1.983697e-04	3.059408e-02	-2.797530e-04	-2.088234e-03
2.354100e+03	-5.270483e-03	-2.643458e-02	2.145707e-04	7.020396e-03	-1.215032e-04	-1.732280e-03
2.366490e+03	4.027113e-03	-1.501053e-02	2.459962e-04	-2.873443e-03	8.551445e-05	-1.168146e-03
2.378880e+03	1.289862e-03	-6.840054e-03	8.251471e-05	-5.021576e-04	1.625531e-04	-7.849339e-04
2.391270e+03	-4.321932e-03	-1.014556e-02	-1.409835e-04	4.564753e-03	1.205091e-04	-2.960657e-04
2.403660e+03	-4.281942e-04	-2.003795e-02	-9.001556e-05	3.713307e-04	8.473422e-05	2.310896e-05
2.416050e+03	1.542880e-02	-2.389007e-02	-9.180135e-05	-1.553183e-02	-2.082568e-05	1.257848e-04
2.428440e+03	3.472276e-02	-1.172583e-02	-1.160227e-05	-3.483459e-02	-1.108692e-04	5.859367e-05
2.440830e+03	4.043390e-02	1.454018e-02	9.588050e-05	-4.037438e-02	-7.479195e-05	-6.180406e-05
2.453220e+03	2.574901e-02	4.287241e-02	1.038205e-04	-2.531984e-02	4.279230e-05	-4.308199e-04
2.465610e+03	-9.052764e-03	5.396421e-02	3.120024e-05	9.707534e-03	1.140763e-04	-7.051592e-04
2.478000e+03	-4.598649e-02	3.888703e-02	-7.006124e-05	4.703123e-02	9.307949e-05	-1.052168e-03
2.490390e+03	-6.443892e-02	-9.732225e-04	-7.829719e-05	6.563635e-02	3.468075e-05	-1.229693e-03
2.502780e+03	-5.172634e-02	-4.573728e-02	-5.236923e-05	5.301757e-02	-6.499724e-05	-1.247330e-03
2.515170e+03	-9.961102e-03	-7.245898e-02	2.825618e-05	1.114191e-02	-1.104002e-04	-1.162368e-03
2.527560e+03	4.036221e-02	-6.554849e-02	5.632839e-05	-3.962577e-02	-1.556978e-04	-7.436569e-04
2.539950e+03	7.568924e-02	-2.517797e-02	1.279147e-04	-7.536718e-02	-1.784751e-05	-2.919566e-04
2.552340e+03	7.639437e-02	2.807290e-02	1.122913e-04	-7.663153e-02	1.023485e-04	2.145591e-04
2.564730e+03	4.164738e-02	7.084720e-02	-3.670878e-05	-4.229385e-02	1.879911e-04	6.708067e-04
2.577120e+03	-1.098421e-02	8.173885e-02	-1.599098e-04	9.918219e-03	2.060999e-04	1.048689e-03
2.589510e+03	-5.927954e-02	5.807609e-02	-1.918369e-04	5.799093e-02	2.704472e-05	1.232477e-03
2.601900e+03	-8.159949e-02	9.223254e-03	-1.979805e-04	8.039949e-02	-1.001900e-04	1.179348e-03
2.614290e+03	-6.934023e-02	-4.173043e-02	-1.799587e-05	6.833038e-02	-2.012006e-04	1.007626e-03
2.626680e+03	-2.673260e-02	-7.398955e-02	1.071963e-04	2.600464e-02	-1.965541e-04	7.600918e-04
2.639070e+03	2.520987e-02	-7.095110e-02	1.970535e-04	-2.569950e-02	-1.030712e-04	4.923783e-04
2.651460e+03	6.260299e-02	-3.537602e-02	2.207387e-04	-6.284073e-02	5.217860e-05	3.155192e-04
2.663850e+03	6.566696e-02	1.484572e-02	1.183885e-04	-6.577283e-02	2.044825e-04	1.386678e-04
2.676240e+03	3.568389e-02	5.196900e-02	-5.449540e-05	-3.573818e-02	2.753169e-04	5.840260e-05
2.688630e+03	-9.346484e-03	5.683401e-02	-1.976668e-04	9.451409e-03	1.778363e-04	-1.023792e-04
2.701020e+03	-4.191987e-02	2.921675e-02	-2.502008e-04	4.229105e-02	-1.162296e-05	-2.869454e-04
2.713410e+03	-4.371517e-02	-1.007035e-02	-1.411983e-04	4.429693e-02	-1.800993e-04	-6.305126e-04
2.725800e+03	-1.767499e-02	-3.529020e-02	2.349679e-05	1.878013e-02	-2.434782e-04	-1.102339e-03
2.738190e+03	1.604397e-02	-3.287818e-02	1.646923e-04	-1.462273e-02	-1.388688e-04	-1.391892e-03
2.750580e+03	3.392006e-02	-6.042700e-03	1.896131e-04	-3.212482e-02	3.364774e-05	-1.770671e-03
2.762970e+03	2.459221e-02	2.269130e-02	8.541400e-05	-2.266918e-02	1.640063e-04	-1.907332e-03
2.775360e+03	-2.858256e-03	3.231605e-02	-7.166262e-05	4.496197e-03	1.873263e-04	-1.649200e-03
2.787750e+03	-2.809165e-02	1.706354e-02	-1.981523e-04	2.922160e-02	7.100890e-05	-1.101965e-03
2.800140e+03	-3.187525e-02	-1.088258e-02	-1.621968e-04	3.232339e-02	-9.471059e-05	-3.648948e-04
2.812530e+03	-1.275688e-02	-3.281506e-02	-3.937172e-05	1.243758e-02	-2.087375e-04	3.207968e-04
2.824920e+03	1.598783e-02	-3.231660e-02	1.062165e-04	-1.695620e-02	-1.589052e-04	9.631582e-04
2.837310e+03	3.564546e-02	-8.734486e-03	1.940323e-04	-3.701943e-02	-7.387082e-05	1.305079e-03
2.849700e+03	3.200014e-02	2.128203e-02	2.086856e-04	-3.375050e-02	1.016668e-04	1.638348e-03
2.862090e+03	5.663497e-03	4.046996e-02	8.673996e-05	-7.201158e-03	2.195342e-04	1.555376e-03
2.874480e+03	-2.668123e-02	3.442800e-02	-9.745292e-05	2.533636e-02	2.424946e-04	1.327133e-03
2.886870e+03	-4.481143e-02	4.810490e-03	-1.787475e-04	4.407661e-02	1.441694e-04	8.556217e-04
2.899260e+03	-3.559123e-02	-2.987032e-02	-2.184677e-04	3.521793e-02	-3.032917e-06	3.742434e-04
2.911650e+03	-2.155297e-03	-4.669662e-02	-2.259343e-04	2.360051e-03	-1.938737e-04	-2.047269e-04
2.924040e+03	3.337669e-02	-3.378812e-02	-1.375223e-05	-3.276545e-02	-1.953789e-04	-6.459835e-04
2.936430e+03	4.657687e-02	1.334620e-03	7.584492e-05	-4.558846e-02	-1.709089e-04	-9.510271e-04
2.948820e+03	3.058462e-02	3.582454e-02	1.969553e-04	-2.949965e-02	-1.073670e-05	-1.036783e-03
2.961210e+03	-9.556732e-03	4.505320e-02	1.220954e-04	1.068416e-02	7.738692e-05	-1.058572e-03
2.973600e+03	-3.865284e-02	2.602022e-02	9.036159e-05	3.933267e-02	1.229467e-04	-6.609633e-04
2.985990e+03	-4.631495e-02	-1.076202e-02	2.539013e-05	4.650966e-02	8.274295e-05	-2.026655e-04
2.998380e+03	-2.389970e-02	-4.162050e-02	-1.529794e-05	2.343781e-02	4.270434e-05	4.095645e-04
3.010770e+03	1.261279e-02	-4.579907e-02	-1.223551e-05	-1.337144e-02	4.247401e-05	7.681815e-04
3.023160e+03	4.100647e-02	-2.221368e-02	-9.911133e-06	-4.191366e-02	5.541511e-05	9.386400e-04
3.035550e+03	4.317209e-02	1.377431e-02	-5.899974e-05	-4.403737e-02	1.664634e-05	9.164088e-04
3.047940e+03	2.046510e-02	3.991221e-02	-7.439795e-05	-2.120904e-02	4.652536e-05	7.252378e-04
3.060330e+03	-1.430929e-02	4.141955e-02	-9.299751e-05	1.380880e-02	-1.466263e-06	4.975582e-04
3.072720e+03	-3.920938e-02	1.774244e-02	-2.059868e-05	3.910038e-02	-6.971584e-05	1.618090e-04
3.085110e+03	-3.901895e-02	-1.564169e-02	1.689717e-05	3.913657e-02	-1.314674e-04	-1.092365e-04
3.097500e+03	-1.395239e-02	-3.876340e-02	1.443387e-04	1.415226e-02	-4.942496e-05	-2.082066e-04
3.109890e+03	1.854218e-02	-3.597129e-02	1.296556e-04	-1.819430e-02	1.994130e-05	-3.411982e-04
3.122280e+03	3.831046e-02	-9.764004e-03	6.571232e-05	-3.780871e-02	9.178819e-05	-4.882754e-04
3.134670e+03	3.243668e-02	2.099945e-02	-5.286921e-05	-3.215808e-02	1.159949e-04	-3.753672e-04
3.147060e+03	5.422367e-03	3.689947e-02	-1.091033e-04	-4.907129e-03	1.212981e-04	-5.269631e-04
3.159450e+03	-2.314585e-02	2.815133e-02	-1.832394e-04	2.365312e-02	-4.540503e-05	-4.956109e-04
3.171840e+03	-3.484909e-02	5.839728e-04	-5.012455e-05	3.525438e-02	-8.362745e-05	-4.104200e-04
3.184230e+03	-2.344421e-02	-2.563024e-02	2.791562e-05	2.357754e-02	-1.241053e-04	-2.092950e-04
3.196620e+03	3.970248e-03	-3.297162e-02	1.398450e-04	-4.014341e-03	-4.511472e-05	3.655339e-05
3.209010e+03	2.747135e-02	-1.904086e-02	1.074763e-04	-2.767621e-02	-1.329452e-05	2.467281e-04
3.221400e+03	3.144619e-02	8.275049e-03	6.291581e-05	-3.171823e-02	1.321409e-04	3.505530e-04
3.233790e+03	1.512765e-02	2.888231e-02	-5.692204e-05	-1.562136e-02	1.096916e-04	4.489251e-04
3.246180e+03	-1.177098e-02	3.011661e-02	-1.006448e-04	1.127667e-02	5.826959e-05	5.048093e-04
3.258570e+03	-3.013301e-02	1.195313e-02	-9.529524e-05	2.977467e-02	-2.360153e-05	3.070612e-04
3.270960e+03	-2.857787e-02	-1.506402e-02	-3.714824e-05	2.835313e-02	-1.592091e-04	1.822667e-04
3.283350e+03	-8.083255e-03	-3.074370e-02	7.982708e-05	8.188556e-03	-1.256088e-04	-9.429453e-05
3.295740e+03	1.836655e-02	-2.653750e-02	2.139154e-04	-1.807713e-02	2.858413e-05	-3.062258e-04
3.308130e+03	3.128896e-02	-3.806709e-03	1.161871e-04	-3.092377e-02	9.864579e-05	-3.989444e-04
3.320520e+03	2.422761e-02	2.115163e-02	3.926537e-05	-2.372873e-02	2.189899e-04	-5.259716e-04
3.332910e+03	5.935847e-05	3.072782e-02	-1.563168e-04	4.296308e-04	1.017727e-04	-4.864875e-04
3.345300e+03	-2.393535e-02	2.082922e-02	-1.770417e-04	2.443520e-02	6.214806e-05	-5.029575e-04
3.357690e+03	-3.086714e-02	-4.375363e-03	-1.270103e-04	3.131279e-02	-9.856309e-05	-3.835672e-04
3.370080e+03	-1.772992e-02	-2.702487e-02	-1.974451e-05	1.784649e-02	-1.855701e-04	-1.378660e-04
3.382470e+03	7.993650e-03	-3.149996e-02	1.178418e-04	-8.028133e-03	-1.159923e-04	4.137872e-05
3.394860e+03	2.925851e-02	-1.536343e-02	1.516619e-04	-2.942954e-02	1.234070e-05	1.762849e-04
3.407250e+03	3.147736e-02	1.064108e-02	1.130292e-04	-3.178578e-02	1.472783e-04	3.355457e-04
3.419640e+03	1.319475e-02	3.072824e-02	-4.788199e-05	-1.362233e-02	1.806438e-04	4.173217e-04
3.432030e+03	-1.320293e-02	3.071599e-02	-1.489732e-04	1.290549e-02	1.533182e-04	3.838732e-04
3.444420e+03	-3.114862e-02	1.096778e-02	-1.951688e-04	3.091375e-02	-2.514049e-05	3.047409e-04
3.456810e+03	-2.917559e-02	-1.555884e-02	-8.388181e-05	2.907214e-02	-1.139296e-04	1.370497e-04
3.469200e+03	-8.159925e-03	-3.143846e-02	1.231761e-05	8.131741e-03	-2.025225e-04	8.217342e-06
3.481590e+03	1.850134e-02	-2.740339e-02	1.784447e-04	-1.831312e-02	-1.087821e-04	-1.519599e-04
3.493980e+03	3.185920e-02	-5.043563e-03	1.716903e-04	-3.150645e-02	-1.875715e-05	-3.167148e-04
3.506370e+03	2.589027e-02	2.088708e-02	1.434682e-04	-2.548936e-02	2.034218e-04	-3.720179e-04
3.518760e+03	2.467925e-03	3.208747e-02	-6.115604e-05	-2.090267e-03	1.741228e-04	-3.718572e-04
3.531150e+03	-2.284265e-02	2.376413e-02	-1.233034e-04	2.316053e-02	1.719188e-04	-3.845726e-04
3.543540e+03	-3.202988e-02	-6.302742e-04	-2.276002e-04	3.231900e-02	-2.778528e-05	-2.594764e-04
3.555930e+03	-2.131364e-02	-2.460114e-02	-9.240938e-05	2.133519e-02	-1.138665e-04	-6.365161e-05
3.568320e+03	3.581663e-03	-3.186054e-02	5.687528e-08	-3.624413e-03	-1.948158e-04	4.157798e-05
3.580710e+03	2.590736e-02	-1.877135e-02	1.639292e-04	-2.614727e-02	-7.647401e-05	1.788442e-04
3.593100e+03	3.059409e-02	6.403290e-03	1.306058e-04	-3.079491e-02	-1.276663e-05	2.037965e-04
3.605490e+03	1.640061e-02	2.696216e-02	8.585071e-05	-1.667574e-02	1.412565e-04	2.427977e-04
3.617880e+03	-8.966719e-03	2.965337e-02	-3.423739e-05	8.680275e-03	1.489400e-04	2.208854e-04
3.630270e+03	-2.770257e-02	1.426788e-02	-9.826006e-05	2.752881e-02	9.652391e-05	1.461023e-04
3.642660e+03	-2.885397e-02	-1.099773e-02	-1.195112e-04	2.874961e-02	-2.568566e-05	7.788308e-05
3.655050e+03	-1.165560e-02	-2.827850e-02	-3.740649e-05	1.176415e-02	-7.501759e-05	-1.133918e-04
3.667440e+03	1.314531e-02	-2.765870e-02	1.844410e-05	-1.297982e-02	-1.260850e-04	-1.560951e-04
3.679830e+03	2.897675e-02	-8.769657e-03	1.327575e-04	-2.877672e-02	-2.671994e-05	-2.208711e-04
3.692220e+03	2.637162e-02	1.515284e-02	8.875968e-05	-2.604250e-02	5.667684e-05	-2.657897e-04
3.704610e+03	5.909217e-03	2.885668e-02	3.357486e-05	-5.689197e-03	1.035685e-04	-2.219040e-04
3.717000e+03	-1.708233e-02	2.387734e-02	-2.932429e-05	1.746783e-02	1.418629e-04	-2.838773e-04
3.729390e+03	-2.848331e-02	2.927049e-03	-9.312163e-05	2.869208e-02	3.200146e-05	-2.210165e-04
3.741780e+03	-2.153910e-02	-1.895671e-02	-9.572882e-05	2.161620e-02	-4.644664e-05	-6.414973e-05
3.754170e+03	-3.192805e-04	-2.750298e-02	5.461026e-05	2.847647e-04	-3.313697e-05	1.666034e-05
3.766560e+03	2.031803e-02	-1.945061e-02	3.879794e-05	-2.042454e-02	-7.487110e-05	1.520301e-04
3.778950e+03	2.675949e-02	1.885256e-03	6.974473e-05	-2.695949e-02	-3.232788e-05	1.738653e-04
3.791340e+03	1.698006e-02	2.164226e-02	9.674813e-05	-1.718244e-02	9.515051e-05	2.234703e-04
3.803730e+03	-4.134417e-03	2.670276e-02	-4.106794e-05	4.001516e-03	9.902833e-05	1.153650e-04
3.816120e+03	-2.331430e-02	1.301411e-02	-7.813781e-05	2.321204e-02	5.650203e-05	1.001721e-04
3.828510e+03	-2.535483e-02	-6.643908e-03	-4.542171e-05	2.558474e-02	5.181909e-05	-1.752205e-05
3.840900e+03	-1.190205e-02	-2.354820e-02	-5.730167e-05	1.197400e-02	-6.083573e-05	-7.449048e-05
3.853290e+03	9.051716e-03	-2.461478e-02	-7.333191e-06	-8.955558e-03	-6.056156e-05	-1.164784e-04
3.865680e+03	2.431507e-02	-9.281690e-03	6.351340e-05	-2.412891e-02	-6.287129e-06	-1.341465e-04
3.878070e+03	2.303377e-02	1.129752e-02	5.616898e-05	-2.293633e-02	4.696356e-05	-1.567945e-04
3.890460e+03	6.773466e-03	2.409944e-02	2.974137e-05	-6.571408e-03	9.086244e-05	-1.561639e-04
3.902850e+03	-1.306877e-02	2.100665e-02	-5.341076e-05	1.317755e-02	4.053735e-05	-1.190843e-04
3.915240e+03	-2.356165e-02	4.160427e-03	-5.981587e-05	2.368982e-02	1.368797e-05	-1.789141e-04
3.927630e+03	-1.910742e-02	-1.496649e-02	3.412143e-06	1.920720e-02	1.565187e-06	-2.726616e-05
3.940020e+03	-1.407184e-03	-2.300318e-02	1.343909e-05	1.401653e-03	-4.495505e-05	-3.046551e-06
3.952410e+03	1.672018e-02	-1.680969e-02	2.619189e-05	-1.671747e-02	1.462890e-05	5.470000e-05
3.964800e+03	2.276275e-02	1.013410e-03	5.627170e-05	-2.286275e-02	3.462497e-05	9.571408e-05
3.977190e+03	1.480504e-02	1.812795e-02	-4.068559e-05	-1.490449e-02	3.772632e-05	1.125097e-04
3.989580e+03	-3.345712e-03	2.272810e-02	-2.878320e-05	3.262525e-03	7.460912e-05	8.894905e-05
4.001970e+03	-1.941415e-02	1.275630e-02	-1.296231e-04	1.943194e-02	-4.767118e-05	1.212567e-05
4.014360e+03	-2.228289e-02	-5.643373e-03	-2.218463e-05	2.219376e-02	-8.346201e-06	3.309799e-05
4.026750e+03	-1.034192e-02	-2.021924e-02	9.058681e-06	1.045380e-02	-2.505176e-05	-1.279043e-04
4.039140e+03	7.774760e-03	-2.133874e-02	4.328221e-05	-7.694798e-03	-3.169897e-05	-8.359786e-05
4.051530e+03	2.081781e-02	-7.967587e-03	2.734572e-05	-2.071745e-02	5.770257e-07	-1.269407e-04
4.063920e+03	1.959871e-02	9.755701e-03	6.000123e-05	-1.950223e-02	9.075937e-05	-6.774609e-05
4.076310e+03	5.683354e-03	2.069506e-02	-6.065574e-05	-5.589252e-03	2.229091e-05	-1.401569e-04
4.088700e+03	-1.162399e-02	1.797750e-02	-4.164173e-05	1.172338e-02	5.502501e-05	-1.359361e-04
4.101090e+03	-2.030861e-02	3.277405e-03	-5.281872e-05	2.047522e-02	-1.708119e-05	-1.065524e-04
4.113480e+03	-1.622364e-02	-1.337205e-02	-1.561432e-05	1.633149e-02	-5.405239e-05	-4.833836e-05
4.125870e+03	-1.036953e-03	-2.015225e-02	2.807076e-05	9.912107e-04	-4.990224e-05	3.545630e-05
4.138260e+03	1.498243e-02	-1.449834e-02	7.576915e-05	-1.497297e-02	5.445681e-06	-1.916252e-05
4.150650e+03	2.019550e-02	1.014006e-03	2.688469e-05	-2.027019e-02	3.543880e-05	7.459127e-05
4.163040e+03	1.277329e-02	1.612367e-02	-8.039203e-06	-1.281151e-02	8.547013e-05	3.209721e-05
4.175430e+03	-3.043951e-03	2.012912e-02	-4.342417e-06	3.095901e-03	7.311556e-05	-3.910616e-05
4.187820e+03	-1.714422e-02	1.079078e-02	-1.088838e-04	1.711674e-02	-3.124391e-05	-7.559449e-06
4.200210e+03	-1.908275e-02	-5.178610e-03	-5.128756e-05	1.918272e-02	-6.355900e-05	-9.036641e-05
4.212600e+03	-8.690093e-03	-1.753876e-02	4.890881e-05	8.822649e-03	-2.231252e-05	-1.064630e-04
4.224990e+03	7.299242e-03	-1.788600e-02	2.519283e-05	-7.246988e-03	-4.624395e-05	-4.814911e-05
4.237380e+03	1.785802e-02	-6.458830e-03	7.425563e-05	-1.775721e-02	2.526711e-05	-1.286262e-04
4.249770e+03	1.662230e-02	9.213667e-03	-1.270758e-07	-1.652063e-02	4.753065e-05	-1.128868e-04
4.262160e+03	4.410229e-03	1.784001e-02	-4.030069e-05	-4.383112e-03	7.289720e-05	-2.639981e-05
4.274550e+03	-1.061848e-02	1.555159e-02	-6.752557e-05	1.081243e-02	2.348050e-05	-1.733827e-04
4.286940e+03	-1.808074e-02	2.476623e-03	-3.963844e-05	1.818079e-02	-1.301070e-05	-5.110595e-05
4.299330e+03	-1.413565e-02	-1.191680e-02	-9.135354e-07	1.418673e-02	-6.125339e-05	-5.318328e-05
4.311720e+03	-5.640136e-04	-1.809745e-02	1.800380e-05	5.896077e-04	-6.419551e-05	-2.635706e-05
4.324110e+03	1.312064e-02	-1.259909e-02	9.336379e-05	-1.308973e-02	2.357099e-05	-3.031835e-05
4.336500e+03	1.736308e-02	1.255905e-03	1.138511e-05	-1.745879e-02	2.923670e-05	3.305605e-05
4.348890e+03	1.100185e-02	1.398691e-02	3.196149e-07	-1.098344e-02	6.312878e-05	-5.510734e-05
4.361280e+03	-3.103333e-03	1.685037e-02	-1.631023e-05	3.147597e-03	6.622664e-05	-4.849059e-05
4.373670e+03	-1.457369e-02	9.357174e-03	-7.446191e-05	1.466239e-02	3.107940e-06	-7.074956e-05
4.386060e+03	-1.631260e-02	-4.731164e-03	-1.124659e-05	1.635323e-02	-3.216732e-05	-7.808378e-05
4.398450e+03	-7.353069e-03	-1.522911e-02	1.793607e-05	7.434119e-03	-5.787594e-05	-8.674451e-05
4.410840e+03	6.146104e-03	-1.566065e-02	5.672422e-05	-6.139445e-03	-3.042988e-05	-2.477938e-05
4.423230e+03	1.576776e-02	-5.639210e-03	-3.173096e-06	-1.567381e-02	-1.837775e-05	-6.535500e-05
4.435620e+03	1.455540e-02	7.483944e-03	6.324201e-05	-1.467485e-02	7.769062e-05	2.727180e-05
4.448010e+03	3.976316e-03	1.558024e-02	-6.718893e-05	-3.894882e-03	2.771280e-05	-7.145076e-05
4.460400e+03	-8.711000e-03	1.333609e-02	1.352512e-05	8.775085e-03	6.098309e-05	-6.037493e-05
4.472790e+03	-1.520449e-02	2.419200e-03	-3.889753e-05	1.530486e-02	-1.599765e-05	-7.357238e-05
4.485180e+03	-1.207162e-02	-9.749627e-03	-3.347841e-05	1.207285e-02	-7.725481e-05	-7.008079e-05
4.497570e+03	-8.993790e-04	-1.476603e-02	6.443611e-05	9.204314e-04	-3.086076e-05	-2.340360e-05
4.509960e+03	1.068075e-02	-1.083973e-02	5.271357e-05	-1.057776e-02	-2.838259e-05	-3.725651e-05
4.522350e+03	1.454679e-02	3.836750e-04	4.755907e-05	-1.454721e-02	1.705079e-05	-2.672832e-06
4.534740e+03	9.560852e-03	1.136435e-02	3.264942e-05	-9.489922e-03	7.387034e-05	-9.001302e-05
4.547130e+03	-1.802507e-03	1.423692e-02	-2.363731e-05	1.829859e-03	7.714846e-05	-2.827252e-05
4.559520e+03	-1.168193e-02	7.948836e-03	-9.088921e-05	1.167166e-02	-9.558491e-06	2.874249e-06
4.571910e+03	-1.141768e-02	-5.866563e-03	-1.280472e-05	1.171707e-02	-1.857632e-05	-3.128093e-04
4.584300e+03	-6.501395e-03	-1.176920e-02	-2.648179e-05	6.594679e-03	-8.566833e-05	-8.849989e-05
4.596690e+03	4.368108e-03	-1.247481e-02	9.266402e-05	-4.405868e-03	-1.255478e-05	4.094177e-05
4.609080e+03	1.184418e-02	-5.108916e-03	5.113308e-05	-1.179236e-02	-2.136860e-05	-4.366084e-05
4.621470e+03	1.140251e-02	5.253922e-03	5.113875e-05	-1.138870e-02	6.609965e-05	3.413208e-05
4.633860e+03	3.849924e-03	1.172303e-02	-6.031431e-06	-3.765624e-03	7.933107e-05	-8.406532e-05
4.646250e+03	-6.168112e-03	1.052960e-02	-4.872269e-05	6.230343e-03	5.937930e-05	-6.929143e-05
4.658640e+03	-1.128501e-02	2.553991e-03	-5.748142e-05	1.132809e-02	1.565131e-05	-5.339176e-06
4.671030e+03	-9.511076e-03	-6.857592e-03	-3.809053e-05	9.512505e-03	-6.180026e-05	8.039838e-06
4.683420e+03	-1.430079e-03	-1.098954e-02	3.109458e-05	1.495293e-03	-6.112924e-05	-6.429711e-05
4.695810e+03	7.340314e-03	-8.577886e-03	4.771254e-05	-7.354501e-03	-5.334987e-05	2.182562e-05
4.708200e+03	1.076239e-02	-3.378921e-04	7.859921e-05	-1.076087e-02	1.374810e-05	-2.252361e-05
4.720590e+03	7.367746e-03	7.903549e-03	6.049179e-05	-7.276818e-03	7.616886e-05	-9.306929e-05
4.732980e+03	-7.583994e-04	1.036505e-02	2.441183e-06	7.910815e-04	8.686654e-05	-3.234594e-05
4.745370e+03	-7.884077e-03	6.127955e-03	-2.873560e-05	7.938930e-03	6.965452e-05	-5.908337e-05
4.757760e+03	-9.824721e-03	-1.784882e-03	-1.016271e-04	9.845530e-03	-3.185016e-05	-1.548097e-05
4.770150e+03	-4.939687e-03	-8.256052e-03	-4.131825e-05	5.014374e-03	-4.688851e-05	-6.316778e-05
4.782540e+03	2.518612e-03	-9.054126e-03	5.578195e-05	-2.559496e-03	-3.086978e-05	3.599472e-05
4.794930e+03	8.274744e-03	-3.956149e-03	9.267937e-05	-8.297663e-03	-2.516754e-06	2.075937e-05
4.807320e+03	8.052368e-03	3.417854e-03	1.127481e-05	-8.040516e-03	1.022597e-05	-1.343824e-05
4.819710e+03	2.870025e-03	8.013292e-03	1.396910e-05	-2.807001e-03	5.473419e-05	-6.250163e-05
4.832100e+03	-3.887360e-03	7.256994e-03	3.947866e-05	3.957366e-03	1.019864e-04	-7.050097e-05
4.844490e+03	-7.627529e-03	1.804796e-03	-5.467391e-05	7.681667e-03	3.811190e-05	-5.659006e-05
4.856880e+03	-6.303073e-03	-4.520891e-03	-8.163939e-05	6.362532e-03	-1.103315e-05	-6.091444e-05
4.869270e+03	-8.055310e-04	-7.300891e-03	-2.023050e-05	8.866665e-04	-3.319525e-05	-7.612721e-05
4.881660e+03	4.912106e-03	-5.641582e-03	5.457030e-05	-4.932504e-03	2.835519e-06	2.350030e-05
4.894050e+03	6.992404e-03	-8.501554e-05	3.913880e-05	-6.961351e-03	-2.644960e-05	-2.385002e-05
4.906440e+03	4.782513e-03	5.124539e-03	5.632457e-05	-4.802732e-03	2.214275e-05	2.134925e-05
4.918830e+03	-6.178314e-04	6.636313e-03	2.195722e-05	6.385141e-04	5.071242e-05	-2.100894e-05
4.931220e+03	-5.272339e-03	3.841652e-03	-7.552375e-05	5.296506e-03	7.024137e-06	-2.592575e-05
4.943610e+03	-6.037498e-03	-1.296913e-03	6.377303e-06	6.106428e-03	6.447984e-05	-6.048687e-05
4.956000e+03	-2.821393e-03	-5.413379e-03	-1.352028e-05	2.862701e-03	2.460690e-05	-3.470559e-05
4.968390e+03	2.120925e-03	-5.761907e-03	-2.850598e-05	-2.144887e-03	-2.282176e-05	2.820535e-05
4.980780e+03	5.557672e-03	-1.989353e-03	1.592906e-05	-5.499507e-03	-7.307601e-06	-5.207031e-05
4.993170e+03	5.131130e-03	2.549724e-03	2.124231e-05	-5.149892e-03	9.599591e-06	-3.267460e-06
5.005560e+03	1.388383e-03	5.452164e-03	1.110961e-05	-1.280361e-03	6.719699e-06	-1.066004e-04
5.017950e+03	-2.902344e-03	4.374927e-03	-7.013906e-06	2.938686e-03	4.076891e-05	-3.745663e-05
5.030340e+03	-4.925462e-03	6.266490e-04	3.101712e-06	4.978429e-03	4.134787e-05	-5.157778e-05
5.042730e+03	-3.806703e-03	-3.259721e-03	-4.431323e-05	3.814171e-03	4.383872e-06	-1.931010e-05
5.055120e+03	1.027520e-04	-4.741042e-03	6.005768e-07	-1.244697e-04	1.358721e-05	1.788785e-05
5.067510e+03	3.626348e-03	-3.025551e-03	-3.706786e-05	-3.587374e-03	-2.272020e-05	-2.977687e-05
5.079900e+03	4.534171e-03	7.836493e-04	2.029464e-06	-4.462539e-03	1.559689e-06	-6.903624e-05
5.092290e+03	2.417996e-03	3.701411e-03	3.279390e-05	-2.468533e-03	1.665012e-05	4.755394e-05
5.104680e+03	-1.088637e-03	4.287821e-03	-2.951259e-05	1.172754e-03	-1.301877e-05	-7.047828e-05
5.117070e+03	-3.845782e-03	1.911831e-03	5.772515e-05	3.867712e-03	5.484383e-05	-2.396528e-05
5.129460e+03	-3.742384e-03	-1.539803e-03	-2.090516e-05	3.818789e-03	6.070441e-07	-7.594441e-05
5.141850e+03	-1.184544e-03	-3.792082e-03	-2.146643e-06	1.206341e-03	4.292399e-07	-2.253033e-05
5.154240e+03	2.082579e-03	-3.357122e-03	2.046141e-05	-2.086754e-03	2.800060e-05	8.149040e-06
5.166630e+03	3.633691e-03	-5.771708e-04	2.357217e-05	-3.662582e-03	1.692938e-05	2.967529e-05
5.179020e+03	3.029509e-03	2.516150e-03	-1.328375e-05	-2.900927e-03	-3.770215e-06	-9.409016e-05
5.191410e+03	-5.782268e-05	3.497312e-03	-2.795076e-05	2.036996e-05	1.432499e-07	2.356780e-05
5.203800e+03	-2.595255e-03	2.589038e-03	2.018772e-05	2.705347e-03	2.803446e-05	-1.313768e-04
5.216190e+03	-3.288831e-03	-4.776111e-04	2.626917e-06	3.306695e-03	2.047664e-05	-5.978548e-05
5.228580e+03	-1.845516e-03	-2.697890e-03	4.578015e-06	1.950448e-03	2.521395e-05	-1.095576e-04
5.240970e+03	1.363085e-03	-2.987894e-03	1.457052e-04	-1.349177e-03	1.002971e-04	6.386861e-06
5.253360e+03	2.976548e-03	-1.389996e-03	-3.060875e-05	-2.953369e-03	-9.287612e-06	-2.742270e-05
5.265750e+03	2.992858e-03	1.278312e-03	4.577435e-06	-2.960716e-03	-1.108688e-05	-3.235197e-05
5.278140e+03	1.025773e-03	3.002134e-03	9.812685e-06	-1.016910e-03	6.494487e-06	-8.366507e-06
5.290530e+03	-1.590458e-03	2.812384e-03	1.465572e-05	1.627473e-03	1.936981e-05	-3.229324e-05
5.302920e+03	-2.947650e-03	5.963700e-04	2.052223e-06	2.975498e-03	1.187940e-05	-2.582786e-05
5.315310e+03	-2.207916e-03	-1.779657e-03	-2.696362e-05	2.246987e-03	-1.578132e-05	-3.795802e-05
5.327700e+03	-1.674502e-04	-2.744141e-03	3.289307e-05	1.711621e-04	3.789861e-05	-5.360397e-06
5.340090e+03	2.063572e-03	-1.922996e-03	-1.101885e-05	-2.044730e-03	7.026850e-06	-2.490377e-05
5.352480e+03	2.690610e-03	2.293192e-04	-1.098377e-05	-2.694772e-03	9.540683e-06	-1.471196e-05
5.364870e+03	1.552037e-03	2.321345e-03	3.178604e-06	-1.470425e-03	-1.751292e-06	-7.920393e-05
5.377260e+03	-5.021161e-04	2.537617e-03	-2.477362e-05	5.620689e-04	-5.638997e-06	-5.648906e-05
5.389650e+03	-2.307912e-03	1.286158e-03	-1.753333e-05	2.352390e-03	-1.147085e-05	-4.840491e-05
5.402040e+03	-2.276863e-03	-8.465807e-04	3.447206e-05	2.338869e-03	3.094953e-06	-5.337095e-05
5.414430e+03	-9.198696e-04	-2.274626e-03	1.092703e-05	9.322409e-04	6.326477e-06	-1.389311e-05
5.426820e+03	1.178453e-03	-2.097783e-03	1.705177e-05	-1.129433e-03	1.965461e-05	-4.686484e-05
5.439210e+03	2.234391e-03	-4.981644e-04	-1.413546e-05	-2.215476e-03	7.854472e-06	-3.048964e-05
5.451600e+03	1.961343e-03	1.275516e-03	-3.997614e-06	-1.961963e-03	1.979018e-05	-1.857221e-06
5.463990e+03	3.014055e-04	2.230122e-03	-5.677145e-06	-2.454524e-04	7.976249e-06	-5.283303e-05
5.476380e+03	-1.451152e-03	1.662222e-03	1.435916e-05	1.471675e-03	1.976334e-05	-1.851560e-05
5.488770e+03	-2.001851e-03	4.411779e-05	5.576970e-06	2.039694e-03	-1.018488e-05	-3.607041e-05
5.501160e+03	-1.281299e-03	-1.351577e-03	1.133532e-05	1.391843e-03	-8.462638e-06	-1.125465e-04
5.513550e+03	1.819350e-04	-1.969296e-03	2.134955e-05	-2.211790e-04	2.708559e-06	2.370143e-05
5.525940e+03	1.653187e-03	-1.009652e-03	3.123788e-05	-1.633364e-03	2.703954e-05	-2.156762e-05
5.538330e+03	1.877137e-03	5.567570e-04	-3.425178e-05	-1.847291e-03	4.869061e-06	-2.892457e-05
5.550720e+03	7.738028e-04	1.777284e-03	3.304514e-06	-7.283321e-04	3.840006e-05	-4.822978e-05
5.563110e+03	-6.816080e-04	1.715007e-03	-2.156354e-05	7.368648e-04	8.221268e-06	-5.668948e-05
5.575500e+03	-1.680678e-03	5.909438e-04	7.838292e-06	1.740984e-03	1.383627e-05	-4.901000e-05
5.587890e+03	-1.468781e-03	-8.960436e-04	-4.232056e-05	1.510800e-03	-3.174245e-05	-3.816445e-05
5.600280e+03	-3.525243e-04	-1.563435e-03	2.929195e-05	4.231242e-04	5.768694e-06	-6.543286e-05
5.612670e+03	9.246157e-04	-1.306790e-03	2.117130e-05	-9.185623e-04	1.638341e-06	-6.098239e-06
5.625060e+03	1.580466e-03	-1.588832e-04	2.335098e-05	-1.536808e-03	2.564522e-05	-3.884063e-05
5.637450e+03	1.123818e-03	1.026911e-03	2.638292e-06	-1.104279e-03	1.897706e-05	-8.617479e-06
5.649840e+03	-5.737909e-05	1.488640e-03	-1.891786e-06	8.125679e-05	2.532380e-05	-2.176984e-05
5.662230e+03	-1.120697e-03	9.136612e-04	8.100688e-06	1.141687e-03	2.773360e-05	-1.957284e-05
5.674620e+03	-1.434509e-03	-2.079708e-04	-1.927288e-05	1.445624e-03	1.115818e-05	-1.427259e-05
5.687010e+03	-6.360464e-04	-1.123796e-03	-1.726701e-05	6.987980e-04	-7.913785e-06	-5.972953e-05
5.699400e+03	3.408755e-04	-1.278117e-03	6.015624e-05	-3.384478e-04	2.968339e-05	-3.680766e-06
5.711790e+03	1.129264e-03	-5.817524e-04	5.873582e-06	-1.124636e-03	1.327547e-07	-1.099121e-05
5.724180e+03	1.329845e-03	5.262710e-04	-1.206738e-06	-1.229960e-03	4.857639e-06	-9.425192e-05
5.736570e+03	3.785415e-04	1.135032e-03	1.564094e-05	-3.560933e-04	2.570682e-05	-2.781110e-05
5.748960e+03	-4.646421e-04	1.017146e-03	-1.081137e-05	5.261187e-04	1.395808e-05	-6.142770e-05
5.761350e+03	-9.851749e-04	2.701301e-04	1.425081e-05	1.032499e-03	2.859307e-05	-5.832674e-05
5.773740e+03	-7.791757e-04	-5.812055e-04	-5.130397e-05	8.313965e-04	-1.980280e-05	-5.478484e-05
5.786130e+03	-9.176410e-05	-1.003815e-03	1.642501e-05	1.023317e-04	1.566694e-05	-1.388477e-05
5.798520e+03	7.489712e-04	-6.878254e-04	-2.882875e-06	-7.124183e-04	9.000324e-06	-3.575023e-05
5.810910e+03	9.723323e-04	7.189032e-05	-1.358992e-05	-9.350925e-04	-5.269308e-06	-3.657908e-05
5.823300e+03	6.665833e-04	7.769663e-04	1.334515e-05	-6.152431e-04	1.663650e-05	-5.880296e-05
5.835690e+03	-9.204129e-05	8.709368e-04	-2.012224e-05	9.112340e-05	-3.466731e-06	2.723552e-06
5.848080e+03	-6.448343e-04	5.787872e-04	5.703335e-07	6.994041e-04	8.476576e-06	-5.337860e-05
5.860470e+03	-7.558633e-04	-1.275516e-04	-8.133382e-06	7.758497e-04	-8.099757e-06	-2.011186e-05
5.872860e+03	-3.463067e-04	-6.397497e-04	2.430000e-05	3.624919e-04	1.913022e-05	-1.507281e-05
5.885250e+03	2.143620e-04	-6.336151e-04	7.392643e-06	-1.930047e-04	1.709339e-05	-2.105569e-05
5.897640e+03	6.722726e-04	-2.537372e-04	1.113063e-05	-6.691261e-04	1.774097e-05	-1.117830e-05
5.910030e+03	6.899157e-04	3.491141e-04	-3.982914e-06	-6.194513e-04	6.669793e-06	-6.151516e-05
5.922420e+03	1.376714e-04	5.471861e-04	-3.824879e-06	-1.653693e-04	1.969689e-05	1.654291e-05
5.934810e+03	-1.631800e-04	5.780705e-04	-7.037448e-06	2.348657e-04	2.284793e-05	-6.850032e-05
5.947200e+03	-4.828513e-04	1.491601e-04	-1.433574e-05	5.150454e-04	8.128442e-06	-3.335503e-05
5.959590e+03	-3.257302e-04	-1.561989e-04	-8.523495e-06	4.157272e-04	-2.270397e-06	-8.975205e-05
5.971980e+03	-1.337802e-05	-4.317745e-04	1.621580e-05	2.878204e-05	2.154687e-06	-2.194455e-05
5.984370e+03	3.062923e-04	-2.113923e-04	-2.106070e-05	-2.492778e-04	-2.820733e-05	-5.544178e-05
5.996760e+03	4.338857e-04	5.927357e-05	2.032372e-05	-3.972677e-04	5.730198e-06	-3.135480e-05
6.009150e+03	2.481540e-04	3.393182e-04	2.099322e-05	-2.424742e-04	2.367747e-05	-3.559573e-06
6.021540e+03	-1.544774e-05	4.353956e-04	1.823921e-05	5.415852e-05	2.908759e-05	-3.813356e-05
6.033930e+03	-3.745354e-04	2.164859e-04	1.094126e-05	3.534126e-04	2.602928e-05	2.100070e-05
6.046320e+03	-1.626287e-04	1.602624e-05	-1.032373e-05	2.378228e-04	1.862585e-05	-7.694168e-05
6.058710e+03	-1.787691e-04	-2.372802e-04	-1.743820e-05	1.783625e-04	7.397843e-06	-5.946789e-06
6.071100e+03	1.427548e-04	-1.181616e-04	-7.767020e-07	-5.397888e-05	5.215056e-06	-9.689066e-05
6.083490e+03	1.887663e-04	-7.030097e-05	-1.471270e-05	-1.759853e-04	-6.748221e-06	-1.753270e-05
6.095880e+03	1.109153e-04	1.175892e-04	-1.373723e-06	-1.095729e-04	2.636691e-06	-1.893553e-06
6.108270e+03	6.995625e-05	1.827158e-04	1.204916e-05	-6.368939e-05	1.030074e-05	-1.688547e-05
6.120660e+03	2.034410e-06	1.597791e-04	5.870073e-06	5.069443e-05	1.989380e-05	-4.829854e-05
6.133050e+03	-1.477071e-04	8.298549e-05	3.567674e-06	1.728230e-04	2.534471e-05	-2.985126e-05
6.145440e+03	-2.551744e-05	4.998642e-06	7.179044e-06	9.578611e-05	3.499933e-05	-7.029924e-05
6.157830e+03	-3.778532e-06	-7.201499e-05	-2.979781e-05	3.625675e-05	5.357341e-06	-3.126738e-05
6.170220e+03	8.444198e-05	2.664302e-05	1.010032e-05	-2.063907e-05	9.360429e-06	-6.234629e-05
6.182610e+03	4.884219e-05	5.574959e-05	-1.682872e-05	-1.100321e-05	-1.108247e-05	-4.006421e-05
6.195000e+03	1.848039e-05	1.099798e-04	-2.843690e-06	2.300159e-05	-1.482390e-05	-4.190109e-05
6.207390e+03	-2.018535e-06	-8.655262e-06	2.695091e-05	7.071912e-06	9.361751e-06	-9.998671e-07
6.219780e+03	4.340129e-05	6.806094e-05	2.295634e-05	2.383726e-05	2.171747e-05	-6.723855e-05
6.232170e+03	-7.586180e-05	-3.116123e-05	-5.500532e-06	6.526854e-05	2.110133e-05	1.171498e-05
6.244560e+03	2.938281e-05	7.248597e-05	3.557602e-05	1.596222e-05	4.083066e-05	-4.759778e-05
6.256950e+03	8.766899e-05	-2.373307e-05	-3.949676e-05	-6.883026e-05	1.915916e-06	-1.715107e-05
6.269340e+03	-4.735258e-05	1.055735e-04	6.182212e-07	8.711081e-05	6.832003e-06	-4.334157e-05
6.281730e+03	-2.372855e-05	1.191740e-05	-6.417026e-06	7.174909e-05	-6.829050e-06	-4.799370e-05
6.294120e+03	-3.290322e-05	-1.923576e-05	-3.616882e-07	9.314004e-05	-7.404845e-06	-5.379598e-05
6.306510e+03	-9.237292e-06	-8.595070e-05	1.918549e-05	2.897620e-05	1.016945e-05	-2.241036e-05
6.318900e+03	1.209356e-04	-9.300654e-05	1.306449e-05	-9.447987e-05	1.738976e-05	-2.786018e-05
6.331290e+03	1.020071e-04	5.828664e-05	1.282675e-05	-5.390553e-05	2.228340e-05	-4.793538e-05
6.343680e+03	1.641953e-04	7.882149e-05	-4.434974e-06	-1.187754e-04	2.217857e-05	-3.434648e-05
6.356070e+03	-2.667242e-05	2.408443e-04	-2.075415e-05	9.422139e-05	9.491321e-06	-6.785769e-05
6.368460e+03	3.974130e-06	1.072202e-04	-1.304522e-05	4.806578e-05	9.848867e-06	-4.955360e-05
6.380850e+03	-1.155346e-04	5.844683e-05	8.402157e-06	1.544564e-04	2.116335e-06	-3.851134e-05
6.393240e+03	-4.733866e-05	-3.412988e-05	-6.915441e-06	9.014424e-05	-1.766311e-05	-4.088756e-05
6.405630e+03	-1.701165e-05	-1.286681e-04	8.007618e-06	1.668493e-05	-7.598023e-06	5.473029e-06
6.418020e+03	1.548223e-04	4.223762e-06	3.324206e-05	-9.808201e-05	1.239921e-05	-5.526726e-05
6.430410e+03	1.884339e-04	3.216712e-05	9.735794e-06	-1.469356e-04	1.853600e-05	-4.078376e-05
6.442800e+03	-1.868444e-05	1.631338e-04	3.441337e-06	3.410924e-05	2.541372e-05	-1.545993e-05
6.455190e+03	-1.458263e-05	1.276967e-04	6.096770e-06	3.957908e-05	2.652365e-05	-3.103337e-05
6.467580e+03	-8.304167e-05	1.335246e-04	-1.239751e-05	1.517964e-04	2.475831e-06	-6.865976e-05
6.479970e+03	-1.259879e-04	-1.197232e-06	-2.826569e-06	1.649116e-04	2.866674e-06	-4.061282e-05
6.492360e+03	-5.687795e-05	-1.321320e-04	-1.179606e-06	7.219238e-05	-3.140346e-06	-1.352187e-05
6.504750e+03	9.558593e-05	-2.397742e-05	1.046793e-05	-1.459906e-05	3.206084e-06	-8.101362e-05
6.517140e+03	7.370316e-05	-1.157620e-04	8.452366e-06	-7.525697e-05	1.182045e-05	1.808146e-06
6.529530e+03	1.035807e-04	7.828249e-06	-1.127348e-05	-8.273970e-05	1.056254e-05	-2.025645e-05
6.541920e+03	8.771010e-05	1.169479e-04	2.231166e-05	-2.615655e-05	2.575667e-05	-5.947729e-05
6.554310e+03	-1.167802e-05	8.870948e-05	-1.037172e-05	5.479241e-05	1.213325e-05	-4.061645e-05
6.566700e+03	-5.676326e-05	-9.033132e-06	4.965915e-07	6.746675e-05	1.902710e-05	-1.281674e-05
6.579090e+03	9.850336e-06	6.305682e-05	-1.980006e-05	8.403606e-05	-2.906175e-06	-9.895253e-05
6.591480e+03	-2.660810e-05	-8.672470e-05	4.137663e-05	5.944556e-05	1.187582e-05	-3.177914e-05
6.603870e+03	3.763666e-05	-6.620015e-05	-7.939931e-06	-1.844359e-06	-6.309692e-06	-3.457811e-05
6.616260e+03	6.220350e-05	-8.039517e-05	1.369826e-05	-6.476186e-05	-3.587499e-07	2.804558e-06
6.628650e+03	1.200244e-04	-2.721365e-06	9.677624e-06	-9.512768e-05	1.298563e-05	-2.049278e-05
6.641040e+03	4.491140e-05	9.404761e-05	8.895491e-07	-1.950619e-05	1.187526e-05	-2.554259e-05
6.653430e+03	8.619910e-05	6.686850e-05	7.972482e-07	-5.137891e-05	1.283906e-05	-3.303644e-05
6.665820e+03	7.648691e-05	6.499614e-05	1.008779e-05	-1.016234e-05	1.184889e-05	-6.652664e-05
6.678210e+03	-6.269101e-05	3.447182e-05	6.429195e-06	1.105873e-04	2.480185e-06	-4.335771e-05
6.690600e+03	5.065063e-05	-8.657102e-05	-8.216557e-06	-1.044180e-05	-4.785665e-06	-4.120101e-05
6.702990e+03	5.201668e-05	-3.692269e-05	1.867527e-05	4.294709e-06	1.401402e-05	-5.891795e-05
6.715380e+03	-5.329048e-06	-3.438798e-05	6.787697e-06	-6.081859e-06	9.827467e-06	1.139736e-05
6.727770e+03	2.133407e-04	3.043910e-05	1.063365e-05	-1.601913e-04	2.168844e-05	-5.304579e-05
6.740160e+03	9.708547e-05	8.266586e-05	-1.055050e-05	-9.082115e-05	9.251426e-06	-8.220838e-06
6.752550e+03	9.873571e-05	1.158298e-04	4.615000e-06	-7.141432e-05	1.047526e-05	-2.964046e-05
6.764940e+03	2.141190e-05	1.738488e-04	2.665070e-07	3.536967e-05	7.510744e-06	-5.515740e-05
6.777330e+03	-7.989157e-05	6.668035e-05	4.654935e-06	1.055680e-04	6.867966e-06	-2.758395e-05
6.789720e+03	-8.717773e-05	8.618653e-07	4.377301e-06	1.082729e-04	6.292586e-06	-2.520462e-05
6.802110e+03	1.254505e-04	-5.802893e-05	-1.048250e-05	-4.794296e-05	7.285301e-06	-7.750752e-05
6.814500e+03	1.001534e-04	-3.349524e-05	-4.709101e-06	-5.037378e-05	6.196726e-06	-4.566162e-05
6.826890e+03	7.298304e-05	-7.401522e-05	2.119819e-06	-1.010555e-04	3.058244e-06	2.678835e-05
6.839280e+03	2.327604e-04	1.498949e-04	-1.085912e-06	-1.671161e-04	1.871855e-06	-6.548919e-05
6.851670e+03	4.616087e-05	1.430073e-04	1.529419e-05	-5.179730e-05	4.569262e-06	5.071976e-06
6.864060e+03	3.038493e-05	2.132481e-04	9.115191e-06	2.311357e-05	2.920888e-06	-5.528534e-05
6.876450e+03	-1.756905e-04	1.627639e-04	4.546094e-06	2.112485e-04	1.673919e-05	-3.621247e-05
6.888840e+03	-6.431150e-05	1.986592e-05	1.137798e-05	1.155812e-04	1.490067e-05	-5.356972e-05
6.901230e+03	-3.807146e-05	-9.119505e-05	1.508006e-05	6.177168e-05	2.533443e-05	-2.443194e-05
6.913620e+03	2.606273e-05	-4.379352e-05	-1.436547e-05	1.879162e-06	6.485520e-06	-2.787542e-05
6.926010e+03	9.433416e-05	-4.293522e-05	8.352637e-06	-1.134973e-04	1.013386e-05	1.543037e-05
6.938400e+03	1.405586e-04	1.423066e-04	-3.660615e-06	-9.221371e-05	9.229370e-07	-4.555818e-05
6.950790e+03	-3.556235e-05	1.721859e-04	1.828776e-05	3.219460e-05	6.369460e-06	3.230348e-06
6.963180e+03	3.748220e-05	2.705378e-04	-5.956572e-07	4.926178e-05	-1.851570e-06	-8.672108e-05
6.975570e+03	-1.736617e-04	7.510408e-06	1.283446e-05	1.830552e-04	1.230316e-05	-1.024303e-05
