1.325730e+03	3.637239e-02	-7.536478e-02	-1.003886e-05	-3.656184e-02	-4.462491e-06	-3.230207e-05
1.338120e+03	5.447699e-02	-6.343851e-02	-8.317286e-06	-5.442658e-02	-3.988209e-05	-3.438363e-05
1.350510e+03	6.871860e-02	-4.774038e-02	8.114855e-06	-6.864336e-02	-2.891486e-05	-2.921517e-05
1.362900e+03	7.865688e-02	-2.876426e-02	2.031994e-05	-7.869804e-02	-7.869026e-08	1.280799e-05
1.375290e+03	8.319700e-02	-7.909863e-03	2.091235e-05	-8.336370e-02	1.202102e-05	1.415295e-04
1.387680e+03	8.261017e-02	1.356280e-02	1.906396e-05	-8.280800e-02	2.033312e-05	2.158568e-04
1.400070e+03	7.651255e-02	3.415821e-02	7.643084e-06	-7.677403e-02	4.358608e-05	2.412483e-04
1.412460e+03	6.511003e-02	5.248087e-02	3.159044e-06	-6.541992e-02	3.926851e-05	2.503282e-04
1.424850e+03	4.961745e-02	6.715020e-02	-1.697255e-05	-4.983461e-02	5.001877e-05	2.277501e-04
1.437240e+03	3.096730e-02	7.728128e-02	-1.795931e-05	-3.117143e-02	1.562926e-05	1.424537e-04
1.449630e+03	1.056614e-02	8.247905e-02	-4.725074e-05	-1.065707e-02	3.274000e-05	9.408807e-05
1.462020e+03	-1.058389e-02	8.249712e-02	-1.311074e-05	1.038291e-02	-8.613026e-06	1.506449e-04
1.474410e+03	-3.123110e-02	7.740241e-02	-2.704337e-05	3.101803e-02	-1.489438e-05	3.037016e-04
1.486800e+03	-4.999124e-02	6.713318e-02	-3.238753e-05	4.959476e-02	-1.176545e-05	3.587554e-04
1.499190e+03	-6.539778e-02	5.226527e-02	-2.340327e-07	6.510299e-02	-2.472306e-05	2.942855e-04
1.511580e+03	-7.657024e-02	3.390933e-02	-1.245464e-05	7.626297e-02	-1.784660e-05	2.473252e-04
1.523970e+03	-8.251252e-02	1.332698e-02	-6.868711e-06	8.226267e-02	-9.473686e-06	2.095583e-04
1.536360e+03	-8.312952e-02	-8.206232e-03	3.012940e-05	8.292952e-02	6.581694e-07	2.031925e-04
1.548750e+03	-7.858363e-02	-2.929679e-02	2.054201e-07	7.838363e-02	1.126793e-06	2.037775e-04
1.561140e+03	-6.844741e-02	-4.859219e-02	-1.132163e-05	6.824741e-02	-4.056943e-07	2.275348e-04
1.573530e+03	-5.379086e-02	-6.466886e-02	-1.176932e-06	5.359086e-02	-4.231596e-06	2.508702e-04
1.585920e+03	-3.531231e-02	-7.639681e-02	7.576521e-06	3.510619e-02	-5.166868e-06	2.402909e-04
1.598310e+03	-1.447469e-02	-8.314549e-02	9.828209e-06	1.436592e-02	9.375832e-06	1.767517e-04
1.610700e+03	7.321954e-03	-8.379787e-02	1.009870e-05	-7.448398e-03	-1.907121e-05	1.362530e-04
1.623090e+03	2.889195e-02	-7.957252e-02	-1.459725e-05	-2.909210e-02	-3.589791e-05	2.003178e-04
1.635480e+03	4.870753e-02	-6.964799e-02	2.565872e-05	-4.891306e-02	-5.758221e-06	2.689830e-04
1.647870e+03	6.546207e-02	-5.459592e-02	9.267958e-07	-6.575262e-02	-4.456795e-05	2.665038e-04
1.660260e+03	7.797653e-02	-3.542818e-02	2.425457e-05	-7.819892e-02	3.735893e-05	2.581580e-04
1.672650e+03	8.466739e-02	-1.331921e-02	1.225616e-05	-8.493158e-02	2.050912e-05	2.179654e-04
1.685040e+03	8.558183e-02	9.974528e-03	7.583535e-06	-8.576180e-02	-1.778831e-05	1.415489e-04
1.697430e+03	8.027736e-02	3.263867e-02	2.133329e-06	-8.032380e-02	1.713465e-05	7.923150e-05
1.709820e+03	6.870600e-02	5.311938e-02	-1.261947e-05	-6.874495e-02	4.161557e-05	5.282722e-05
1.722210e+03	5.202650e-02	6.998218e-02	-3.045635e-05	-5.213294e-02	3.785810e-05	1.141693e-04
1.734600e+03	3.124429e-02	8.187276e-02	-4.228984e-05	-3.135170e-02	2.923637e-05	1.219262e-04
1.746990e+03	7.689262e-03	8.735978e-02	-8.195495e-06	-7.702588e-03	-3.496203e-05	8.630796e-06
1.759380e+03	-1.639259e-02	8.612552e-02	-5.257888e-05	1.639550e-02	-6.253165e-06	-3.486604e-06
1.771770e+03	-3.972787e-02	7.874786e-02	-3.018195e-05	3.972782e-02	-2.614804e-05	-3.299851e-05
1.784160e+03	-6.023910e-02	6.510904e-02	-1.538160e-05	6.024070e-02	-5.556145e-05	-4.133627e-06
1.796550e+03	-7.645289e-02	4.604782e-02	-5.362423e-06	7.635563e-02	-4.147977e-05	3.793925e-05
1.808940e+03	-8.656976e-02	2.293232e-02	3.230259e-05	8.657142e-02	-4.994031e-05	-1.033083e-05
1.821330e+03	-8.977045e-02	-2.574496e-03	-1.610023e-06	8.977715e-02	-3.158047e-05	-4.517953e-05
1.833720e+03	-8.601776e-02	-2.810363e-02	9.564840e-06	8.613286e-02	-2.584193e-05	-7.443679e-05
1.846110e+03	-7.441270e-02	-5.148698e-02	5.583090e-05	7.456885e-02	-6.735146e-06	-1.571112e-04
1.858500e+03	-5.654086e-02	-7.084465e-02	4.330312e-05	5.685895e-02	-2.966355e-06	-2.442080e-04
1.870890e+03	-3.391098e-02	-8.440155e-02	2.412663e-05	3.421513e-02	-8.813309e-06	-2.493602e-04
1.883280e+03	-8.306813e-03	-9.069034e-02	3.809025e-05	8.573121e-03	-4.534137e-06	-2.376403e-04
1.895670e+03	1.841568e-02	-8.961061e-02	6.166440e-05	-1.828116e-02	7.192930e-06	-1.633137e-04
1.908060e+03	4.404606e-02	-8.094884e-02	4.378135e-05	-4.394896e-02	-3.753041e-06	-1.224943e-04
1.920450e+03	6.620462e-02	-6.474597e-02	6.147732e-05	-6.609668e-02	3.526451e-05	-6.933432e-05
1.932840e+03	8.269352e-02	-4.259308e-02	4.066357e-05	-8.269597e-02	8.509868e-06	-2.883024e-05
1.945230e+03	9.185406e-02	-1.614152e-02	4.948720e-05	-9.175423e-02	7.241257e-05	-9.650796e-05
1.957620e+03	9.296310e-02	1.195286e-02	2.968889e-05	-9.286382e-02	5.248348e-05	-8.133353e-05
1.970010e+03	8.529548e-02	3.940783e-02	4.251640e-06	-8.530535e-02	9.580168e-05	-6.621599e-05
1.982400e+03	6.970334e-02	6.334534e-02	-4.760670e-05	-6.968959e-02	1.120065e-04	-3.426870e-05
1.994790e+03	4.722600e-02	8.172208e-02	-9.598773e-05	-4.711905e-02	1.318314e-04	-5.001231e-05
2.007180e+03	2.029788e-02	9.210037e-02	-9.904475e-05	-2.017224e-02	3.355280e-05	-1.381278e-04
2.019570e+03	-8.707911e-03	9.387507e-02	-1.661691e-04	8.852671e-03	6.117926e-05	-1.354329e-04
2.031960e+03	-3.725685e-02	8.763665e-02	-8.521055e-05	3.736053e-02	-7.510914e-05	-5.536020e-05
2.044350e+03	-6.262680e-02	7.217792e-02	-9.008875e-05	6.267092e-02	-9.382110e-05	1.052225e-05
2.056740e+03	-8.232897e-02	4.953881e-02	-7.443229e-05	8.226210e-02	-1.078537e-04	7.575428e-05
2.069130e+03	-9.446884e-02	2.155132e-02	-2.795436e-05	9.427893e-02	-1.234704e-04	1.586332e-04
2.081520e+03	-9.588515e-02	-9.121371e-03	6.430136e-05	9.568514e-02	-1.111095e-04	2.551278e-04
2.093910e+03	-8.864545e-02	-3.907660e-02	3.454569e-05	8.844377e-02	-9.199707e-05	1.510480e-04
2.106300e+03	-7.199804e-02	-6.518902e-02	6.750110e-05	7.189767e-02	-5.879677e-05	1.120014e-04
2.118690e+03	-4.794431e-02	-8.475121e-02	1.081447e-04	4.784856e-02	-1.374643e-05	1.478400e-04
2.131080e+03	-1.861999e-02	-9.551579e-02	5.893486e-05	1.861437e-02	-1.104882e-05	7.916108e-05
2.143470e+03	1.294073e-02	-9.735385e-02	9.356237e-05	-1.305408e-02	4.326101e-05	1.171032e-04
2.155860e+03	4.367557e-02	-8.863478e-02	8.038699e-05	-4.380708e-02	5.954229e-05	1.476809e-04
2.168250e+03	7.029449e-02	-6.978663e-02	6.064154e-05	-7.045419e-02	4.113652e-05	1.418119e-04
2.180640e+03	8.980363e-02	-4.313375e-02	4.997684e-05	-8.997969e-02	2.910501e-05	1.639987e-04
2.193030e+03	9.891210e-02	-1.124496e-02	4.569877e-05	-9.897294e-02	6.273427e-05	1.856813e-04
2.205420e+03	9.747821e-02	2.244152e-02	2.901570e-05	-9.758256e-02	1.293459e-04	1.708453e-04
2.217810e+03	8.518259e-02	5.405573e-02	-2.074484e-05	-8.546523e-02	1.384712e-04	2.398605e-04
2.230200e+03	6.252880e-02	8.014741e-02	-6.556330e-05	-6.283138e-02	8.797962e-05	3.849842e-04
2.242590e+03	3.194892e-02	9.719429e-02	-1.277372e-04	-3.224449e-02	8.116403e-05	3.740809e-04
2.254980e+03	-3.011684e-03	1.029797e-01	-1.976444e-04	2.612438e-03	4.960186e-05	4.017535e-04
2.267370e+03	-3.821693e-02	9.620869e-02	-1.180418e-04	3.791666e-02	-7.826601e-05	3.850207e-04
2.279760e+03	-6.978698e-02	7.769067e-02	-1.536380e-04	6.937348e-02	-1.046138e-04	4.247232e-04
2.292150e+03	-9.346318e-02	4.868605e-02	-1.040236e-04	9.304438e-02	-1.620201e-04	5.114688e-04
2.304540e+03	-1.048007e-01	1.209781e-02	3.837866e-05	1.048030e-01	-1.857256e-04	5.567334e-04
2.316930e+03	-1.044189e-01	-2.709907e-02	3.541854e-05	1.042952e-01	-1.703878e-04	6.786821e-04
2.329320e+03	-8.802829e-02	-6.399872e-02	1.221059e-04	8.717714e-02	-1.139453e-04	7.338225e-04
2.341710e+03	-5.852443e-02	-9.314015e-02	1.053139e-04	5.756809e-02	-9.050438e-05	9.430868e-04
2.354100e+03	-1.932629e-02	-1.087036e-01	1.336598e-04	1.828605e-02	-2.579877e-05	1.066646e-03
2.366490e+03	2.433259e-02	-1.080771e-01	1.497577e-04	-2.554859e-02	4.753161e-05	1.170453e-03
2.378880e+03	6.617000e-02	-9.144309e-02	1.321573e-04	-6.758868e-02	7.735028e-05	1.347078e-03
2.391270e+03	9.911976e-02	-5.752517e-02	1.286618e-04	-1.001968e-01	1.571086e-04	1.492141e-03
2.403660e+03	1.151360e-01	-1.115743e-02	8.583278e-05	-1.161332e-01	2.124237e-04	1.575072e-03
2.416050e+03	1.094268e-01	3.986772e-02	1.664773e-05	-1.104202e-01	2.182071e-04	1.506741e-03
2.428440e+03	8.163576e-02	8.564529e-02	-1.014559e-04	-8.309352e-02	2.692221e-04	1.519292e-03
2.440830e+03	3.199919e-02	1.144261e-01	-2.260715e-04	-3.318676e-02	1.978436e-04	1.254606e-03
2.453220e+03	-2.806783e-02	1.167322e-01	-2.991361e-04	2.719248e-02	4.146982e-05	8.227064e-04
2.465610e+03	-8.225789e-02	8.647290e-02	-2.990799e-04	8.197748e-02	-1.677986e-04	2.816462e-04
2.478000e+03	-1.126076e-01	3.280308e-02	-1.797635e-04	1.128856e-01	-3.203382e-04	-2.572466e-04
2.490390e+03	-1.098729e-01	-3.126808e-02	6.610988e-05	1.108592e-01	-3.830760e-04	-9.326463e-04
2.502780e+03	-7.170662e-02	-8.385054e-02	2.398367e-04	7.332311e-02	-2.627628e-04	-1.632103e-03
2.515170e+03	-1.032359e-02	-1.039803e-01	2.926670e-04	1.248969e-02	-1.016973e-04	-2.194264e-03
2.527560e+03	4.774624e-02	-8.582380e-02	2.732239e-04	-4.510898e-02	7.559107e-05	-2.662862e-03
2.539950e+03	8.128433e-02	-3.928188e-02	1.314091e-04	-7.824047e-02	2.120522e-04	-3.028623e-03
2.552340e+03	8.032793e-02	1.363949e-02	-2.240377e-05	-7.702503e-02	2.659882e-04	-3.293114e-03
2.564730e+03	4.886597e-02	5.067082e-02	-1.524881e-04	-4.535777e-02	2.580000e-04	-3.437146e-03
2.577120e+03	8.302646e-03	5.741172e-02	-1.943403e-04	-5.355483e-03	1.601069e-04	-2.981976e-03
2.589510e+03	-2.092891e-02	4.039041e-02	-2.440035e-04	2.333283e-02	-2.788640e-05	-2.453342e-03
2.601900e+03	-3.000007e-02	1.812599e-02	-1.823543e-04	3.154913e-02	-1.530912e-04	-1.549566e-03
2.614290e+03	-2.705726e-02	2.637152e-03	-7.042197e-05	2.800039e-02	-2.396950e-04	-9.577917e-04
2.626680e+03	-2.229073e-02	-4.687236e-03	5.433649e-05	2.268917e-02	-2.539396e-04	-3.616197e-04
2.639070e+03	-2.051581e-02	-1.008871e-02	1.927878e-04	2.049192e-02	-1.494556e-04	-2.417965e-05
2.651460e+03	-1.883586e-02	-1.849736e-02	2.718095e-04	1.872629e-02	-4.465306e-06	1.931794e-04
2.663850e+03	-1.129112e-02	-3.034583e-02	2.118081e-04	1.094431e-02	1.036279e-04	3.393849e-04
2.676240e+03	5.953957e-03	-3.818739e-02	1.596891e-04	-6.462998e-03	2.532261e-04	5.157278e-04
2.688630e+03	3.087999e-02	-3.434250e-02	-1.780086e-05	-3.157271e-02	2.184088e-04	6.320531e-04
2.701020e+03	5.192559e-02	-1.229472e-02	-1.400633e-04	-5.221115e-02	2.394440e-04	3.490344e-04
2.713410e+03	5.535018e-02	2.352356e-02	-2.962867e-04	-5.541445e-02	1.275184e-04	5.127233e-05
2.725800e+03	3.478117e-02	5.716491e-02	-2.779441e-04	-3.417498e-02	-7.664732e-05	-5.725635e-04
2.738190e+03	-5.939468e-03	7.126747e-02	-2.361071e-04	7.255142e-03	-2.123063e-04	-1.315281e-03
2.750580e+03	-4.884101e-02	5.759736e-02	-8.092458e-05	5.063924e-02	-3.537814e-04	-1.800924e-03
2.762970e+03	-7.641699e-02	1.751153e-02	1.470275e-04	7.823899e-02	-3.518866e-04	-1.874122e-03
2.775360e+03	-7.353216e-02	-3.211740e-02	3.517483e-04	7.505488e-02	-1.782171e-04	-1.485037e-03
2.787750e+03	-4.160729e-02	-7.165913e-02	3.655239e-04	4.199646e-02	2.161644e-05	-4.516382e-04
2.800140e+03	8.741736e-03	-8.170587e-02	2.241497e-04	-9.445794e-03	1.516490e-04	7.638805e-04
2.812530e+03	5.627305e-02	-6.264451e-02	8.659623e-05	-5.819658e-02	2.375106e-04	1.949834e-03
2.824920e+03	8.061505e-02	-1.836841e-02	-6.061429e-05	-8.327710e-02	2.797247e-04	2.662058e-03
2.837310e+03	7.716533e-02	3.380479e-02	-1.964371e-04	-7.997595e-02	2.584345e-04	2.833935e-03
2.849700e+03	4.272007e-02	7.304900e-02	-2.584386e-04	-4.527038e-02	1.139376e-04	2.507063e-03
2.862090e+03	-7.909180e-03	8.327626e-02	-2.699701e-04	6.213946e-03	-5.902364e-06	1.682694e-03
2.874480e+03	-5.484203e-02	6.224611e-02	-2.443731e-04	5.419445e-02	-1.405466e-04	6.675901e-04
2.886870e+03	-7.726710e-02	1.565301e-02	-5.913709e-05	7.757993e-02	-2.424554e-04	-2.698543e-04
2.899260e+03	-6.893570e-02	-3.511934e-02	9.186656e-05	6.956614e-02	-2.373690e-04	-7.464429e-04
2.911650e+03	-3.053850e-02	-6.717924e-02	2.158756e-04	3.133832e-02	-1.741853e-04	-8.049996e-04
2.924040e+03	1.837208e-02	-6.733206e-02	2.556512e-04	-1.765523e-02	-9.339123e-05	-7.246949e-04
2.936430e+03	5.314521e-02	-3.548242e-02	2.697224e-04	-5.263446e-02	1.657852e-05	-5.045765e-04
2.948820e+03	5.665976e-02	7.081372e-03	2.156873e-04	-5.615288e-02	2.260872e-04	-4.737283e-04
2.961210e+03	3.127664e-02	3.792794e-02	4.035028e-05	-3.061041e-02	3.205201e-04	-6.532231e-04
2.973600e+03	-2.206810e-03	4.086832e-02	-1.556653e-04	3.177620e-03	3.009781e-04	-9.718176e-04
2.985990e+03	-2.445665e-02	2.096456e-02	-2.857460e-04	2.574018e-02	1.691194e-04	-1.270153e-03
2.998380e+03	-2.378823e-02	-3.836423e-03	-3.187192e-04	2.522124e-02	-5.344829e-05	-1.433253e-03
3.010770e+03	-6.243068e-03	-1.546305e-02	-2.374427e-04	7.472193e-03	-2.278168e-04	-1.222937e-03
3.023160e+03	9.587287e-03	-8.822737e-03	-9.122415e-05	-8.820259e-03	-3.363496e-04	-7.809454e-04
3.035550e+03	1.051355e-02	7.997886e-03	1.032491e-04	-1.022889e-02	-3.381893e-04	-2.454934e-04
3.047940e+03	-3.716120e-03	1.655385e-02	2.641001e-04	3.517800e-03	-1.901826e-04	2.141672e-04
3.060330e+03	-2.208913e-02	9.318253e-03	3.676763e-04	2.170405e-02	-2.106796e-06	4.103335e-04
3.072720e+03	-2.680696e-02	-1.239964e-02	2.803229e-04	2.632717e-02	2.039358e-04	4.440592e-04
3.085110e+03	-1.188663e-02	-3.371312e-02	1.168166e-04	1.161001e-02	3.152626e-04	2.618915e-04
3.097500e+03	1.702815e-02	-3.731963e-02	-8.474244e-05	-1.712202e-02	3.154433e-04	8.078264e-05
3.109890e+03	4.313208e-02	-1.763701e-02	-2.532124e-04	-4.303708e-02	2.161204e-04	-1.449213e-04
3.122280e+03	4.821677e-02	1.725072e-02	-3.239060e-04	-4.810141e-02	8.524825e-06	-2.056939e-04
3.134670e+03	2.639817e-02	4.919711e-02	-2.982769e-04	-2.619148e-02	-1.277059e-04	-2.168244e-04
3.147060e+03	-1.301495e-02	5.764884e-02	-1.156917e-04	1.318797e-02	-2.881800e-04	-1.762758e-04
3.159450e+03	-5.077512e-02	3.616755e-02	2.222571e-05	5.080929e-02	-3.166819e-04	-1.150730e-04
3.171840e+03	-6.389155e-02	-6.398840e-03	2.729226e-04	6.389154e-02	-2.715697e-04	-1.483280e-05
3.184230e+03	-4.524959e-02	-4.822460e-02	3.963608e-04	4.514512e-02	-6.474489e-05	9.293240e-05
3.196620e+03	-2.422629e-03	-6.665092e-02	3.887998e-04	2.103503e-03	1.776683e-04	3.245582e-04
3.209010e+03	4.184829e-02	-5.269827e-02	1.980919e-04	-4.231571e-02	3.509884e-04	5.180218e-04
3.221400e+03	6.565777e-02	-1.190818e-02	-6.107638e-05	-6.635128e-02	3.911193e-04	7.014039e-04
3.233790e+03	5.700260e-02	3.404439e-02	-3.121327e-04	-5.783230e-02	3.029498e-04	8.099534e-04
3.246180e+03	1.879366e-02	6.258985e-02	-4.613653e-04	-1.966417e-02	7.990811e-05	8.354732e-04
3.258570e+03	-2.650645e-02	5.845889e-02	-4.102274e-04	2.573499e-02	-2.539222e-04	7.073194e-04
3.270960e+03	-5.727272e-02	2.441008e-02	-1.240521e-04	5.683753e-02	-4.540671e-04	4.626088e-04
3.283350e+03	-5.649803e-02	-1.879000e-02	2.134551e-04	5.645739e-02	-4.358990e-04	1.551902e-04
3.295740e+03	-2.645704e-02	-4.983146e-02	4.318904e-04	2.661997e-02	-2.284185e-04	-1.426780e-04
3.308130e+03	1.328378e-02	-5.131343e-02	4.451728e-04	-1.287583e-02	8.463772e-05	-3.302809e-04
3.320520e+03	4.202508e-02	-2.555218e-02	2.725553e-04	-4.169635e-02	3.452529e-04	-3.293095e-04
3.332910e+03	4.366059e-02	9.897926e-03	-1.726613e-05	-4.347291e-02	4.357478e-04	-2.323541e-04
3.345300e+03	2.083483e-02	3.426227e-02	-3.066148e-04	-2.074280e-02	3.267380e-04	-1.298983e-04
3.357690e+03	-9.306530e-03	3.417816e-02	-4.198827e-04	9.406288e-03	7.310446e-05	-9.743868e-05
3.370080e+03	-2.757761e-02	1.313295e-02	-3.394134e-04	2.774784e-02	-2.320973e-04	-1.497076e-04
3.382470e+03	-2.398188e-02	-1.175310e-02	-8.285771e-05	2.428729e-02	-4.219411e-04	-2.720186e-04
3.394860e+03	-3.678331e-03	-2.252014e-02	2.009659e-04	4.003610e-03	-3.435682e-04	-3.311133e-04
3.407250e+03	1.639429e-02	-1.487997e-02	3.679983e-04	-1.609554e-02	-1.471810e-04	-3.206669e-04
3.419640e+03	2.090632e-02	5.994750e-03	3.342087e-04	-2.073706e-02	1.326302e-04	-1.622605e-04
3.432030e+03	7.194211e-03	2.267888e-02	1.382497e-04	-7.255711e-03	3.361876e-04	6.384771e-05
3.444420e+03	-1.528598e-02	2.165470e-02	-1.197034e-04	1.498581e-02	3.148479e-04	2.703046e-04
3.456810e+03	-2.934463e-02	2.150668e-03	-2.500194e-04	2.894378e-02	1.518532e-04	3.583466e-04
3.469200e+03	-2.355552e-02	-2.231893e-02	-2.682705e-04	2.315203e-02	-7.893531e-05	3.814585e-04
3.481590e+03	7.749924e-04	-3.436143e-02	-1.115333e-04	-1.029708e-03	-2.343187e-04	2.483537e-04
3.493980e+03	2.748244e-02	-2.576156e-02	8.163963e-05	-2.766584e-02	-1.864769e-04	1.320450e-04
3.506370e+03	3.862470e-02	2.025314e-03	1.809608e-04	-3.855071e-02	-9.902463e-05	-5.081023e-05
3.518760e+03	2.814806e-02	3.173385e-02	1.340324e-04	-2.804917e-02	7.926174e-05	-1.192883e-04
3.531150e+03	-2.194470e-03	4.330873e-02	2.793342e-05	2.338622e-03	1.564335e-04	-1.488245e-04
3.543540e+03	-3.439652e-02	3.114992e-02	-1.139934e-04	3.459100e-02	1.138456e-04	-1.445336e-04
3.555930e+03	-4.764002e-02	-1.064324e-03	-1.390106e-04	4.773985e-02	-2.269111e-05	-1.080687e-04
3.568320e+03	-2.650162e-02	-4.189436e-02	-1.349802e-04	2.668612e-02	-1.958528e-04	-1.173529e-04
3.580710e+03	-1.548903e-03	-4.900085e-02	8.861542e-05	1.581625e-03	-1.469613e-04	-5.653973e-05
3.593100e+03	3.458664e-02	-3.779395e-02	1.705327e-04	-3.458679e-02	-1.087639e-04	-7.518942e-05
3.605490e+03	4.994760e-02	-4.111774e-03	1.663602e-04	-4.994759e-02	6.744615e-05	-2.016760e-05
3.617880e+03	4.055534e-02	3.248697e-02	5.230089e-05	-4.061700e-02	2.001508e-04	7.076428e-05
3.630270e+03	7.986573e-03	5.059819e-02	-9.242951e-05	-8.167561e-03	1.750795e-04	1.772860e-04
3.642660e+03	-2.845317e-02	4.254167e-02	-2.160016e-04	2.826027e-02	7.556630e-05	2.462135e-04
3.655050e+03	-4.817012e-02	1.077023e-02	-1.960097e-04	4.788843e-02	-1.101079e-04	2.964176e-04
3.667440e+03	-4.156257e-02	-2.472009e-02	-6.779328e-05	4.126224e-02	-2.373273e-04	2.826493e-04
3.679830e+03	-1.249426e-02	-4.412842e-02	1.089407e-04	1.231346e-02	-2.453569e-04	2.131250e-04
3.692220e+03	2.229282e-02	-3.965342e-02	2.378647e-04	-2.234286e-02	-1.432512e-04	6.761266e-05
3.704610e+03	4.208896e-02	-1.223514e-02	2.559977e-04	-4.198905e-02	3.437311e-05	-8.880433e-05
3.717000e+03	3.770764e-02	2.001561e-02	1.663225e-04	-3.746541e-02	2.006747e-04	-2.422516e-04
3.729390e+03	1.128438e-02	3.839878e-02	-2.763446e-05	-1.097873e-02	2.600728e-04	-3.021886e-04
3.741780e+03	-1.874377e-02	3.332999e-02	-1.577096e-04	1.904353e-02	1.673468e-04	-3.419319e-04
3.754170e+03	-3.403482e-02	9.064804e-03	-2.429598e-04	3.438444e-02	4.384083e-06	-3.404400e-04
3.766560e+03	-2.893180e-02	-1.880075e-02	-1.243181e-04	2.916602e-02	-1.432290e-04	-2.435225e-04
3.778950e+03	-5.795275e-03	-3.187814e-02	-4.051595e-06	5.931357e-03	-2.249807e-04	-1.376230e-04
3.791340e+03	1.899016e-02	-2.485612e-02	1.379595e-04	-1.887871e-02	-2.073256e-04	-6.114783e-05
3.803730e+03	2.891377e-02	-1.805092e-03	2.500369e-04	-2.890754e-02	-4.662538e-05	-1.093172e-05
3.816120e+03	1.978521e-02	1.988729e-02	1.857863e-04	-1.978913e-02	1.351937e-04	4.084134e-05
3.828510e+03	-2.445742e-03	2.597724e-02	7.096251e-05	2.406152e-03	2.092277e-04	4.490976e-05
3.840900e+03	-2.205664e-02	1.511090e-02	-5.613024e-05	2.205583e-02	2.045215e-04	3.677434e-05
3.853290e+03	-2.555199e-02	-6.819214e-03	-1.504865e-04	2.553893e-02	8.028642e-05	1.266440e-05
3.865680e+03	-1.124862e-02	-2.453613e-02	-1.416203e-04	1.120747e-02	-1.823685e-05	2.416903e-06
3.878070e+03	1.136291e-02	-2.459129e-02	-8.338519e-05	-1.136453e-02	-1.448098e-04	-1.167287e-05
3.890460e+03	2.646268e-02	-7.805033e-03	2.426540e-05	-2.640620e-02	-1.242658e-04	-6.403471e-05
3.902850e+03	2.428892e-02	1.588816e-02	9.434448e-05	-2.422302e-02	-7.632922e-05	-1.039713e-04
3.915240e+03	5.254260e-03	2.939406e-02	8.859713e-05	-5.109561e-03	-9.212580e-06	-1.417567e-04
3.927630e+03	-1.910906e-02	2.532134e-02	6.458798e-05	1.925514e-02	5.960992e-05	-1.732266e-04
3.940020e+03	-3.220080e-02	3.086124e-03	4.266651e-05	3.239180e-02	4.890685e-05	-2.172321e-04
3.952410e+03	-2.563060e-02	-2.197992e-02	-1.192927e-06	2.572561e-02	5.558880e-05	-1.623690e-04
3.964800e+03	-1.821143e-03	-3.343531e-02	-7.632687e-07	2.001352e-03	4.430876e-05	-1.351848e-04
3.977190e+03	2.444023e-02	-2.603053e-02	-4.572710e-05	-2.442836e-02	5.544270e-06	-6.595232e-05
3.989580e+03	3.601419e-02	-1.326728e-03	-3.411032e-05	-3.601408e-02	-3.795876e-06	-4.469977e-05
4.001970e+03	2.732102e-02	2.572156e-02	-5.685458e-05	-2.735881e-02	5.560045e-06	3.056133e-05
4.014360e+03	7.642538e-04	3.731469e-02	-5.224054e-05	-8.576732e-04	-1.750540e-05	8.761921e-05
4.026750e+03	-2.632889e-02	2.776383e-02	-4.577889e-05	2.621487e-02	-4.899470e-05	9.622169e-05
4.039140e+03	-3.680000e-02	6.157984e-04	5.009726e-05	3.667137e-02	-6.349104e-05	1.203334e-04
4.051530e+03	-2.748059e-02	-2.716499e-02	7.077636e-05	2.738091e-02	-3.874879e-05	1.140307e-04
4.063920e+03	-5.354702e-04	-3.800684e-02	9.847863e-05	4.241800e-04	3.590736e-06	1.090819e-04
4.076310e+03	2.709281e-02	-2.760979e-02	6.875929e-05	-2.714452e-02	6.359376e-05	4.837966e-05
4.088700e+03	3.792715e-02	-2.611306e-04	-2.062481e-06	-3.782880e-02	1.097816e-04	-2.972699e-05
4.101090e+03	2.714448e-02	2.663340e-02	-6.592006e-05	-2.714311e-02	9.688583e-05	-3.438661e-05
4.113480e+03	-2.402035e-04	3.595753e-02	-1.453437e-04	3.321194e-04	5.302147e-05	-7.565090e-05
4.125870e+03	-2.642284e-02	2.561960e-02	-1.406488e-04	2.652744e-02	-5.906936e-05	-6.443862e-05
4.138260e+03	-3.551821e-02	-8.734355e-04	-5.380282e-05	3.551868e-02	-1.373906e-04	-4.314213e-05
4.150650e+03	-2.421025e-02	-2.647057e-02	6.396665e-05	2.414927e-02	-1.524851e-04	8.241922e-06
4.163040e+03	2.032302e-03	-3.469594e-02	1.511876e-04	-2.103696e-03	-8.902252e-05	6.791866e-05
4.175430e+03	2.594140e-02	-2.238060e-02	1.645719e-04	-2.597466e-02	1.813978e-05	8.479393e-05
4.187820e+03	3.182010e-02	3.568348e-03	9.617952e-05	-3.192010e-02	1.119939e-04	9.833441e-05
4.200210e+03	1.975254e-02	2.572107e-02	-1.860379e-05	-1.985240e-02	1.499891e-04	8.690221e-05
4.212600e+03	-5.008597e-03	3.090241e-02	-1.337389e-04	4.958746e-03	1.160756e-04	7.443180e-05
4.224990e+03	-2.618327e-02	1.729113e-02	-1.657092e-04	2.618467e-02	-3.307989e-05	6.356753e-05
4.237380e+03	-2.981530e-02	-6.835365e-03	-6.882901e-05	2.981398e-02	-1.149529e-04	4.650616e-05
4.249770e+03	-1.483969e-02	-2.589431e-02	1.602155e-05	1.475769e-02	-1.515411e-04	3.818672e-05
4.262160e+03	9.124770e-03	-2.725500e-02	9.784011e-05	-9.126083e-03	-1.509367e-04	3.063062e-05
4.274550e+03	2.566117e-02	-1.200301e-02	1.686776e-04	-2.566117e-02	1.503196e-06	-1.339384e-05
4.286940e+03	2.591469e-02	1.125020e-02	1.142776e-04	-2.587205e-02	7.747061e-05	-3.602101e-05
4.299330e+03	9.080355e-03	2.678611e-02	-8.120396e-06	-9.024551e-03	1.397602e-04	-4.846450e-05
4.311720e+03	-1.321716e-02	2.484865e-02	-8.183646e-05	1.327796e-02	9.683351e-05	-5.205181e-05
4.324110e+03	-2.645878e-02	6.394499e-03	-9.687248e-05	2.655947e-02	5.790760e-06	-5.460513e-05
4.336500e+03	-2.264522e-02	-1.556649e-02	-6.335236e-05	2.265166e-02	-9.155737e-05	-3.122110e-05
4.348890e+03	-4.032399e-03	-2.629866e-02	2.678432e-05	4.016277e-03	-9.725765e-05	1.128468e-05
4.361280e+03	1.778298e-02	-2.145478e-02	9.460103e-05	-1.785902e-02	-7.614391e-05	2.591257e-05
4.373670e+03	2.769999e-02	-1.555594e-03	1.040067e-04	-2.779999e-02	6.073674e-06	4.609999e-05
4.386060e+03	2.031342e-02	1.956929e-02	6.197242e-05	-2.038769e-02	7.658769e-05	4.293592e-05
4.398450e+03	-7.225281e-04	2.749527e-02	-3.399623e-05	6.861081e-04	1.080000e-04	5.094624e-05
4.410840e+03	-2.120254e-02	1.907057e-02	-8.319685e-05	2.120012e-02	2.257633e-05	1.420417e-05
4.423230e+03	-2.804123e-02	-2.528762e-03	-7.074331e-05	2.794123e-02	-2.600925e-05	2.979925e-05
4.435620e+03	-1.801327e-02	-2.323772e-02	-1.470863e-06	1.790930e-02	-1.073438e-04	3.296299e-05
4.448010e+03	4.084305e-03	-2.907910e-02	7.120054e-05	-4.102182e-03	-8.192277e-05	2.584093e-05
4.460400e+03	2.414913e-02	-1.719861e-02	1.199602e-04	-2.419267e-02	-2.487283e-06	2.721303e-05
4.472790e+03	2.816114e-02	5.839382e-03	7.000439e-05	-2.820421e-02	7.024596e-05	8.423391e-06
4.485180e+03	1.594129e-02	2.497577e-02	4.110513e-05	-1.594137e-02	1.055865e-04	2.790391e-05
4.497570e+03	-7.325540e-03	2.857147e-02	-9.586672e-05	7.324301e-03	1.033580e-04	-8.174722e-07
4.509960e+03	-2.640765e-02	1.478155e-02	-1.119056e-04	2.640767e-02	-5.832543e-06	-2.357203e-05
4.522350e+03	-2.907250e-02	-8.416484e-03	-8.060107e-05	2.907257e-02	-6.734807e-05	1.884799e-05
4.534740e+03	-1.388072e-02	-2.674703e-02	1.033013e-05	1.387128e-02	-1.220560e-04	2.443612e-05
4.547130e+03	9.804992e-03	-2.796625e-02	7.913900e-05	-9.799627e-03	-1.109372e-04	6.915810e-05
4.559520e+03	2.676700e-02	-1.277998e-02	1.447325e-04	-2.686813e-02	-2.389691e-05	6.395585e-05
4.571910e+03	2.777292e-02	1.083297e-02	1.114223e-04	-2.783510e-02	7.132353e-05	5.235819e-05
4.584300e+03	1.142524e-02	2.793459e-02	3.124415e-05	-1.147421e-02	1.353798e-04	6.058586e-05
4.596690e+03	-1.176485e-02	2.763852e-02	-9.034208e-05	1.171396e-02	1.454295e-04	5.444889e-05
4.609080e+03	-2.735949e-02	1.014121e-02	-1.175017e-04	2.736073e-02	1.592493e-05	1.088488e-05
4.621470e+03	-2.583817e-02	-1.295876e-02	-8.972305e-05	2.583817e-02	-7.847796e-05	1.635563e-05
4.633860e+03	-8.787381e-03	-2.699125e-02	-5.251183e-06	8.789574e-03	-1.024206e-04	8.369731e-06
4.646250e+03	1.403655e-02	-2.505551e-02	7.386011e-05	-1.403286e-02	-1.115626e-04	-5.748006e-06
4.658640e+03	2.757856e-02	-7.163015e-03	1.149555e-04	-2.757857e-02	-3.229443e-05	-6.020288e-06
4.671030e+03	2.443701e-02	1.478098e-02	1.025898e-04	-2.443659e-02	5.539356e-05	2.221949e-06
4.683420e+03	5.622359e-03	2.700712e-02	2.776253e-05	-5.637101e-03	1.110107e-04	1.022821e-05
4.695810e+03	-1.554767e-02	2.259186e-02	-6.293266e-05	1.554783e-02	1.086724e-04	-9.801011e-06
4.708200e+03	-2.579436e-02	4.086316e-03	-6.823272e-05	2.579436e-02	2.743459e-05	-7.296690e-06
4.720590e+03	-2.085458e-02	-1.672347e-02	-6.458886e-05	2.085381e-02	-2.887451e-05	-5.151734e-06
4.732980e+03	-2.209033e-03	-2.607001e-02	-2.799845e-05	2.228748e-03	-8.273641e-05	-1.723014e-05
4.745370e+03	1.753098e-02	-1.947648e-02	4.356787e-05	-1.753195e-02	-8.917261e-05	7.856418e-06
4.757760e+03	2.533960e-02	-1.794409e-04	5.797722e-05	-2.533960e-02	-1.119802e-05	9.636158e-06
4.770150e+03	1.774446e-02	1.845133e-02	6.630210e-05	-1.774651e-02	2.213982e-05	2.458720e-05
4.782540e+03	-1.696282e-03	2.433239e-02	1.757767e-05	1.649489e-03	6.976357e-05	4.173848e-05
4.794930e+03	-1.950355e-02	1.596468e-02	-4.952080e-05	1.950118e-02	5.855972e-05	2.741509e-05
4.807320e+03	-2.455370e-02	-3.168483e-03	-3.046517e-05	2.455370e-02	-9.490398e-06	3.657041e-05
4.819710e+03	-1.436193e-02	-2.040761e-02	-2.541890e-05	1.436137e-02	-3.322173e-05	-2.300771e-06
4.832100e+03	4.915793e-03	-2.359558e-02	1.358748e-05	-4.905822e-03	-3.157458e-05	-1.203049e-05
4.844490e+03	2.047687e-02	-1.265924e-02	4.613056e-05	-2.047716e-02	-3.589355e-05	-2.017945e-05
4.856880e+03	2.257741e-02	6.837003e-03	2.845891e-05	-2.252464e-02	8.233253e-06	-3.165536e-05
4.869270e+03	1.055943e-02	2.155611e-02	2.200193e-06	-1.055865e-02	2.045558e-05	-2.930409e-05
4.881660e+03	-8.570491e-03	2.243520e-02	-2.613599e-05	8.592433e-03	1.888207e-05	-2.912757e-05
4.894050e+03	-2.245148e-02	9.115160e-03	-2.162007e-05	2.245101e-02	-7.802312e-06	-2.020484e-05
4.906440e+03	-2.109308e-02	-1.190649e-02	4.496271e-06	2.109326e-02	-3.826999e-05	2.313892e-06
4.918830e+03	-7.300043e-03	-2.277827e-02	4.683127e-05	7.291895e-03	-3.946217e-05	1.074328e-05
4.931220e+03	1.143683e-02	-2.088875e-02	4.731822e-05	-1.143661e-02	7.611271e-06	2.242233e-05
4.943610e+03	2.237969e-02	-5.717859e-03	4.183107e-05	-2.237969e-02	2.714614e-05	3.002695e-05
4.956000e+03	1.950297e-02	1.306737e-02	-5.590363e-07	-1.950268e-02	5.936507e-05	3.396179e-05
4.968390e+03	3.979316e-03	2.278278e-02	-6.073262e-05	-3.991769e-03	3.345862e-05	1.952147e-05
4.980780e+03	-1.436957e-02	1.883221e-02	-6.113316e-05	1.435485e-02	-3.298069e-06	1.741938e-05
4.993170e+03	-2.325039e-02	2.131942e-03	-3.537315e-05	2.325048e-02	-5.832146e-05	-1.230955e-05
5.005560e+03	-1.773922e-02	-1.555538e-02	9.859950e-06	1.773909e-02	-9.090314e-05	-1.676802e-05
5.017950e+03	-5.750463e-04	-2.269998e-02	8.519583e-05	5.818121e-04	-7.296819e-05	-4.218705e-06
5.030340e+03	1.668561e-02	-1.654499e-02	9.958479e-05	-1.668544e-02	2.433993e-07	1.691445e-05
5.042730e+03	2.285631e-02	6.105291e-04	8.802505e-05	-2.285631e-02	6.944401e-05	-1.356713e-05
5.055120e+03	1.559088e-02	1.759478e-02	-1.888231e-05	-1.559038e-02	1.125183e-04	-1.844317e-06
5.067510e+03	-1.920369e-03	2.309918e-02	-6.898937e-05	1.909831e-03	5.232698e-05	7.759379e-06
5.079900e+03	-1.815730e-02	1.448748e-02	-9.103736e-05	1.809483e-02	-1.229202e-05	1.624252e-06
5.092290e+03	-2.184323e-02	-3.481080e-03	-5.701878e-05	2.184323e-02	-7.976386e-05	-4.265367e-07
5.104680e+03	-1.291869e-02	-1.859067e-02	3.704020e-05	1.291895e-02	-9.673506e-05	1.428854e-05
5.117070e+03	4.768245e-03	-2.178985e-02	9.120154e-05	-4.818918e-03	-6.612048e-05	5.259852e-06
5.129460e+03	1.960096e-02	-1.156687e-02	8.887153e-05	-1.961220e-02	-1.193229e-06	1.758126e-05
5.141850e+03	2.179927e-02	6.016459e-03	7.290176e-05	-2.179915e-02	7.546775e-05	3.379584e-05
5.154240e+03	1.039612e-02	1.981107e-02	-1.339154e-05	-1.040984e-02	9.283639e-05	2.391738e-05
5.166630e+03	-7.320239e-03	2.050282e-02	-8.917178e-05	7.287809e-03	5.270705e-05	2.972707e-05
5.179020e+03	-1.957716e-02	9.034436e-03	-7.178988e-05	1.957763e-02	-1.647325e-05	3.195405e-06
5.191410e+03	-1.974925e-02	-8.361307e-03	-3.466688e-05	1.974978e-02	-7.789895e-05	-1.695894e-05
5.203800e+03	-7.425939e-03	-2.015013e-02	3.839617e-05	7.406312e-03	-9.167480e-05	1.671758e-05
5.216190e+03	9.331346e-03	-1.935570e-02	9.586141e-05	-9.330156e-03	-5.567360e-05	-1.027243e-05
5.228580e+03	1.999758e-02	-5.876826e-03	9.339412e-05	-1.999758e-02	1.023103e-05	-2.131319e-05
5.240970e+03	1.773090e-02	1.053480e-02	5.234021e-05	-1.783022e-02	1.049904e-04	5.407480e-06
5.253360e+03	4.450655e-03	1.954417e-02	-3.252115e-05	-4.437690e-03	7.794182e-05	9.635820e-07
5.265750e+03	-1.176198e-02	1.673788e-02	-7.637637e-05	1.176436e-02	4.846806e-05	4.123803e-06
5.278140e+03	-1.989365e-02	2.978768e-03	-8.608678e-05	1.989365e-02	-5.306190e-05	5.377114e-06
5.290530e+03	-1.591460e-02	-1.254353e-02	-1.362996e-05	1.591561e-02	-8.502721e-05	2.152462e-05
5.302920e+03	-1.520042e-03	-1.950012e-02	5.548110e-05	1.500990e-03	-9.633973e-05	3.025942e-05
5.315310e+03	1.308790e-02	-1.461319e-02	1.101850e-04	-1.317869e-02	-3.185763e-05	2.126811e-05
5.327700e+03	1.853034e-02	-1.336533e-04	1.011572e-04	-1.853030e-02	5.636769e-05	1.266996e-05
5.340090e+03	1.299699e-02	1.410782e-02	2.507331e-05	-1.308357e-02	1.154492e-04	3.460694e-05
5.352480e+03	-1.332654e-03	1.874369e-02	-5.761007e-05	1.335559e-03	7.909868e-05	5.475297e-06
5.364870e+03	-1.497613e-02	1.180111e-02	-8.756790e-05	1.488961e-02	2.373539e-05	9.431019e-06
5.377260e+03	-1.829227e-02	-2.799076e-03	-7.343880e-05	1.829134e-02	-4.486259e-05	-5.808218e-07
5.389650e+03	-1.064031e-02	-1.522977e-02	5.896868e-06	1.064111e-02	-1.108257e-04	1.529099e-07
5.402040e+03	4.047278e-03	-1.748221e-02	6.625102e-05	-4.061567e-03	-8.065544e-05	2.022309e-05
5.414430e+03	1.559145e-02	-9.311655e-03	1.229651e-04	-1.569163e-02	-4.756539e-06	7.334435e-06
5.426820e+03	1.723884e-02	5.038809e-03	8.369403e-05	-1.731443e-02	5.725223e-05	3.137670e-05
5.439210e+03	7.978288e-03	1.626427e-02	7.771580e-06	-7.995509e-03	1.136684e-04	3.105722e-05
5.451600e+03	-6.101448e-03	1.680433e-02	-5.870574e-05	6.072152e-03	7.922334e-05	3.171991e-05
5.463990e+03	-1.589494e-02	6.699619e-03	-8.047122e-05	1.594190e-02	1.035679e-05	-1.842182e-06
5.476380e+03	-1.540640e-02	-7.262845e-03	-6.175127e-05	1.548505e-02	-5.548945e-05	-1.424339e-06
5.488770e+03	-5.455745e-03	-1.590579e-02	1.629238e-06	5.459089e-03	-9.421492e-05	-1.020578e-05
5.501160e+03	8.165236e-03	-1.492963e-02	6.179873e-05	-8.160992e-03	-7.116291e-05	-2.884293e-06
5.513550e+03	1.640566e-02	-4.134513e-03	9.063555e-05	-1.640568e-02	-7.935496e-06	9.511570e-06
5.525940e+03	1.427448e-02	8.814023e-03	6.977253e-05	-1.427686e-02	5.265988e-05	1.073211e-05
5.538330e+03	3.052610e-03	1.573934e-02	1.044362e-05	-3.078130e-03	6.983570e-05	2.500000e-05
5.550720e+03	-9.459712e-03	1.294252e-02	-4.160428e-05	9.449078e-03	7.653138e-05	7.615153e-06
5.563110e+03	-1.508012e-02	1.981197e-03	-7.093515e-05	1.508012e-02	7.883302e-06	1.993567e-05
5.575500e+03	-1.193475e-02	-1.010000e-02	-4.834943e-05	1.192210e-02	-3.754248e-05	1.574036e-05
5.587890e+03	-7.494841e-04	-1.519889e-02	3.621998e-06	7.332821e-04	-7.362409e-05	1.631770e-05
5.600280e+03	1.050894e-02	-1.090530e-02	5.659125e-05	-1.053333e-02	-5.834140e-05	3.259067e-05
5.612670e+03	1.441973e-02	3.995020e-04	6.820257e-05	-1.441965e-02	4.508258e-06	3.041351e-05
5.625060e+03	9.710991e-03	1.082863e-02	2.502053e-05	-9.711021e-03	5.930440e-05	2.456394e-05
5.637450e+03	-1.366217e-03	1.390070e-02	8.515521e-06	1.364042e-03	4.951493e-05	-4.953987e-06
5.649840e+03	-1.119802e-02	8.560232e-03	-4.207588e-05	1.128870e-02	3.888883e-05	-1.625571e-05
5.662230e+03	-1.360016e-02	-2.204677e-03	-3.386587e-05	1.369623e-02	-8.281336e-06	-1.021131e-05
5.674620e+03	-7.463013e-03	-1.134468e-02	-1.903486e-05	7.457043e-03	-4.581364e-05	-3.154007e-05
5.687010e+03	3.150767e-03	-1.250028e-02	2.240373e-05	-3.159533e-03	-6.094011e-05	3.085143e-06
5.699400e+03	1.107445e-02	-6.283187e-03	5.887837e-05	-1.107428e-02	-8.219161e-06	2.389149e-06
5.711790e+03	1.168788e-02	4.007735e-03	3.411912e-05	-1.168722e-02	1.152818e-05	1.653901e-05
5.724180e+03	4.940644e-03	1.131455e-02	1.765028e-05	-4.968642e-03	3.287502e-05	3.730748e-05
5.736570e+03	-4.785743e-03	1.123920e-02	-1.400613e-05	4.739747e-03	3.623183e-05	4.253792e-05
5.748960e+03	-1.112755e-02	3.866729e-03	-1.120543e-05	1.111682e-02	9.624987e-06	3.933517e-05
5.761350e+03	-1.019028e-02	-5.474418e-03	-2.989826e-05	1.019027e-02	-2.224059e-05	1.834039e-05
5.773740e+03	-2.807215e-03	-1.060238e-02	1.301335e-05	2.795270e-03	-2.942095e-05	2.829504e-06
5.786130e+03	6.101946e-03	-9.158585e-03	2.700808e-05	-6.094233e-03	-2.985406e-05	-7.206559e-06
5.798520e+03	1.048990e-02	-1.721863e-03	4.067667e-05	-1.048937e-02	1.886437e-05	-7.144083e-06
5.810910e+03	8.314465e-03	6.535177e-03	1.871685e-05	-8.286941e-03	2.190411e-05	-1.871944e-05
5.823300e+03	6.407987e-04	1.014832e-02	1.236999e-05	-6.228883e-04	1.875299e-05	-1.688831e-05
5.835690e+03	-6.909542e-03	7.236877e-03	-4.191539e-05	6.908864e-03	2.661536e-05	-1.215392e-07
5.848080e+03	-9.312785e-03	-3.263914e-04	-2.198530e-05	9.316247e-03	-1.783590e-06	-1.022174e-05
5.860470e+03	-6.155346e-03	-7.306548e-03	-1.127542e-05	6.127228e-03	-2.716800e-05	2.347655e-05
5.872860e+03	1.178556e-03	-9.236189e-03	1.606015e-05	-1.184326e-03	-2.344134e-05	9.981082e-06
5.885250e+03	7.719759e-03	-5.244384e-03	3.500460e-05	-7.750700e-03	-1.222521e-05	3.167211e-05
5.897640e+03	8.778200e-03	1.998354e-03	2.560069e-05	-8.818191e-03	6.565101e-07	3.984410e-05
5.910030e+03	4.392464e-03	7.672295e-03	2.597791e-05	-4.424926e-03	2.107274e-05	3.392926e-05
5.922420e+03	-2.778117e-03	8.054502e-03	4.422132e-06	2.743100e-03	2.525492e-05	2.636266e-05
5.934810e+03	-7.554501e-03	3.455936e-03	-1.024206e-05	7.557906e-03	2.391674e-05	-3.478760e-06
5.947200e+03	-7.573488e-03	-3.316109e-03	-5.202230e-06	7.593758e-03	1.925301e-06	-1.734304e-05
5.959590e+03	-2.454812e-03	-7.765966e-03	-1.462480e-05	2.464940e-03	-1.252539e-05	-1.328299e-05
5.971980e+03	3.828153e-03	-6.949415e-03	7.703822e-06	-3.801473e-03	-1.053236e-05	-3.044515e-05
5.984370e+03	7.476987e-03	-1.711743e-03	1.271115e-05	-7.459896e-03	-4.144938e-06	-1.364737e-05
5.996760e+03	6.169249e-03	4.455619e-03	2.308245e-06	-6.177370e-03	-8.779967e-06	6.331765e-06
6.009150e+03	9.475601e-04	7.156133e-03	4.743032e-06	-9.654101e-04	9.759296e-06	1.928333e-05
6.021540e+03	-4.765519e-03	5.651111e-03	-2.083360e-06	4.749595e-03	-2.280359e-06	1.302487e-05
6.033930e+03	-7.168410e-03	3.590191e-04	1.289200e-05	7.138445e-03	-2.857539e-05	2.963742e-05
6.046320e+03	-5.040206e-03	-4.946643e-03	2.630427e-05	5.033756e-03	-9.587244e-06	7.190702e-06
6.058710e+03	2.695461e-04	-6.579917e-03	3.293746e-05	-2.867987e-04	1.063709e-05	1.650736e-05
6.071100e+03	4.998269e-03	-4.242948e-03	1.624391e-05	-5.028452e-03	1.219896e-05	2.735869e-05
6.083490e+03	6.154487e-03	8.675129e-04	2.863298e-06	-6.177974e-03	3.178042e-05	1.977054e-05
6.095880e+03	3.477450e-03	5.219912e-03	-2.789482e-05	-3.505291e-03	1.580365e-05	3.177803e-05
6.108270e+03	-1.433284e-03	5.986371e-03	-3.686879e-05	1.426248e-03	7.570945e-06	5.886970e-06
6.120660e+03	-5.302835e-03	2.879192e-03	-1.230857e-05	5.313353e-03	-2.524048e-05	-1.391882e-05
6.133050e+03	-5.517080e-03	-1.818895e-03	7.891869e-06	5.537242e-03	-3.039977e-05	-2.519904e-05
6.145440e+03	-2.333202e-03	-5.072599e-03	4.071762e-05	2.352831e-03	-2.296055e-05	-2.031559e-05
6.157830e+03	2.163269e-03	-4.926628e-03	2.536164e-05	-2.141362e-03	3.146856e-06	-1.860450e-05
6.170220e+03	5.100434e-03	-7.600927e-04	4.109159e-05	-5.093223e-03	5.260793e-05	-1.003789e-05
6.182610e+03	4.409847e-03	2.405320e-03	1.040581e-05	-4.420078e-03	2.736787e-05	7.191739e-06
6.195000e+03	1.071723e-03	4.692244e-03	-3.509328e-05	-1.084611e-03	3.491162e-05	1.505945e-05
6.207390e+03	-2.726161e-03	3.880205e-03	-3.111125e-05	2.686185e-03	-8.789945e-06	4.137272e-05
6.219780e+03	-4.376414e-03	5.630916e-04	-1.879493e-05	4.352374e-03	-1.429189e-05	2.328277e-05
6.232170e+03	-3.342532e-03	-2.985475e-03	2.080335e-05	3.322800e-03	-3.940882e-05	2.270020e-05
6.244560e+03	-8.896565e-05	-4.279079e-03	9.110893e-06	6.371857e-05	-1.314933e-05	2.609683e-05
6.256950e+03	3.063615e-03	-2.876180e-03	4.405942e-05	-3.063647e-03	-1.774153e-05	7.416653e-06
6.269340e+03	3.953427e-03	3.618583e-04	3.058557e-05	-3.933743e-03	3.231087e-05	-2.070463e-05
6.281730e+03	2.313181e-03	3.044701e-03	9.214633e-06	-2.311496e-03	1.768679e-05	-9.653507e-06
6.294120e+03	-7.497391e-04	3.571859e-03	-1.221212e-06	7.686134e-04	2.547321e-05	-1.630851e-05
6.306510e+03	-3.104240e-03	1.773573e-03	-2.674723e-05	3.092980e-03	1.799412e-05	8.751927e-06
6.318900e+03	-3.341751e-03	-1.097142e-03	-2.436944e-05	3.355691e-03	-4.739881e-06	-7.840909e-06
6.331290e+03	-1.302344e-03	-3.157616e-03	8.519494e-06	1.302177e-03	-3.010438e-05	-7.893824e-07
6.343680e+03	1.390009e-03	-2.966555e-03	1.146867e-05	-1.419685e-03	3.866615e-06	2.874314e-05
6.356070e+03	2.962846e-03	-8.814193e-04	2.384105e-05	-2.972574e-03	-1.558827e-05	9.193635e-06
6.368460e+03	2.581097e-03	1.653643e-03	6.568665e-06	-2.575578e-03	1.611014e-05	-5.455598e-06
6.380850e+03	4.824891e-04	2.875647e-03	9.842573e-06	-4.827512e-04	1.882886e-05	7.787681e-07
6.393240e+03	-1.804942e-03	2.265750e-03	-5.847465e-06	1.807589e-03	-5.417678e-06	-3.339292e-06
6.405630e+03	-2.748717e-03	1.006027e-04	-3.315562e-06	2.748307e-03	1.755387e-05	7.653241e-06
6.418020e+03	-1.889445e-03	-1.916505e-03	-4.055750e-06	1.877441e-03	-1.907235e-05	1.083490e-05
6.430410e+03	2.420984e-04	-2.476535e-03	7.754050e-06	-2.513165e-04	-5.134008e-06	1.029663e-05
6.442800e+03	2.025265e-03	-1.519876e-03	1.408624e-05	-2.045668e-03	-7.507347e-06	1.657875e-05
6.455190e+03	2.415918e-03	5.266593e-04	1.296669e-05	-2.427586e-03	7.038415e-06	1.236308e-05
6.467580e+03	1.173480e-03	2.197250e-03	7.951986e-06	-1.180897e-03	1.094038e-05	5.117049e-06
6.479970e+03	-7.984466e-04	2.308760e-03	3.043059e-06	8.044151e-04	2.307970e-05	-5.754311e-06
6.492360e+03	-2.118292e-03	8.877648e-04	-6.462219e-06	2.118187e-03	-3.715987e-06	-7.730000e-06
6.504750e+03	-2.041197e-03	-9.919890e-04	-2.986519e-06	2.048073e-03	1.159275e-05	-7.754955e-06
6.517140e+03	-6.378738e-04	-2.095813e-03	-2.360066e-05	6.422190e-04	-1.436242e-05	-5.109963e-06
6.529530e+03	1.127852e-03	-1.876660e-03	1.551853e-06	-1.119992e-03	-1.647442e-05	-8.353007e-06
6.541920e+03	2.063087e-03	-3.278586e-04	5.739118e-06	-2.072681e-03	-1.326079e-05	1.278717e-05
6.554310e+03	1.581050e-03	1.247440e-03	2.953927e-05	-1.580922e-03	-5.396326e-06	-2.006046e-06
6.566700e+03	1.009691e-04	1.916204e-03	9.155804e-06	-1.142305e-04	5.287228e-06	1.126656e-05
6.579090e+03	-1.395500e-03	1.400159e-03	7.931403e-06	1.395804e-03	1.418536e-05	5.700228e-06
6.591480e+03	-1.880378e-03	-8.724670e-05	-8.734700e-06	1.867714e-03	8.277108e-06	2.043292e-05
6.603870e+03	-1.220227e-03	-1.430607e-03	-1.229822e-05	1.201741e-03	7.281455e-06	1.566266e-05
6.616260e+03	2.127866e-04	-1.829694e-03	1.138013e-05	-2.236778e-04	-4.411665e-06	1.049413e-05
6.628650e+03	1.393735e-03	-9.902515e-04	-2.050001e-06	-1.403010e-03	-1.258039e-05	1.117755e-05
6.641040e+03	1.539976e-03	3.612637e-04	5.713775e-06	-1.553465e-03	-1.473014e-05	1.383603e-05
6.653430e+03	7.723029e-04	1.342308e-03	8.446943e-06	-7.706349e-04	8.534659e-06	-1.351532e-06
6.665820e+03	-4.903544e-04	1.413253e-03	6.656410e-06	5.005578e-04	-3.440470e-06	-1.009226e-05
6.678210e+03	-1.367258e-03	5.236680e-04	2.246760e-06	1.387259e-03	-9.263811e-06	-1.575753e-05
6.690600e+03	-1.321674e-03	-6.120601e-04	1.253131e-05	1.340815e-03	1.317979e-05	-1.311944e-05
6.702990e+03	-3.642175e-04	-1.322805e-03	3.277383e-06	3.756648e-04	1.776336e-06	-1.219664e-05
6.715380e+03	6.829195e-04	-1.146291e-03	-1.238143e-05	-6.730325e-04	1.325422e-05	-9.279591e-06
6.727770e+03	1.210522e-03	-2.730072e-04	3.986542e-06	-1.225321e-03	-1.580272e-05	1.285661e-05
6.740160e+03	9.891374e-04	7.518511e-04	-5.622785e-06	-1.012378e-03	-7.948798e-06	2.358338e-05
6.752550e+03	1.082533e-04	1.149542e-03	1.149830e-05	-1.100908e-04	-1.466800e-05	1.686383e-06
6.764940e+03	-7.708933e-04	8.262310e-04	9.247665e-06	7.559937e-04	-6.607820e-06	1.379407e-05
6.777330e+03	-1.055384e-03	-5.695624e-05	3.252345e-06	1.064098e-03	-4.762028e-06	-9.554422e-06
6.789720e+03	-6.447064e-04	-7.807278e-04	1.123453e-05	6.383163e-04	-7.561820e-06	4.904229e-06
6.802110e+03	1.664383e-04	-9.875152e-04	3.094578e-06	-1.618627e-04	-3.245000e-06	-2.528000e-06
6.814500e+03	7.811495e-04	-5.217311e-04	2.930788e-06	-8.006237e-04	3.118239e-06	1.722019e-05
6.826890e+03	9.423109e-04	2.176785e-04	9.276342e-06	-9.501028e-04	-1.344731e-05	7.989145e-06
6.839280e+03	4.030964e-04	7.628235e-04	-2.878538e-06	-4.253577e-04	-1.784662e-06	1.995997e-05
6.851670e+03	-2.531622e-04	8.006551e-04	5.864462e-06	2.332038e-04	-3.662153e-06	2.024259e-05
6.864060e+03	-7.110865e-04	3.417032e-04	5.747147e-06	7.067693e-04	-1.468389e-05	7.327820e-06
6.876450e+03	-6.582414e-04	-3.311772e-04	2.172592e-05	6.735076e-04	-5.228061e-06	-1.707770e-05
6.888840e+03	-1.677402e-04	-6.619322e-04	1.614606e-05	1.757170e-04	1.148982e-05	-8.156652e-06
6.901230e+03	3.658937e-04	-5.972159e-04	1.435952e-05	-3.469536e-04	1.857117e-06	-1.953318e-05
6.913620e+03	6.286478e-04	-9.324938e-05	5.445387e-06	-6.322892e-04	6.905577e-06	3.187261e-06
6.926010e+03	4.575729e-04	3.843914e-04	9.311536e-06	-4.595342e-04	7.851089e-06	1.256199e-06
6.938400e+03	2.243257e-05	5.736678e-04	-1.641302e-05	-3.570786e-05	2.162854e-06	1.229846e-05
6.950790e+03	-4.130485e-04	4.020984e-04	8.330234e-06	3.754618e-04	-1.220229e-05	3.808098e-05
6.963180e+03	-5.439398e-04	-2.488216e-05	6.652094e-08	5.069154e-04	-9.742679e-06	3.734961e-05
6.975570e+03	-3.089896e-04	-3.838913e-04	1.728277e-05	3.058074e-04	-8.918896e-06	6.404169e-06
6.987960e+03	9.871178e-05	-4.185975e-04	2.794315e-05	-7.989305e-05	-7.518001e-06	-1.796874e-05
7.000350e+03	3.471591e-04	-2.249373e-04	7.744229e-06	-3.522013e-04	1.732696e-06	6.729456e-06
7.012740e+03	3.563034e-04	1.274076e-04	8.155984e-06	-3.544524e-04	2.964827e-06	-1.936161e-06
7.025130e+03	9.730090e-05	3.714147e-04	4.755862e-06	-9.907836e-05	-2.134994e-06	1.843025e-06
7.037520e+03	-1.699188e-04	2.894743e-04	2.955756e-06	1.645240e-04	5.003547e-06	3.451299e-06
7.049910e+03	-3.153968e-04	5.777876e-05	1.211477e-06	3.190443e-04	-7.642716e-06	-1.107818e-06
7.062300e+03	-2.460920e-04	-2.021447e-04	9.960256e-06	2.448609e-04	-1.479072e-05	1.750102e-06
7.074690e+03	-5.574432e-07	-3.037447e-04	9.334289e-07	-1.057624e-05	-1.691305e-05	1.082599e-05
7.087080e+03	2.088122e-04	-1.952346e-04	1.652259e-05	-2.098888e-04	2.579265e-07	1.326862e-06
7.099470e+03	2.699842e-04	4.985858e-05	1.440016e-05	-2.649868e-04	-4.733610e-06	-4.825984e-06
7.111860e+03	9.920316e-05	2.259549e-04	2.136307e-05	-1.016428e-04	-7.569913e-07	2.807332e-06
7.124250e+03	-9.887958e-05	2.059285e-04	5.113732e-06	8.448273e-05	1.031150e-05	1.333463e-05
7.136640e+03	-2.081538e-04	3.203650e-05	-2.769140e-06	2.149374e-04	-6.156062e-06	-6.450115e-06
7.149030e+03	-1.909912e-04	-1.554190e-04	5.065148e-06	1.673626e-04	-4.483245e-06	1.759622e-05
7.161420e+03	1.780343e-05	-2.536601e-04	1.089462e-05	-1.927505e-05	-3.521487e-06	1.621586e-06
7.173810e+03	2.036263e-04	-1.440499e-04	2.641229e-06	-2.071438e-04	2.507733e-06	4.912064e-06
7.186200e+03	2.645571e-04	5.976362e-05	1.444550e-05	-2.541331e-04	-9.580783e-08	-1.233731e-05
7.198590e+03	1.328870e-04	2.268880e-04	-1.430505e-06	-1.284420e-04	6.279321e-06	-4.561154e-06
7.210980e+03	-9.718331e-05	2.803594e-04	4.964596e-06	1.023921e-04	-1.209219e-05	-4.332040e-06
7.223370e+03	-2.237306e-04	9.418987e-05	1.526297e-05	2.335405e-04	-7.150232e-06	-8.845400e-06
7.235760e+03	-2.558031e-04	-1.016841e-04	1.501566e-05	2.408941e-04	1.536523e-06	1.577240e-05
7.248150e+03	-5.376549e-05	-2.501245e-04	7.628425e-06	4.194500e-05	6.933197e-06	1.213018e-05
7.260540e+03	1.561813e-04	-2.170760e-04	1.214291e-05	-1.780175e-04	-2.226247e-06	1.705687e-05
7.272930e+03	2.539996e-04	-2.312245e-05	7.230000e-06	-2.529998e-04	4.679843e-06	-1.629698e-06
7.285320e+03	2.026626e-04	1.827564e-04	7.500117e-06	-2.151648e-04	1.786836e-06	9.265054e-06
7.297710e+03	2.357699e-05	2.812119e-04	1.528798e-05	-1.772851e-05	-1.158639e-05	-5.856959e-06
7.310100e+03	-1.641863e-04	2.119189e-04	7.300582e-06	1.732342e-04	-3.255975e-06	-9.091655e-06
7.322490e+03	-2.327676e-04	3.501333e-05	1.653974e-05	2.334710e-04	3.452828e-06	-9.719566e-07
7.334880e+03	-1.656766e-04	-1.349004e-04	1.213668e-05	1.659181e-04	-5.081241e-06	5.080670e-07
7.347270e+03	-1.627108e-05	-1.859713e-04	1.400276e-05	1.707855e-05	5.986052e-06	-1.303028e-06
7.359660e+03	1.149952e-04	-1.054736e-04	3.356442e-06	-1.274610e-04	2.053469e-07	1.216022e-05
7.372050e+03	1.194291e-04	4.924280e-05	1.521311e-05	-1.196602e-04	-6.629551e-06	-1.850134e-07
7.384440e+03	1.888987e-05	1.521311e-04	2.311019e-05	-2.806914e-05	7.265122e-06	8.250958e-06
7.396830e+03	-1.223092e-04	9.950673e-05	3.365970e-06	1.267834e-04	7.079364e-06	-4.645543e-06
7.409220e+03	-1.817801e-04	7.578321e-06	1.635301e-05	1.806933e-04	1.801350e-05	7.572198e-07
7.421610e+03	-1.255577e-04	-1.223047e-04	9.436779e-06	1.285053e-04	1.369854e-05	-2.447914e-06
7.434000e+03	-3.697089e-06	-1.960165e-04	-4.602157e-06	7.557957e-06	-6.733820e-06	-1.049630e-06
7.446390e+03	7.724064e-05	-1.372019e-04	1.077078e-05	-9.923001e-05	-1.223410e-05	2.207022e-05
7.458780e+03	1.283091e-04	2.431432e-05	1.034801e-05	-1.409774e-04	3.988210e-06	1.119210e-05
7.471170e+03	2.982670e-05	7.480618e-05	1.954043e-05	-4.254433e-05	2.969949e-06	9.423320e-06
7.483560e+03	-2.554556e-05	4.444252e-05	1.617070e-05	2.969761e-05	-4.070780e-06	-6.155270e-06
7.495950e+03	-9.554004e-05	-3.230315e-05	1.238696e-05	8.831818e-05	2.081383e-05	7.079789e-06
7.508340e+03	-3.108712e-05	-1.358365e-04	-2.309470e-06	4.209040e-05	1.550994e-05	-1.180221e-05
7.520730e+03	9.777520e-05	-1.134523e-04	4.195308e-06	-7.708390e-05	6.094088e-07	-2.074377e-05
7.533120e+03	1.829867e-04	-3.957421e-05	-1.173607e-06	-1.729862e-04	1.625569e-05	-1.034990e-05
7.545510e+03	1.674229e-04	1.251530e-04	5.736300e-07	-1.507212e-04	-1.274743e-05	-1.625636e-05
7.557900e+03	8.576790e-05	1.819432e-04	1.014393e-05	-9.448905e-05	9.963456e-07	4.770809e-06
7.570290e+03	-1.213401e-04	2.000413e-04	1.226558e-05	1.125957e-04	8.112260e-06	8.044964e-06
7.582680e+03	-2.122045e-04	3.837331e-05	8.691741e-06	1.982245e-04	-1.189529e-05	1.459943e-05
7.595070e+03	-2.061954e-04	-1.238781e-04	1.384466e-05	1.925127e-04	1.674414e-05	1.347019e-05
7.607460e+03	-3.410499e-05	-2.076059e-04	9.081705e-06	6.527834e-06	1.099018e-05	2.631772e-05
7.619850e+03	1.570971e-04	-1.558869e-04	-1.517167e-05	-1.599188e-04	1.229895e-05	3.180524e-06
7.632240e+03	2.549613e-04	-1.972876e-07	-5.953611e-06	-2.592537e-04	-3.680981e-06	6.067457e-06
7.644630e+03	1.651794e-04	2.368805e-04	4.377856e-06	-1.632651e-04	-2.237287e-05	-2.526024e-06
7.657020e+03	-5.186509e-05	3.257976e-04	1.060189e-05	5.588743e-05	6.309074e-07	-3.303892e-06
7.669410e+03	-2.560677e-04	2.144350e-04	2.097336e-05	2.632676e-04	-4.565694e-06	-6.999072e-06
7.681800e+03	-3.864430e-04	-3.848093e-05	1.133211e-05	3.870834e-04	1.212863e-05	-5.354681e-07
7.694190e+03	-2.494079e-04	-2.973356e-04	1.529796e-06	2.699663e-04	1.457387e-05	-1.696696e-05
7.706580e+03	4.937075e-06	-3.528402e-04	-6.483464e-06	1.609735e-06	9.300845e-06	-6.310894e-06
7.718970e+03	2.285544e-04	-2.971721e-04	-3.250890e-06	-2.330081e-04	1.684100e-06	5.184936e-06
7.731360e+03	3.780183e-04	-2.588333e-06	-3.387570e-06	-3.829984e-04	-1.130040e-05	3.487624e-06
7.743750e+03	2.126624e-04	2.779542e-04	1.422265e-06	-2.240813e-04	-1.118610e-06	1.079668e-05
7.756140e+03	-2.264586e-05	3.376646e-04	5.135686e-06	9.026625e-06	-9.080399e-06	1.281695e-05
7.768530e+03	-3.505216e-04	2.140703e-04	1.844745e-05	3.404840e-04	-5.354304e-07	1.008407e-05
7.780920e+03	-3.954595e-04	-4.234328e-05	1.650701e-05	3.885824e-04	9.576178e-06	5.716575e-06
7.793310e+03	-2.935121e-04	-3.243906e-04	3.755707e-06	2.928002e-04	1.279831e-05	2.164752e-06
7.805700e+03	1.384632e-05	-4.418088e-04	-1.108788e-05	-1.655925e-05	-1.939487e-06	2.440940e-06
7.818090e+03	2.889971e-04	-3.271705e-04	-4.800464e-06	-2.875467e-04	8.767139e-06	1.904064e-06
7.830480e+03	4.198817e-04	-7.046528e-05	-9.948245e-06	-4.218763e-04	-2.064146e-06	2.039127e-07
7.842870e+03	3.310993e-04	2.364679e-04	-1.005568e-06	-3.393220e-04	-2.086338e-05	7.973389e-06
7.855260e+03	6.824907e-05	3.607774e-04	1.640437e-05	-6.927058e-05	-9.173353e-06	9.159092e-07
7.867650e+03	-2.169631e-04	2.797129e-04	3.721438e-06	2.145167e-04	-3.100881e-06	2.636990e-06
7.880040e+03	-3.317210e-04	2.950306e-05	1.693341e-05	3.418187e-04	-2.322616e-07	-9.840946e-06
7.892430e+03	-2.637875e-04	-2.487143e-04	1.463640e-05	2.627490e-04	-1.597482e-07	1.528447e-06
7.904820e+03	-3.236110e-05	-3.670343e-04	-3.444324e-07	3.622226e-05	4.909596e-06	-1.639349e-06
7.917210e+03	2.355703e-04	-2.847157e-04	5.933684e-06	-2.418440e-04	1.171458e-05	5.413572e-06
7.929600e+03	3.997306e-04	-3.617609e-05	-1.348971e-05	-4.007826e-04	-3.346618e-06	6.584610e-07
7.941990e+03	2.864681e-04	1.788807e-04	-4.923571e-06	-3.022131e-04	-5.054401e-06	1.514625e-05
7.954380e+03	9.211554e-05	3.441397e-04	2.158602e-06	-9.627052e-05	-2.288267e-05	3.795524e-06
7.966770e+03	-1.666324e-04	2.553013e-04	3.156917e-06	1.569640e-04	-2.053515e-05	1.142178e-05
7.979160e+03	-2.743770e-04	6.355031e-05	2.782294e-05	2.747680e-04	-1.461077e-05	-5.011316e-07
