1.300950e+03	1.067113e-01	-6.670726e-03	3.191505e-06	-1.067113e-01	-1.713261e-04	3.316880e-06
1.313340e+03	1.036356e-01	2.758423e-02	9.746493e-06	-1.036278e-01	1.691224e-05	5.244545e-04
1.325730e+03	9.186438e-02	5.386203e-02	-4.265032e-06	-9.230390e-02	1.097542e-05	3.717532e-04
1.338120e+03	7.387140e-02	7.577947e-02	-7.702742e-07	-7.388061e-02	2.973165e-05	6.264230e-05
1.350510e+03	5.082376e-02	9.254875e-02	-4.432074e-05	-5.093484e-02	-7.688517e-06	7.468567e-05
1.362900e+03	2.466712e-02	1.029836e-01	-5.620314e-06	-2.506651e-02	2.912424e-06	3.654588e-04
1.375290e+03	-3.902210e-03	1.060000e-01	8.037246e-06	3.366928e-03	2.722373e-06	5.309415e-04
1.387680e+03	-3.229246e-02	1.014324e-01	-6.139552e-05	3.167494e-02	6.780002e-06	6.096010e-04
1.400070e+03	-5.826057e-02	8.871002e-02	2.193054e-05	5.782464e-02	-3.201600e-05	4.758858e-04
1.412460e+03	-7.937949e-02	7.015409e-02	3.274483e-05	7.909502e-02	-3.666600e-05	3.190877e-04
1.424850e+03	-9.584592e-02	4.660817e-02	2.839609e-05	9.534756e-02	-1.999984e-05	4.688876e-04
1.437240e+03	-1.055628e-01	1.871805e-02	1.297030e-04	1.045370e-01	-2.657180e-05	6.800879e-04
1.449630e+03	-1.065728e-01	-1.096459e-02	2.801381e-05	1.060684e-01	2.148373e-05	7.566413e-04
1.462020e+03	-9.980050e-02	-3.958951e-02	5.677780e-05	9.892791e-02	1.811772e-05	7.338188e-04
1.474410e+03	-8.457526e-02	-6.547026e-02	-1.428730e-05	8.418993e-02	3.010281e-05	4.249808e-04
1.486800e+03	-6.402427e-02	-8.573432e-02	3.305439e-05	6.362362e-02	2.619266e-05	3.960301e-04
1.499190e+03	-3.794441e-02	-9.997860e-02	-9.533290e-05	3.762736e-02	-2.692863e-05	3.778347e-04
1.511580e+03	-9.226553e-03	-1.076074e-01	-6.071472e-06	8.731529e-03	5.712171e-05	5.015706e-04
1.523970e+03	2.087521e-02	-1.060549e-01	-1.435664e-05	-2.159482e-02	-2.766735e-06	6.984432e-04
1.536360e+03	4.976041e-02	-9.651939e-02	-3.239556e-05	-5.030512e-02	-9.171327e-06	4.991701e-04
1.548750e+03	7.545204e-02	-7.817203e-02	3.448673e-05	-7.555147e-02	8.636318e-05	9.622995e-05
1.561140e+03	9.480012e-02	-5.446791e-02	-1.171348e-05	-9.491801e-02	-2.329823e-05	1.155785e-04
1.573530e+03	1.067873e-01	-2.561465e-02	-4.014798e-05	-1.076517e-01	3.428344e-05	1.381171e-04
1.585920e+03	1.107457e-01	6.868414e-03	5.454758e-06	-1.107457e-01	-9.331244e-05	2.650483e-04
1.598310e+03	1.045414e-01	3.882004e-02	-3.049893e-05	-1.045958e-01	2.579911e-05	2.268811e-04
1.610700e+03	8.891441e-02	6.814865e-02	-5.414857e-05	-8.909597e-02	-2.406222e-05	1.552009e-04
1.623090e+03	6.534236e-02	9.108144e-02	-1.582993e-05	-6.513986e-02	1.397504e-05	-1.925222e-04
1.635480e+03	3.600342e-02	1.064959e-01	-4.838466e-05	-3.579660e-02	2.534674e-05	-2.624877e-04
1.647870e+03	2.515655e-03	1.127236e-01	-4.661176e-05	-2.432894e-03	5.678730e-06	-1.126825e-04
1.660260e+03	-3.101215e-02	1.097578e-01	-4.731745e-05	3.103265e-02	-8.061326e-06	-5.340310e-05
1.672650e+03	-6.346711e-02	9.550642e-02	4.573293e-05	6.368262e-02	-8.202862e-05	-1.901280e-04
1.685040e+03	-8.982324e-02	7.199405e-02	6.790053e-05	9.010773e-02	-1.254886e-04	-3.314322e-04
1.697430e+03	-1.075599e-01	4.135599e-02	2.842121e-05	1.085689e-01	-4.635274e-05	-6.044118e-04
1.709820e+03	-1.155887e-01	6.076154e-03	1.687225e-04	1.165887e-01	-4.622351e-05	-6.132035e-04
1.722210e+03	-1.122664e-01	-3.021095e-02	3.869795e-05	1.132954e-01	-2.237450e-05	-5.517221e-04
1.734600e+03	-9.834430e-02	-6.463327e-02	5.083275e-05	9.829574e-02	2.436281e-05	-2.891647e-04
1.746990e+03	-7.291100e-02	-9.200390e-02	1.070335e-04	7.332084e-02	3.752047e-05	-4.542321e-04
1.759380e+03	-4.000853e-02	-1.102453e-01	-7.492443e-05	4.050921e-02	-8.596901e-06	-5.104897e-04
1.771770e+03	-3.021780e-03	-1.177553e-01	7.980080e-05	3.719176e-03	3.003943e-05	-6.800127e-04
1.784160e+03	3.404623e-02	-1.133295e-01	2.774674e-06	-3.339675e-02	5.118789e-05	-6.369435e-04
1.796550e+03	6.860786e-02	-9.688728e-02	9.196194e-06	-6.793195e-02	1.054265e-05	-6.923659e-04
1.808940e+03	9.619787e-02	-7.041383e-02	1.774588e-05	-9.570383e-02	8.880968e-05	-3.624385e-04
1.821330e+03	1.139646e-01	-3.511673e-02	-2.129995e-05	-1.139681e-01	-8.366852e-06	-3.265521e-04
1.833720e+03	1.190000e-01	3.224567e-03	-9.291458e-06	-1.189554e-01	5.206260e-05	-4.924610e-04
1.846110e+03	1.115034e-01	4.164894e-02	-6.081062e-05	-1.108693e-01	9.736813e-05	-5.413464e-04
1.858500e+03	9.215322e-02	7.489344e-02	-1.088180e-04	-9.162031e-02	6.964379e-05	-5.111985e-04
1.870890e+03	6.338590e-02	1.004594e-01	-1.277592e-04	-6.314990e-02	5.448855e-05	-2.836964e-04
1.883280e+03	2.672114e-02	1.154644e-01	-1.236320e-04	-2.662620e-02	2.207832e-05	-1.029560e-04
1.895670e+03	-1.205284e-02	1.180000e-01	-1.088247e-04	1.194777e-02	-3.003205e-05	2.821708e-05
1.908060e+03	-4.905053e-02	1.073332e-01	-3.268789e-05	4.924972e-02	-1.182535e-04	-1.911162e-04
1.920450e+03	-8.079813e-02	8.581113e-02	-7.978701e-06	8.112754e-02	-1.424466e-04	-2.898115e-04
1.932840e+03	-1.043518e-01	5.536632e-02	1.733916e-05	1.043350e-01	-1.133057e-04	-1.076888e-04
1.945230e+03	-1.168735e-01	1.848937e-02	5.429900e-05	1.168735e-01	-9.708685e-05	1.924946e-04
1.957620e+03	-1.169214e-01	-2.073488e-02	2.696771e-05	1.169216e-01	-7.653402e-05	1.314306e-04
1.970010e+03	-1.036465e-01	-5.804785e-02	5.472010e-05	1.027517e-01	-2.058536e-05	2.938373e-04
1.982400e+03	-7.889016e-02	-8.758390e-02	1.252895e-04	7.868388e-02	4.638909e-05	1.894659e-04
1.994790e+03	-4.603305e-02	-1.084735e-01	8.914325e-05	4.600632e-02	3.738088e-05	4.725279e-05
2.007180e+03	-9.042185e-03	-1.168779e-01	6.537654e-05	8.707102e-03	1.123768e-05	2.694276e-04
2.019570e+03	2.926728e-02	-1.143086e-01	3.872801e-05	-2.978665e-02	1.222647e-04	4.914793e-04
2.031960e+03	6.509078e-02	-9.809469e-02	7.139759e-05	-6.549418e-02	6.648896e-05	3.746901e-04
2.044350e+03	9.347393e-02	-7.165797e-02	-1.300266e-06	-9.390687e-02	4.144418e-05	3.902874e-04
2.056740e+03	1.117451e-01	-3.698732e-02	-1.312540e-05	-1.125759e-01	1.477856e-04	3.417377e-04
2.069130e+03	1.177500e-01	1.713507e-03	-6.788958e-05	-1.180000e-01	5.159118e-05	3.348183e-04
2.081520e+03	1.111691e-01	4.052377e-02	-9.866410e-05	-1.119705e-01	6.012470e-05	4.085021e-04
2.093910e+03	9.155124e-02	7.505913e-02	-1.308152e-04	-9.188061e-02	1.135554e-04	3.306865e-04
2.106300e+03	6.184234e-02	1.013565e-01	-2.141838e-04	-6.243908e-02	1.622364e-04	6.382054e-04
2.118690e+03	2.450159e-02	1.162119e-01	-1.438744e-04	-2.485866e-02	-7.167667e-05	3.654702e-04
2.131080e+03	-1.519061e-02	1.181564e-01	-4.322876e-05	1.488868e-02	-1.870472e-04	2.510399e-04
2.143470e+03	-5.382426e-02	1.060689e-01	-1.656107e-04	5.370631e-02	-7.525408e-05	1.412237e-04
2.155860e+03	-8.707055e-02	8.308188e-02	-4.657119e-05	8.672715e-02	-1.767113e-04	3.380057e-04
2.168250e+03	-1.107954e-01	4.893628e-02	1.646255e-04	1.108029e-01	-2.081649e-04	3.473892e-04
2.180640e+03	-1.219442e-01	8.399909e-03	5.735550e-06	1.209578e-01	-1.408977e-04	3.656682e-04
2.193030e+03	-1.165275e-01	-3.408033e-02	1.967913e-04	1.165818e-01	-9.934224e-05	1.787561e-04
2.205420e+03	-9.833958e-02	-7.227255e-02	1.747896e-04	9.826440e-02	4.208932e-06	2.112724e-05
2.217810e+03	-6.702620e-02	-1.020497e-01	2.220906e-04	6.712978e-02	5.386872e-05	-7.925954e-05
2.230200e+03	-2.813174e-02	-1.194192e-01	1.091328e-04	2.808009e-02	3.528004e-05	6.823396e-05
2.242590e+03	1.564309e-02	-1.229160e-01	6.626712e-05	-1.576632e-02	1.424342e-04	1.578779e-04
2.254980e+03	5.847412e-02	-1.097192e-01	8.656642e-05	-5.838613e-02	2.324162e-04	-2.328676e-05
2.267370e+03	9.403959e-02	-8.176069e-02	8.266886e-07	-9.394873e-02	1.841776e-04	-3.455007e-05
2.279760e+03	1.179416e-01	-4.279418e-02	-7.968106e-05	-1.179449e-01	1.497262e-04	-1.485331e-04
2.292150e+03	1.250000e-01	2.464517e-03	-1.227659e-04	-1.250000e-01	9.794362e-05	-2.145000e-04
2.304540e+03	1.172949e-01	4.798605e-02	-1.416502e-04	-1.172924e-01	7.257453e-05	-6.273236e-05
2.316930e+03	9.140839e-02	8.828534e-02	-2.267364e-04	-9.149653e-02	6.493031e-05	7.377007e-05
2.329320e+03	5.275223e-02	1.159779e-01	-2.859986e-04	-5.265233e-02	7.149871e-05	-9.697086e-05
2.341710e+03	5.903644e-03	1.268918e-01	-3.502859e-04	-5.727155e-03	2.985068e-05	-1.905663e-04
2.354100e+03	-4.155165e-02	1.206809e-01	-7.710825e-05	4.195395e-02	-2.651940e-04	-3.770882e-04
2.366490e+03	-8.402095e-02	9.716723e-02	-6.033970e-05	8.417918e-02	-2.108041e-04	-1.803538e-04
2.378880e+03	-1.152709e-01	5.821815e-02	8.522342e-05	1.152611e-01	-2.190167e-04	-1.064037e-04
2.391270e+03	-1.290000e-01	9.926927e-03	7.154137e-05	1.290000e-01	-1.822579e-04	-7.040131e-05
2.403660e+03	-1.234500e-01	-4.048079e-02	3.120539e-04	1.234497e-01	-4.671213e-05	-7.907152e-05
2.416050e+03	-9.785233e-02	-8.563120e-02	2.591744e-04	9.804521e-02	6.176812e-05	-1.987727e-04
2.428440e+03	-5.783130e-02	-1.163673e-01	1.565703e-04	5.802278e-02	4.990686e-05	-2.007724e-04
2.440830e+03	-8.177716e-03	-1.304544e-01	1.359031e-04	8.292339e-03	1.437144e-04	-1.149597e-04
2.453220e+03	4.351779e-02	-1.234382e-01	6.965647e-05	-4.345767e-02	2.073434e-04	-5.358654e-05
2.465610e+03	8.924959e-02	-9.707546e-02	-4.508301e-06	-8.940122e-02	1.755655e-04	1.272642e-04
2.478000e+03	1.210324e-01	-5.391594e-02	-1.062384e-04	-1.210324e-01	2.726027e-05	1.776463e-04
2.490390e+03	1.329988e-01	-1.014445e-03	-1.692485e-04	-1.329988e-01	5.031615e-05	-1.468130e-05
2.502780e+03	1.215375e-01	5.239258e-02	-2.167914e-04	-1.215375e-01	-2.385354e-05	-3.729797e-05
2.515170e+03	9.085758e-02	9.772537e-02	-2.970904e-04	-9.093278e-02	8.276049e-05	9.060263e-05
2.527560e+03	4.369101e-02	1.264180e-01	-2.788929e-04	-4.385897e-02	-7.094475e-05	1.626230e-04
2.539950e+03	-1.179049e-02	1.332392e-01	-1.431773e-04	1.180860e-02	-2.647004e-04	6.111725e-06
2.552340e+03	-6.592688e-02	1.176746e-01	-7.909231e-05	6.587285e-02	-2.983586e-04	1.116891e-04
2.564730e+03	-1.092280e-01	8.026354e-02	1.699194e-05	1.090613e-01	-2.852232e-04	7.372679e-05
2.577120e+03	-1.331732e-01	2.775513e-02	2.375943e-04	1.331767e-01	-2.816393e-04	1.792532e-04
2.589510e+03	-1.325329e-01	-3.162355e-02	3.040239e-04	1.325329e-01	-1.180686e-04	6.175304e-05
2.601900e+03	-1.075244e-01	-8.480283e-02	2.942206e-04	1.075344e-01	1.908338e-05	4.378620e-05
2.614290e+03	-6.128392e-02	-1.234141e-01	3.018833e-04	6.121922e-02	1.660336e-04	4.473906e-05
2.626680e+03	-2.531611e-03	-1.377256e-01	1.600250e-04	2.361689e-03	2.353894e-04	1.179908e-04
2.639070e+03	5.759179e-02	-1.257820e-01	1.638598e-05	-5.758485e-02	2.029872e-04	1.094144e-05
2.651460e+03	1.071652e-01	-8.893307e-02	-5.095546e-05	-1.071652e-01	1.809398e-04	-8.784948e-05
2.663850e+03	1.366541e-01	-3.270946e-02	-1.517842e-04	-1.366541e-01	1.534960e-04	4.756575e-05
2.676240e+03	1.372814e-01	3.221107e-02	-2.044255e-04	-1.372814e-01	1.575084e-04	2.493118e-04
2.688630e+03	1.091904e-01	9.034718e-02	-2.392237e-04	-1.091816e-01	-5.386655e-06	-4.508939e-06
2.701020e+03	5.661295e-02	1.310046e-01	-2.814505e-04	-5.675067e-02	1.338250e-05	1.772189e-04
2.713410e+03	-9.342734e-03	1.416863e-01	-2.003344e-04	9.256759e-03	-2.085873e-04	1.318027e-04
2.725800e+03	-7.461407e-02	1.234014e-01	-2.367163e-04	7.434220e-02	-2.459063e-04	3.332001e-04
2.738190e+03	-1.246465e-01	7.484270e-02	-7.397169e-06	1.235644e-01	-3.413412e-04	2.499296e-04
2.750580e+03	-1.449803e-01	7.363922e-03	9.315805e-05	1.449805e-01	-3.160874e-04	3.023483e-04
2.762970e+03	-1.330441e-01	-6.409374e-02	2.215122e-04	1.320460e-01	-1.693644e-04	4.899940e-04
2.775360e+03	-8.580072e-02	-1.206982e-01	4.045870e-04	8.556117e-02	5.855151e-05	3.524778e-04
2.787750e+03	-1.590541e-02	-1.481756e-01	3.055436e-04	1.534574e-02	2.024876e-04	5.404412e-04
2.800140e+03	6.015675e-02	-1.375317e-01	1.842951e-04	-6.076256e-02	2.731225e-04	5.248103e-04
2.812530e+03	1.228038e-01	-8.911314e-02	-7.806416e-07	-1.232232e-01	3.007864e-04	6.348544e-04
2.824920e+03	1.518969e-01	-1.350732e-02	-6.300470e-05	-1.524645e-01	2.784592e-04	9.765661e-04
2.837310e+03	1.374535e-01	7.047948e-02	-2.694009e-04	-1.385427e-01	3.375019e-04	8.624585e-04
2.849700e+03	7.920606e-02	1.349965e-01	-4.559901e-04	-8.030605e-02	2.600000e-04	1.040000e-03
2.862090e+03	-8.290536e-03	1.578920e-01	-2.609396e-04	7.116543e-03	-2.939146e-04	1.161341e-03
2.874480e+03	-9.777186e-02	1.281725e-01	-3.471421e-04	9.664786e-02	-3.226752e-04	1.386872e-03
2.886870e+03	-1.575423e-01	4.784867e-02	7.203922e-06	1.558795e-01	-5.144445e-04	1.844921e-03
2.899260e+03	-1.547589e-01	-5.946388e-02	4.193154e-04	1.527589e-01	-3.685577e-04	1.854538e-03
2.911650e+03	-7.958907e-02	-1.455268e-01	4.595222e-04	7.765463e-02	-4.972457e-05	1.958265e-03
2.924040e+03	3.716579e-02	-1.590807e-01	4.389720e-04	-3.856701e-02	3.629539e-04	1.450102e-03
2.936430e+03	1.365434e-01	-8.630314e-02	1.395070e-04	-1.375184e-01	5.043105e-04	1.108550e-03
2.948820e+03	1.485814e-01	4.445545e-02	-1.953538e-04	-1.478494e-01	5.221347e-04	1.813973e-06
2.961210e+03	5.375006e-02	1.340519e-01	-4.838999e-04	-5.354950e-02	1.501596e-04	-1.898093e-04
2.973600e+03	-6.636643e-02	1.066500e-01	-3.837306e-04	6.815682e-02	-3.256492e-04	-1.935852e-03
2.985990e+03	-1.003688e-01	-2.768766e-03	4.925413e-04	1.043143e-01	-6.993465e-04	-3.803408e-03
2.998380e+03	-3.322959e-02	-6.522354e-02	-1.320164e-04	3.636423e-02	4.152956e-04	-3.136797e-03
3.010770e+03	2.498419e-02	-3.869102e-02	-7.436207e-04	-2.003883e-02	2.777998e-04	-4.682436e-03
3.023160e+03	2.283348e-02	1.153383e-03	2.204959e-04	-2.379494e-02	1.226309e-03	9.470067e-04
3.035550e+03	-1.091109e-03	1.987250e-03	9.511509e-04	-3.623128e-03	4.392350e-03	4.913059e-03
3.047940e+03	2.683347e-02	4.487536e-03	-1.135285e-03	-2.093911e-02	1.264899e-02	-5.454534e-03
3.060330e+03	-3.794166e-03	2.087564e-02	2.432160e-03	1.233049e-03	-7.070559e-03	3.180934e-03
3.072720e+03	-2.375883e-02	7.390232e-03	-1.082088e-02	3.813954e-02	1.705987e-02	-1.417332e-02
3.085110e+03	7.287062e-05	-4.647643e-02	3.492873e-03	5.509937e-03	-1.986274e-03	-5.497120e-03
3.097500e+03	5.470878e-02	-1.295144e-02	-6.070765e-04	-4.744218e-02	1.586521e-03	-7.480301e-03
3.109890e+03	3.538218e-02	5.404265e-02	-1.997216e-03	-3.288946e-02	4.080469e-05	-2.527854e-03
3.122280e+03	-3.912180e-02	6.103327e-02	1.016679e-04	3.714471e-02	7.785927e-04	1.870723e-03
3.134670e+03	-8.053372e-02	-3.363226e-03	-9.264418e-05	7.671207e-02	-1.089436e-03	3.855512e-03
3.147060e+03	-4.531605e-02	-7.186370e-02	3.376848e-04	3.997857e-02	7.344523e-05	5.365264e-03
3.159450e+03	3.194086e-02	-7.929843e-02	2.941525e-04	-3.861142e-02	-1.192471e-04	6.670758e-03
3.171840e+03	8.320385e-02	-1.832596e-02	-8.046906e-04	-8.881331e-02	6.871355e-04	5.882884e-03
3.184230e+03	6.295959e-02	6.328861e-02	-4.994634e-04	-6.646141e-02	-2.723969e-04	3.392222e-03
3.196620e+03	-2.155202e-02	8.649732e-02	-4.166572e-04	2.020709e-02	-3.554749e-04	1.310314e-03
3.209010e+03	-8.310662e-02	1.951000e-02	5.957980e-04	8.393637e-02	-5.924107e-04	-6.343918e-04
3.221400e+03	-4.360027e-02	-6.375297e-02	1.317051e-03	4.624498e-02	1.196779e-03	-2.641461e-03
3.233790e+03	4.233778e-02	-5.147674e-02	-2.903337e-03	-3.897408e-02	1.083930e-04	-3.458336e-03
3.246180e+03	5.027810e-02	2.800446e-02	1.239217e-03	-4.134828e-02	-1.148011e-03	-9.105274e-03
3.258570e+03	-2.514019e-02	3.339485e-02	-1.660160e-04	2.301040e-02	3.433512e-03	2.271033e-03
3.270960e+03	-3.142575e-02	-2.842666e-02	3.763003e-05	3.312736e-02	-1.652852e-03	-1.871598e-03
3.283350e+03	3.715233e-02	-3.071865e-02	3.726710e-03	-3.575354e-02	-6.186489e-04	-1.496767e-03
3.295740e+03	4.707930e-02	4.846498e-02	2.405553e-03	-3.797246e-02	4.109107e-03	-9.202161e-03
3.308130e+03	-3.458960e-02	5.113924e-02	-4.899704e-04	4.090627e-02	8.784019e-04	-6.395064e-03
3.320520e+03	-5.810000e-02	-3.327794e-02	-1.149447e-03	6.252447e-02	-4.308083e-04	-4.310177e-03
3.332910e+03	2.255074e-02	-7.159723e-02	1.147165e-04	-1.830281e-02	4.913248e-04	-4.287483e-03
3.345300e+03	7.857641e-02	-3.661772e-03	-4.157444e-04	-7.900289e-02	2.106781e-04	4.838167e-04
3.357690e+03	3.835469e-02	7.676871e-02	9.714646e-05	-4.047464e-02	1.398746e-04	2.219122e-03
3.370080e+03	-5.511607e-02	7.369273e-02	-1.783775e-04	5.068947e-02	-1.639428e-04	4.409346e-03
3.382470e+03	-9.586493e-02	-1.120018e-02	6.746398e-05	9.050311e-02	-3.984017e-04	5.269315e-03
3.394860e+03	-3.904802e-02	-8.730388e-02	5.394898e-04	3.502167e-02	-9.313451e-06	4.079047e-03
3.407250e+03	5.631217e-02	-7.523636e-02	4.180533e-05	-5.831899e-02	2.529759e-04	1.946464e-03
3.419640e+03	9.064909e-02	1.602799e-02	-1.745083e-04	-9.125338e-02	3.154903e-04	6.611750e-04
3.432030e+03	2.431154e-02	8.520187e-02	-4.934726e-05	-2.300752e-02	-2.072813e-04	-1.289875e-03
3.444420e+03	-6.454427e-02	5.002042e-02	-1.103316e-04	6.605551e-02	-6.174128e-05	-1.571702e-03
3.456810e+03	-6.046964e-02	-3.950384e-02	-1.921168e-04	5.930698e-02	3.329248e-04	1.112737e-03
3.469200e+03	2.094038e-02	-6.021561e-02	-1.165833e-03	-1.972874e-02	1.289296e-04	-1.214464e-03
3.481590e+03	5.540775e-02	1.054781e-02	4.052909e-05	-5.352120e-02	-1.171207e-03	-1.803322e-03
3.493980e+03	-5.467158e-03	4.803566e-02	1.133052e-03	7.304729e-03	-1.803766e-04	-1.818074e-03
3.506370e+03	-4.787167e-02	-3.649536e-03	8.736128e-04	5.104870e-02	-4.896885e-05	-3.175085e-03
3.518760e+03	-1.069588e-03	-4.546933e-02	-9.228402e-04	2.200611e-03	9.297104e-04	-1.155264e-03
3.531150e+03	4.937221e-02	-1.269904e-02	5.420737e-04	-4.641211e-02	-7.386404e-04	-3.000143e-03
3.543540e+03	2.219861e-02	4.861872e-02	-8.663072e-05	-1.930979e-02	-4.260560e-04	-2.905740e-03
3.555930e+03	-4.129842e-02	3.596823e-02	2.069396e-04	4.226350e-02	2.933641e-04	-8.925946e-04
3.568320e+03	-4.910163e-02	-2.984890e-02	4.546422e-04	4.807643e-02	6.880148e-04	1.074963e-03
3.580710e+03	8.265388e-03	-5.623177e-02	2.362875e-04	-8.244214e-03	3.155959e-04	-6.210620e-05
3.593100e+03	5.601312e-02	-1.221856e-02	2.588725e-04	-5.780602e-02	-5.494146e-05	1.717815e-03
3.605490e+03	3.030146e-02	5.030134e-02	-1.800931e-04	-3.220546e-02	-2.996741e-05	1.876974e-03
3.617880e+03	-3.673852e-02	4.550346e-02	4.036334e-05	3.419559e-02	-1.349768e-05	2.506826e-03
3.630270e+03	-5.471446e-02	-1.822117e-02	2.461152e-05	5.285445e-02	4.886506e-04	1.773682e-03
3.642660e+03	1.043915e-03	-5.510632e-02	-3.477808e-04	-7.189798e-04	-5.884720e-05	-3.444565e-04
3.655050e+03	5.408509e-02	-1.274282e-02	-5.189960e-04	-5.309348e-02	-8.009555e-04	-1.060174e-03
3.667440e+03	2.350732e-02	4.964221e-02	-1.917867e-04	-2.170681e-02	-4.620892e-04	-1.781108e-03
3.679830e+03	-3.900298e-02	2.932970e-02	1.816973e-04	3.765154e-02	6.945498e-04	1.423229e-03
3.692220e+03	-3.686659e-02	-3.308950e-02	-4.024966e-04	3.794473e-02	-2.302215e-04	-1.099157e-03
3.704610e+03	2.714061e-02	-4.324125e-02	-1.247006e-04	-2.431524e-02	-1.747699e-04	-2.776912e-03
3.717000e+03	4.951316e-02	1.929207e-02	-1.495397e-03	-4.732341e-02	-1.578068e-03	-2.248503e-03
3.729390e+03	-6.330803e-03	4.792604e-02	1.192012e-03	4.430652e-03	1.022725e-03	1.879510e-03
3.741780e+03	-5.236605e-02	9.359780e-03	-2.081719e-06	5.261689e-02	2.854042e-05	-4.369534e-04
3.754170e+03	-2.746433e-02	-5.053406e-02	1.082357e-04	2.740524e-02	-7.433737e-04	1.044553e-04
3.766560e+03	3.960089e-02	-4.044428e-02	-1.773967e-04	-3.901155e-02	-1.597280e-04	-5.026762e-04
3.778950e+03	5.304349e-02	2.469268e-02	-5.171553e-04	-5.354695e-02	-2.037949e-04	6.364650e-04
3.791340e+03	-4.418153e-03	5.828699e-02	-2.046012e-04	3.019216e-03	-4.083539e-05	1.384257e-03
3.803730e+03	-5.724589e-02	1.800662e-02	1.540376e-04	5.603692e-02	-3.785854e-04	1.300998e-03
3.816120e+03	-3.652486e-02	-4.548263e-02	-2.165743e-04	3.563602e-02	-7.148820e-04	9.154358e-04
3.828510e+03	3.339864e-02	-4.505865e-02	-6.713963e-05	-3.224798e-02	-2.716647e-05	-1.110834e-03
3.840900e+03	5.111727e-02	1.526283e-02	6.270738e-04	-5.189006e-02	7.098330e-04	6.914186e-04
3.853290e+03	-1.393905e-03	5.036459e-02	-2.184034e-04	5.059541e-04	3.432671e-04	7.585957e-04
3.865680e+03	-4.654814e-02	1.221625e-02	-1.408792e-03	4.803203e-02	-2.148942e-04	-1.514735e-03
3.878070e+03	-2.137445e-02	-4.410866e-02	-8.714020e-05	2.311175e-02	-4.632963e-04	-1.624282e-03
3.890460e+03	3.787549e-02	-3.179174e-02	-8.388651e-04	-3.707420e-02	-2.617794e-04	-7.456822e-04
3.902850e+03	3.971907e-02	2.833464e-02	3.386971e-04	-3.926962e-02	2.597126e-04	-6.027017e-04
3.915240e+03	-1.622361e-02	4.310812e-02	-8.825526e-04	1.631361e-02	5.045003e-04	8.733239e-05
3.927630e+03	-4.457943e-02	-4.342883e-03	-1.163744e-03	4.633669e-02	-1.546783e-04	-1.747038e-03
3.940020e+03	-7.731521e-03	-4.638472e-02	-2.074385e-04	8.933216e-03	-2.233168e-04	-1.148363e-03
3.952410e+03	3.992457e-02	-2.360043e-02	1.048928e-04	-4.111138e-02	4.699704e-04	1.240402e-03
3.964800e+03	3.234587e-02	3.161599e-02	4.813554e-04	-3.326439e-02	3.447230e-04	9.690933e-04
3.977190e+03	-1.857700e-02	4.105522e-02	-1.004783e-03	1.875274e-02	-9.313652e-05	-1.926098e-04
3.989580e+03	-4.449215e-02	-6.159585e-03	1.117581e-04	4.389762e-02	-4.973034e-04	5.870697e-04
4.001970e+03	-8.332340e-03	-4.289914e-02	5.758262e-04	6.687261e-03	-1.789800e-04	1.659524e-03
4.014360e+03	3.980484e-02	-1.753964e-02	5.289730e-04	-3.966084e-02	1.971003e-04	-3.600343e-04
4.026750e+03	2.683791e-02	3.169803e-02	-1.182279e-04	-2.655997e-02	2.902016e-04	-1.410366e-04
4.039140e+03	-2.336130e-02	3.169230e-02	-1.237856e-04	2.484812e-02	-3.498701e-05	-1.497966e-03
4.051530e+03	-3.510228e-02	-1.755338e-02	-8.574538e-04	3.628149e-02	-3.330617e-05	-1.090405e-03
4.063920e+03	5.963732e-03	-3.774757e-02	5.359567e-05	-7.102717e-03	1.558191e-04	1.038894e-03
4.076310e+03	3.490076e-02	-1.250968e-03	-1.951081e-04	-3.666964e-02	7.821725e-04	1.814313e-03
4.088700e+03	1.342788e-02	3.732538e-02	-1.907899e-03	-1.168790e-02	4.614947e-04	-1.622883e-03
4.101090e+03	-3.455313e-02	1.836086e-02	-2.206485e-04	3.569528e-02	-2.999882e-04	-1.107696e-03
4.113480e+03	-2.446782e-02	-2.984738e-02	-1.781565e-04	2.552232e-02	-7.051784e-04	-1.073416e-03
4.125870e+03	2.058733e-02	-3.463698e-02	2.107187e-04	-2.150766e-02	2.627556e-04	8.822541e-04
4.138260e+03	3.895648e-02	1.114305e-02	1.356853e-04	-3.954760e-02	3.770605e-04	6.094672e-04
4.150650e+03	2.283144e-03	4.034059e-02	-8.066637e-04	-1.335507e-03	2.671694e-04	-9.801089e-04
4.163040e+03	-3.920733e-02	1.286008e-02	-2.968396e-04	3.950311e-02	-3.714230e-04	-3.239198e-04
4.175430e+03	-2.562992e-02	-3.462233e-02	5.899057e-04	2.496276e-02	-1.951659e-04	7.022098e-04
4.187820e+03	2.354521e-02	-3.285123e-02	4.125315e-04	-2.486352e-02	5.418300e-04	1.332375e-03
4.200210e+03	4.003123e-02	1.407517e-02	-5.301019e-04	-4.041116e-02	6.461367e-04	3.695021e-04
4.212600e+03	-3.092904e-03	4.126007e-02	1.290962e-04	3.253174e-03	-3.675642e-04	-1.809772e-04
4.224990e+03	-3.920979e-02	8.913428e-03	-9.540140e-04	3.877826e-02	-1.214514e-05	3.507682e-04
4.237380e+03	-1.902066e-02	-3.643969e-02	5.651487e-04	1.922906e-02	-1.017132e-04	-1.529859e-04
4.249770e+03	2.953558e-02	-2.728861e-02	1.032381e-03	-2.874753e-02	-5.235323e-04	-1.030751e-03
4.262160e+03	3.220867e-02	2.315991e-02	-6.334269e-04	-3.241831e-02	1.527860e-03	8.758239e-05
4.274550e+03	-1.098526e-02	3.573503e-02	-4.868989e-04	1.254749e-02	-5.742361e-04	-1.545419e-03
4.286940e+03	-3.755587e-02	-1.568656e-03	1.338470e-04	3.655495e-02	-9.205504e-04	9.646643e-04
4.299330e+03	-8.951311e-03	-3.749788e-02	6.052419e-04	8.502918e-03	-3.793860e-05	4.340059e-04
4.311720e+03	3.373198e-02	-2.077527e-02	-1.542625e-04	-3.241348e-02	8.110850e-04	-1.244827e-03
4.324110e+03	2.762850e-02	2.639937e-02	-5.121746e-04	-2.718893e-02	2.414782e-04	-4.055553e-04
4.336500e+03	-1.717555e-02	3.392065e-02	-8.300282e-04	1.577246e-02	3.002346e-04	1.474909e-03
4.348890e+03	-3.742194e-02	-8.048081e-03	2.202373e-04	3.750487e-02	-1.046091e-03	-5.882473e-05
4.361280e+03	-4.271253e-03	-3.777508e-02	1.770759e-04	3.860537e-03	-6.611873e-05	4.057173e-04
4.373670e+03	3.316815e-02	-1.502604e-02	-3.702211e-04	-3.285646e-02	1.446154e-03	-1.578631e-04
4.386060e+03	2.194938e-02	2.732663e-02	-5.962621e-04	-2.167148e-02	8.327002e-04	-4.412718e-04
4.398450e+03	-1.940526e-02	2.890234e-02	-3.684218e-04	1.755878e-02	3.069346e-04	1.873094e-03
4.410840e+03	-3.109326e-02	-1.239684e-02	6.475736e-05	2.976456e-02	-7.857364e-04	1.272508e-03
4.423230e+03	1.629490e-03	-3.271619e-02	5.112281e-04	-4.653937e-04	3.194074e-04	-1.161329e-03
4.435620e+03	3.288054e-02	-5.007152e-03	2.101381e-05	-3.201500e-02	-2.239192e-04	-7.201445e-04
4.448010e+03	1.446958e-02	2.911392e-02	-6.754170e-04	-1.431582e-02	-1.151931e-03	-2.157812e-04
4.460400e+03	-2.495607e-02	2.050734e-02	-1.743860e-04	2.526521e-02	-4.751774e-04	-4.450433e-04
4.472790e+03	-2.590148e-02	-1.860774e-02	2.158916e-04	2.573411e-02	5.610594e-04	1.451656e-04
4.485180e+03	1.053088e-02	-2.839843e-02	3.572049e-04	-9.681855e-03	-4.456960e-04	-8.702657e-04
4.497570e+03	2.969348e-02	2.449230e-03	-6.550594e-05	-2.938999e-02	7.924186e-04	-3.030066e-04
4.509960e+03	6.353649e-03	2.731803e-02	-6.507986e-04	-7.760047e-03	-4.661615e-04	1.350794e-03
4.522350e+03	-2.497868e-02	1.334408e-02	-1.499099e-04	2.424740e-02	-1.094512e-03	6.090583e-04
4.534740e+03	-2.002090e-02	-2.047194e-02	7.833282e-05	2.022971e-02	1.672082e-04	-2.680064e-04
4.547130e+03	1.294039e-02	-2.536006e-02	2.380457e-04	-1.396834e-02	1.173616e-03	8.674745e-04
4.559520e+03	2.551135e-02	6.569788e-03	1.020924e-04	-2.599065e-02	7.120601e-04	7.898599e-04
4.571910e+03	2.386191e-04	2.671537e-02	-5.806189e-05	2.272215e-04	-1.779027e-04	-4.479713e-04
4.584300e+03	-2.423260e-02	5.894525e-03	2.318726e-04	2.356176e-02	1.021743e-04	6.533766e-04
4.596690e+03	-1.063960e-02	-2.016237e-02	8.642151e-04	1.084198e-02	-4.949508e-05	-2.136175e-04
4.609080e+03	1.638752e-02	-1.617731e-02	1.505498e-04	-1.600725e-02	6.097787e-04	-3.652104e-04
4.621470e+03	1.890864e-02	1.068102e-02	2.080000e-04	-1.984126e-02	4.655304e-04	9.203497e-04
4.633860e+03	-6.653110e-03	2.006758e-02	-2.745428e-04	6.178847e-03	-4.792265e-04	4.888543e-04
4.646250e+03	-2.162473e-02	9.453508e-04	-2.905095e-05	2.302678e-02	-7.198210e-05	-1.385335e-03
4.658640e+03	-6.260170e-03	-2.090869e-02	-3.311205e-04	6.092878e-03	1.161502e-04	1.863053e-04
4.671030e+03	1.836665e-02	-9.030247e-03	-7.376948e-04	-1.772399e-02	-2.365183e-04	-6.663063e-04
4.683420e+03	1.376584e-02	1.332162e-02	-6.587188e-04	-1.427475e-02	-5.976620e-04	3.606962e-04
4.695810e+03	-9.371967e-03	1.684136e-02	1.837041e-04	9.791414e-03	1.203014e-05	-4.376945e-04
4.708200e+03	-1.525901e-02	-3.804240e-03	5.908424e-04	1.662999e-02	1.526592e-04	-1.485836e-03
4.720590e+03	1.240881e-03	-1.719451e-02	-1.037370e-03	-6.353721e-04	-1.284542e-04	-5.398065e-04
4.732980e+03	1.528398e-02	-4.383654e-03	-8.525127e-04	-1.615276e-02	-1.352740e-04	7.017418e-04
4.745370e+03	8.363972e-03	1.492532e-02	-1.742342e-04	-8.203125e-03	-1.525680e-04	-1.576966e-04
4.757760e+03	-1.269858e-02	9.815756e-03	-6.993211e-05	1.228552e-02	-2.692118e-04	4.001046e-04
4.770150e+03	-1.321160e-02	-7.600680e-03	4.883803e-06	1.313880e-02	1.890962e-04	2.961142e-05
4.782540e+03	3.772438e-03	-1.438252e-02	-2.190170e-05	-4.220513e-03	-1.511718e-05	4.422587e-04
4.794930e+03	1.372128e-02	1.133443e-03	-8.574604e-04	-1.329361e-02	1.138457e-04	-3.722057e-04
4.807320e+03	2.983969e-03	1.306821e-02	-1.341971e-03	-1.994419e-03	-1.398593e-05	-6.598242e-04
4.819710e+03	-8.920473e-03	4.859792e-03	6.735690e-04	1.009391e-02	-1.205423e-04	-1.145760e-03
4.832100e+03	-7.914054e-03	-1.010998e-02	-1.405905e-04	7.521672e-03	-1.131491e-04	4.083664e-04
4.844490e+03	5.365681e-03	-8.217412e-03	-1.268673e-03	-6.038864e-03	1.824723e-04	6.820498e-04
4.856880e+03	1.006456e-02	5.376757e-03	-4.490642e-04	-9.726873e-03	3.171141e-04	-4.107241e-04
4.869270e+03	-8.350703e-04	9.886977e-03	-5.042789e-04	1.543982e-03	3.346883e-04	-7.025286e-04
4.881660e+03	-7.914675e-03	8.098405e-04	-7.035624e-04	8.586992e-03	5.250010e-04	-6.727707e-04
4.894050e+03	-8.371635e-04	-8.396594e-03	4.905441e-04	1.283631e-03	5.204630e-05	-4.071946e-04
4.906440e+03	7.639618e-03	-3.780199e-03	-6.543665e-04	-7.190768e-03	3.187544e-04	-4.901739e-04
4.918830e+03	4.065335e-03	5.297255e-03	-4.178556e-04	-4.123650e-03	-2.045349e-05	3.430835e-05
4.931220e+03	-2.209665e-03	4.825947e-03	2.173073e-04	3.077925e-03	2.827280e-04	-8.652624e-04
4.943610e+03	-6.028962e-03	-1.292082e-03	-1.258069e-03	5.434391e-03	9.854022e-04	5.621267e-04
4.956000e+03	1.709968e-03	-5.149164e-03	-1.407898e-04	-2.242895e-03	2.622905e-04	4.367433e-04
4.968390e+03	5.629956e-03	2.756245e-04	5.547929e-04	-5.609828e-03	-2.688463e-04	-2.136224e-05
4.980780e+03	5.623886e-04	4.502797e-03	-2.015204e-04	-5.986029e-05	1.141410e-04	-5.270114e-04
4.993170e+03	-5.323950e-03	2.079863e-03	4.820357e-05	4.359594e-03	-1.325829e-04	9.211210e-04
5.005560e+03	-3.191137e-03	-4.222811e-03	2.700199e-05	3.254980e-03	-5.675499e-04	-5.824884e-05
5.017950e+03	2.844560e-03	-2.682799e-03	-2.541237e-04	-2.120958e-03	9.395863e-05	-6.677847e-04
5.030340e+03	2.261602e-03	1.964262e-03	1.586021e-04	-1.782473e-03	-2.649818e-04	-4.754592e-04
5.042730e+03	-1.498468e-03	1.844475e-03	2.928314e-04	1.435724e-03	2.629227e-04	6.731422e-05
5.055120e+03	-3.430001e-03	-6.918668e-04	-2.951570e-04	2.350093e-03	1.019397e-04	1.129827e-03
5.067510e+03	8.561334e-04	-3.749155e-03	4.685664e-04	-7.781965e-04	-1.131804e-03	-1.348930e-04
5.079900e+03	3.173904e-03	5.108577e-04	1.921049e-04	-2.865793e-03	-4.428839e-05	-3.362733e-04
5.092290e+03	-4.963861e-04	2.775801e-03	2.604507e-04	2.469235e-05	-9.945769e-05	4.791234e-04
5.104680e+03	-3.652842e-03	1.360717e-04	-4.366464e-04	3.754051e-03	6.173717e-04	-1.069764e-04
5.117070e+03	-9.991296e-04	-2.141019e-03	-4.889513e-04	1.240136e-03	-3.729758e-04	-2.198552e-04
5.129460e+03	3.661558e-03	7.203657e-04	-5.005053e-04	-3.509229e-03	7.754628e-04	-9.585630e-05
5.141850e+03	7.673158e-04	3.991389e-03	-1.378027e-04	-8.476634e-04	-2.017318e-04	7.626791e-05
5.154240e+03	-3.342944e-03	1.564573e-03	-1.154750e-04	2.821158e-03	3.870981e-04	5.223781e-04
5.166630e+03	-8.098106e-04	-4.042286e-03	1.207190e-04	-4.051065e-04	1.312000e-03	1.212870e-03
5.179020e+03	2.795307e-03	-4.058706e-03	2.110094e-04	-2.559349e-03	-2.231576e-05	-2.309040e-04
5.191410e+03	2.926818e-03	3.629280e-04	7.512805e-04	-2.741424e-03	-1.883110e-04	-1.755967e-04
5.203800e+03	-2.817192e-03	4.000563e-03	1.596874e-04	3.043774e-03	-5.322775e-04	-3.451564e-04
5.216190e+03	-5.756782e-03	-1.537717e-03	7.577831e-05	6.359558e-03	-2.193680e-04	-6.072035e-04
5.228580e+03	2.790366e-04	-4.776478e-03	-4.501984e-05	1.979716e-04	4.289959e-04	-5.916885e-04
5.240970e+03	4.806510e-03	-2.727998e-04	1.131647e-04	-3.666256e-03	4.833663e-04	-1.140936e-03
5.253360e+03	1.414409e-03	5.864995e-03	6.327756e-05	-8.662629e-04	2.945330e-05	-6.044544e-04
5.265750e+03	-4.659792e-03	3.126795e-03	-3.107909e-04	4.121619e-03	-1.483448e-04	6.214807e-04
5.278140e+03	-3.453454e-03	-3.781828e-03	-3.024254e-04	3.281236e-03	1.189433e-04	1.200944e-04
5.290530e+03	3.435936e-03	-5.316383e-03	4.375555e-04	-2.846056e-03	6.488033e-04	-5.471966e-04
5.302920e+03	7.397746e-03	2.374310e-03	2.091309e-04	-7.418647e-03	8.107468e-04	1.412342e-05
5.315310e+03	-1.623039e-03	5.450140e-03	5.339151e-04	1.028120e-03	3.379017e-04	5.164967e-04
5.327700e+03	-7.085511e-03	-1.460664e-04	-1.003674e-05	6.821510e-03	-4.439315e-05	4.291523e-04
5.340090e+03	-2.006366e-03	-7.244893e-03	8.802658e-05	1.944999e-03	2.475741e-04	-8.099049e-06
5.352480e+03	5.784931e-03	-5.296718e-03	-1.556809e-04	-6.691278e-03	1.214770e-04	9.689848e-04
5.364870e+03	4.763223e-03	4.870001e-03	-2.743253e-04	-5.323216e-03	3.496759e-05	6.906355e-04
5.377260e+03	-5.229261e-03	5.018558e-03	6.374344e-04	4.361520e-03	4.874071e-04	9.950220e-04
5.389650e+03	-7.332290e-03	-1.752133e-03	-4.336830e-04	7.554971e-03	-5.136855e-04	-1.929214e-04
5.402040e+03	1.245185e-03	-6.604111e-03	-2.486690e-04	-9.015555e-04	-4.585398e-04	-3.527317e-04
5.414430e+03	8.764283e-03	-2.354008e-04	-9.395846e-04	-8.793521e-03	-3.218589e-04	-5.799654e-05
5.426820e+03	2.544620e-03	7.545648e-03	-3.395643e-04	-2.676141e-03	4.126392e-05	1.534026e-04
5.439210e+03	-6.391525e-03	3.864723e-03	-6.638591e-04	6.534156e-03	3.519894e-06	-1.424117e-04
5.451600e+03	-4.696980e-03	-6.237401e-03	1.140792e-04	5.247904e-03	1.547062e-04	-5.416224e-04
5.463990e+03	5.666832e-03	-5.694982e-03	-3.098455e-04	-5.233628e-03	-2.899687e-04	-4.311931e-04
5.476380e+03	7.057442e-03	3.294048e-03	-1.404959e-04	-7.866406e-03	-3.417315e-05	7.653122e-04
5.488770e+03	-1.800099e-03	8.467833e-03	-3.454370e-04	1.188532e-03	2.640877e-05	5.577789e-04
5.501160e+03	-7.663982e-03	1.252223e-03	2.126804e-04	8.211490e-03	-1.952538e-04	-5.595058e-04
5.513550e+03	-3.308928e-03	-8.862884e-03	2.750487e-04	3.101127e-03	1.179515e-04	2.256353e-04
5.525940e+03	7.520320e-03	-3.354245e-03	6.095078e-04	-7.659991e-03	-5.003884e-04	2.566734e-04
5.538330e+03	6.338268e-03	7.233906e-03	-6.009224e-05	-6.568806e-03	-1.648774e-04	1.525601e-04
5.550720e+03	-3.860034e-03	8.205246e-03	-2.317292e-04	4.110552e-03	-1.563933e-04	-1.584140e-04
5.563110e+03	-9.028000e-03	-3.509367e-03	-5.948351e-05	8.857969e-03	1.789754e-04	1.760303e-04
5.575500e+03	-2.407530e-05	-7.731284e-03	-2.713469e-04	-1.120197e-03	-2.041977e-04	1.056611e-03
5.587890e+03	8.497553e-03	-1.354629e-03	-6.428768e-06	-8.837088e-03	2.158296e-04	3.159340e-04
5.600280e+03	1.512620e-03	1.012329e-02	4.523122e-04	-2.728717e-03	-2.089106e-04	1.379089e-03
5.612670e+03	-7.830107e-03	5.397249e-03	-1.960485e-04	7.636159e-03	-4.514952e-05	2.106487e-04
5.625060e+03	-6.943967e-03	-6.857286e-03	1.195984e-04	7.355133e-03	-1.579720e-04	-4.155295e-04
5.637450e+03	4.372756e-03	-8.427758e-03	-2.075936e-04	-4.451625e-03	3.152166e-04	7.699512e-05
5.649840e+03	8.285394e-03	1.710932e-03	-5.017606e-04	-7.991469e-03	8.672331e-04	-3.273976e-04
5.662230e+03	-2.500727e-03	1.079227e-02	4.023345e-05	1.399012e-03	6.549605e-04	9.626676e-04
5.674620e+03	-9.576424e-03	1.713573e-03	1.451438e-04	9.859338e-03	-5.134008e-05	-3.044451e-04
5.687010e+03	-3.506595e-03	-8.173696e-03	-7.298146e-05	2.673460e-03	7.139329e-05	8.189674e-04
5.699400e+03	7.404466e-03	-5.956539e-03	2.385130e-04	-6.856283e-03	-7.162923e-05	-3.643385e-04
5.711790e+03	7.468483e-03	5.633164e-03	-3.507346e-04	-7.483584e-03	3.505352e-04	-7.372693e-06
5.724180e+03	-3.882493e-03	7.545153e-03	-4.639536e-04	3.614727e-03	3.276817e-04	3.383004e-04
5.736570e+03	-9.981511e-03	-2.496971e-03	5.332285e-05	1.027097e-02	7.439157e-05	-3.146667e-04
5.748960e+03	-1.064045e-03	-9.081292e-03	1.031132e-04	1.203203e-03	7.372670e-04	-2.637244e-05
5.761350e+03	9.299757e-03	-1.363601e-03	-1.306616e-04	-1.059692e-02	1.368003e-03	1.277322e-03
5.773740e+03	3.863527e-03	8.232685e-03	-2.491346e-04	-4.372762e-03	1.140147e-03	4.742605e-04
5.786130e+03	-7.226638e-03	6.084902e-03	1.330066e-05	6.589592e-03	2.434500e-04	6.750857e-04
5.798520e+03	-7.382503e-03	-5.515051e-03	1.671463e-04	7.031959e-03	-1.979267e-04	3.794855e-04
5.810910e+03	4.508329e-03	-8.485577e-03	2.308394e-04	-4.827168e-03	5.280718e-05	3.197897e-04
5.823300e+03	8.491436e-03	1.913888e-03	-5.770737e-05	-7.853311e-03	3.293641e-04	-6.164760e-04
5.835690e+03	8.604981e-04	7.801396e-03	-6.689375e-04	-1.547235e-03	-8.817219e-04	7.476242e-04
5.848080e+03	-8.513848e-03	2.628431e-03	4.083520e-05	7.882237e-03	-4.520083e-04	6.213749e-04
5.860470e+03	-4.481104e-03	-9.280558e-03	-1.066420e-04	4.115202e-03	-2.040687e-04	3.149575e-04
5.872860e+03	7.195714e-03	-5.916641e-03	7.540481e-05	-7.108322e-03	-9.942437e-06	-9.164099e-05
5.885250e+03	7.334340e-03	6.235713e-03	2.168855e-04	-7.377018e-03	7.399689e-04	-9.459473e-05
5.897640e+03	-3.913381e-03	9.528566e-03	-1.227277e-04	4.510408e-03	-2.116720e-04	-5.794561e-04
5.910030e+03	-9.735139e-03	-1.237435e-03	1.167373e-04	9.607100e-03	1.172265e-04	1.098615e-04
5.922420e+03	-5.742109e-04	-7.822211e-03	6.207304e-04	1.267543e-03	4.381900e-04	-6.043440e-04
5.934810e+03	9.015208e-03	-2.271803e-03	-4.708201e-05	-8.649322e-03	8.956913e-05	-4.054219e-04
5.947200e+03	3.868042e-03	7.597120e-03	-2.535743e-05	-4.256541e-03	3.742696e-04	3.745129e-04
5.959590e+03	-8.459502e-03	5.534737e-03	2.494698e-04	7.282847e-03	6.495316e-04	1.077090e-03
5.971980e+03	-7.408061e-03	-4.343895e-03	1.185497e-03	7.259447e-03	7.123420e-04	1.536223e-04
5.984370e+03	2.589562e-03	-8.475986e-03	5.284418e-04	-2.860676e-03	4.834761e-04	2.120008e-04
5.996760e+03	8.033834e-03	1.591098e-03	1.940533e-04	-8.166767e-03	4.000233e-04	8.076758e-05
6.009150e+03	1.871951e-03	8.821632e-03	-4.813768e-05	-1.650001e-03	-3.359524e-04	-2.617830e-04
6.021540e+03	-7.722180e-03	2.959223e-03	2.543775e-04	7.818933e-03	-6.520946e-05	-9.193277e-05
6.033930e+03	-5.049894e-03	-6.400512e-03	-1.241753e-04	5.230202e-03	2.733608e-04	-1.645714e-04
6.046320e+03	6.919767e-03	-4.926525e-03	3.903345e-04	-6.439577e-03	5.004007e-04	-5.133853e-04
6.058710e+03	7.609476e-03	5.179322e-03	2.995946e-04	-7.618159e-03	2.901598e-04	6.105190e-05
6.071100e+03	-4.341449e-03	7.669380e-03	-5.358102e-04	3.514694e-03	-2.209022e-04	9.138274e-04
6.083490e+03	-7.943560e-03	-9.142883e-04	5.462054e-04	8.195996e-03	-1.078823e-04	-2.582046e-04
6.095880e+03	-7.521206e-04	-8.000419e-03	1.021406e-03	7.104064e-04	2.876118e-04	8.661552e-05
6.108270e+03	8.209683e-03	-3.999307e-03	2.997911e-04	-8.462090e-03	-2.465751e-04	2.043396e-04
6.120660e+03	4.814971e-03	7.636635e-03	6.337331e-04	-5.064214e-03	1.044012e-04	2.510582e-04
6.133050e+03	-5.153365e-03	6.640009e-03	-1.497167e-04	5.443114e-03	1.081383e-04	-2.833557e-04
6.145440e+03	-5.605971e-03	-2.603582e-03	3.047430e-04	6.076304e-03	3.642506e-04	-4.316640e-04
6.157830e+03	2.677784e-03	-7.589746e-03	-2.797598e-04	-2.640459e-03	1.983757e-04	-3.947545e-05
6.170220e+03	8.294119e-03	1.229164e-03	4.351584e-04	-8.696629e-03	1.010945e-04	4.148062e-04
6.182610e+03	7.958116e-04	8.384742e-03	3.937986e-04	-1.431233e-03	-1.905214e-04	6.392585e-04
6.195000e+03	-8.005898e-03	2.467831e-03	-1.445614e-04	8.216170e-03	-3.492408e-04	-1.371956e-04
6.207390e+03	-4.868093e-03	-6.544464e-03	5.810949e-05	4.631459e-03	1.011643e-04	2.342688e-04
6.219780e+03	4.450531e-03	-7.568345e-03	6.402811e-04	-4.571946e-03	-8.620008e-04	1.487525e-04
6.232170e+03	7.072097e-03	2.925452e-03	2.021325e-04	-6.885170e-03	-3.709376e-04	-1.730249e-04
6.244560e+03	-2.054021e-03	6.806221e-03	-1.491908e-04	2.634165e-03	-2.223881e-04	-5.731066e-04
6.256950e+03	-8.692286e-03	-8.117982e-04	1.178492e-03	8.141862e-03	-1.318943e-03	4.201584e-04
6.269340e+03	-1.507074e-03	-7.233445e-03	3.238585e-04	8.671424e-04	-1.834589e-04	6.319424e-04
6.281730e+03	7.057977e-03	-3.653206e-03	6.215551e-05	-7.053574e-03	-2.016061e-04	-2.017579e-05
6.294120e+03	4.440113e-03	5.814176e-03	2.417302e-04	-4.345418e-03	-5.406200e-04	-1.029689e-04
6.306510e+03	-5.869235e-03	6.405706e-03	-8.926532e-05	5.578684e-03	-4.008395e-04	2.950526e-04
6.318900e+03	-6.803701e-03	-4.154515e-03	-6.125190e-06	7.382195e-03	4.318269e-04	-5.336372e-04
6.331290e+03	1.098729e-03	-8.101008e-03	1.340423e-04	-1.009482e-03	-1.950345e-04	-8.940495e-05
6.343680e+03	7.146996e-03	-8.235188e-04	1.291702e-05	-6.738775e-03	-1.858966e-04	-4.020391e-04
6.356070e+03	2.270465e-03	7.309169e-03	-2.001001e-04	-2.489526e-03	5.331292e-04	2.064702e-04
6.368460e+03	-6.697246e-03	3.780580e-03	-2.211602e-04	6.306871e-03	1.349230e-04	2.868431e-04
6.380850e+03	-5.200549e-03	-5.253681e-03	-1.206179e-04	5.027392e-03	7.380236e-05	1.328800e-04
6.393240e+03	3.676428e-03	-5.545827e-03	-2.409166e-04	-3.190951e-03	4.300838e-04	-5.207162e-04
6.405630e+03	6.441786e-03	2.916899e-03	-8.567029e-05	-6.596515e-03	-7.038001e-05	1.775476e-04
6.418020e+03	-6.103188e-04	7.838318e-03	-2.215449e-04	1.494551e-04	3.858259e-04	4.132264e-04
6.430410e+03	-6.742144e-03	5.962027e-04	7.957907e-05	6.760677e-03	7.129215e-04	-4.335940e-05
6.442800e+03	-2.453534e-03	-6.575082e-03	4.685463e-05	2.594749e-03	2.472494e-04	-1.564816e-04
6.455190e+03	4.854788e-03	-4.653171e-03	3.525780e-04	-4.544084e-03	-2.210466e-04	-3.174782e-04
6.467580e+03	4.409905e-03	3.862338e-03	1.668786e-05	-4.425255e-03	-2.201116e-04	9.923195e-06
6.479970e+03	-3.951597e-03	5.295244e-03	-1.667090e-04	3.454253e-03	-9.949169e-04	5.104525e-04
6.492360e+03	-6.136337e-03	-1.703933e-03	-3.397759e-04	6.102217e-03	-5.247823e-04	3.761392e-05
6.504750e+03	2.340057e-05	-5.352122e-03	-2.689397e-04	6.032042e-04	-4.416943e-04	-5.204836e-04
6.517140e+03	6.222091e-03	-6.527104e-04	-9.384052e-05	-6.228891e-03	-7.836454e-05	7.238203e-06
6.529530e+03	2.005224e-03	5.960628e-03	-2.156968e-05	-1.809506e-03	-2.626237e-04	-1.750907e-04
6.541920e+03	-4.624115e-03	3.757141e-03	1.240970e-04	4.681591e-03	3.777045e-04	-5.707374e-05
6.554310e+03	-3.762888e-03	-3.006349e-03	5.281669e-05	4.341338e-03	4.695178e-04	-3.784983e-04
6.566700e+03	3.331320e-03	-3.943436e-03	-6.079281e-05	-2.572925e-03	2.235044e-04	-7.639973e-04
6.579090e+03	5.589495e-03	2.337254e-03	1.754038e-04	-4.712409e-03	-4.471959e-05	-8.959455e-04
6.591480e+03	1.603368e-04	6.456036e-03	-3.788110e-04	3.597450e-04	-5.359363e-04	-4.267545e-04
6.603870e+03	-4.988268e-03	2.797915e-03	1.417080e-04	5.757628e-03	-3.924691e-04	-7.522341e-04
6.616260e+03	-1.251197e-03	-3.148431e-03	-2.125981e-04	2.149245e-03	-1.583974e-04	-5.815712e-04
6.628650e+03	3.923572e-03	-2.161673e-03	-8.399370e-05	-3.541265e-03	-2.466764e-04	-4.146796e-04
6.641040e+03	3.753210e-03	3.307570e-03	-3.427761e-04	-3.800053e-03	-3.057163e-04	5.521430e-05
6.653430e+03	-1.885758e-03	4.652659e-03	-1.792139e-04	1.808588e-03	-3.076178e-04	6.558582e-05
6.665820e+03	-4.678204e-03	-1.159903e-03	7.591799e-04	4.459793e-03	2.300153e-04	2.192399e-04
6.678210e+03	3.515262e-04	-4.202375e-03	2.352163e-04	8.684503e-05	1.080094e-04	-4.127038e-04
6.690600e+03	4.031152e-03	-1.526113e-03	5.138436e-04	-3.764222e-03	2.885820e-04	-2.442388e-04
6.702990e+03	2.600626e-03	3.929455e-03	3.295806e-04	-2.140066e-03	-1.369265e-04	-5.454923e-04
6.715380e+03	-3.616909e-03	3.774912e-03	2.207215e-04	3.012425e-03	-3.780631e-04	6.203017e-04
6.727770e+03	-3.397452e-03	-7.354395e-04	9.514590e-04	3.328632e-03	-3.452297e-04	6.081116e-05
6.740160e+03	-6.714681e-04	-2.237766e-03	1.250153e-04	-3.412106e-04	-2.271188e-04	9.419558e-04
6.752550e+03	1.721375e-03	7.668223e-04	-3.800246e-04	-2.742799e-03	1.077114e-05	1.022934e-03
6.764940e+03	8.476183e-04	2.628277e-03	-4.811932e-04	-6.976347e-04	1.779544e-04	-1.427541e-04
6.777330e+03	-1.853380e-03	3.457101e-04	4.624846e-04	2.568354e-03	4.915020e-05	-7.053338e-04
6.789720e+03	-2.261587e-03	-2.309350e-03	-2.620740e-04	1.940747e-03	2.024389e-04	3.576559e-04
6.802110e+03	1.479434e-03	-2.267843e-03	-5.427827e-04	-1.572572e-03	4.086928e-04	8.949213e-05
6.814500e+03	2.028490e-03	9.305891e-04	-1.101505e-04	-2.011159e-03	1.200365e-04	-2.156162e-05
6.826890e+03	1.526974e-04	1.465137e-03	-5.595299e-04	1.753211e-04	2.558281e-04	-2.936318e-04
6.839280e+03	-1.744207e-03	-3.853735e-04	-8.053158e-04	1.448540e-03	3.257641e-04	2.901976e-04
6.851670e+03	4.562751e-05	-2.394127e-03	-5.824967e-04	-1.402294e-04	3.609989e-04	1.188222e-04
6.864060e+03	1.724660e-03	-1.085756e-03	-2.153407e-04	-1.772523e-03	1.829241e-04	4.748734e-05
6.876450e+03	7.088178e-04	2.005693e-03	9.541901e-05	-1.125649e-03	-1.945322e-04	4.877222e-04
6.888840e+03	-1.139483e-03	2.167070e-03	1.777591e-04	3.413968e-04	-4.937253e-04	7.971343e-04
6.901230e+03	-7.884950e-04	-8.511634e-04	-2.827165e-04	4.486616e-04	1.393340e-04	3.233004e-04
6.913620e+03	2.867069e-04	-1.094777e-03	3.619675e-04	-1.601474e-04	-3.818729e-04	-1.306990e-04
6.926010e+03	1.354999e-04	7.357493e-04	8.307270e-05	-3.077934e-04	3.391322e-04	1.521567e-04
6.938400e+03	-7.032269e-05	1.604823e-03	7.666769e-05	-3.079331e-04	-1.633554e-04	3.586936e-04
6.950790e+03	-1.152245e-03	4.108977e-04	2.167726e-04	1.202336e-03	-3.433876e-04	-4.161513e-05
6.963180e+03	-1.338921e-06	-8.883084e-04	-7.065338e-05	-4.409935e-04	-1.072966e-04	4.350922e-04
6.975570e+03	5.087266e-04	-1.070800e-03	-3.888664e-04	-8.486507e-04	9.009972e-04	3.469638e-04
