1.598310e+03	9.721043e-02	-2.438310e-02	5.182412e-06	-9.732398e-02	2.607158e-04	3.941158e-04
1.610700e+03	1.029012e-01	5.457814e-03	5.379942e-05	-1.039262e-01	7.353844e-05	4.817858e-04
1.623090e+03	9.806270e-02	3.314259e-02	5.260159e-05	-9.894284e-02	2.439921e-05	4.676973e-04
1.635480e+03	8.542689e-02	5.819410e-02	1.248410e-05	-8.572610e-02	8.043941e-05	3.300843e-04
1.647870e+03	6.669647e-02	7.888121e-02	-4.146540e-06	-6.698594e-02	6.574488e-05	2.988029e-04
1.660260e+03	4.304727e-02	9.415478e-02	-5.920127e-05	-4.343729e-02	9.595525e-05	3.571562e-04
1.672650e+03	1.630566e-02	1.021298e-01	-4.056132e-05	-1.670732e-02	3.677005e-05	4.435835e-04
1.685040e+03	-1.199120e-02	1.036754e-01	-6.464384e-05	1.152665e-02	1.721295e-05	4.605327e-04
1.697430e+03	-3.949144e-02	9.641615e-02	-6.798335e-05	3.913970e-02	1.721092e-05	3.596367e-04
1.709820e+03	-6.431638e-02	8.219529e-02	-5.086693e-05	6.395932e-02	-1.495861e-05	3.278302e-04
1.722210e+03	-8.461872e-02	6.186885e-02	-1.316013e-04	8.421695e-02	-1.487670e-06	3.332256e-04
1.734600e+03	-9.883327e-02	3.656197e-02	-1.686217e-05	9.841520e-02	-3.830508e-05	3.732320e-04
1.746990e+03	-1.050000e-01	7.743994e-03	-1.586611e-05	1.050000e-01	-4.609670e-05	3.940058e-04
1.759380e+03	-1.041447e-01	-2.198018e-02	-1.204928e-05	1.040942e-01	-5.140868e-05	3.353861e-04
1.771770e+03	-9.376985e-02	-5.039594e-02	-3.414664e-05	9.343331e-02	-5.932468e-05	3.003039e-04
1.784160e+03	-7.609358e-02	-7.480347e-02	2.164244e-05	7.586153e-02	-7.268926e-05	2.590281e-04
1.796550e+03	-5.207853e-02	-9.349114e-02	7.370298e-06	5.187498e-02	-8.107265e-05	1.636530e-04
1.808940e+03	-2.372143e-02	-1.042168e-01	8.240657e-05	2.362252e-02	-6.585389e-05	9.840997e-05
1.821330e+03	7.052732e-03	-1.077900e-01	2.521323e-05	-7.188324e-03	-9.553412e-05	1.408214e-04
1.833720e+03	3.775327e-02	-1.019306e-01	7.536981e-05	-3.784505e-02	-7.432078e-05	1.308584e-04
1.846110e+03	6.584302e-02	-8.677155e-02	9.808587e-05	-6.600744e-02	-4.973586e-05	1.810020e-04
1.858500e+03	8.894155e-02	-6.405901e-02	1.329820e-04	-8.916124e-02	3.878354e-05	1.863882e-04
1.870890e+03	1.047793e-01	-3.538783e-02	1.194196e-04	-1.047807e-01	5.554117e-05	2.329079e-04
1.883280e+03	1.109278e-01	-2.542265e-03	9.905191e-05	-1.109684e-01	1.257512e-04	1.457042e-04
1.895670e+03	1.070754e-01	3.083306e-02	5.732829e-05	-1.080610e-01	1.400584e-04	9.308631e-05
1.908060e+03	9.352708e-02	6.198888e-02	1.748694e-05	-9.343391e-02	1.533616e-04	3.887210e-06
1.920450e+03	7.055107e-02	8.790720e-02	-4.726091e-05	-7.055107e-02	1.794736e-04	3.929004e-05
1.932840e+03	4.054650e-02	1.063483e-01	-1.491744e-04	-4.054842e-02	1.738636e-04	1.988309e-05
1.945230e+03	6.187792e-03	1.129825e-01	-1.262633e-04	-6.112040e-03	4.914835e-05	-7.729068e-05
1.957620e+03	-2.944757e-02	1.105863e-01	-1.771449e-04	2.954973e-02	2.075705e-05	-1.239999e-04
1.970010e+03	-6.294921e-02	9.655544e-02	-1.368256e-04	6.305695e-02	-6.834718e-05	-1.446298e-04
1.982400e+03	-9.077123e-02	7.203179e-02	-1.594928e-04	9.079270e-02	-9.480111e-05	-6.195374e-05
1.994790e+03	-1.101508e-01	3.976910e-02	-8.098230e-05	1.101506e-01	-1.404095e-04	-1.471047e-05
2.007180e+03	-1.169745e-01	2.358946e-03	-4.399524e-05	1.169745e-01	-1.518701e-04	-2.144651e-05
2.019570e+03	-1.129291e-01	-3.616476e-02	2.974911e-06	1.129291e-01	-1.401799e-04	2.797917e-06
2.031960e+03	-9.465783e-02	-7.151437e-02	7.198435e-05	9.465360e-02	-1.175211e-04	-3.236867e-05
2.044350e+03	-6.626569e-02	-9.935733e-02	6.982152e-05	6.632837e-02	-1.094015e-04	-1.205009e-04
2.056740e+03	-2.979713e-02	-1.161628e-01	8.114100e-05	2.999290e-02	-7.966138e-05	-1.599818e-04
2.069130e+03	1.080529e-02	-1.199648e-01	1.374168e-04	-1.070779e-02	-4.412847e-05	-9.603552e-05
2.081520e+03	5.079957e-02	-1.100717e-01	1.551547e-04	-5.069409e-02	6.546831e-06	-8.608186e-05
2.093910e+03	8.601190e-02	-8.695463e-02	1.633173e-04	-8.600992e-02	8.072902e-06	-5.177271e-05
2.106300e+03	1.118305e-01	-5.239856e-02	1.582571e-04	-1.118642e-01	5.213528e-05	6.688282e-05
2.118690e+03	1.236315e-01	-1.012515e-02	1.439195e-04	-1.236310e-01	1.319505e-04	1.012390e-04
2.131080e+03	1.200018e-01	3.428958e-02	9.181694e-05	-1.200018e-01	2.539957e-04	2.620000e-04
2.143470e+03	1.010304e-01	7.530120e-02	8.947555e-07	-1.010635e-01	2.642062e-04	2.100388e-04
2.155860e+03	6.725787e-02	1.067764e-01	-1.095584e-04	-6.757794e-02	2.536315e-04	2.885637e-04
2.168250e+03	2.407316e-02	1.254140e-01	-1.784988e-04	-2.448749e-02	1.574527e-04	4.119285e-04
2.180640e+03	-2.372801e-02	1.255044e-01	-3.106534e-04	2.314063e-02	1.011303e-04	6.179178e-04
2.193030e+03	-6.960110e-02	1.092678e-01	-2.518298e-04	6.901394e-02	-6.367527e-05	6.557044e-04
2.205420e+03	-1.070705e-01	7.644486e-02	-2.812544e-04	1.060584e-01	-1.510644e-04	8.256320e-04
2.217810e+03	-1.294098e-01	2.985912e-02	-1.038615e-04	1.284098e-01	-2.523307e-04	9.881331e-04
2.230200e+03	-1.320477e-01	-2.331465e-02	-4.117410e-05	1.307221e-01	-2.858169e-04	1.103381e-03
2.242590e+03	-1.140042e-01	-7.463097e-02	4.941202e-05	1.118936e-01	-2.762400e-04	1.326697e-03
2.254980e+03	-7.459423e-02	-1.152532e-01	1.450764e-04	7.292770e-02	-2.423532e-04	1.528868e-03
2.267370e+03	-2.077467e-02	-1.369713e-01	2.298361e-04	1.917760e-02	-1.381146e-04	1.646915e-03
2.279760e+03	3.932038e-02	-1.341434e-01	2.310964e-04	-4.113721e-02	-7.898355e-05	1.773037e-03
2.292150e+03	9.446458e-02	-1.049154e-01	2.765395e-04	-9.644375e-02	5.425653e-05	1.885005e-03
2.304540e+03	1.330715e-01	-5.076787e-02	2.555772e-04	-1.345619e-01	1.766466e-04	1.871750e-03
2.316930e+03	1.401198e-01	1.765166e-02	1.955423e-04	-1.415277e-01	3.145152e-04	1.701593e-03
2.329320e+03	1.158798e-01	8.597047e-02	-2.019173e-05	-1.171791e-01	6.092804e-04	1.447263e-03
2.341710e+03	5.446637e-02	1.337461e-01	-2.506601e-04	-5.543937e-02	3.803558e-04	9.975783e-04
2.354100e+03	-2.585502e-02	1.400715e-01	-4.637448e-04	2.558484e-02	2.440025e-04	2.413710e-04
2.366490e+03	-9.694570e-02	1.008562e-01	-5.067872e-04	9.759624e-02	-1.407606e-04	-6.558096e-04
2.378880e+03	-1.319972e-01	2.651071e-02	-1.814214e-04	1.329983e-01	-4.405088e-04	-1.572725e-03
2.391270e+03	-1.153808e-01	-5.347392e-02	9.045272e-05	1.173843e-01	-5.296778e-04	-2.274652e-03
2.403660e+03	-5.504349e-02	-1.046589e-01	3.101118e-04	5.779304e-02	-3.841648e-04	-2.753600e-03
2.416050e+03	2.071666e-02	-1.048020e-01	4.313323e-04	-1.763885e-02	-1.311144e-04	-3.136200e-03
2.428440e+03	7.321593e-02	-5.993908e-02	2.930678e-04	-6.971489e-02	1.482480e-04	-3.504105e-03
2.440830e+03	8.025782e-02	-5.387943e-04	1.015107e-04	-7.675933e-02	2.910098e-04	-3.530012e-03
2.453220e+03	5.048233e-02	4.020281e-02	-1.038502e-04	-4.689138e-02	3.799002e-04	-3.586173e-03
2.465610e+03	1.128102e-02	4.732213e-02	-2.281011e-04	-7.899981e-03	2.048959e-04	-3.346481e-03
2.478000e+03	-1.301512e-02	3.069466e-02	-3.039782e-04	1.591732e-02	1.369107e-05	-2.850296e-03
2.490390e+03	-1.585199e-02	1.204055e-02	-1.456780e-04	1.859072e-02	-2.948365e-04	-2.714432e-03
2.502780e+03	-9.829916e-03	6.394731e-03	-2.256324e-05	1.207647e-02	-2.633228e-04	-2.242415e-03
2.515170e+03	-1.100246e-02	9.564005e-03	1.567497e-04	1.256084e-02	-2.001148e-04	-1.594373e-03
2.527560e+03	-2.280573e-02	7.479725e-03	2.006192e-04	2.356002e-02	-2.613659e-05	-7.139123e-04
2.539950e+03	-3.279760e-02	-9.898291e-03	2.393160e-04	3.259586e-02	1.955955e-04	2.439218e-04
2.552340e+03	-2.581406e-02	-3.538727e-02	4.821336e-05	2.468128e-02	2.532652e-04	1.153349e-03
2.564730e+03	2.010050e-03	-5.156730e-02	-9.526049e-05	-3.639928e-03	1.922845e-04	1.621124e-03
2.577120e+03	4.014458e-02	-4.469084e-02	-1.667606e-04	-4.192766e-02	1.412324e-05	1.753026e-03
2.589510e+03	6.775459e-02	-8.518335e-03	-6.567433e-05	-6.926259e-02	-8.442326e-05	1.508058e-03
2.601900e+03	6.374654e-02	4.073398e-02	-6.282265e-05	-6.468735e-02	-4.453539e-05	1.048027e-03
2.614290e+03	2.405329e-02	7.801603e-02	9.170406e-06	-2.427909e-02	-6.641381e-05	2.316462e-04
2.626680e+03	-3.376647e-02	7.951289e-02	5.780460e-05	3.442916e-02	-1.044524e-05	-6.164601e-04
2.639070e+03	-8.018173e-02	4.109206e-02	4.829381e-06	8.160933e-02	-4.121917e-05	-1.398551e-03
2.651460e+03	-8.930601e-02	-2.201226e-02	1.072654e-04	9.109530e-02	-2.662048e-05	-1.821438e-03
2.663850e+03	-5.660658e-02	-7.709930e-02	5.956007e-05	5.839531e-02	-2.764694e-05	-1.825593e-03
2.676240e+03	6.403023e-03	-9.521245e-02	6.989519e-05	-5.320222e-03	-9.784241e-05	-1.162683e-03
2.688630e+03	6.858140e-02	-7.104624e-02	1.476045e-04	-6.852136e-02	-2.714455e-05	-7.783142e-05
2.701020e+03	9.520495e-02	-9.568773e-03	9.736922e-05	-9.647426e-02	9.130599e-05	1.163778e-03
2.713410e+03	7.892136e-02	5.666748e-02	3.833606e-05	-8.101958e-02	1.534906e-04	2.152449e-03
2.725800e+03	2.314719e-02	9.198336e-02	-1.874542e-04	-2.569273e-02	1.999155e-04	2.508052e-03
2.738190e+03	-4.333504e-02	8.436284e-02	-2.377966e-04	4.094885e-02	4.987365e-05	2.367868e-03
2.750580e+03	-8.416776e-02	3.614015e-02	-2.924767e-04	8.256614e-02	-9.144744e-05	1.688974e-03
2.762970e+03	-8.327846e-02	-2.800771e-02	-1.373707e-04	8.246024e-02	-2.199982e-04	7.837908e-04
2.775360e+03	-4.123609e-02	-7.177396e-02	2.927645e-05	4.119256e-02	-2.530838e-04	4.265133e-05
2.787750e+03	1.799129e-02	-7.461054e-02	1.888620e-04	-1.763452e-02	-1.742793e-04	-3.780033e-04
2.800140e+03	5.874140e-02	-3.802386e-02	2.535822e-04	-5.826201e-02	-1.006238e-05	-4.706419e-04
2.812530e+03	5.995355e-02	1.386502e-02	1.939437e-04	-5.963270e-02	2.094768e-04	-3.436214e-04
2.824920e+03	2.618721e-02	4.580100e-02	-1.378816e-05	-2.593400e-02	3.247683e-04	-2.412449e-04
2.837310e+03	-1.484546e-02	4.046091e-02	-2.374469e-04	1.518732e-02	1.936630e-04	-3.904426e-04
2.849700e+03	-3.110000e-02	8.580698e-03	-2.544362e-04	3.194284e-02	-9.048582e-05	-7.835360e-04
2.862090e+03	-1.713239e-02	-2.007536e-02	-9.108703e-05	1.838382e-02	-2.797948e-04	-1.229218e-03
2.874480e+03	1.251018e-02	-2.135764e-02	1.835332e-04	-1.076864e-02	-3.055726e-04	-1.686486e-03
2.886870e+03	2.699839e-02	3.515573e-03	3.515352e-04	-2.519839e-02	-5.655037e-05	-1.821109e-03
2.899260e+03	1.358951e-02	3.121733e-02	2.586639e-04	-1.202721e-02	2.424758e-04	-1.573950e-03
2.911650e+03	-2.053995e-02	3.495769e-02	-1.455185e-05	2.168621e-02	3.838204e-04	-1.163694e-03
2.924040e+03	-4.591397e-02	7.753145e-03	-2.795335e-04	4.643439e-02	2.547616e-04	-5.722205e-04
2.936430e+03	-4.189892e-02	-3.250015e-02	-3.802621e-04	4.206822e-02	8.506481e-06	-1.625443e-04
2.948820e+03	-5.885344e-03	-5.797803e-02	-2.665209e-04	5.722368e-03	-2.517148e-04	1.655092e-04
2.961210e+03	3.973160e-02	-4.809570e-02	-2.242527e-04	-3.983905e-02	-3.778598e-04	1.851697e-04
2.973600e+03	6.419116e-02	-6.996454e-03	2.046201e-04	-6.475660e-02	-2.495069e-04	5.999362e-04
2.985990e+03	5.399202e-02	4.199255e-02	2.422548e-04	-5.482620e-02	-7.618621e-05	8.605316e-04
2.998380e+03	9.722144e-03	7.068532e-02	1.194383e-04	-1.083563e-02	1.555373e-04	1.122072e-03
3.010770e+03	-4.354403e-02	6.039090e-02	9.879275e-05	4.194828e-02	1.324058e-04	1.553137e-03
3.023160e+03	-7.390000e-02	1.451514e-02	-2.261721e-04	7.259965e-02	2.103675e-04	1.260846e-03
3.035550e+03	-6.480156e-02	-4.203454e-02	-8.082087e-05	6.337388e-02	-1.027397e-05	1.347258e-03
3.047940e+03	-1.698107e-02	-7.398034e-02	3.960838e-04	1.614567e-02	3.791831e-04	8.618901e-04
3.060330e+03	3.949380e-02	-6.476692e-02	2.113740e-05	-3.991997e-02	-4.058489e-05	3.254575e-04
3.072720e+03	7.320995e-02	-1.412854e-02	1.319268e-04	-7.256930e-02	5.746454e-05	-4.486809e-04
3.085110e+03	5.999897e-02	4.362611e-02	-2.215303e-05	-5.896757e-02	8.610555e-05	-1.033899e-03
3.097500e+03	8.247092e-03	7.117989e-02	-9.288767e-05	-6.760553e-03	2.902200e-05	-1.486871e-03
3.109890e+03	-4.533907e-02	5.142113e-02	-1.369473e-04	4.689651e-02	-7.437299e-05	-1.508947e-03
3.122280e+03	-6.411003e-02	-1.396077e-04	-1.418798e-04	6.516582e-02	-2.667153e-04	-9.349431e-04
3.134670e+03	-4.195870e-02	-4.695780e-02	3.520083e-04	4.246048e-02	-2.755042e-04	-4.355343e-04
3.147060e+03	7.061119e-03	-5.959743e-02	2.832767e-04	-7.133666e-03	-4.896349e-05	7.404649e-05
3.159450e+03	4.754503e-02	-3.239364e-02	2.833371e-04	-4.786959e-02	6.795389e-04	4.019865e-04
3.171840e+03	5.230215e-02	1.308397e-02	4.437317e-05	-5.309842e-02	3.744161e-04	8.031548e-04
3.184230e+03	2.221821e-02	4.530861e-02	-4.969384e-04	-2.322241e-02	3.786494e-04	1.028791e-03
3.196620e+03	-1.880840e-02	4.392567e-02	-6.148714e-04	1.819879e-02	2.056074e-04	6.627193e-04
3.209010e+03	-4.267661e-02	1.325996e-02	-3.398759e-04	4.167123e-02	-1.616825e-04	9.436625e-04
3.221400e+03	-3.576221e-02	-2.333041e-02	-5.529925e-05	3.509432e-02	1.728515e-04	6.490072e-04
3.233790e+03	-2.911761e-03	-3.956089e-02	1.220596e-04	2.190770e-03	-3.007638e-04	7.166311e-04
3.246180e+03	2.924801e-02	-2.479862e-02	3.408979e-04	-2.968980e-02	-5.352560e-05	4.102615e-04
3.258570e+03	3.572612e-02	8.775602e-03	1.964438e-04	-3.605684e-02	3.156632e-04	3.204235e-04
3.270960e+03	1.328733e-02	3.407842e-02	1.467263e-04	-1.290042e-02	2.989703e-04	-3.924178e-04
3.283350e+03	-2.055367e-02	3.048613e-02	-1.102649e-04	2.165361e-02	3.531768e-04	-1.059933e-03
3.295740e+03	-3.739894e-02	-2.356991e-04	-2.349133e-04	3.867349e-02	1.552376e-04	-1.184402e-03
3.308130e+03	-2.282072e-02	-3.303022e-02	-1.716334e-04	2.424857e-02	-1.558845e-04	-1.396197e-03
3.320520e+03	1.337337e-02	-4.079468e-02	-9.359614e-05	-1.226008e-02	-3.324492e-04	-1.081795e-03
3.332910e+03	4.266978e-02	-1.623659e-02	2.382405e-04	-4.201521e-02	-1.422012e-04	-6.390059e-04
3.345300e+03	4.216323e-02	2.405566e-02	1.912944e-04	-4.165682e-02	-8.348954e-05	-4.794242e-04
3.357690e+03	9.844326e-03	5.024160e-02	2.038110e-04	-1.006426e-02	1.858904e-04	2.092700e-04
3.370080e+03	-3.228565e-02	4.351914e-02	2.627222e-05	3.173583e-02	2.518556e-04	5.329008e-04
3.382470e+03	-5.616317e-02	5.886516e-03	-1.402499e-04	5.536585e-02	2.727583e-04	7.917007e-04
3.394860e+03	-4.472143e-02	-3.758072e-02	-1.560059e-04	4.365243e-02	4.724088e-05	1.035679e-03
3.407250e+03	-3.735918e-03	-5.867796e-02	-1.684459e-04	2.592748e-03	-1.154210e-04	1.138343e-03
3.419640e+03	4.102967e-02	-4.392886e-02	-2.078818e-04	-4.174789e-02	-8.088514e-04	6.835660e-04
3.432030e+03	5.894099e-02	-2.358061e-04	1.167965e-04	-5.981392e-02	-7.300224e-05	8.882770e-04
3.444420e+03	4.129512e-02	4.381049e-02	1.248063e-04	-4.171703e-02	6.179998e-06	4.796011e-04
3.456810e+03	-3.490856e-03	5.837354e-02	8.553187e-05	3.274784e-03	3.748463e-05	1.363515e-04
3.469200e+03	-4.526971e-02	3.765552e-02	1.685207e-04	4.614087e-02	2.747509e-04	-8.880261e-04
3.481590e+03	-5.600821e-02	-9.012786e-03	1.301954e-06	5.652259e-02	4.897980e-05	-6.127445e-04
3.493980e+03	-3.041080e-02	-4.803288e-02	-1.020010e-04	3.120226e-02	1.517434e-04	-7.729829e-04
3.506370e+03	1.566118e-02	-5.338327e-02	6.045670e-05	-1.496195e-02	1.163539e-04	-7.385378e-04
3.518760e+03	5.001180e-02	-2.256550e-02	-6.180863e-05	-4.928320e-02	-5.564153e-05	-7.252364e-04
3.531150e+03	4.862988e-02	2.178723e-02	-4.522607e-05	-4.822155e-02	-1.997677e-05	-4.268592e-04
3.543540e+03	1.297534e-02	4.985314e-02	-3.881430e-04	-1.335455e-02	8.665572e-05	3.119307e-04
3.555930e+03	-2.747559e-02	4.129875e-02	5.080541e-06	2.749221e-02	-1.028752e-04	-2.731787e-07
3.568320e+03	-4.711925e-02	5.822146e-03	6.718109e-05	4.691573e-02	-7.151631e-05	2.358255e-04
3.580710e+03	-3.424802e-02	-3.161657e-02	1.457897e-04	3.394844e-02	1.015649e-05	3.236193e-04
3.593100e+03	1.116362e-03	-4.416485e-02	1.487753e-04	-1.607513e-03	3.717634e-05	4.805274e-04
3.605490e+03	3.408189e-02	-2.683458e-02	1.116977e-04	-3.458206e-02	1.791344e-04	5.493945e-04
3.617880e+03	4.074229e-02	8.644127e-03	-3.291587e-05	-4.124072e-02	1.086347e-04	4.907752e-04
3.630270e+03	1.872363e-02	3.689068e-02	-4.118881e-04	-1.932268e-02	2.489028e-04	6.898157e-04
3.642660e+03	-1.625665e-02	3.684619e-02	-2.136463e-05	1.619445e-02	-1.044857e-04	2.933607e-05
3.655050e+03	-3.757455e-02	1.108142e-02	-1.190947e-04	3.754382e-02	-1.598138e-04	4.599810e-05
3.667440e+03	-3.197766e-02	-2.323309e-02	9.224226e-05	3.205466e-02	-2.668688e-04	-1.350620e-04
3.679830e+03	-1.520329e-03	-3.757653e-02	1.186416e-04	2.426063e-03	4.890875e-05	-8.595794e-04
3.692220e+03	2.934932e-02	-2.553502e-02	1.913357e-04	-2.874590e-02	5.953376e-05	-6.016114e-04
3.704610e+03	3.738169e-02	7.362394e-03	1.284237e-04	-3.672311e-02	1.927581e-04	-6.314924e-04
3.717000e+03	1.817519e-02	3.462895e-02	5.411100e-05	-1.755807e-02	1.527601e-04	-6.330895e-04
3.729390e+03	-1.594474e-02	3.586322e-02	-2.000297e-04	1.624390e-02	8.240165e-05	-3.271431e-04
3.741780e+03	-3.858565e-02	9.985178e-03	-1.479072e-04	3.870711e-02	-1.163834e-04	-1.352629e-04
3.754170e+03	-3.318400e-02	-2.385103e-02	2.446588e-05	3.305311e-02	-1.762319e-04	9.157458e-05
3.766560e+03	-2.998994e-03	-4.091606e-02	1.972427e-04	2.789153e-03	-2.049231e-04	2.175774e-04
3.778950e+03	2.973486e-02	-2.954892e-02	1.609625e-04	-3.011802e-02	1.815990e-04	4.096924e-04
3.791340e+03	4.199148e-02	3.471534e-03	1.787876e-04	-4.259148e-02	1.751081e-04	6.249977e-04
3.803730e+03	2.539220e-02	3.489409e-02	-3.205292e-05	-2.599275e-02	2.616480e-04	6.331626e-04
3.816120e+03	-9.156620e-03	4.253546e-02	-1.765261e-04	8.458832e-03	1.730433e-04	6.467467e-04
3.828510e+03	-3.856957e-02	2.112341e-02	-1.143730e-04	3.824366e-02	1.629356e-05	3.839503e-04
3.840900e+03	-4.159867e-02	-1.451435e-02	-1.601486e-04	4.139314e-02	-2.651122e-04	2.318872e-04
3.853290e+03	-1.573978e-02	-4.050829e-02	1.489784e-04	1.582997e-02	-1.919990e-04	-4.470378e-05
3.865680e+03	2.029526e-02	-3.822912e-02	1.821098e-04	-2.008286e-02	-4.323997e-05	-2.015490e-04
3.878070e+03	4.165899e-02	-4.673883e-03	1.751095e-04	-4.123330e-02	1.753499e-04	-4.202063e-04
3.890460e+03	3.364148e-02	2.534517e-02	-6.581381e-05	-3.328001e-02	2.435308e-04	-4.063323e-04
3.902850e+03	2.154409e-03	4.118141e-02	1.921345e-06	-1.814817e-03	2.912940e-04	-3.423196e-04
3.915240e+03	-3.005554e-02	2.762009e-02	-2.127756e-04	3.081176e-02	-1.111039e-05	-7.398713e-04
3.927630e+03	-3.962551e-02	-5.276478e-03	-2.379399e-05	4.008996e-02	-2.812879e-05	-4.407055e-04
3.940020e+03	-2.137405e-02	-3.406558e-02	6.745451e-05	2.130099e-02	-2.263856e-04	2.180752e-05
3.952410e+03	1.179182e-02	-3.765756e-02	2.404781e-04	-1.197248e-02	-1.142394e-04	1.842031e-04
3.964800e+03	3.563260e-02	-1.532486e-02	6.244713e-04	-3.573216e-02	-2.713400e-04	1.033516e-04
3.977190e+03	3.430015e-02	1.739114e-02	1.777964e-04	-3.457663e-02	3.351574e-04	2.887186e-04
3.989580e+03	9.152122e-03	3.632173e-02	-8.861334e-05	-9.548042e-03	2.747463e-04	4.121167e-04
4.001970e+03	-2.233622e-02	3.040087e-02	-2.562897e-04	2.193851e-02	1.450796e-04	4.209174e-04
4.014360e+03	-3.572750e-02	3.269043e-03	-1.745488e-04	3.539047e-02	-1.306038e-04	3.281256e-04
4.026750e+03	-2.588088e-02	-2.583089e-02	-4.974788e-05	2.567946e-02	-2.040370e-04	2.299930e-04
4.039140e+03	2.847728e-03	-3.474429e-02	1.088098e-04	-3.101250e-03	-2.185869e-04	2.365761e-04
4.051530e+03	2.884712e-02	-2.016476e-02	1.126129e-04	-2.880102e-02	-1.398967e-04	-7.571720e-05
4.063920e+03	3.284246e-02	9.610536e-03	2.277691e-04	-3.264328e-02	1.301067e-04	-1.935078e-04
4.076310e+03	1.384656e-02	3.102002e-02	7.028518e-05	-1.350205e-02	2.592360e-04	-3.503542e-04
4.088700e+03	-1.528938e-02	2.994333e-02	-1.147915e-04	1.568938e-02	2.759959e-04	-3.830036e-04
4.101090e+03	-3.232850e-02	6.507084e-03	-5.666103e-04	3.295354e-02	-1.649605e-04	-5.955115e-04
4.113480e+03	-2.582547e-02	-2.081653e-02	-1.016763e-04	2.594710e-02	-2.748132e-05	-1.576516e-04
4.125870e+03	-5.298992e-05	-3.243887e-02	3.120368e-05	3.886638e-04	-4.462316e-05	-3.333997e-04
4.138260e+03	2.503021e-02	-2.102772e-02	9.681168e-05	-2.501491e-02	-4.726719e-05	4.456615e-05
4.150650e+03	3.159819e-02	5.828509e-03	1.592534e-04	-3.179804e-02	3.660836e-05	1.929430e-04
4.163040e+03	1.586855e-02	2.813474e-02	1.298859e-04	-1.618518e-02	1.777914e-04	3.682533e-04
4.175430e+03	-1.109927e-02	3.059267e-02	5.070038e-05	1.072852e-02	1.267348e-04	3.712536e-04
4.187820e+03	-3.047022e-02	1.098731e-02	-1.016876e-04	3.006973e-02	1.252215e-04	3.310980e-04
4.200210e+03	-2.814514e-02	-1.554689e-02	-6.184736e-05	2.786410e-02	6.692513e-05	2.739510e-04
4.212600e+03	-6.006112e-03	-3.105701e-02	-6.246595e-05	5.793636e-03	-8.035522e-05	2.138804e-04
4.224990e+03	1.957250e-02	-2.459571e-02	2.289564e-05	-1.973639e-02	-3.625106e-05	1.131957e-04
4.237380e+03	3.088887e-02	-6.562146e-04	4.335475e-05	-3.088861e-02	-7.729462e-05	-2.647640e-05
4.249770e+03	2.022185e-02	2.315245e-02	2.193728e-04	-1.984900e-02	8.256050e-05	-4.112520e-04
4.262160e+03	-4.346204e-03	2.983549e-02	-7.277183e-06	4.665182e-03	9.315417e-05	-3.267107e-04
4.274550e+03	-2.577634e-02	1.542114e-02	-4.733960e-05	2.606314e-02	8.314616e-05	-3.685072e-04
4.286940e+03	-2.774741e-02	-9.549230e-03	7.267757e-06	2.821525e-02	5.563871e-05	-4.538646e-04
4.299330e+03	-1.033002e-02	-2.731504e-02	6.459722e-05	1.082329e-02	8.530185e-05	-4.782184e-04
4.311720e+03	1.425326e-02	-2.541824e-02	7.040279e-05	-1.426553e-02	7.428222e-05	-1.606104e-05
4.324110e+03	2.751407e-02	-5.652966e-03	-1.700000e-05	-2.745082e-02	2.282674e-05	-5.187081e-05
4.336500e+03	2.198733e-02	1.783139e-02	-2.060338e-05	-2.206397e-02	-1.994861e-05	1.144651e-04
4.348890e+03	7.751148e-04	2.709737e-02	-6.026114e-05	-9.603971e-04	1.701826e-05	1.861323e-04
4.361280e+03	-2.068489e-02	1.834118e-02	-1.329247e-04	2.038536e-02	-7.216878e-06	2.601271e-04
4.373670e+03	-2.645189e-02	-3.478153e-03	7.840702e-05	2.615130e-02	-4.823103e-05	2.943409e-04
4.386060e+03	-1.486115e-02	-2.237461e-02	4.623013e-05	1.466911e-02	1.383335e-05	2.716064e-04
4.398450e+03	7.503589e-03	-2.484734e-02	8.414093e-05	-7.703589e-03	9.271451e-06	1.288759e-04
4.410840e+03	2.352918e-02	-1.051263e-02	7.062662e-05	-2.364651e-02	1.560296e-04	1.475586e-04
4.423230e+03	2.277535e-02	1.132030e-02	-5.298553e-05	-2.268422e-02	7.494971e-05	-2.015581e-05
4.435620e+03	5.888461e-03	2.410374e-02	-1.003337e-04	-5.786583e-03	1.014945e-04	-8.678843e-05
4.448010e+03	-1.450392e-02	1.992587e-02	-1.619995e-04	1.470329e-02	-9.010075e-06	-1.851634e-04
4.460400e+03	-2.362770e-02	1.166954e-03	-3.344704e-05	2.400512e-02	-1.827163e-04	-3.753296e-04
4.472790e+03	-1.614789e-02	-1.755309e-02	1.027754e-04	1.635435e-02	-9.370954e-05	-2.600313e-04
4.485180e+03	3.324003e-03	-2.299616e-02	3.354709e-04	-2.885450e-03	-5.571513e-06	-4.437709e-04
4.497570e+03	1.994401e-02	-1.217374e-02	6.009887e-05	-1.967518e-02	1.408460e-06	-3.041800e-04
4.509960e+03	2.172733e-02	7.168334e-03	-2.355026e-05	-2.152680e-02	3.045151e-04	-2.008727e-04
4.522350e+03	7.746724e-03	2.119601e-02	-3.483524e-06	-7.633501e-03	2.592315e-05	-1.149052e-04
4.534740e+03	-1.093710e-02	1.945320e-02	-1.485990e-04	1.075302e-02	-3.106958e-05	1.930745e-04
4.547130e+03	-2.175580e-02	3.842007e-03	-2.008266e-04	2.165591e-02	-5.179248e-05	1.024025e-04
4.559520e+03	-1.702303e-02	-1.396694e-02	4.902843e-05	1.661959e-02	-1.824286e-04	3.736835e-04
4.571910e+03	-2.943195e-04	-2.125421e-02	1.210059e-04	3.642391e-05	-4.122818e-05	2.575485e-04
4.584300e+03	1.602225e-02	-1.372269e-02	1.138343e-04	-1.635380e-02	1.931621e-05	2.711313e-04
4.596690e+03	2.041441e-02	3.437308e-03	9.354128e-05	-2.058532e-02	1.533062e-04	1.277667e-04
4.609080e+03	1.030143e-02	1.801941e-02	-1.001224e-04	-1.020464e-02	4.784517e-05	-1.005303e-04
4.621470e+03	-7.148514e-03	1.908017e-02	-9.289091e-05	7.255942e-03	1.629673e-04	-6.029209e-05
4.633860e+03	-1.884041e-02	6.567437e-03	-1.022301e-04	1.904041e-02	-3.238297e-05	-1.788506e-04
4.646250e+03	-1.700043e-02	-1.054720e-02	6.371963e-07	1.705217e-02	-8.811155e-05	-6.595253e-05
4.658640e+03	-2.772704e-03	-1.917420e-02	9.043544e-05	3.042793e-03	-6.719627e-05	-2.493761e-04
4.671030e+03	1.337595e-02	-1.460356e-02	1.428646e-04	-1.317828e-02	1.802544e-05	-1.566261e-04
4.683420e+03	1.916788e-02	7.133328e-04	1.468142e-05	-1.876576e-02	-9.201333e-05	-4.809121e-04
4.695810e+03	1.214716e-02	1.545724e-02	7.415413e-05	-1.187871e-02	2.523616e-04	-3.090318e-04
4.708200e+03	-5.571290e-03	1.848974e-02	-1.195562e-04	5.556649e-03	1.386131e-04	1.961395e-05
4.720590e+03	-1.749664e-02	8.805409e-03	-3.177335e-04	1.722048e-02	2.881234e-05	2.321143e-04
4.732980e+03	-1.782219e-02	-7.193843e-03	-3.438059e-05	1.762393e-02	-1.082345e-04	1.557623e-04
4.745370e+03	-5.941128e-03	-1.775291e-02	9.328912e-05	5.669187e-03	-1.822491e-04	2.709788e-04
4.757760e+03	9.743181e-03	-1.591659e-02	1.301374e-04	-9.962964e-03	-7.307603e-05	2.539994e-04
4.770150e+03	1.760000e-02	-2.749022e-03	2.479753e-04	-1.776742e-02	4.618294e-06	1.175057e-04
4.782540e+03	1.356518e-02	1.218215e-02	6.619504e-05	-1.366944e-02	9.031533e-05	1.047525e-04
4.794930e+03	-5.472692e-04	1.749327e-02	-4.911545e-05	5.092362e-04	1.662934e-04	3.983284e-05
4.807320e+03	-1.393546e-02	1.117881e-02	-8.422690e-05	1.403626e-02	7.912481e-05	-6.576654e-05
4.819710e+03	-1.688221e-02	-3.562642e-03	-1.050000e-04	1.703473e-02	-1.777949e-05	-1.575299e-04
4.832100e+03	-8.350070e-03	-1.528132e-02	-3.265338e-05	8.447318e-03	-8.574150e-05	-1.697379e-04
4.844490e+03	6.420468e-03	-1.593848e-02	2.482161e-05	-6.283978e-03	-1.126030e-04	-1.440000e-04
4.856880e+03	1.605224e-02	-5.144807e-03	9.170135e-05	-1.585108e-02	-3.318988e-05	-2.034188e-04
4.869270e+03	1.427433e-02	8.936745e-03	1.380414e-04	-1.408119e-02	5.574224e-05	-1.338989e-04
4.881660e+03	1.933486e-03	1.619405e-02	4.685141e-05	-1.916095e-03	9.817538e-05	-2.315203e-05
4.894050e+03	-1.125480e-02	1.198668e-02	-3.477483e-05	1.122714e-02	7.530406e-05	1.413438e-05
4.906440e+03	-1.619114e-02	-9.636806e-04	-4.672819e-05	1.599183e-02	9.499107e-05	1.438512e-04
4.918830e+03	-9.787300e-03	-1.297898e-02	-8.150677e-05	9.583483e-03	4.868645e-06	1.820378e-04
4.931220e+03	3.349185e-03	-1.560351e-02	1.822153e-05	-3.574956e-03	-2.259993e-05	2.282391e-04
4.943610e+03	1.385023e-02	-6.860951e-03	-1.606993e-04	-1.441041e-02	1.774798e-04	4.513279e-04
4.956000e+03	1.434359e-02	5.908196e-03	1.032533e-04	-1.446414e-02	-4.299490e-05	1.411924e-04
4.968390e+03	4.262133e-03	1.465844e-02	1.254886e-04	-4.383258e-03	-5.236534e-05	1.068251e-04
4.980780e+03	-8.264378e-03	1.256079e-02	-4.657100e-05	8.304994e-03	1.257169e-04	-4.231591e-05
4.993170e+03	-1.447833e-02	1.619143e-03	-3.504348e-05	1.457823e-02	4.650803e-05	-7.693322e-05
5.005560e+03	-1.028141e-02	-1.023629e-02	-2.654832e-05	1.047310e-02	5.448043e-05	-1.993066e-04
5.017950e+03	1.179651e-03	-1.400021e-02	-4.808720e-05	-1.023807e-03	1.836607e-05	-1.554798e-04
5.030340e+03	1.164309e-02	-8.070685e-03	4.258756e-05	-1.144169e-02	-6.449977e-06	-1.259991e-04
5.042730e+03	1.324831e-02	3.806726e-03	3.056101e-05	-1.314777e-02	5.261839e-06	-5.941607e-05
5.055120e+03	5.729996e-03	1.238595e-02	5.457195e-05	-5.630232e-03	-6.817859e-05	-1.079925e-04
5.067510e+03	-6.025556e-03	1.206390e-02	2.476848e-05	6.058045e-03	-4.939269e-05	-2.497982e-05
5.079900e+03	-1.295022e-02	3.129931e-03	-2.083896e-05	1.295006e-02	4.160733e-05	2.029653e-05
5.092290e+03	-1.066209e-02	-7.935370e-03	2.305526e-05	1.065995e-02	-8.788734e-06	5.599381e-05
5.104680e+03	-7.323939e-04	-1.289055e-02	8.847715e-06	5.991153e-04	8.496297e-06	1.345151e-04
5.117070e+03	9.476939e-03	-8.967866e-03	2.082915e-06	-9.551597e-03	-3.719742e-05	1.375178e-04
5.129460e+03	1.172173e-02	2.071308e-03	-9.692533e-05	-1.239827e-02	-5.998754e-05	7.009927e-04
5.141850e+03	6.915846e-03	1.067340e-02	1.840394e-05	-6.857679e-03	2.097330e-05	-5.769671e-06
5.154240e+03	-3.873427e-03	1.204187e-02	-2.992737e-05	3.779943e-03	-1.907600e-05	9.599374e-05
5.166630e+03	-1.159067e-02	4.637837e-03	-4.344837e-05	1.159603e-02	-1.597254e-05	2.053969e-06
5.179020e+03	-1.098519e-02	-5.785434e-03	3.781675e-05	1.099750e-02	-4.328752e-06	-2.906033e-05
5.191410e+03	-2.391681e-03	-1.159955e-02	-3.396253e-05	2.522383e-03	6.541863e-05	-1.278465e-04
5.203800e+03	7.409647e-03	-9.246037e-03	1.230279e-05	-7.322239e-03	3.285709e-05	-9.282134e-05
5.216190e+03	1.135334e-02	-2.954530e-04	2.480142e-05	-1.120651e-02	5.687961e-05	-1.939510e-04
5.228580e+03	7.477018e-03	8.815480e-03	-1.148761e-04	-7.341198e-03	3.796569e-04	-1.134120e-04
5.240970e+03	-2.042645e-03	1.081279e-02	-4.820729e-05	2.074630e-03	-5.434871e-05	-3.728649e-05
5.253360e+03	-9.616679e-03	5.518358e-03	-2.112238e-05	9.597432e-03	-2.125322e-05	3.377303e-06
5.265750e+03	-1.025509e-02	-3.985826e-03	3.570741e-05	1.018066e-02	-3.887729e-05	5.872251e-05
5.278140e+03	-3.492579e-03	-1.021831e-02	-1.025259e-05	3.673950e-03	-1.363131e-04	-1.596632e-04
5.290530e+03	5.329747e-03	-9.247845e-03	1.094433e-04	-5.478782e-03	7.188358e-05	1.474751e-04
5.302920e+03	1.023262e-02	-1.681179e-03	1.688365e-05	-1.033060e-02	6.665926e-05	8.882941e-05
5.315310e+03	7.881049e-03	6.703614e-03	-1.499683e-04	-7.985343e-03	-7.726341e-05	1.072512e-04
5.327700e+03	-2.874943e-04	1.019609e-02	-6.008242e-05	2.406965e-04	3.067155e-05	4.485874e-05
5.340090e+03	-7.969737e-03	6.180716e-03	-4.930544e-05	7.959381e-03	-3.684825e-05	1.805659e-05
5.352480e+03	-9.773116e-03	-2.042412e-03	1.319463e-05	9.741620e-03	-3.477642e-05	3.044579e-05
5.364870e+03	-4.418694e-03	-8.685544e-03	4.094572e-05	4.441711e-03	-3.946537e-05	-2.513262e-05
5.377260e+03	3.719634e-03	-8.815369e-03	8.670192e-05	-3.666840e-03	-1.594239e-06	-5.085774e-05
5.389650e+03	8.814248e-03	-2.707017e-03	4.249896e-05	-8.748421e-03	8.887960e-05	-6.375199e-05
5.402040e+03	7.644779e-03	5.128983e-03	-1.585962e-05	-7.604942e-03	1.061498e-04	-4.578821e-05
5.414430e+03	9.303385e-04	8.767458e-03	-4.429563e-05	-8.295053e-04	6.353231e-05	-9.814392e-05
5.426820e+03	-6.271527e-03	6.341499e-03	-7.845414e-05	6.310568e-03	1.950052e-05	-4.492959e-05
5.439210e+03	-8.567968e-03	-8.054940e-04	-3.127531e-05	8.587968e-03	-8.704847e-05	-1.844038e-05
5.451600e+03	-4.950315e-03	-7.132211e-03	2.602085e-05	4.940814e-03	-3.772567e-05	7.850517e-06
5.463990e+03	2.279956e-03	-8.111395e-03	7.849053e-05	-2.309225e-03	-1.741644e-05	3.163929e-05
5.476380e+03	7.701067e-03	-3.331521e-03	8.916279e-05	-7.747153e-03	-2.390870e-05	4.687096e-05
5.488770e+03	7.287853e-03	3.688687e-03	5.964676e-05	-7.331096e-03	6.956352e-05	4.705068e-05
5.501160e+03	1.707488e-03	8.000691e-03	-3.466505e-05	-1.759646e-03	8.017209e-05	4.345941e-05
5.513550e+03	-5.020749e-03	6.326594e-03	-6.072699e-05	4.966464e-03	3.196494e-05	5.646330e-05
5.525940e+03	-7.924197e-03	2.109033e-04	-3.863675e-05	7.924462e-03	2.357251e-05	-2.164654e-06
5.538330e+03	-5.217926e-03	-5.846826e-03	8.310418e-06	5.219924e-03	-4.063324e-05	-2.206215e-06
5.550720e+03	1.073675e-03	-7.465750e-03	5.458984e-05	-1.047750e-03	-7.343709e-05	-2.501181e-05
5.563110e+03	6.343692e-03	-3.896546e-03	6.670957e-05	-6.263545e-03	3.591039e-05	-8.349152e-05
5.575500e+03	6.752293e-03	2.486463e-03	5.734630e-05	-6.689831e-03	7.116981e-05	-5.574133e-05
5.587890e+03	2.417469e-03	6.540180e-03	6.198022e-06	-2.362948e-03	6.189868e-05	-5.212404e-05
5.600280e+03	-3.470585e-03	5.838743e-03	-5.894694e-05	3.284626e-03	-7.109707e-05	1.853560e-04
5.612670e+03	-6.776823e-03	1.017725e-03	-5.859480e-05	6.757538e-03	3.777483e-05	3.407323e-05
5.625060e+03	-5.045453e-03	-4.673838e-03	-3.024544e-05	5.035397e-03	-2.149047e-05	8.125179e-06
5.637450e+03	4.200726e-04	-6.662109e-03	2.497714e-05	-4.496152e-04	-3.056261e-05	2.564694e-05
5.649840e+03	5.285025e-03	-3.913858e-03	3.814924e-05	-5.292497e-03	-2.062517e-05	1.838885e-05
5.662230e+03	6.317526e-03	1.553087e-03	5.892524e-05	-6.384308e-03	2.378783e-05	6.023425e-05
5.674620e+03	2.657263e-03	5.832082e-03	9.859929e-06	-2.665825e-03	5.954592e-05	9.796861e-06
5.687010e+03	-2.717158e-03	5.659124e-03	5.796556e-06	2.717963e-03	4.047641e-05	1.257300e-06
5.699400e+03	-5.906223e-03	1.475666e-03	-5.443856e-06	5.896502e-03	3.574274e-06	9.646544e-06
5.711790e+03	-4.825925e-03	-3.665610e-03	-3.117665e-05	4.797704e-03	1.789600e-05	3.169040e-05
5.724180e+03	-3.163414e-04	-5.729603e-03	2.383121e-05	3.269490e-04	-9.599125e-06	-7.946382e-06
5.736570e+03	4.316894e-03	-3.964492e-03	4.660294e-05	-4.317166e-03	3.012380e-06	8.307976e-06
5.748960e+03	5.537393e-03	8.723066e-04	2.387675e-05	-5.520915e-03	3.032590e-06	-2.133187e-05
5.761350e+03	2.896481e-03	4.841737e-03	1.874146e-05	-2.860884e-03	3.018626e-05	-3.912930e-05
5.773740e+03	-1.907442e-03	5.252024e-03	-1.121128e-05	1.907371e-03	6.248316e-05	2.991511e-06
5.786130e+03	-5.206867e-03	1.794780e-03	-1.777452e-06	5.241981e-03	-3.009583e-06	-4.144960e-05
5.798520e+03	-4.687987e-03	-2.765409e-03	-1.116082e-05	4.672796e-03	9.556990e-06	8.095958e-06
5.810910e+03	-8.134844e-04	-5.169999e-03	7.173157e-06	7.914691e-04	4.400000e-06	2.239997e-05
5.823300e+03	3.466900e-03	-3.873678e-03	1.961087e-05	-3.463543e-03	1.432423e-06	1.364363e-06
5.835690e+03	4.974273e-03	2.454978e-04	4.210593e-05	-5.006465e-03	3.006407e-06	2.472059e-05
5.848080e+03	2.934969e-03	4.067920e-03	8.521333e-07	-2.964471e-03	4.783576e-05	3.221426e-05
5.860470e+03	-1.235987e-03	4.710950e-03	8.779936e-06	1.238545e-03	7.723459e-07	-1.352858e-05
5.872860e+03	-4.393877e-03	2.059796e-03	8.135397e-05	4.520102e-03	4.460401e-05	-1.685229e-04
5.885250e+03	-4.420180e-03	-2.280714e-03	1.658513e-04	4.307908e-03	1.152860e-05	1.076140e-04
5.897640e+03	-1.334853e-03	-4.346366e-03	2.349434e-06	1.199194e-03	1.833718e-06	1.109127e-04
5.910030e+03	2.637402e-03	-3.789604e-03	-1.809128e-04	-2.544748e-03	-3.015507e-04	-1.191874e-04
5.922420e+03	4.475757e-03	-3.695864e-04	-2.186106e-05	-4.496638e-03	-8.082670e-05	3.009391e-05
5.934810e+03	3.090028e-03	3.302315e-03	7.128752e-06	-3.043825e-03	2.131989e-05	-5.359064e-05
5.947200e+03	-5.221463e-04	4.291912e-03	3.225830e-05	5.265789e-04	-1.221172e-05	-4.568982e-06
5.959590e+03	-3.678725e-03	2.297431e-03	1.461545e-05	3.647539e-03	-5.308235e-06	2.786134e-05
5.971980e+03	-3.902622e-03	-1.263042e-03	8.763623e-06	4.065274e-03	1.691457e-04	-1.885400e-04
5.984370e+03	-1.755636e-03	-3.779721e-03	2.766164e-05	1.544695e-03	-1.005348e-04	1.667246e-04
5.996760e+03	1.872298e-03	-3.584360e-03	6.281069e-06	-1.872024e-03	9.476678e-06	-2.148704e-06
6.009150e+03	3.764209e-03	-7.212318e-04	-1.200128e-05	-3.746098e-03	3.318937e-05	-8.216166e-06
6.021540e+03	3.104459e-03	2.423663e-03	-3.240068e-04	-2.634092e-03	6.089608e-05	-3.847990e-04
6.033930e+03	-1.552935e-04	3.799626e-03	1.270350e-05	1.854369e-04	-3.153473e-05	-3.106679e-05
6.046320e+03	-2.988802e-03	2.322322e-03	2.251539e-05	3.010888e-03	-1.498333e-05	-1.952920e-05
6.058710e+03	-3.640392e-03	-7.514013e-04	3.571950e-05	3.642871e-03	-3.176717e-06	3.529392e-06
6.071100e+03	-1.762287e-03	-3.222613e-03	6.879924e-05	1.732176e-03	5.752895e-06	2.819950e-05
6.083490e+03	1.360252e-03	-3.237741e-03	3.566109e-05	-1.377255e-03	3.167849e-05	1.884608e-05
6.095880e+03	3.173748e-03	-1.017653e-03	-3.277903e-05	-3.164069e-03	7.463156e-05	-2.120260e-05
6.108270e+03	2.733074e-03	1.762539e-03	1.027228e-05	-2.793695e-03	3.193631e-05	5.898034e-05
6.120660e+03	2.242881e-04	3.271348e-03	-5.149538e-05	-2.153790e-04	2.438062e-05	-7.289319e-06
6.133050e+03	-2.361719e-03	2.280361e-03	-4.841056e-05	2.360971e-03	-4.016143e-05	-1.959379e-06
6.145440e+03	-3.196143e-03	-3.629297e-04	2.396289e-05	3.207866e-03	-3.677255e-05	-1.927897e-05
6.157830e+03	-1.734117e-03	-2.555847e-03	5.870360e-05	1.737268e-03	-5.159008e-05	2.674196e-05
6.170220e+03	8.266587e-04	-3.045778e-03	-2.463945e-05	-8.271715e-04	-2.427748e-05	-2.428719e-06
6.182610e+03	2.838688e-03	-1.124402e-03	3.648533e-04	-2.698232e-03	2.103629e-04	-1.643136e-04
6.195000e+03	2.488105e-03	1.218441e-03	-1.070181e-04	-2.555959e-03	-5.385734e-05	8.018335e-05
6.207390e+03	6.879385e-04	2.868197e-03	6.076682e-05	-5.588195e-04	-1.189484e-04	-1.181808e-04
6.219780e+03	-1.915768e-03	1.947565e-03	-1.438310e-04	1.856190e-03	-2.822468e-06	5.644566e-05
6.232170e+03	-2.795242e-03	-3.788960e-05	-2.936686e-05	2.823563e-03	-4.363757e-05	-2.468303e-05
6.244560e+03	-1.765124e-03	-2.254632e-03	-3.015259e-06	1.763554e-03	-2.059014e-05	1.973213e-06
6.256950e+03	6.098031e-04	-2.739097e-03	2.225712e-05	-6.214829e-04	-3.999690e-05	1.201140e-05
6.269340e+03	2.325343e-03	-1.328052e-03	1.176635e-04	-2.393189e-03	4.074653e-05	6.083851e-05
6.281730e+03	2.411109e-03	1.129869e-03	5.756002e-05	-2.409819e-03	4.951374e-06	-2.306704e-06
6.294120e+03	6.850508e-04	2.455963e-03	9.528501e-06	-6.966820e-04	3.300152e-05	1.704859e-05
6.306510e+03	-1.620783e-03	2.049988e-03	1.864299e-05	1.626109e-03	6.312218e-05	-5.925647e-06
6.318900e+03	-2.572737e-03	1.403513e-04	-2.808770e-05	2.571717e-03	-1.050175e-05	1.839534e-06
6.331290e+03	-1.779227e-03	-1.830629e-03	5.135875e-06	1.791500e-03	-8.111984e-06	-1.239689e-05
6.343680e+03	2.982151e-04	-2.597304e-03	1.733931e-05	-2.950407e-04	-8.887614e-06	7.134369e-06
6.356070e+03	2.078637e-03	-1.370307e-03	6.286568e-05	-2.057224e-03	1.084148e-05	-1.817918e-05
6.368460e+03	2.282848e-03	7.304636e-04	1.293292e-06	-2.299714e-03	1.602578e-05	1.255990e-05
6.380850e+03	8.772738e-04	2.223240e-03	4.532507e-05	-8.695496e-04	2.384686e-05	-8.073857e-06
6.393240e+03	-1.267920e-03	2.078066e-03	-5.531545e-06	1.246593e-03	-9.168495e-06	2.048892e-05
6.405630e+03	-2.338320e-03	4.138780e-04	-1.193721e-05	2.330935e-03	6.501824e-07	8.878137e-06
6.418020e+03	-1.824815e-03	-1.532768e-03	7.999957e-06	1.803620e-03	-3.103751e-05	2.152596e-05
6.430410e+03	-2.528873e-05	-2.304244e-03	8.260347e-06	2.660322e-05	-2.614387e-05	4.117139e-07
6.442800e+03	1.740096e-03	-1.452265e-03	1.867849e-05	-1.770938e-03	1.046498e-05	2.769912e-05
6.455190e+03	2.230483e-03	4.102085e-04	-2.099395e-05	-2.158741e-03	1.303387e-04	-6.822572e-05
6.467580e+03	9.761430e-04	2.000729e-03	3.512826e-05	-9.727272e-04	6.867402e-07	-3.802410e-06
6.479970e+03	-8.800892e-04	1.959065e-03	-2.148227e-06	8.562859e-04	1.121749e-05	2.462339e-05
6.492360e+03	-1.913693e-03	6.189662e-04	3.496501e-06	1.909231e-03	-9.089958e-05	2.209212e-06
6.504750e+03	-1.813627e-03	-1.127782e-03	-1.843581e-05	1.811059e-03	1.894608e-06	3.953438e-07
6.517140e+03	-2.600563e-04	-1.980030e-03	5.877377e-06	2.743486e-04	-2.959278e-05	-1.302289e-05
6.529530e+03	1.361399e-03	-1.422842e-03	2.530023e-05	-1.362883e-03	-5.680970e-06	-3.220852e-07
6.541920e+03	1.839694e-03	1.849881e-04	2.143088e-05	-1.829801e-03	-2.117811e-05	-4.936543e-06
6.554310e+03	1.047869e-03	1.592037e-03	2.630477e-05	-1.033446e-03	-1.129856e-05	-1.500582e-05
6.566700e+03	-6.483999e-04	1.819966e-03	1.566601e-05	6.571777e-04	2.533422e-05	-5.650526e-06
6.579090e+03	-1.844772e-03	6.217076e-04	1.718099e-05	1.856380e-03	-1.857979e-05	-1.296082e-05
6.591480e+03	-1.715092e-03	-8.739061e-04	1.307484e-04	1.710757e-03	-8.671480e-05	6.212972e-06
6.603870e+03	-3.724415e-04	-1.820525e-03	6.490208e-06	3.407132e-04	-2.028451e-06	3.087373e-05
6.616260e+03	1.138831e-03	-1.434011e-03	9.264350e-06	-1.169111e-03	-5.920646e-07	3.719905e-05
6.628650e+03	1.630327e-03	1.935250e-04	-2.422858e-05	-1.701914e-03	3.326984e-06	9.699240e-05
6.641040e+03	1.097754e-03	1.369687e-03	1.321633e-05	-1.095756e-03	5.442148e-05	2.968360e-07
6.653430e+03	-4.094843e-04	1.703772e-03	3.402418e-05	3.853004e-04	-3.633007e-06	2.355807e-05
6.665820e+03	-1.567595e-03	7.699348e-04	2.182305e-05	1.533422e-03	-4.341217e-06	2.726291e-06
6.678210e+03	-1.742245e-03	-9.201795e-04	-4.901087e-04	1.908278e-03	-2.108891e-04	-1.589733e-04
6.690600e+03	-4.449011e-04	-1.616771e-03	4.719520e-05	4.748128e-04	-8.256212e-06	-3.139774e-05
6.702990e+03	9.765610e-04	-1.400733e-03	-7.558672e-07	-9.721452e-04	3.519017e-06	-1.400542e-05
6.715380e+03	1.525106e-03	-1.144173e-04	2.770209e-05	-1.496183e-03	1.490986e-05	-2.968589e-05
6.727770e+03	1.112781e-03	1.188570e-03	-1.254573e-05	-1.092558e-03	9.403597e-06	-1.494930e-05
6.740160e+03	-2.773663e-04	1.535462e-03	2.559119e-05	2.507539e-04	-1.425534e-05	2.519378e-05
6.752550e+03	-1.384174e-03	8.467039e-04	3.843097e-05	1.378114e-03	-3.479608e-05	6.204247e-06
6.764940e+03	-1.533329e-03	-5.833451e-04	2.305494e-05	1.531728e-03	7.200286e-06	6.185943e-06
6.777330e+03	-5.557031e-04	-1.451808e-03	2.249276e-05	5.124858e-04	3.016027e-06	3.526131e-05
6.789720e+03	7.290386e-04	-1.334127e-03	-1.813489e-05	-7.197918e-04	1.240557e-04	-1.927390e-05
6.802110e+03	1.417893e-03	-2.712771e-04	-1.549664e-06	-1.458471e-03	-3.008762e-06	4.508895e-05
6.814500e+03	1.035427e-03	1.050708e-03	2.159113e-06	-1.059613e-03	-2.010778e-05	2.373462e-05
6.826890e+03	-1.485041e-04	1.408919e-03	-2.920283e-05	2.064535e-04	-1.577597e-05	-5.715891e-05
6.839280e+03	-1.267440e-03	8.321172e-04	2.852706e-05	1.235610e-03	9.299968e-06	2.748691e-05
6.851670e+03	-1.430860e-03	-4.184094e-04	2.724830e-05	1.458579e-03	-3.874488e-05	-4.568750e-05
6.864060e+03	-6.323992e-04	-1.323208e-03	3.496717e-05	6.463051e-04	1.708484e-05	-1.689024e-05
6.876450e+03	5.611699e-04	-1.316093e-03	2.416027e-07	-5.587777e-04	3.061572e-05	-1.337192e-05
6.888840e+03	1.360882e-03	-3.021105e-04	6.467609e-05	-1.261462e-03	-7.626948e-05	-1.221987e-04
6.901230e+03	1.073204e-03	7.787707e-04	1.297010e-05	-1.068245e-03	4.201661e-05	-1.023298e-05
6.913620e+03	2.999664e-05	1.297392e-03	-1.301313e-05	-2.719660e-05	-4.283420e-06	-1.449760e-06
6.926010e+03	-1.081798e-03	8.828049e-04	1.561610e-05	1.101776e-03	1.830652e-06	-1.121739e-06
6.938400e+03	-1.412270e-03	-2.329558e-04	2.813493e-05	1.372992e-03	-2.445756e-05	4.224033e-05
6.950790e+03	-6.876610e-04	-1.193799e-03	5.033815e-05	6.236832e-04	-1.189691e-06	6.604469e-05
6.963180e+03	4.032631e-04	-1.225984e-03	4.149907e-05	-4.440078e-04	4.024921e-05	4.052664e-05
6.975570e+03	1.156310e-03	-2.946054e-04	1.556958e-06	-1.249529e-03	5.360514e-05	1.045956e-04
6.987960e+03	1.012298e-03	6.712122e-04	-1.541475e-05	-1.012366e-03	4.294304e-06	3.223297e-05
7.000350e+03	7.752109e-05	1.310322e-03	-1.631430e-05	-4.249875e-05	-5.506046e-05	-1.909267e-05
7.012740e+03	-9.250254e-04	8.339869e-04	-1.268447e-04	8.512056e-04	-8.611771e-05	7.558680e-05
7.025130e+03	-1.288981e-03	-1.810662e-04	1.625874e-05	1.297506e-03	-2.768024e-05	-1.281174e-05
7.037520e+03	-7.333032e-04	-1.118980e-03	6.518801e-05	8.692846e-04	-1.237375e-05	-1.243403e-04
7.049910e+03	2.883752e-04	-1.265048e-03	5.777193e-05	-2.963445e-04	-1.740293e-05	7.557808e-06
7.062300e+03	1.189167e-03	-5.078898e-04	2.073513e-05	-1.159437e-03	5.689018e-06	-2.724008e-05
7.074690e+03	1.143271e-03	5.515219e-04	2.843018e-05	-1.123905e-03	4.412369e-05	-1.776660e-05
7.087080e+03	2.550529e-04	1.242164e-03	2.615476e-06	-2.425396e-04	2.070450e-05	-1.073279e-05
7.099470e+03	-8.088317e-04	1.057433e-03	-5.841548e-05	7.880549e-04	-5.916667e-05	9.750108e-06
7.111860e+03	-1.359857e-03	3.311203e-05	-3.838671e-05	1.339808e-03	-1.236350e-05	2.285833e-05
7.124250e+03	-9.121722e-04	-9.373065e-04	3.856432e-05	8.650196e-04	1.786833e-06	4.162659e-05
7.136640e+03	7.820653e-05	-1.241914e-03	9.504945e-06	-1.286646e-04	-3.842223e-05	4.788201e-05
7.149030e+03	9.970647e-04	-6.735054e-04	5.474554e-05	-1.002406e-03	1.595389e-07	1.882630e-05
7.161420e+03	1.004568e-03	2.698922e-04	2.780738e-05	-1.052567e-03	-1.208212e-07	4.200451e-05
7.173810e+03	5.951812e-04	9.745692e-04	2.058748e-04	-4.039262e-04	1.163754e-04	-1.744296e-04
7.186200e+03	-6.094719e-04	9.967982e-04	-3.893373e-05	5.624881e-04	-1.988572e-05	4.353841e-05
7.198590e+03	-1.097406e-03	2.055118e-04	1.878812e-05	1.122890e-03	2.003402e-05	-2.545508e-05
7.210980e+03	-8.691014e-04	-7.009546e-04	-1.589575e-05	8.893222e-04	-2.396361e-05	-2.193186e-05
7.223370e+03	5.203137e-05	-1.119996e-03	-1.215857e-04	2.490506e-04	-7.578958e-05	-2.985400e-04
7.235760e+03	7.589150e-04	-7.171378e-04	-4.620294e-05	-7.702343e-04	-1.851500e-05	-2.988391e-06
7.248150e+03	1.000650e-03	6.880197e-05	2.124612e-05	-9.999923e-04	2.831438e-06	-7.863566e-07
7.260540e+03	5.622002e-04	8.450337e-04	2.029088e-05	-5.756416e-04	-1.007519e-04	1.156651e-05
7.272930e+03	-3.289489e-04	9.144526e-04	1.792541e-05	3.101960e-04	-2.275371e-05	1.360835e-05
7.285320e+03	-8.082891e-04	4.387522e-04	-3.602772e-05	9.520091e-04	2.420449e-04	-1.271152e-04
7.297710e+03	-8.202356e-04	-4.529902e-04	4.759833e-05	7.410250e-04	-3.518894e-05	5.417496e-05
7.310100e+03	-1.963760e-04	-8.906702e-04	9.311511e-06	1.760283e-04	1.685703e-05	2.019125e-05
7.322490e+03	5.261973e-04	-5.996325e-04	1.989129e-05	-5.399482e-04	-2.295144e-07	1.382451e-05
7.334880e+03	7.894035e-04	7.708430e-05	2.117224e-05	-7.998942e-04	3.120483e-06	8.617266e-06
7.347270e+03	4.280949e-04	6.952320e-04	2.027880e-05	-4.936955e-04	3.145822e-05	6.575560e-05
7.359660e+03	-2.978567e-04	7.942441e-04	2.257516e-05	2.868348e-04	-1.092314e-06	1.183008e-05
7.372050e+03	-7.852335e-04	3.150822e-04	-4.561431e-06	7.804927e-04	9.426348e-06	3.048697e-06
7.384440e+03	-7.528067e-04	-3.893628e-04	1.623136e-05	7.660100e-04	-2.365558e-05	-1.653501e-05
7.396830e+03	-2.160228e-04	-7.666079e-04	2.525236e-05	2.271653e-04	2.203548e-06	-1.119081e-05
7.409220e+03	4.278295e-04	-6.309042e-04	-6.206371e-06	-4.332819e-04	6.978382e-06	3.485567e-06
7.421610e+03	8.662695e-04	6.182020e-07	2.828916e-05	-7.528386e-04	-1.847792e-05	-1.072640e-04
7.434000e+03	4.150987e-04	5.843580e-04	4.182821e-06	-4.231815e-04	1.230273e-05	4.023853e-06
7.446390e+03	-2.440478e-04	7.439964e-04	1.599267e-05	2.390074e-04	1.309689e-05	5.184124e-06
7.458780e+03	-7.603944e-04	3.267464e-04	1.189728e-06	7.359035e-04	-1.347131e-05	2.222526e-05
7.471170e+03	-7.625704e-04	-3.425592e-04	2.634101e-06	7.504295e-04	1.172175e-05	9.854055e-06
7.483560e+03	-2.323774e-04	-8.340668e-04	-2.660245e-05	2.250193e-04	-6.613119e-06	1.751120e-05
7.495950e+03	4.461801e-04	-6.271308e-04	2.668932e-05	-4.491252e-04	-6.633400e-06	4.296597e-06
7.508340e+03	6.929742e-04	-5.616884e-05	-1.315904e-07	-7.037369e-04	-9.392824e-06	1.126208e-05
7.520730e+03	5.091482e-04	5.559574e-04	2.567441e-05	-5.214834e-04	-7.156184e-06	1.096769e-05
7.533120e+03	-9.889015e-05	7.199673e-04	-7.006092e-06	1.039401e-04	5.203291e-06	-5.263758e-06
7.545510e+03	-6.841901e-04	4.718850e-04	2.251764e-05	6.969750e-04	7.795705e-06	-2.333414e-05
7.557900e+03	-6.543051e-04	-2.351441e-04	6.248235e-05	7.830724e-04	-2.431897e-06	-1.144406e-04
7.570290e+03	-3.397128e-04	-6.174167e-04	-6.120300e-06	3.217097e-04	-5.040906e-07	1.669685e-05
7.582680e+03	2.777221e-04	-6.549128e-04	-6.964118e-06	-2.615487e-04	8.658282e-06	-1.616303e-05
7.595070e+03	6.841664e-04	-6.110434e-05	8.514586e-05	-6.837219e-04	-6.572988e-05	1.134325e-07
7.607460e+03	4.827914e-04	4.910162e-04	-1.312753e-05	-5.113365e-04	1.431169e-05	3.039710e-05
7.619850e+03	-8.662092e-05	7.328127e-04	4.106415e-06	7.853768e-05	-1.788869e-05	9.946696e-06
7.632240e+03	-6.221346e-04	4.700712e-04	1.394145e-05	5.972211e-04	-8.616876e-06	2.494663e-05
7.644630e+03	-8.220210e-04	-1.540074e-04	7.568128e-06	7.999490e-04	4.599339e-06	2.257154e-05
7.657020e+03	-4.691297e-04	-6.617329e-04	-1.006318e-05	4.265657e-04	-2.303990e-05	3.552012e-05
7.669410e+03	4.158622e-04	-8.487739e-04	1.786750e-05	3.987681e-05	7.305467e-05	-4.498867e-04
7.681800e+03	6.554092e-04	-3.079874e-04	-3.438715e-07	-6.811429e-04	-2.276988e-05	2.398038e-05
7.694190e+03	6.377688e-04	3.053376e-04	7.536538e-06	-6.211561e-04	2.341870e-05	-1.493786e-05
7.706580e+03	1.204474e-04	7.250731e-04	3.922082e-05	-1.232363e-04	1.122038e-05	2.395703e-06
7.718970e+03	-5.441000e-04	5.837979e-04	-4.604719e-06	4.645860e-04	2.032692e-05	8.352426e-05
7.731360e+03	-8.035961e-04	7.390239e-05	-1.541691e-06	7.917409e-04	1.575613e-06	1.220184e-05
7.743750e+03	-5.805889e-04	-5.606706e-04	-3.384831e-06	5.810916e-04	2.213478e-06	2.700239e-06
7.756140e+03	-6.239363e-07	-7.849902e-04	3.357356e-05	7.673400e-06	-1.289137e-05	-7.169425e-06
7.768530e+03	5.704638e-04	-5.292792e-04	-7.694353e-06	-5.735877e-04	5.275754e-06	3.068128e-06
7.780920e+03	7.430666e-04	1.314703e-04	-1.306998e-05	-7.438578e-04	-1.381745e-06	1.043287e-06
7.793310e+03	3.615024e-04	6.387621e-04	7.296672e-06	-3.574620e-04	-9.107601e-06	-3.998967e-06
7.805700e+03	-2.482395e-04	7.121340e-04	-4.866441e-06	2.489353e-04	-9.147238e-07	-9.032690e-07
7.818090e+03	-6.712908e-04	3.494544e-04	7.514537e-06	6.653550e-04	-2.164575e-05	5.030962e-06
7.830480e+03	-7.584303e-04	-3.185715e-04	3.406012e-06	7.362722e-04	-9.053046e-06	2.224082e-05
7.842870e+03	-2.887546e-04	-6.701564e-04	1.789038e-05	2.661421e-04	-8.081371e-06	2.226548e-05
7.855260e+03	3.535504e-04	-6.503478e-04	3.646748e-06	-3.445886e-04	1.386695e-05	-4.861304e-06
7.867650e+03	6.494690e-04	-1.327698e-04	-9.768233e-06	-6.532099e-04	-6.064183e-06	-2.692124e-06
7.880040e+03	8.681873e-04	4.578291e-04	-2.891855e-04	-2.665285e-04	-2.449710e-05	-6.011494e-04
7.892430e+03	-1.288026e-04	7.244706e-04	6.355330e-05	-9.690176e-05	6.724899e-06	1.771534e-04
7.904820e+03	-5.447675e-04	5.235188e-04	-3.873592e-06	5.782064e-04	2.038366e-06	-3.260705e-05
7.917210e+03	-6.546821e-04	-2.180793e-05	-6.318314e-05	8.671538e-04	8.561870e-05	-2.047899e-04
7.929600e+03	-5.746584e-04	-5.825308e-04	1.445347e-05	5.364705e-04	-1.775606e-05	4.753310e-06
7.941990e+03	7.356382e-06	-7.359992e-04	2.829529e-05	-1.192521e-05	-2.944571e-05	1.740926e-06
7.954380e+03	6.607935e-04	-4.492192e-04	-2.314478e-05	-4.999169e-04	-1.819697e-04	-1.790072e-04
7.966770e+03	6.629896e-04	1.146797e-04	1.849406e-05	-6.773137e-04	2.559080e-05	1.457529e-05
7.979160e+03	3.113741e-04	5.968444e-04	-5.341253e-06	-3.234169e-04	1.179779e-05	1.232425e-05
7.991550e+03	-2.727837e-04	6.118013e-04	-1.780908e-07	2.610275e-04	-6.569103e-07	1.443261e-05
8.003940e+03	-6.633389e-04	2.889501e-04	-1.370797e-06	6.490084e-04	-2.575038e-05	1.715261e-05
8.016330e+03	-6.384450e-04	-2.857260e-04	-2.126721e-06	6.472280e-04	-7.298228e-06	-5.946098e-06
8.028720e+03	-2.521416e-04	-6.509657e-04	1.489552e-05	2.490456e-04	-2.403397e-05	1.517134e-06
8.041110e+03	3.299530e-04	-5.648577e-04	3.578886e-05	-2.468064e-04	-5.323377e-05	-8.045157e-05
8.053500e+03	5.666730e-04	-1.334344e-04	2.270314e-05	-5.619122e-04	-2.496266e-05	-3.058319e-06
8.065890e+03	4.957183e-04	3.817618e-04	2.223236e-05	-4.899507e-04	1.645847e-05	-7.139755e-06
8.078280e+03	1.100866e-06	6.193485e-04	-5.459359e-06	7.324503e-06	8.860412e-06	-7.299467e-06
8.090670e+03	-5.148411e-04	4.844218e-04	-2.077385e-06	5.124424e-04	-4.079658e-06	3.701249e-06
8.103060e+03	-6.250014e-04	-1.427315e-05	-3.302591e-06	6.420754e-04	-2.237409e-05	-1.729980e-05
8.115450e+03	-5.148170e-04	-4.944734e-04	1.225588e-05	4.996356e-04	-1.907460e-05	1.136706e-05
8.127840e+03	-7.284763e-06	-6.137336e-04	5.765179e-06	-1.026491e-05	-6.901690e-06	1.751407e-05
8.140230e+03	4.334616e-04	-3.598947e-04	2.840639e-05	-4.455068e-04	8.737329e-08	1.550398e-05
8.152620e+03	4.636276e-04	7.389690e-05	2.014653e-06	-4.950843e-04	-1.004288e-05	2.887693e-05
8.165010e+03	2.136057e-04	4.381233e-04	1.487967e-05	-2.522267e-04	5.981261e-06	3.851469e-05
8.177400e+03	-2.442886e-04	4.971477e-04	-3.628424e-06	2.078747e-04	-2.221946e-06	3.310496e-05
8.189790e+03	-5.246345e-04	1.771691e-04	6.325057e-06	5.306636e-04	-2.128811e-05	-6.686940e-06
8.202180e+03	-5.598440e-04	-2.565780e-04	1.362415e-05	5.699948e-04	-1.046015e-05	-1.101760e-05
8.214570e+03	-1.621415e-04	-5.376000e-04	-1.060469e-05	2.125360e-04	-2.425192e-05	-4.828899e-05
8.226960e+03	3.365968e-04	-3.959169e-04	1.775266e-04	-2.345112e-04	-2.239878e-04	-1.114937e-04
8.239350e+03	4.907579e-04	-1.338648e-04	2.473553e-05	-4.745409e-04	4.505043e-06	-1.676003e-05
8.251740e+03	3.458117e-04	3.057774e-04	7.085307e-06	-3.459066e-04	4.116122e-06	-1.647227e-08
8.264130e+03	3.685473e-05	5.279786e-04	-3.109034e-05	-6.061306e-05	-1.689587e-05	2.359356e-05
8.276520e+03	-4.245636e-04	3.858611e-04	1.946116e-05	4.096451e-04	3.087395e-05	2.434992e-05
8.288910e+03	-6.850133e-04	-2.615516e-04	1.169784e-04	5.227127e-04	7.617384e-05	1.607916e-04
8.301300e+03	-3.674353e-04	-4.471116e-04	1.550694e-05	3.472548e-04	-1.267482e-05	1.844065e-05
8.313690e+03	-1.241894e-05	-5.175255e-04	7.674264e-06	-1.248714e-05	-1.317983e-05	2.436408e-05
8.326080e+03	3.651608e-04	-3.060974e-04	-6.018137e-06	-3.749020e-04	-2.507542e-05	9.524245e-06
8.338470e+03	4.169919e-04	7.256901e-05	2.681571e-05	-4.263178e-04	-5.748661e-06	8.715623e-06
8.350860e+03	2.014541e-04	3.959089e-04	4.930481e-06	-2.067442e-04	-4.450611e-06	-4.300317e-06
8.363250e+03	1.829067e-05	2.031461e-04	3.002474e-04	2.072281e-04	1.869749e-04	-2.249806e-04
8.375640e+03	-3.397924e-04	1.245546e-04	4.360976e-05	5.490672e-04	-9.819193e-05	-2.315158e-04
8.388030e+03	-4.895470e-04	-2.232219e-04	6.333569e-05	4.780397e-04	6.648645e-06	1.176489e-05
8.400420e+03	-1.272051e-05	-6.516862e-04	-3.290492e-06	9.865693e-05	7.627755e-05	-7.572217e-05
8.412810e+03	1.982778e-04	-3.989509e-04	3.910649e-06	-1.980602e-04	-2.420968e-05	-6.722393e-06
8.425200e+03	3.829468e-04	-1.251738e-04	7.140054e-06	-3.919677e-04	2.619908e-06	8.849997e-06
8.437590e+03	3.282433e-04	2.359625e-04	1.720938e-05	-3.203318e-04	-1.477232e-05	-7.853481e-06
8.449980e+03	4.855629e-05	3.507696e-04	2.072926e-05	-4.347942e-05	-7.086140e-06	-5.290757e-06
8.462370e+03	-2.665741e-04	3.053280e-04	1.493188e-05	2.733086e-04	-4.814315e-06	8.563332e-07
8.474760e+03	-4.183234e-04	1.025145e-04	6.451582e-05	3.674051e-04	-6.614508e-05	5.791924e-05
