1.598310e+03	9.723627e-02	-2.555716e-02	9.623438e-06	-9.769537e-02	-2.841654e-05	3.561359e-04
1.610700e+03	1.007660e-01	1.786799e-03	-1.778142e-05	-1.007890e-01	5.945494e-05	3.290008e-04
1.623090e+03	9.689577e-02	2.855298e-02	-1.858888e-05	-9.721502e-02	4.046846e-05	3.476198e-04
1.635480e+03	8.623685e-02	5.352592e-02	-7.654295e-06	-8.685777e-02	-1.918882e-05	5.919342e-04
1.647870e+03	6.887552e-02	7.519152e-02	-3.800633e-05	-6.959073e-02	2.704188e-05	6.958906e-04
1.660260e+03	4.636582e-02	9.104345e-02	-4.752445e-05	-4.697321e-02	8.104136e-06	6.357517e-04
1.672650e+03	2.011334e-02	1.002634e-01	-3.053354e-05	-2.058821e-02	-1.765631e-05	4.848700e-04
1.685040e+03	-6.885814e-03	1.018965e-01	-2.879832e-05	6.633588e-03	-4.195849e-05	2.941102e-04
1.697430e+03	-3.389384e-02	9.669441e-02	3.499185e-06	3.352938e-02	-8.545912e-05	3.779867e-04
1.709820e+03	-5.930333e-02	8.471899e-02	8.963553e-06	5.853655e-02	-7.913800e-05	7.481924e-04
1.722210e+03	-8.041842e-02	6.557660e-02	5.113888e-05	7.970994e-02	-7.502468e-05	7.474537e-04
1.734600e+03	-9.555149e-02	4.076927e-02	3.067663e-05	9.491377e-02	-5.579023e-05	6.695012e-04
1.746990e+03	-1.031465e-01	1.311752e-02	1.540041e-04	1.021121e-01	-4.068949e-05	3.857628e-04
1.759380e+03	-1.024521e-01	-1.587643e-02	1.008182e-04	1.023389e-01	-8.394064e-07	3.630414e-04
1.771770e+03	-9.424703e-02	-4.422791e-02	9.857581e-05	9.384119e-02	3.183198e-05	4.974903e-04
1.784160e+03	-7.817992e-02	-6.916231e-02	3.518024e-05	7.764308e-02	4.792668e-05	4.713516e-04
1.796550e+03	-5.510192e-02	-8.901368e-02	5.221722e-05	5.464371e-02	3.964999e-05	5.074826e-04
1.808940e+03	-2.710335e-02	-1.008656e-01	3.512663e-05	2.671822e-02	5.620132e-05	3.955496e-04
1.821330e+03	3.595782e-03	-1.041035e-01	1.548207e-05	-3.731759e-03	2.189276e-05	1.660087e-04
1.833720e+03	3.404153e-02	-9.999730e-02	2.059907e-05	-3.414440e-02	3.883632e-05	1.786538e-04
1.846110e+03	6.252252e-02	-8.620413e-02	2.275281e-05	-6.282259e-02	-1.095553e-05	2.639446e-04
1.858500e+03	8.639637e-02	-6.432122e-02	3.515790e-05	-8.676562e-02	6.640648e-05	4.143531e-04
1.870890e+03	1.030006e-01	-3.542200e-02	1.622673e-05	-1.036758e-01	2.057646e-05	4.443261e-04
1.883280e+03	1.097075e-01	-1.851243e-03	-1.347678e-07	-1.097057e-01	9.327103e-05	1.679614e-04
1.895670e+03	1.057239e-01	3.193021e-02	-1.867686e-05	-1.057154e-01	1.357420e-04	-6.397049e-05
1.908060e+03	9.181924e-02	6.365757e-02	-5.785568e-05	-9.163326e-02	1.079524e-04	-1.192531e-04
1.920450e+03	6.817726e-02	9.006099e-02	-6.985656e-05	-6.828839e-02	3.114912e-05	3.466206e-05
1.932840e+03	3.678417e-02	1.086343e-01	-9.287227e-05	-3.684391e-02	4.621757e-05	7.164028e-05
1.945230e+03	2.776700e-04	1.148940e-01	-9.988274e-05	-2.171746e-04	-2.422249e-05	-5.876579e-05
1.957620e+03	-3.671888e-02	1.092590e-01	-8.728649e-05	3.696690e-02	-5.669461e-05	-2.634265e-04
1.970010e+03	-7.065480e-02	9.239529e-02	-3.519493e-05	7.095357e-02	-1.100636e-04	-2.689461e-04
1.982400e+03	-9.781061e-02	6.447987e-02	-3.796301e-05	9.801227e-02	-1.023978e-04	-2.771181e-04
1.994790e+03	-1.147730e-01	2.823660e-02	2.259227e-05	1.147675e-01	-1.168764e-04	-1.274628e-04
2.007180e+03	-1.188167e-01	-1.293681e-02	1.142979e-04	1.188148e-01	-8.387539e-05	-7.144642e-05
2.019570e+03	-1.068872e-01	-5.355025e-02	1.163736e-04	1.068663e-01	-4.476779e-05	-1.478075e-04
2.031960e+03	-8.148487e-02	-8.787943e-02	5.895735e-05	8.189931e-02	-1.706344e-05	-3.333299e-04
2.044350e+03	-4.554097e-02	-1.117660e-01	8.929360e-05	4.590248e-02	3.843443e-05	-3.517997e-04
2.056740e+03	-2.872148e-03	-1.210977e-01	8.054304e-05	3.112933e-03	5.233733e-05	-2.323630e-04
2.069130e+03	4.184626e-02	-1.152828e-01	3.092447e-05	-4.169946e-02	2.225037e-05	-1.068542e-04
2.081520e+03	8.215064e-02	-9.271072e-02	4.216844e-05	-8.204727e-02	5.038947e-05	-7.659452e-05
2.093910e+03	1.119296e-01	-5.601541e-02	4.662294e-05	-1.119363e-01	5.747837e-05	-7.507429e-05
2.106300e+03	1.256759e-01	-1.000610e-02	2.441099e-05	-1.256778e-01	1.544656e-04	-2.703954e-05
2.118690e+03	1.217039e-01	3.887482e-02	1.821852e-06	-1.217005e-01	1.092397e-04	2.823237e-05
2.131080e+03	9.844651e-02	8.356229e-02	-6.710091e-05	-9.867711e-02	1.383798e-04	2.503240e-04
2.143470e+03	5.907783e-02	1.165295e-01	-9.337400e-05	-5.948492e-02	6.323332e-05	4.136611e-04
2.155860e+03	8.311541e-03	1.310853e-01	-1.707769e-04	-8.827283e-03	4.478592e-05	5.334638e-04
2.168250e+03	-4.505467e-02	1.250681e-01	-1.481125e-04	4.444733e-02	-8.133867e-05	5.725297e-04
2.180640e+03	-9.305771e-02	9.734334e-02	-7.147264e-05	9.218318e-02	-1.770744e-04	6.559839e-04
2.193030e+03	-1.265644e-01	5.113752e-02	3.326111e-06	1.255623e-01	-2.032488e-04	8.968295e-04
2.205420e+03	-1.366217e-01	-7.096867e-03	1.014458e-04	1.356242e-01	-1.861322e-04	1.180715e-03
2.217810e+03	-1.222865e-01	-6.662749e-02	9.777917e-05	1.204746e-01	-1.249108e-04	1.467047e-03
2.230200e+03	-8.039072e-02	-1.142118e-01	1.779327e-04	7.889076e-02	-5.298015e-05	1.525798e-03
2.242590e+03	-1.935925e-02	-1.394099e-01	1.649583e-04	1.747732e-02	5.133488e-05	1.876400e-03
2.254980e+03	4.895864e-02	-1.337280e-01	9.701889e-05	-5.106439e-02	3.624341e-05	2.119425e-03
2.267370e+03	1.086888e-01	-9.306485e-02	1.001153e-04	-1.113677e-01	1.058158e-04	2.224970e-03
2.279760e+03	1.430646e-01	-2.514868e-02	8.254413e-05	-1.451242e-01	1.802083e-04	2.159175e-03
2.292150e+03	1.349076e-01	5.492827e-02	2.098237e-06	-1.369216e-01	2.944235e-04	1.842425e-03
2.304540e+03	7.982703e-02	1.219386e-01	-1.887446e-04	-8.115295e-02	3.742194e-04	1.245798e-03
2.316930e+03	-4.909015e-03	1.408046e-01	-3.577246e-04	4.550326e-03	1.647158e-04	3.478028e-04
2.329320e+03	-8.616306e-02	1.074718e-01	-2.846493e-04	8.676680e-02	-1.805561e-04	-7.360910e-04
2.341710e+03	-1.246181e-01	2.664610e-02	-4.453334e-05	1.266252e-01	-4.061142e-04	-2.092348e-03
2.354100e+03	-1.013240e-01	-5.842366e-02	2.075798e-04	1.047445e-01	-3.805529e-04	-3.370897e-03
2.366490e+03	-2.866569e-02	-1.000462e-01	3.374053e-04	3.283423e-02	-1.859932e-04	-4.194796e-03
2.378880e+03	4.390823e-02	-7.900353e-02	3.298004e-04	-3.954827e-02	9.792571e-05	-4.378992e-03
2.391270e+03	7.225101e-02	-1.826719e-02	8.817505e-05	-6.744787e-02	2.726146e-04	-4.815544e-03
2.403660e+03	4.899507e-02	3.087153e-02	-1.439008e-04	-4.418795e-02	3.597566e-04	-4.757903e-03
2.416050e+03	7.357541e-03	3.894165e-02	-3.122987e-04	-3.062348e-03	1.371367e-04	-4.289276e-03
2.428440e+03	-1.324659e-02	1.835660e-02	-3.030359e-04	1.684061e-02	-1.242735e-04	-3.577334e-03
2.440830e+03	-8.690091e-03	9.158564e-04	-8.662423e-05	1.158218e-02	-2.653417e-04	-2.829242e-03
2.453220e+03	1.326331e-03	1.748762e-03	1.081286e-04	1.854965e-04	-2.566723e-04	-1.575462e-03
2.465610e+03	-8.735426e-04	1.144735e-02	2.915353e-04	1.257598e-03	-1.089172e-04	-3.971064e-04
2.478000e+03	-1.516693e-02	1.257170e-02	2.511342e-04	1.423488e-02	1.276784e-04	9.704861e-04
2.490390e+03	-2.678326e-02	-2.084074e-03	1.057778e-04	2.444810e-02	2.880682e-04	2.272016e-03
2.502780e+03	-2.206001e-02	-2.494344e-02	-5.605870e-05	1.882056e-02	1.918747e-04	3.236338e-03
2.515170e+03	2.692540e-03	-3.818500e-02	-1.317156e-04	-6.262662e-03	1.201028e-04	3.576336e-03
2.527560e+03	3.325928e-02	-2.826399e-02	-1.348615e-04	-3.638342e-02	-7.640224e-06	3.019310e-03
2.539950e+03	5.158705e-02	7.630593e-03	-7.589117e-05	-5.336650e-02	-6.295856e-05	1.683660e-03
2.552340e+03	3.563712e-02	4.822504e-02	-2.615744e-05	-3.538612e-02	-5.075547e-05	-2.285819e-04
2.564730e+03	-9.766053e-03	6.382921e-02	3.594333e-05	1.183089e-02	-6.929655e-05	-2.046736e-03
2.577120e+03	-5.599357e-02	3.838240e-02	5.561646e-05	5.936094e-02	-7.086888e-05	-3.366348e-03
2.589510e+03	-6.629619e-02	-1.595472e-02	8.361077e-05	7.020141e-02	-6.076889e-05	-3.861801e-03
2.601900e+03	-3.347056e-02	-6.288045e-02	1.931634e-04	3.664949e-02	-1.814811e-06	-3.230715e-03
2.614290e+03	2.424206e-02	-6.853573e-02	5.198310e-05	-2.234089e-02	7.984089e-05	-1.900330e-03
2.626680e+03	6.537723e-02	-2.825854e-02	1.812462e-05	-6.549761e-02	1.861972e-04	8.018593e-05
2.639070e+03	6.366266e-02	2.897958e-02	-1.707800e-04	-6.543376e-02	7.042534e-05	1.856551e-03
2.651460e+03	2.200488e-02	6.711309e-02	-2.250944e-04	-2.494012e-02	4.668296e-05	2.914831e-03
2.663850e+03	-3.267589e-02	6.308532e-02	-1.627392e-04	2.941294e-02	-7.645362e-05	3.271453e-03
2.676240e+03	-6.570484e-02	2.115483e-02	-3.325828e-05	6.314214e-02	-2.263464e-04	2.616381e-03
2.688630e+03	-5.832546e-02	-3.200637e-02	1.184999e-04	5.690994e-02	-9.150141e-05	1.334878e-03
2.701020e+03	-1.508399e-02	-6.128683e-02	2.182462e-04	1.477790e-02	2.721004e-06	2.986028e-04
2.713410e+03	3.530825e-02	-4.984198e-02	1.764179e-04	-3.485061e-02	1.254522e-04	-4.059399e-04
2.725800e+03	5.707243e-02	-5.349040e-03	3.686705e-05	-5.627028e-02	1.766440e-04	-9.034434e-04
2.738190e+03	3.731885e-02	3.772259e-02	-1.515352e-04	-3.641217e-02	1.343764e-04	-8.294607e-04
2.750580e+03	-6.371531e-03	4.646326e-02	-2.089080e-04	7.073596e-03	-1.979228e-05	-7.054524e-04
2.762970e+03	-3.566253e-02	1.877036e-02	-7.392112e-05	3.646003e-02	-2.264630e-04	-8.341098e-04
2.775360e+03	-2.951951e-02	-1.734357e-02	1.200487e-04	3.032158e-02	-2.332687e-04	-8.712351e-04
2.787750e+03	2.979958e-03	-3.057250e-02	2.277698e-04	-1.801569e-03	-7.699734e-05	-1.170816e-03
2.800140e+03	2.906874e-02	-9.872347e-03	1.014195e-04	-2.772801e-02	1.116980e-05	-1.315795e-03
2.812530e+03	2.449234e-02	2.330308e-02	1.664649e-04	-2.363292e-02	2.471991e-04	-9.197570e-04
2.824920e+03	-7.780119e-03	3.564699e-02	-1.962519e-04	8.213127e-03	1.620690e-04	-4.735489e-04
2.837310e+03	-3.792336e-02	1.507431e-02	-1.816740e-04	3.781632e-02	-2.446840e-05	7.453399e-05
2.849700e+03	-3.641304e-02	-2.306597e-02	-3.495474e-06	3.597610e-02	-1.691456e-04	5.014343e-04
2.862090e+03	-2.943560e-03	-4.501753e-02	1.352977e-04	2.360931e-03	-1.256726e-04	5.836862e-04
2.874480e+03	3.630289e-02	-3.038857e-02	2.139360e-04	-3.701718e-02	-7.352272e-05	7.514345e-04
2.886870e+03	4.786421e-02	1.132615e-02	1.745463e-04	-4.863143e-02	1.037767e-04	7.300785e-04
2.899260e+03	2.162241e-02	4.893242e-02	-3.680307e-05	-2.227704e-02	9.361609e-05	6.996808e-04
2.911650e+03	-2.619191e-02	4.952503e-02	-1.856998e-04	2.570336e-02	4.161509e-05	5.165735e-04
2.924040e+03	-5.790671e-02	1.091968e-02	-1.109935e-04	5.770242e-02	-7.350369e-05	1.851344e-04
2.936430e+03	-4.569971e-02	-4.009594e-02	1.519469e-04	4.579380e-02	-1.189201e-04	-2.382927e-05
2.948820e+03	7.127751e-03	-6.230454e-02	1.593687e-04	-6.334840e-03	-7.353776e-05	-7.695633e-04
2.961210e+03	5.415226e-02	-3.773293e-02	1.439614e-04	-5.315563e-02	-2.674929e-05	-9.394382e-04
2.973600e+03	6.611627e-02	1.872960e-02	1.553789e-04	-6.511504e-02	2.787708e-04	-9.450965e-04
2.985990e+03	2.847415e-02	6.324788e-02	-1.776194e-04	-2.780830e-02	2.343865e-04	-6.993063e-04
2.998380e+03	-3.027359e-02	6.325110e-02	-2.769254e-04	3.041468e-02	6.238693e-05	-1.417667e-04
3.010770e+03	-6.701401e-02	1.670356e-02	-2.907862e-05	6.632511e-02	-1.549115e-04	6.136883e-04
3.023160e+03	-5.568969e-02	-4.021965e-02	7.435735e-05	5.436399e-02	-2.382639e-04	1.256471e-03
3.035550e+03	-4.579997e-03	-6.696615e-02	1.278551e-04	2.931383e-03	-2.070109e-04	1.642801e-03
3.047940e+03	4.818751e-02	-4.540511e-02	4.035515e-04	-4.968432e-02	8.927412e-05	1.552179e-03
3.060330e+03	6.544419e-02	8.276681e-03	1.635671e-04	-6.674578e-02	2.741850e-04	1.291664e-03
3.072720e+03	3.595312e-02	5.546910e-02	-6.608025e-05	-3.645069e-02	3.750845e-04	5.627279e-04
3.085110e+03	-1.815200e-02	6.244241e-02	-2.539280e-04	1.815443e-02	1.088135e-04	-4.777935e-05
3.097500e+03	-5.655305e-02	2.530192e-02	-1.518161e-04	5.715760e-02	-3.484902e-04	-6.069757e-04
3.109890e+03	-5.260980e-02	-2.668682e-02	4.424263e-05	5.320938e-02	-2.704965e-04	-6.074221e-04
3.122280e+03	-1.054248e-02	-5.374492e-02	-1.020410e-05	1.098950e-02	-3.585816e-04	-4.239032e-04
3.134670e+03	3.497453e-02	-3.902426e-02	2.597281e-04	-3.471074e-02	-4.934588e-05	-2.646064e-04
3.147060e+03	4.872247e-02	4.321581e-03	1.979534e-04	-4.866421e-02	1.340539e-04	-5.647607e-05
3.159450e+03	2.493429e-02	4.013114e-02	8.065082e-05	-2.493263e-02	2.530238e-04	3.021908e-05
3.171840e+03	-1.569820e-02	4.133564e-02	-1.533101e-04	1.559291e-02	1.601668e-04	9.368777e-05
3.184230e+03	-3.954995e-02	1.124347e-02	-1.828801e-04	3.954806e-02	5.737244e-05	-2.393041e-05
3.196620e+03	-2.984338e-02	-2.359445e-02	-9.028575e-05	2.963521e-02	-1.782662e-04	2.527151e-04
3.209010e+03	2.640922e-03	-3.556428e-02	1.079572e-04	-3.043450e-03	-1.939598e-04	4.086925e-04
3.221400e+03	3.013101e-02	-1.614973e-02	9.071341e-05	-3.048088e-02	-1.154111e-04	3.226442e-04
3.233790e+03	3.007815e-02	1.550664e-02	1.574214e-04	-3.031454e-02	9.270470e-05	2.507813e-04
3.246180e+03	4.517566e-03	3.253192e-02	9.361089e-08	-4.640652e-03	8.508156e-05	1.009682e-04
3.258570e+03	-2.326667e-02	2.188971e-02	-7.612945e-05	2.342737e-02	1.592557e-05	-1.741458e-04
3.270960e+03	-2.941056e-02	-6.491716e-03	-1.438989e-04	2.970263e-02	7.751341e-05	-3.316291e-04
3.283350e+03	-1.052760e-02	-2.692424e-02	-7.153317e-05	1.082813e-02	-6.523457e-05	-2.294091e-04
3.295740e+03	1.758739e-02	-2.318257e-02	-3.230631e-05	-1.719976e-02	-1.155577e-04	-2.778317e-04
3.308130e+03	2.898210e-02	2.341047e-03	6.861934e-05	-2.884861e-02	-1.323404e-04	-2.155016e-04
3.320520e+03	1.571577e-02	2.668668e-02	1.879430e-04	-1.552575e-02	1.601934e-04	-2.338730e-04
3.332910e+03	-1.257983e-02	2.948829e-02	-6.480738e-06	1.237768e-02	-2.499552e-05	2.331226e-04
3.345300e+03	-3.109072e-02	8.146436e-03	1.648793e-04	3.108884e-02	2.707449e-04	-7.362316e-06
3.357690e+03	-2.571847e-02	-2.048929e-02	-2.675022e-05	2.572136e-02	4.759415e-05	4.651227e-05
3.370080e+03	1.350820e-03	-3.255095e-02	1.190108e-05	-1.524576e-03	3.747138e-05	1.544423e-04
3.382470e+03	2.842970e-02	-1.915772e-02	1.623415e-05	-2.872560e-02	-3.600499e-05	3.265668e-04
3.394860e+03	3.352198e-02	1.136840e-02	-2.816473e-05	-3.387683e-02	-1.669401e-05	3.186029e-04
3.407250e+03	1.258742e-02	3.526449e-02	-1.784256e-04	-1.288213e-02	8.720123e-05	2.806942e-04
3.419640e+03	-1.944902e-02	3.241088e-02	1.280956e-04	1.903078e-02	-1.358413e-04	3.806073e-04
3.432030e+03	-3.741663e-02	5.383403e-03	6.234856e-05	3.749824e-02	-6.154850e-06	-2.743552e-05
3.444420e+03	-2.701674e-02	-2.597900e-02	6.996446e-05	2.721746e-02	-9.423146e-05	-2.051653e-04
3.456810e+03	4.177957e-03	-3.717966e-02	5.798306e-05	-3.993017e-03	-5.630851e-06	-1.845002e-04
3.469200e+03	3.316958e-02	-2.001577e-02	6.685046e-05	-3.286216e-02	1.155436e-04	-2.553516e-04
3.481590e+03	3.709621e-02	1.383846e-02	-1.731531e-05	-3.689808e-02	1.183539e-04	-2.162509e-04
3.493980e+03	1.323514e-02	3.835165e-02	-8.747976e-05	-1.313675e-02	4.562965e-05	-8.568985e-05
3.506370e+03	-2.096855e-02	3.486542e-02	-3.124146e-04	2.076267e-02	6.136227e-05	1.789572e-04
3.518760e+03	-3.954543e-02	6.310830e-03	2.079991e-04	3.954231e-02	-1.272704e-04	5.027898e-05
3.531150e+03	-2.955239e-02	-2.640242e-02	9.064710e-05	2.933317e-02	-1.026014e-04	2.756169e-04
3.543540e+03	2.113774e-03	-3.881194e-02	-5.254794e-05	-2.436883e-03	8.347180e-05	3.170037e-04
3.555930e+03	3.188416e-02	-2.230305e-02	1.671300e-04	-3.219598e-02	1.097019e-04	2.897288e-04
3.568320e+03	3.800193e-02	1.113781e-02	6.151199e-05	-3.820380e-02	4.209498e-05	1.918398e-04
3.580710e+03	1.575438e-02	3.643693e-02	-1.370550e-04	-1.591268e-02	7.674577e-05	1.437341e-04
3.593100e+03	-1.754153e-02	3.561927e-02	-1.695173e-04	1.748291e-02	-4.574011e-05	9.423450e-05
3.605490e+03	-3.702018e-02	9.332810e-03	-4.308984e-05	3.701830e-02	-1.601147e-04	2.095872e-05
3.617880e+03	-2.974627e-02	-2.246647e-02	6.207592e-05	2.975514e-02	-1.845558e-04	-5.515992e-05
3.630270e+03	-3.129964e-04	-3.599857e-02	1.989083e-04	3.953853e-04	-6.354822e-05	-8.092688e-05
3.642660e+03	2.786405e-02	-2.202184e-02	1.294139e-04	-2.766994e-02	5.792528e-05	-1.477196e-04
3.655050e+03	3.474539e-02	8.306997e-03	-5.058156e-07	-3.484483e-02	2.337478e-04	5.213607e-05
3.667440e+03	1.556755e-02	3.166080e-02	-1.034697e-04	-1.566619e-02	1.541035e-04	2.953857e-05
3.679830e+03	-1.395338e-02	3.212350e-02	-7.221886e-05	1.357803e-02	-5.888805e-05	3.736524e-04
3.692220e+03	-3.181841e-02	9.358089e-03	-2.687296e-04	3.161654e-02	1.793648e-05	2.506974e-04
3.704610e+03	-2.612978e-02	-1.805603e-02	2.843328e-05	2.593102e-02	-1.879344e-04	2.409819e-04
3.717000e+03	-1.645329e-03	-2.963492e-02	3.182747e-04	1.300665e-03	-2.048260e-04	3.475839e-04
3.729390e+03	2.239794e-02	-1.876601e-02	1.014665e-04	-2.280499e-02	5.416951e-05	4.055902e-04
3.741780e+03	2.799604e-02	6.364141e-03	1.017031e-04	-2.819831e-02	3.883608e-04	1.393373e-04
3.754170e+03	1.266139e-02	2.577989e-02	-4.331154e-05	-1.276533e-02	1.573974e-04	1.384180e-04
3.766560e+03	-1.149121e-02	2.537092e-02	-2.021489e-04	1.139158e-02	5.691701e-05	1.505685e-04
3.778950e+03	-2.517887e-02	6.955688e-03	-1.215977e-04	2.517700e-02	-7.642578e-05	-3.450737e-05
3.791340e+03	-1.972364e-02	-1.485916e-02	-1.532546e-05	1.983537e-02	-1.590581e-04	-7.439880e-05
3.803730e+03	4.380564e-04	-2.286573e-02	2.906359e-05	-2.760886e-04	-1.254707e-04	-1.546784e-04
3.816120e+03	1.879038e-02	-1.292469e-02	1.235710e-04	-1.877116e-02	-3.810592e-05	-5.905675e-05
3.828510e+03	2.129797e-02	7.330183e-03	2.222038e-04	-2.122219e-02	-9.089457e-05	-7.737615e-05
3.840900e+03	7.968913e-03	2.128639e-02	5.503579e-04	-7.234972e-03	2.615595e-04	-7.408955e-04
3.853290e+03	-1.149700e-02	1.882069e-02	-2.809580e-04	1.096982e-02	1.092950e-04	4.744068e-04
3.865680e+03	-2.022479e-02	2.750848e-03	2.403085e-05	2.011567e-02	-9.301754e-05	5.122008e-05
3.878070e+03	-1.337314e-02	-1.372380e-02	-9.197977e-05	1.331898e-02	1.557623e-04	3.618235e-05
3.890460e+03	3.354703e-03	-1.766972e-02	8.594353e-05	-3.468025e-03	-2.400843e-04	1.100586e-04
3.902850e+03	1.649211e-02	-7.268978e-03	1.964173e-04	-1.670068e-02	8.295866e-05	1.749523e-04
3.915240e+03	1.564142e-02	9.073855e-03	7.061917e-05	-1.583113e-02	1.603040e-05	1.747159e-04
3.927630e+03	2.433940e-03	1.841305e-02	9.559164e-05	-2.576518e-03	6.963627e-05	1.485538e-04
3.940020e+03	-1.243748e-02	1.352745e-02	4.583414e-05	1.214585e-02	9.060665e-05	3.090598e-04
3.952410e+03	-1.661385e-02	-1.652333e-03	-2.818307e-04	1.714947e-02	-1.504401e-04	-5.135660e-04
3.964800e+03	-8.339454e-03	-1.389084e-02	1.224640e-05	8.189190e-03	-2.229529e-05	1.330985e-04
3.977190e+03	6.729101e-03	-1.409128e-02	2.017362e-05	-6.753986e-03	-7.520053e-05	3.202143e-05
3.989580e+03	1.587011e-02	-2.641482e-03	-1.186182e-04	-1.545826e-02	-2.052026e-04	-3.901210e-04
4.001970e+03	1.183612e-02	1.138972e-02	9.012408e-05	-1.193668e-02	4.229883e-05	8.738732e-05
4.014360e+03	-1.262521e-03	1.659572e-02	4.469063e-05	1.161279e-03	6.555848e-05	1.114295e-04
4.026750e+03	-1.326255e-02	9.415485e-03	-2.425878e-05	1.315028e-02	5.338975e-05	1.525955e-04
4.039140e+03	-1.484601e-02	-4.393112e-03	-5.478454e-05	1.477064e-02	5.616017e-06	1.539827e-04
4.051530e+03	-4.877608e-03	-1.359146e-02	-5.855966e-05	4.642883e-03	-1.421605e-05	2.254696e-04
4.063920e+03	8.600784e-03	-1.165406e-02	-8.412419e-05	-8.676579e-03	-5.829660e-05	1.005733e-04
4.076310e+03	1.478554e-02	2.364676e-04	2.487826e-04	-1.478695e-02	6.730310e-06	3.236741e-05
4.088700e+03	9.482642e-03	1.232705e-02	1.900991e-04	-9.625103e-03	1.407932e-05	1.431071e-04
4.101090e+03	-3.326343e-03	1.542400e-02	-8.579149e-05	3.302981e-03	1.408587e-05	2.943727e-05
4.113480e+03	-1.336888e-02	7.072502e-03	-2.275939e-04	1.339046e-02	-2.323230e-05	-1.436933e-05
4.125870e+03	-1.295826e-02	-5.555460e-03	-4.756142e-05	1.285503e-02	-9.363520e-06	6.039231e-05
4.138260e+03	-2.881211e-03	-1.290245e-02	-6.564398e-05	2.952827e-03	-6.614449e-05	-6.406647e-05
4.150650e+03	8.746572e-03	-9.641060e-03	-5.561728e-05	-8.786331e-03	8.442079e-06	5.025484e-05
4.163040e+03	1.310273e-02	1.514865e-03	9.309550e-05	-1.320461e-02	-5.673770e-05	9.371333e-05
4.175430e+03	7.356167e-03	1.130569e-02	-7.547848e-05	-7.668245e-03	-1.257911e-04	3.111227e-04
4.187820e+03	-3.779454e-03	1.328955e-02	5.964836e-05	3.827478e-03	2.305329e-05	-3.893915e-05
4.200210e+03	-1.213580e-02	5.448942e-03	-4.401632e-05	1.192294e-02	5.108370e-06	1.664373e-04
4.212600e+03	-1.066056e-02	-5.337608e-03	1.373793e-05	1.055935e-02	-1.206616e-05	1.381426e-04
4.224990e+03	-1.906364e-03	-1.080266e-02	-1.657224e-06	1.824504e-03	-4.891954e-05	8.229156e-05
4.237380e+03	7.768517e-03	-7.407576e-03	-7.662116e-07	-7.794463e-03	-1.020026e-04	2.781227e-05
4.249770e+03	1.081228e-02	1.941919e-03	-1.428277e-05	-1.070130e-02	-6.488451e-05	-5.458215e-05
4.262160e+03	5.675682e-03	9.856373e-03	8.228947e-05	-5.605359e-03	-5.441800e-06	-6.288825e-05
4.274550e+03	-3.566207e-03	1.071213e-02	-2.279302e-05	3.563078e-03	5.523281e-05	7.436310e-06
4.286940e+03	-9.624147e-03	4.142644e-03	-9.966150e-05	9.644010e-03	7.134131e-05	-3.282159e-05
4.299330e+03	-8.172392e-03	-4.317188e-03	-2.087075e-05	8.132484e-03	1.593752e-06	4.837362e-05
4.311720e+03	-1.035205e-03	-8.076933e-03	-2.464372e-05	8.986510e-04	-2.785497e-05	1.307824e-04
4.324110e+03	6.296290e-03	-4.907559e-03	-8.783058e-05	-6.686365e-03	5.347528e-05	3.528655e-04
4.336500e+03	8.201118e-03	2.230566e-03	1.718080e-05	-8.303494e-03	2.858012e-06	1.093964e-04
4.348890e+03	3.786504e-03	8.016694e-03	8.077402e-06	-3.868071e-03	4.434329e-06	8.382216e-05
4.361280e+03	-3.296459e-03	8.104366e-03	-1.250314e-05	3.238464e-03	-8.301101e-06	2.850475e-05
4.373670e+03	-7.447568e-03	2.880859e-03	1.222429e-05	7.362972e-03	-2.089520e-05	8.393137e-05
4.386060e+03	-6.017958e-03	-3.487920e-03	1.596266e-04	5.994518e-03	1.299585e-04	1.930149e-05
4.398450e+03	-2.584948e-04	-5.923137e-03	-1.073185e-05	5.141921e-04	-4.309220e-05	-2.072019e-04
4.410840e+03	4.899209e-03	-3.374983e-03	-4.588544e-06	-4.962356e-03	-2.253323e-05	5.828539e-05
4.423230e+03	6.128570e-03	2.179660e-03	9.640166e-05	-6.130611e-03	-1.429793e-04	3.308134e-06
4.435620e+03	2.568730e-03	6.367347e-03	1.522826e-05	-2.623995e-03	1.262583e-07	5.654334e-05
4.448010e+03	-2.663156e-03	6.208165e-03	-1.001437e-05	2.612221e-03	2.102218e-05	5.787854e-05
4.460400e+03	-5.587928e-03	2.283798e-03	-1.066162e-06	5.528871e-03	1.460526e-05	5.870599e-05
4.472790e+03	-4.545627e-03	-2.279616e-03	-7.378196e-06	4.529747e-03	4.974882e-06	3.096902e-05
4.485180e+03	-5.391102e-04	-4.258504e-03	-1.236069e-05	4.744175e-04	-1.833969e-05	6.776498e-05
4.497570e+03	3.276920e-03	-2.592685e-03	-9.458151e-06	-3.427919e-03	-9.926572e-06	1.509547e-04
4.509960e+03	4.486155e-03	1.433182e-03	-3.182517e-05	-4.563753e-03	-7.751375e-06	8.414596e-05
4.522350e+03	2.208417e-03	4.607928e-03	1.547655e-05	-2.308897e-03	-1.704575e-06	9.359692e-05
4.534740e+03	-1.325330e-03	4.720976e-03	3.764731e-04	1.463455e-03	3.179663e-04	-1.460663e-04
4.547130e+03	-3.898864e-03	2.491017e-03	-5.236204e-06	3.826519e-03	3.600684e-06	7.848966e-05
4.559520e+03	-3.651203e-03	-7.912919e-04	3.186438e-06	3.589265e-03	1.093883e-05	6.203500e-05
4.571910e+03	-1.104257e-03	-2.495109e-03	-4.405879e-05	9.541957e-04	9.129964e-05	1.341516e-04
4.584300e+03	2.106797e-03	-2.291932e-03	-4.853835e-04	-1.452017e-03	-6.460357e-04	-5.962570e-04
4.596690e+03	3.161586e-03	4.384701e-04	4.566194e-05	-3.229770e-03	2.514366e-05	7.879259e-05
4.609080e+03	2.068049e-03	2.953331e-03	1.463363e-04	-2.475922e-03	-1.113450e-04	4.184429e-04
4.621470e+03	-1.356729e-04	3.984807e-03	-2.120958e-05	1.012217e-04	3.203210e-05	3.965246e-05
4.633860e+03	-2.370232e-03	2.931116e-03	-2.715754e-06	2.339837e-03	-8.891940e-05	3.054315e-05
4.646250e+03	-3.619170e-03	8.065334e-04	-3.116217e-04	3.492258e-03	1.654979e-04	1.363072e-04
4.658640e+03	-1.852513e-03	-1.500392e-03	1.858728e-05	1.831290e-03	-7.166331e-05	2.575867e-05
4.671030e+03	5.921871e-04	-1.899098e-03	-9.251045e-05	-3.451332e-04	6.722872e-05	-1.618732e-04
4.683420e+03	2.221717e-03	-5.119993e-04	3.761087e-05	-2.370638e-03	-2.373771e-05	1.481427e-04
4.695810e+03	2.476890e-03	1.787303e-03	-3.175077e-05	-2.565134e-03	-4.306232e-06	9.242705e-05
4.708200e+03	9.211663e-04	3.485950e-03	6.988556e-06	-1.009502e-03	1.128285e-05	8.977726e-05
4.720590e+03	-1.203229e-03	3.480581e-03	-2.299116e-04	1.534461e-03	1.390470e-04	-3.765154e-04
4.732980e+03	-2.927594e-03	1.634360e-03	2.155121e-05	2.769253e-03	-1.488611e-05	1.410833e-04
4.745370e+03	-2.523238e-03	-7.117635e-04	-9.026244e-06	2.478879e-03	-4.342705e-06	5.155438e-05
4.757760e+03	-4.676895e-04	-1.938247e-03	-3.363081e-05	5.341980e-04	3.270205e-05	-2.542858e-05
4.770150e+03	1.712339e-03	-1.236181e-03	5.929953e-05	-1.974594e-03	-4.433523e-05	2.438517e-04
4.782540e+03	3.442581e-03	1.102550e-03	-8.717312e-05	-2.111953e-03	3.638229e-04	-1.321670e-03
4.794930e+03	1.483364e-03	3.272402e-03	-4.896501e-05	-1.627236e-03	1.022042e-05	1.309810e-04
4.807320e+03	-9.441167e-04	3.831357e-03	-2.079145e-05	8.689984e-04	-1.981408e-05	7.736336e-05
4.819710e+03	-2.945178e-03	2.100695e-03	-1.296319e-05	2.823927e-03	1.810824e-05	9.037812e-05
4.832100e+03	-2.986674e-03	-3.918782e-04	-6.701649e-06	2.921466e-03	-2.561558e-05	6.510409e-05
4.844490e+03	-9.484454e-04	-2.124010e-03	2.453031e-05	8.837081e-04	-1.626470e-05	6.224971e-05
4.856880e+03	1.881155e-03	-1.641664e-03	-6.295269e-06	-1.775172e-03	1.909944e-04	-8.057013e-05
4.869270e+03	3.116614e-03	1.025012e-03	-1.029494e-04	-3.162666e-03	4.332321e-04	4.196147e-05
4.881660e+03	1.856588e-03	3.386248e-03	1.401258e-06	-1.963345e-03	3.872678e-05	1.026650e-04
4.894050e+03	-1.863783e-03	4.073687e-03	-5.912259e-04	1.356615e-03	1.275017e-05	5.382028e-04
4.906440e+03	-3.141964e-03	2.426590e-03	-1.501011e-05	3.061788e-03	-2.064843e-05	8.064072e-05
4.918830e+03	-3.314277e-03	-4.266713e-04	-2.196679e-06	3.242402e-03	-2.100725e-05	7.454366e-05
4.931220e+03	-1.131053e-03	-2.251408e-03	1.032748e-04	1.094639e-03	-8.001448e-05	4.295626e-05
4.943610e+03	1.725552e-03	-1.854762e-03	3.008898e-05	-1.797471e-03	1.687681e-05	7.731151e-05
4.956000e+03	3.107616e-03	7.258402e-04	1.052778e-05	-3.170017e-03	1.909083e-05	7.126079e-05
4.968390e+03	1.938458e-03	3.429362e-03	-1.008018e-05	-2.006343e-03	4.472766e-05	7.401411e-05
4.980780e+03	-6.225711e-04	4.271185e-03	-5.541880e-04	1.196422e-03	2.108875e-04	-5.502878e-04
4.993170e+03	-3.132535e-03	2.404969e-03	7.390126e-05	3.218702e-03	-3.353390e-05	-5.863048e-05
5.005560e+03	-3.244047e-03	-5.130296e-04	-4.697736e-05	3.192438e-03	-1.765721e-05	4.828573e-05
5.017950e+03	-1.000312e-03	-2.370007e-03	8.224123e-06	9.458943e-04	-1.699575e-05	5.762266e-05
5.030340e+03	1.849658e-03	-1.737932e-03	2.236272e-05	-1.911622e-03	1.040976e-05	6.764909e-05
5.042730e+03	3.062592e-03	8.915770e-04	1.252715e-05	-3.122686e-03	2.395762e-05	5.515954e-05
5.055120e+03	1.748675e-03	3.470545e-03	-5.103207e-06	-1.844623e-03	3.024865e-05	9.756994e-05
5.067510e+03	-1.036687e-03	3.715535e-03	4.058637e-06	7.674190e-04	6.032795e-05	2.639770e-04
5.079900e+03	-3.172652e-03	2.135674e-03	-1.325993e-05	3.082107e-03	-4.308059e-06	8.856226e-05
5.092290e+03	-3.009071e-03	-6.483966e-04	-2.044708e-05	2.945553e-03	-9.788366e-06	6.111922e-05
5.104680e+03	-7.035963e-04	-2.215191e-03	6.884997e-06	6.338886e-04	-1.863050e-05	7.308159e-05
5.117070e+03	1.800466e-03	-1.359432e-03	1.168008e-04	-1.911145e-03	4.171735e-06	1.194679e-04
5.129460e+03	2.820229e-03	1.088675e-03	-5.249843e-05	-2.912911e-03	-5.587071e-05	8.437543e-05
5.141850e+03	1.430571e-03	3.476201e-03	-1.138110e-05	-1.492450e-03	2.550425e-05	6.322706e-05
5.154240e+03	-1.212100e-03	3.748318e-03	-9.446091e-06	1.255895e-03	-7.981824e-07	-2.141776e-05
5.166630e+03	-3.073578e-03	1.786338e-03	-2.396546e-05	3.010265e-03	-1.273304e-05	5.608194e-05
5.179020e+03	-2.730744e-03	-8.257295e-04	3.768830e-05	2.665812e-03	2.742755e-07	6.469660e-05
5.191410e+03	-2.226804e-04	-2.066083e-03	6.877889e-06	4.791283e-05	-2.794377e-05	1.549727e-04
5.203800e+03	1.957043e-03	-1.082254e-03	1.367734e-05	-2.034283e-03	-1.286154e-05	8.755493e-05
5.216190e+03	2.522899e-03	1.461928e-03	4.719758e-05	-2.646402e-03	-1.345608e-06	1.081576e-04
5.228580e+03	1.155881e-03	3.312767e-03	1.343468e-05	-1.165220e-03	1.255848e-04	1.194201e-05
5.240970e+03	-1.382708e-03	3.310196e-03	-1.586797e-05	1.310305e-03	2.521900e-05	7.076685e-05
5.253360e+03	-2.807009e-03	1.457675e-03	-2.225486e-05	2.746030e-03	8.285408e-06	6.658853e-05
5.265750e+03	-2.177104e-03	-8.139032e-04	-1.649621e-05	2.125073e-03	-2.084936e-06	6.270219e-05
5.278140e+03	-1.309310e-04	-1.669493e-03	-4.960910e-06	4.891735e-05	-1.316524e-05	8.242960e-05
5.290530e+03	2.040485e-03	-6.621579e-04	-4.825456e-05	-1.841358e-03	-2.668937e-04	-1.815221e-04
5.302920e+03	2.189346e-03	1.609914e-03	4.560118e-05	-2.297206e-03	-5.951456e-06	1.149338e-04
5.315310e+03	6.982229e-04	3.087783e-03	-2.147371e-06	-7.726464e-04	3.662255e-05	7.698858e-05
5.327700e+03	-1.366805e-03	2.925028e-03	-1.096993e-06	1.292133e-03	4.597788e-05	7.657399e-05
5.340090e+03	-2.533970e-03	1.223589e-03	-2.680190e-05	2.462408e-03	1.113648e-07	7.156596e-05
5.352480e+03	-1.854867e-03	-6.923909e-04	-1.566724e-05	1.793493e-03	-1.816717e-05	6.263636e-05
5.364870e+03	1.777028e-05	-1.342811e-03	9.454478e-07	-7.496540e-05	-1.867615e-05	5.947812e-05
5.377260e+03	1.624251e-03	-5.086300e-04	-2.125517e-06	-1.764256e-03	-2.273425e-05	1.429356e-04
5.389650e+03	1.809556e-03	1.544471e-03	1.833575e-05	-1.888767e-03	7.098652e-06	8.291995e-05
5.402040e+03	5.134886e-04	2.790493e-03	-4.832042e-06	-6.007666e-04	1.578013e-05	8.746259e-05
5.414430e+03	-1.220170e-03	2.565675e-03	-1.064460e-06	1.128646e-03	1.489940e-05	8.686793e-05
5.426820e+03	-2.048412e-03	1.119607e-03	9.724233e-07	1.976536e-03	4.975742e-06	7.908276e-05
5.439210e+03	-1.469113e-03	-4.074242e-04	-7.913973e-06	1.408733e-03	-8.730319e-07	6.380880e-05
5.451600e+03	-1.615674e-06	-8.631698e-04	-2.049960e-08	-5.040000e-05	-8.793265e-06	6.354852e-05
5.463990e+03	1.174545e-03	-9.845284e-05	1.579896e-05	-1.260832e-03	7.734509e-06	9.584857e-05
5.476380e+03	1.389185e-03	1.346523e-03	8.881970e-05	-1.370247e-03	5.141946e-05	-2.877380e-05
5.488770e+03	3.031739e-04	2.361428e-03	-6.507561e-06	-4.020936e-04	1.577764e-05	9.800961e-05
5.501160e+03	-9.949885e-04	2.132900e-03	6.814726e-06	9.301392e-04	1.251676e-05	6.411524e-05
5.513550e+03	-1.587035e-03	1.030167e-03	1.728391e-06	1.525190e-03	3.089665e-06	6.649156e-05
5.525940e+03	-1.141764e-03	-4.401265e-05	-5.340029e-06	1.083308e-03	8.187275e-06	5.815357e-05
5.538330e+03	-3.712465e-05	-3.746951e-04	-6.287868e-06	-3.705390e-05	6.985338e-06	7.573626e-05
5.550720e+03	8.081512e-04	2.749755e-04	4.717750e-06	-8.831579e-04	-1.510396e-05	8.038523e-05
5.563110e+03	8.160705e-04	1.276800e-03	1.822345e-05	-8.993953e-04	1.088904e-05	9.042093e-05
5.575500e+03	9.692553e-05	1.893065e-03	4.380803e-06	-1.620983e-04	8.800699e-06	6.775304e-05
5.587890e+03	-7.740737e-04	1.658507e-03	-2.914461e-05	6.864077e-04	-3.574478e-05	8.923633e-05
