1.300950e+03	3.954063e-02	1.278355e-01	2.493455e-05	-3.958394e-02	-3.021426e-05	3.038781e-05
1.313340e+03	2.223529e-03	1.330000e-01	-7.868739e-06	-2.161575e-03	3.167788e-06	-2.376251e-05
1.325730e+03	-3.142515e-02	1.299324e-01	-1.160247e-07	3.152664e-02	-3.108128e-05	-1.256938e-04
1.338120e+03	-6.916612e-02	1.145332e-01	9.608844e-06	6.944400e-02	-7.875093e-06	-1.943606e-04
1.350510e+03	-9.890302e-02	9.070776e-02	3.331815e-06	9.905807e-02	1.089548e-05	-1.378727e-04
1.362900e+03	-1.203247e-01	5.951060e-02	-4.043533e-05	1.203231e-01	7.541293e-06	-6.837021e-05
1.375290e+03	-1.328447e-01	2.271404e-02	1.544135e-05	1.328447e-01	-4.380954e-06	-6.321450e-05
1.387680e+03	-1.339827e-01	-1.567249e-02	1.191345e-05	1.339827e-01	1.643625e-05	-7.636246e-05
1.400070e+03	-1.235202e-01	-5.285084e-02	5.894873e-06	1.235202e-01	5.320469e-06	-1.421754e-04
1.412460e+03	-1.042553e-01	-8.517825e-02	3.855584e-05	1.042721e-01	1.629941e-06	-1.533389e-04
1.424850e+03	-7.548381e-02	-1.112458e-01	1.525134e-05	7.567503e-02	1.719952e-05	-1.884437e-04
1.437240e+03	-4.197176e-02	-1.278207e-01	1.712099e-05	4.212139e-02	4.603295e-06	-1.531391e-04
1.449630e+03	-4.147450e-03	-1.339926e-01	-1.092690e-05	4.341046e-03	-1.097082e-06	-1.909095e-04
1.462020e+03	3.330598e-02	-1.300405e-01	9.647139e-06	-3.317799e-02	1.370000e-05	-1.653153e-04
1.474410e+03	6.863612e-02	-1.159299e-01	-6.960085e-06	-6.853279e-02	1.593566e-05	-1.455939e-04
1.486800e+03	9.814948e-02	-9.278707e-02	-1.369567e-05	-9.814263e-02	1.049659e-05	-1.816132e-04
1.499190e+03	1.216745e-01	-5.994955e-02	-1.314642e-05	-1.216745e-01	-6.894960e-05	7.379880e-05
1.511580e+03	1.323945e-01	-2.353816e-02	1.087271e-05	-1.323945e-01	-1.247581e-05	-2.715781e-04
1.523970e+03	1.326773e-01	1.465810e-02	3.238126e-05	-1.326970e-01	-9.583122e-06	-3.521992e-04
1.536360e+03	1.240048e-01	5.075627e-02	9.169504e-06	-1.228602e-01	5.599499e-05	-2.126759e-04
1.548750e+03	1.048116e-01	8.303129e-02	4.747088e-05	-1.048217e-01	3.369782e-05	1.951399e-04
1.561140e+03	7.690450e-02	1.082888e-01	-3.339680e-05	-7.732464e-02	8.878560e-05	3.327627e-04
1.573530e+03	4.347175e-02	1.258194e-01	-2.966973e-05	-4.385251e-02	2.923972e-05	4.459200e-04
1.585920e+03	6.708623e-03	1.319444e-01	-3.470485e-05	-7.037726e-03	2.450848e-05	3.343966e-04
1.598310e+03	-2.884796e-02	1.280193e-01	-5.184694e-05	2.882933e-02	6.277619e-06	9.898762e-05
1.610700e+03	-6.308626e-02	1.148994e-01	1.754743e-05	6.276131e-02	-4.749941e-05	2.821949e-04
1.623090e+03	-9.291279e-02	9.395114e-02	2.785759e-06	9.210065e-02	-4.909304e-05	8.033716e-04
1.635480e+03	-1.158366e-01	6.431133e-02	1.059711e-05	1.148317e-01	-1.342955e-05	1.196183e-03
1.647870e+03	-1.288000e-01	2.983652e-02	3.995765e-05	1.278000e-01	-5.694561e-06	9.944841e-04
1.660260e+03	-1.311850e-01	-7.643329e-03	6.810149e-06	1.306258e-01	9.386347e-06	7.916625e-04
1.672650e+03	-1.237281e-01	-4.310947e-02	5.678577e-05	1.236158e-01	4.183601e-05	7.752614e-04
1.685040e+03	-1.074277e-01	-7.583723e-02	5.036221e-05	1.064044e-01	5.733370e-05	8.736860e-04
1.697430e+03	-8.197348e-02	-1.024498e-01	-3.629076e-05	8.100605e-02	3.949753e-05	9.925866e-04
1.709820e+03	-5.069210e-02	-1.214473e-01	-3.476183e-05	4.948457e-02	1.665427e-05	1.246936e-03
1.722210e+03	-1.426157e-02	-1.315360e-01	-3.654728e-05	1.292427e-02	-3.420023e-06	1.322170e-03
1.734600e+03	2.313776e-02	-1.289781e-01	-5.223957e-05	-2.417957e-02	-2.246534e-05	1.022849e-03
1.746990e+03	5.926073e-02	-1.168496e-01	-8.144359e-05	-6.006074e-02	-5.582277e-05	8.238394e-04
1.759380e+03	8.993440e-02	-9.671036e-02	-2.239687e-05	-9.087986e-02	-7.577900e-05	1.008846e-03
1.771770e+03	1.142798e-01	-6.742164e-02	-4.793087e-06	-1.161564e-01	-6.330326e-05	1.335962e-03
1.784160e+03	1.299908e-01	-3.112134e-02	1.332875e-05	-1.318750e-01	-5.648035e-05	1.380000e-03
1.796550e+03	1.337988e-01	9.328193e-03	1.724200e-05	-1.355580e-01	1.849657e-05	1.198282e-03
1.808940e+03	1.255959e-01	4.873088e-02	2.549283e-05	-1.265757e-01	-1.694428e-05	9.145948e-04
1.821330e+03	1.061196e-01	8.428049e-02	-2.518377e-06	-1.068011e-01	1.518367e-05	6.239632e-04
1.833720e+03	7.677122e-02	1.128810e-01	5.116587e-06	-7.727811e-02	1.558438e-05	6.033760e-04
1.846110e+03	3.875587e-02	1.327237e-01	-5.115816e-05	-3.955208e-02	5.470183e-05	8.008941e-04
1.858500e+03	-3.476341e-03	1.388045e-01	-2.299410e-05	2.556705e-03	-2.007626e-05	9.008348e-04
1.870890e+03	-4.703267e-02	1.322207e-01	1.175824e-05	4.634127e-02	-4.523571e-05	7.320966e-04
1.883280e+03	-8.705246e-02	1.120261e-01	5.426065e-05	8.650959e-02	-6.715331e-05	5.166199e-04
1.895670e+03	-1.195720e-01	7.857827e-02	2.940417e-05	1.189391e-01	-5.106041e-05	3.473968e-04
1.908060e+03	-1.396056e-01	3.618558e-02	9.598402e-05	1.396399e-01	-2.326993e-05	2.702027e-04
1.920450e+03	-1.450000e-01	-1.227612e-02	3.262723e-05	1.450000e-01	1.444275e-05	2.540591e-04
1.932840e+03	-1.349894e-01	-6.180036e-02	1.328168e-04	1.342513e-01	2.703550e-05	2.952923e-04
1.945230e+03	-1.055752e-01	-1.056173e-01	-2.033640e-05	1.055743e-01	4.236338e-05	7.611418e-05
1.957620e+03	-6.294692e-02	-1.369697e-01	5.101481e-05	6.308911e-02	9.231392e-05	-1.784081e-04
1.970010e+03	-1.043949e-02	-1.508017e-01	-4.822877e-05	1.092520e-02	2.986262e-05	-4.319777e-04
1.982400e+03	4.514427e-02	-1.473914e-01	-3.108295e-05	-4.465172e-02	7.056175e-05	-4.610386e-04
1.994790e+03	9.720639e-02	-1.222678e-01	-3.778074e-05	-9.715552e-02	-2.984544e-05	-2.610981e-04
2.007180e+03	1.377961e-01	-7.768337e-02	-2.707731e-05	-1.378800e-01	-3.755404e-05	-1.728987e-04
2.019570e+03	1.591297e-01	-1.853345e-02	8.938878e-06	-1.582385e-01	-1.281652e-05	-2.203143e-04
2.031960e+03	1.556676e-01	4.588237e-02	1.448498e-06	-1.549570e-01	8.835696e-05	-2.118016e-04
2.044350e+03	1.255307e-01	1.051985e-01	-2.112660e-05	-1.252709e-01	4.537866e-05	-3.696435e-04
2.056740e+03	7.291124e-02	1.483607e-01	-6.674670e-05	-7.253643e-02	9.513036e-06	-3.586544e-04
2.069130e+03	4.203877e-03	1.675188e-01	-1.234943e-04	-3.968724e-03	5.900103e-05	-2.395412e-04
2.081520e+03	-6.810256e-02	1.555696e-01	-9.370072e-05	6.821140e-02	-8.291656e-05	-5.094090e-05
2.093910e+03	-1.313413e-01	1.115135e-01	1.934729e-05	1.303569e-01	-1.635451e-04	1.512551e-04
2.106300e+03	-1.695076e-01	4.159109e-02	-1.786334e-05	1.695230e-01	-1.158235e-04	2.533149e-04
2.118690e+03	-1.717533e-01	-4.117653e-02	1.073850e-04	1.715277e-01	-1.203919e-04	5.273459e-04
2.131080e+03	-1.339451e-01	-1.182679e-01	1.799568e-04	1.329465e-01	-3.739076e-05	7.080005e-04
2.143470e+03	-6.093791e-02	-1.699816e-01	-1.702722e-05	5.984430e-02	-6.597830e-05	1.129307e-03
2.155860e+03	3.082832e-02	-1.792633e-01	1.434194e-04	-3.237542e-02	8.443753e-05	1.523082e-03
2.168250e+03	1.199214e-01	-1.377053e-01	5.152485e-05	-1.219193e-01	-5.311032e-05	1.890399e-03
2.180640e+03	1.748035e-01	-5.236147e-02	8.769098e-05	-1.774791e-01	1.042844e-04	2.304211e-03
2.193030e+03	1.737870e-01	5.332091e-02	5.933708e-05	-1.767940e-01	3.084404e-04	2.346435e-03
2.205420e+03	1.068091e-01	1.442382e-01	-1.322594e-04	-1.089048e-01	2.342998e-04	1.853614e-03
2.217810e+03	-3.516878e-03	1.738830e-01	-3.007634e-04	2.383788e-03	9.895650e-05	1.135735e-03
2.230200e+03	-1.099833e-01	1.278286e-01	-3.219903e-04	1.098805e-01	-1.785461e-04	2.337795e-04
2.242590e+03	-1.559997e-01	2.003821e-02	-7.124433e-06	1.569997e-01	-4.459948e-04	-1.066542e-03
2.254980e+03	-1.120981e-01	-8.702747e-02	2.737872e-04	1.143386e-01	-3.301669e-04	-2.379815e-03
2.267370e+03	-8.833618e-03	-1.236805e-01	3.595978e-04	1.252303e-02	-5.819404e-05	-3.573156e-03
2.279760e+03	7.460380e-02	-7.124095e-02	2.204779e-04	-6.981693e-02	2.112785e-04	-4.848320e-03
2.292150e+03	7.882780e-02	1.228431e-02	2.757679e-05	-7.336093e-02	2.987090e-04	-5.469580e-03
2.304540e+03	2.273179e-02	4.829654e-02	-1.302426e-04	-1.763442e-02	1.010093e-04	-5.071284e-03
2.316930e+03	-1.875929e-02	2.105652e-02	-2.045374e-04	2.357898e-02	-3.816826e-05	-4.826811e-03
2.329320e+03	-6.620089e-03	-1.274382e-02	-1.523962e-04	1.136556e-02	-7.650721e-05	-4.748549e-03
2.341710e+03	2.004539e-02	-2.823162e-03	-1.120802e-04	-1.503053e-02	-1.925127e-04	-5.004670e-03
2.354100e+03	1.134695e-02	2.512570e-02	4.319922e-05	-5.874489e-03	-1.705038e-04	-5.404661e-03
2.366490e+03	-2.194171e-02	2.286638e-02	1.770657e-04	2.729125e-02	-6.483061e-05	-5.336509e-03
2.378880e+03	-3.520000e-02	-1.174772e-02	1.777495e-04	3.901715e-02	1.549779e-04	-3.727262e-03
2.391270e+03	-1.272730e-02	-4.200781e-02	7.220314e-05	1.337640e-02	3.284104e-04	-6.605184e-04
2.403660e+03	2.731802e-02	-3.974343e-02	-1.406847e-04	-3.030586e-02	3.004862e-04	2.979042e-03
2.416050e+03	4.980322e-02	-2.659828e-03	-3.353100e-04	-5.644876e-02	5.488096e-05	6.472934e-03
2.428440e+03	3.650396e-02	4.414470e-02	-2.736657e-04	-4.456429e-02	-5.692481e-05	8.109255e-03
2.440830e+03	-1.146376e-02	6.454348e-02	-1.237260e-04	3.605003e-03	-1.696971e-04	7.880607e-03
2.453220e+03	-6.208757e-02	4.018138e-02	1.448180e-04	5.638673e-02	-2.454498e-04	5.590472e-03
2.465610e+03	-7.474656e-02	-2.060467e-02	3.205865e-04	7.248438e-02	-9.209269e-05	1.947117e-03
2.478000e+03	-3.100574e-02	-7.483602e-02	2.328643e-04	3.257155e-02	1.088574e-04	-1.528370e-03
2.490390e+03	4.321433e-02	-7.293009e-02	8.926728e-05	-3.918854e-02	2.779882e-04	-4.056445e-03
2.502780e+03	8.593407e-02	-9.190812e-03	-1.988306e-04	-8.076118e-02	2.478194e-04	-5.097706e-03
2.515170e+03	5.497687e-02	6.417052e-02	-3.510395e-04	-5.020566e-02	-2.484773e-05	-4.829975e-03
2.527560e+03	-2.422633e-02	7.610684e-02	-1.436133e-04	2.795630e-02	-3.123018e-04	-3.785025e-03
2.539950e+03	-7.458628e-02	1.504290e-02	1.631716e-04	7.713818e-02	-2.269045e-04	-2.575033e-03
2.552340e+03	-4.856436e-02	-5.806547e-02	3.039370e-04	4.997509e-02	-1.109969e-04	-1.450766e-03
2.564730e+03	2.582241e-02	-7.171593e-02	2.373539e-04	-2.547048e-02	3.467366e-04	-3.724144e-04
2.577120e+03	7.516472e-02	-1.577035e-02	6.076378e-05	-7.516158e-02	4.197033e-04	1.453239e-05
2.589510e+03	5.489856e-02	5.654582e-02	-2.721385e-04	-5.527277e-02	9.050897e-05	3.507225e-04
2.601900e+03	-1.548472e-02	7.829974e-02	-3.359995e-04	1.448771e-02	-4.161843e-05	1.017479e-03
2.614290e+03	-7.361343e-02	3.389620e-02	-1.466714e-04	7.200399e-02	-3.164580e-04	1.637943e-03
2.626680e+03	-7.129959e-02	-3.894039e-02	2.243218e-04	6.959458e-02	-3.664565e-04	1.774492e-03
2.639070e+03	-1.157190e-02	-7.828093e-02	3.586499e-04	8.965906e-03	-4.201615e-05	2.628039e-03
2.651460e+03	5.454762e-02	-5.194898e-02	1.479385e-04	-5.734496e-02	2.022445e-04	2.747528e-03
2.663850e+03	6.936749e-02	1.690486e-02	-1.084134e-04	-7.171435e-02	3.091129e-04	2.290131e-03
2.676240e+03	2.324186e-02	6.357306e-02	-3.078988e-04	-2.460719e-02	3.385421e-05	1.399246e-03
2.688630e+03	-4.029161e-02	4.505016e-02	-3.094563e-04	4.079930e-02	-2.991433e-05	-5.482637e-04
2.701020e+03	-5.274882e-02	-1.538917e-02	-4.612477e-05	5.465618e-02	-2.570227e-04	-1.905066e-03
2.713410e+03	-5.187775e-03	-5.269648e-02	5.772782e-04	7.529149e-03	1.603244e-04	-2.321862e-03
2.725800e+03	4.688749e-02	-2.411728e-02	3.065506e-05	-4.381027e-02	2.630533e-04	-2.956304e-03
2.738190e+03	4.158283e-02	3.415477e-02	-7.432851e-05	-3.887953e-02	2.312480e-04	-2.658028e-03
2.750580e+03	-1.573448e-02	5.305447e-02	-5.968508e-04	1.784361e-02	-9.003665e-06	-2.152467e-03
2.762970e+03	-5.789463e-02	8.939468e-03	-3.728147e-04	5.997276e-02	1.242678e-04	-2.085892e-03
2.775360e+03	-3.749257e-02	-5.150499e-02	-1.751197e-04	3.922583e-02	-1.574323e-04	-1.722334e-03
2.787750e+03	2.797467e-02	-6.282488e-02	1.705639e-04	-2.671255e-02	-7.439112e-06	-1.260405e-03
2.800140e+03	7.183147e-02	-9.106657e-03	8.461788e-05	-7.170407e-02	8.442743e-06	-2.163701e-04
2.812530e+03	4.812254e-02	5.796954e-02	9.114689e-05	-4.925434e-02	1.438480e-04	1.138982e-03
2.824920e+03	-2.392567e-02	7.542301e-02	-1.193321e-04	2.127244e-02	1.401695e-04	2.645159e-03
2.837310e+03	-8.043127e-02	2.475404e-02	-1.574475e-04	7.676092e-02	8.235245e-05	3.612468e-03
2.849700e+03	-6.898249e-02	-5.192562e-02	-2.069993e-04	6.588269e-02	-3.689987e-04	3.089931e-03
2.862090e+03	3.200548e-03	-8.573282e-02	-2.723796e-05	-5.408587e-03	-5.526240e-05	2.256747e-03
2.874480e+03	7.442757e-02	-4.685446e-02	8.228426e-05	-7.522603e-02	-1.114878e-04	7.455357e-04
2.886870e+03	8.119512e-02	3.583794e-02	-9.254221e-05	-7.993389e-02	6.002686e-05	-1.344187e-03
2.899260e+03	1.450779e-02	8.554284e-02	-1.531893e-04	-1.227395e-02	4.374733e-05	-2.261656e-03
2.911650e+03	-6.371195e-02	5.598165e-02	-4.637722e-05	6.620725e-02	-9.720612e-06	-2.548757e-03
2.924040e+03	-7.778114e-02	-2.647545e-02	-4.825525e-05	7.997460e-02	-8.573024e-05	-2.129748e-03
2.936430e+03	-1.591886e-02	-7.942771e-02	-1.025107e-05	1.696579e-02	2.920527e-05	-1.091133e-03
2.948820e+03	5.868223e-02	-5.237421e-02	1.279788e-04	-5.796633e-02	2.423871e-04	-6.870395e-04
2.961210e+03	7.244033e-02	2.327555e-02	-3.537887e-05	-7.234643e-02	-1.411972e-04	-1.005688e-04
2.973600e+03	1.686582e-02	7.335236e-02	-1.259566e-04	-1.715227e-02	-6.743527e-05	2.937100e-04
2.985990e+03	-5.299165e-02	5.158668e-02	-3.305935e-05	5.273545e-02	-5.599454e-05	2.092374e-04
2.998380e+03	-7.114854e-02	-1.692738e-02	6.875865e-05	7.103840e-02	-2.176224e-04	1.016521e-04
3.010770e+03	-2.398584e-02	-6.767355e-02	-1.261424e-05	2.336051e-02	-3.014467e-05	5.812519e-04
3.023160e+03	4.267753e-02	-5.558650e-02	1.180332e-04	-4.326920e-02	4.292419e-05	6.905703e-04
3.035550e+03	6.715370e-02	5.428878e-03	-6.719580e-05	-6.845267e-02	5.478433e-05	1.272683e-03
3.047940e+03	3.069720e-02	5.802389e-02	-1.326579e-04	-3.198466e-02	-4.981109e-07	1.287827e-03
3.060330e+03	-3.191877e-02	5.496288e-02	-1.784501e-04	3.127492e-02	-8.763085e-05	6.140193e-04
3.072720e+03	-6.028217e-02	1.535834e-03	-3.606813e-04	6.059954e-02	7.051458e-06	-2.368566e-04
3.085110e+03	-3.000121e-02	-4.964222e-02	1.930062e-04	3.092823e-02	3.696921e-05	-9.222070e-04
3.097500e+03	2.767083e-02	-4.871165e-02	9.096180e-05	-2.646829e-02	9.675898e-05	-1.240000e-03
3.109890e+03	5.291494e-02	4.363320e-04	7.072051e-05	-5.185361e-02	2.340790e-06	-1.066955e-03
3.122280e+03	2.430504e-02	4.634541e-02	-1.037926e-04	-2.310790e-02	1.944967e-04	-1.228665e-03
3.134670e+03	-2.919465e-02	4.185068e-02	-7.777777e-05	2.989030e-02	-6.797917e-05	-7.064583e-04
3.147060e+03	-5.019322e-02	-6.877681e-03	-3.081566e-05	5.064161e-02	-8.219352e-05	-4.460110e-04
3.159450e+03	-1.957056e-02	-4.789992e-02	1.751151e-04	1.986643e-02	1.733495e-05	-2.982647e-04
3.171840e+03	3.181795e-02	-4.135448e-02	1.009754e-04	-3.168976e-02	-8.405764e-05	-7.229209e-05
3.184230e+03	5.126017e-02	6.094385e-03	-2.937237e-05	-5.125927e-02	1.126316e-04	-8.427290e-06
3.196620e+03	2.155842e-02	4.793579e-02	-1.576741e-04	-2.187769e-02	-2.271300e-05	3.504302e-04
3.209010e+03	-3.016098e-02	4.320349e-02	-1.680547e-04	2.955884e-02	-9.683023e-05	5.642432e-04
3.221400e+03	-5.234525e-02	-2.802973e-03	-7.574985e-05	5.155738e-02	-2.170003e-04	7.700512e-04
3.233790e+03	-2.557373e-02	-4.616211e-02	-5.794031e-05	2.478997e-02	-2.091882e-04	7.702408e-04
3.246180e+03	2.547980e-02	-4.565647e-02	1.217781e-04	-2.623088e-02	-5.374140e-05	7.873088e-04
3.258570e+03	5.209943e-02	-1.565420e-03	3.805928e-05	-5.239939e-02	-6.575851e-06	3.020716e-04
3.270960e+03	2.813800e-02	4.384509e-02	6.268963e-07	-2.802389e-02	-3.136923e-06	-1.503650e-04
3.283350e+03	-2.275563e-02	4.656486e-02	-1.194054e-04	2.336460e-02	-9.225981e-05	-6.337088e-04
3.295740e+03	-5.048184e-02	3.746390e-03	-8.912451e-05	5.139110e-02	-2.229942e-05	-9.661959e-04
3.308130e+03	-2.908870e-02	-4.258816e-02	-1.138383e-04	3.018850e-02	-3.818009e-04	-1.114592e-03
3.320520e+03	2.180969e-02	-4.705080e-02	4.620217e-05	-2.096806e-02	1.168082e-05	-7.788604e-04
3.332910e+03	5.097222e-02	-5.976756e-03	5.376030e-05	-5.027021e-02	2.138457e-04	-6.627919e-04
3.345300e+03	3.146421e-02	4.079061e-02	4.996154e-06	-3.115860e-02	4.835364e-05	-3.332619e-04
3.357690e+03	-1.878463e-02	4.775819e-02	-1.959154e-04	1.906912e-02	-1.740620e-05	-2.461797e-04
3.370080e+03	-5.046208e-02	9.079726e-03	-8.272522e-05	5.021622e-02	-7.648894e-05	2.276220e-04
3.382470e+03	-3.452812e-02	-3.839726e-02	2.957134e-04	3.403024e-02	-1.859964e-04	4.517864e-04
3.394860e+03	1.354475e-02	-4.970111e-02	1.548052e-04	-1.410581e-02	-1.531156e-04	5.833145e-04
3.407250e+03	4.904438e-02	-1.485063e-02	1.309289e-04	-4.964691e-02	-5.509478e-05	5.628379e-04
3.419640e+03	3.870267e-02	3.352988e-02	3.707829e-05	-3.913388e-02	7.164721e-05	4.486828e-04
3.432030e+03	-7.730110e-03	5.029809e-02	-8.781372e-05	7.487150e-03	6.423167e-05	2.397748e-04
3.444420e+03	-4.688975e-02	2.021138e-02	-9.651508e-05	4.685303e-02	2.447025e-05	5.968161e-05
3.456810e+03	-4.122063e-02	-2.851922e-02	5.388697e-05	4.152225e-02	-2.690250e-05	-2.583524e-04
3.469200e+03	2.718045e-03	-4.889363e-02	1.674210e-05	-2.426581e-03	-9.246283e-05	-3.020987e-04
3.481590e+03	4.295804e-02	-2.343686e-02	2.314143e-04	-4.228785e-02	1.098519e-04	-6.500556e-04
3.493980e+03	4.141296e-02	2.423993e-02	-1.266715e-05	-4.083377e-02	1.017904e-04	-5.599219e-04
3.506370e+03	6.403531e-04	4.632395e-02	-8.613351e-05	-7.883747e-05	7.140749e-05	-5.461655e-04
3.518760e+03	-4.012258e-02	2.447627e-02	-4.739915e-04	4.022646e-02	1.177701e-04	-2.164011e-05
3.531150e+03	-4.065567e-02	-2.119318e-02	8.452674e-05	4.074509e-02	6.975294e-05	2.642247e-05
3.543540e+03	-2.557684e-03	-4.500036e-02	3.401501e-05	2.566163e-03	-1.166659e-05	1.280308e-05
3.555930e+03	3.714386e-02	-2.560228e-02	8.444007e-05	-3.733311e-02	7.076905e-05	1.834347e-04
3.568320e+03	4.105091e-02	1.806365e-02	1.820003e-05	-4.107235e-02	-4.104998e-05	1.214129e-04
3.580710e+03	5.585054e-03	4.369876e-02	-1.786411e-04	-5.803677e-03	3.521521e-04	2.213952e-04
3.593100e+03	-3.426690e-02	2.744901e-02	-2.201092e-04	3.432330e-02	-8.383812e-05	2.817556e-05
3.605490e+03	-4.127807e-02	-1.472828e-02	3.562873e-05	4.113453e-02	2.316265e-04	1.270042e-04
3.617880e+03	-9.019876e-03	-4.173998e-02	-2.222255e-04	8.874634e-03	4.216589e-05	1.823063e-04
3.630270e+03	3.081599e-02	-2.924964e-02	1.495516e-04	-3.081646e-02	1.418047e-04	-6.581807e-06
3.642660e+03	3.992181e-02	1.132809e-02	-1.536151e-05	-3.981930e-02	9.863698e-05	-8.512933e-05
3.655050e+03	1.093487e-02	3.924842e-02	-2.186734e-05	-1.062785e-02	-2.233356e-05	-3.013702e-04
3.667440e+03	-2.812537e-02	2.892768e-02	-4.708519e-06	2.845461e-02	-6.382146e-05	-4.182936e-04
3.679830e+03	-3.872496e-02	-9.566089e-03	3.238301e-05	3.916531e-02	-3.016465e-05	-4.295413e-04
3.692220e+03	-1.133132e-02	-3.792195e-02	1.128295e-04	1.173533e-02	-3.150582e-05	-3.440544e-04
3.704610e+03	2.688981e-02	-2.888507e-02	-1.432871e-05	-2.658063e-02	1.200143e-04	-2.770854e-04
3.717000e+03	3.823603e-02	8.362721e-03	9.865349e-05	-3.821882e-02	-1.189003e-04	-1.276689e-05
3.729390e+03	1.233428e-02	3.666256e-02	-1.625694e-04	-1.222188e-02	-2.772374e-04	-7.790576e-05
3.741780e+03	-2.533455e-02	2.920673e-02	-4.540148e-05	2.523601e-02	-2.076523e-05	9.363834e-05
3.754170e+03	-3.815193e-02	-6.663429e-03	3.533657e-05	3.795181e-02	-7.685794e-05	1.918167e-04
3.766560e+03	-1.390733e-02	-3.618954e-02	2.207768e-05	1.377071e-02	-7.533416e-05	1.551641e-04
3.778950e+03	2.320408e-02	-3.045002e-02	6.740162e-05	-2.335073e-02	1.469083e-04	1.965279e-04
3.791340e+03	3.729020e-02	4.270494e-03	2.571505e-05	-3.739364e-02	7.120008e-05	1.067737e-04
3.803730e+03	1.571120e-02	3.435800e-02	-9.092732e-06	-1.559972e-02	2.443842e-04	-5.710724e-05
3.816120e+03	-2.120635e-02	3.084936e-02	-1.211336e-04	2.130072e-02	-7.318080e-05	-8.189348e-05
3.828510e+03	-3.659151e-02	-2.425812e-03	8.640956e-05	3.678263e-02	-2.438493e-04	-1.641113e-04
3.840900e+03	-1.676981e-02	-3.323791e-02	-8.788919e-05	1.708537e-02	-2.053463e-05	-2.726666e-04
3.853290e+03	1.980692e-02	-3.142785e-02	1.235730e-04	-1.931924e-02	1.461011e-04	-4.512681e-04
3.865680e+03	3.643246e-02	8.815057e-04	-7.349698e-07	-3.613230e-02	8.511708e-05	-2.777941e-04
3.878070e+03	1.786535e-02	3.158397e-02	-3.895728e-04	-1.763022e-02	-6.178970e-05	-2.516404e-04
3.890460e+03	-1.784292e-02	3.133170e-02	-1.459011e-04	1.800440e-02	-7.910088e-05	-1.770882e-04
3.902850e+03	-3.562891e-02	4.216934e-04	-1.813427e-05	3.582386e-02	-3.535920e-04	-2.314492e-04
3.915240e+03	-1.912236e-02	-3.043161e-02	2.888134e-05	1.906208e-02	-7.681602e-05	1.898886e-05
3.927630e+03	1.589510e-02	-3.212042e-02	-1.186362e-04	-1.590197e-02	6.894781e-07	5.487694e-05
3.940020e+03	3.502627e-02	-2.739727e-03	9.218365e-06	-3.510465e-02	7.991411e-05	8.012891e-05
3.952410e+03	2.024142e-02	2.848734e-02	-2.640224e-05	-2.032973e-02	2.399202e-04	1.214058e-04
3.964800e+03	-1.363454e-02	3.180662e-02	-1.666305e-04	1.363704e-02	-2.687641e-05	7.798739e-05
3.977190e+03	-3.405090e-02	4.743116e-03	-3.604267e-05	3.405090e-02	-8.592584e-05	1.284168e-05
3.989580e+03	-2.150377e-02	-2.646116e-02	-5.649626e-07	2.175200e-02	-2.657431e-04	-2.386139e-04
4.001970e+03	1.130374e-02	-3.161544e-02	-3.483402e-04	-1.130155e-02	9.269505e-05	-5.480456e-05
4.014360e+03	3.258101e-02	-6.602116e-03	-7.390484e-05	-3.264923e-02	7.613510e-05	5.379463e-05
4.026750e+03	2.205180e-02	2.421545e-02	-7.227584e-05	-2.185464e-02	8.496554e-05	-1.988387e-04
4.039140e+03	-9.536270e-03	3.011098e-02	-1.061100e-04	9.657175e-03	-4.088723e-04	-1.175368e-04
4.051530e+03	-3.111894e-02	7.327559e-03	2.335177e-04	3.151359e-02	-1.533450e-04	-3.674679e-04
4.063920e+03	-2.189407e-02	-2.267598e-02	7.155457e-05	2.210495e-02	-7.360906e-05	-2.068692e-04
4.076310e+03	8.081877e-03	-3.047047e-02	7.787968e-05	-7.885715e-03	-1.937824e-04	-1.882227e-04
4.088700e+03	2.949818e-02	-8.394443e-03	7.499861e-05	-2.949818e-02	2.851056e-05	-1.410065e-05
4.101090e+03	2.197407e-02	2.075683e-02	-8.013599e-06	-2.205825e-02	-1.028820e-05	4.021584e-05
4.113480e+03	-6.891056e-03	2.927999e-02	1.081390e-04	6.644295e-03	-4.476000e-05	2.342296e-04
4.125870e+03	-2.788030e-02	9.115354e-03	-5.433211e-05	2.779636e-02	-2.449845e-05	6.365116e-05
4.138260e+03	-2.208343e-02	-1.905448e-02	8.646172e-05	2.207305e-02	-3.651752e-05	2.468255e-05
4.150650e+03	4.831996e-03	-2.814736e-02	2.994809e-05	-4.901488e-03	-3.550575e-05	6.851945e-05
4.163040e+03	2.625872e-02	-1.027286e-02	4.524668e-05	-2.631926e-02	1.901067e-05	4.974591e-05
4.175430e+03	2.181933e-02	1.698853e-02	2.854830e-04	-2.161128e-02	1.361970e-04	-1.605282e-04
4.187820e+03	-3.566786e-03	2.682693e-02	-5.475342e-05	3.649743e-03	-2.635098e-05	-8.201003e-05
4.200210e+03	-2.481804e-02	1.033453e-02	1.418151e-04	2.484633e-02	-1.778188e-04	1.285131e-05
4.212600e+03	-2.114446e-02	-1.581078e-02	-9.800507e-05	2.178665e-02	3.375923e-05	-5.320292e-04
4.224990e+03	2.756797e-03	-2.626301e-02	3.160979e-05	-2.483204e-03	-1.814288e-05	-2.769317e-04
4.237380e+03	2.358290e-02	-1.079958e-02	5.706780e-05	-2.347715e-02	4.681726e-05	-1.423211e-04
4.249770e+03	2.095023e-02	1.444789e-02	-4.506058e-05	-2.078563e-02	2.984626e-05	-1.083575e-04
4.262160e+03	-2.021155e-03	2.479385e-02	-4.943183e-05	2.317711e-03	2.609243e-05	-2.701999e-04
4.274550e+03	-2.229835e-02	1.110245e-02	1.734713e-05	2.223980e-02	-3.543566e-05	3.799074e-05
4.286940e+03	-2.062469e-02	-1.350131e-02	2.018464e-05	2.055382e-02	-2.512955e-05	3.947439e-05
4.299330e+03	8.114102e-04	-2.386311e-02	7.938157e-05	-7.408657e-04	7.050026e-05	-4.915880e-05
4.311720e+03	2.087825e-02	-1.147654e-02	4.137608e-06	-2.104392e-02	-1.464339e-05	1.706370e-04
4.324110e+03	2.045678e-02	1.165518e-02	-1.936256e-04	-2.035338e-02	-1.510120e-04	-8.605062e-05
4.336500e+03	1.551339e-04	2.308212e-02	-8.818647e-05	-1.473211e-04	-1.568085e-05	-1.194565e-05
4.348890e+03	-1.959517e-02	1.178867e-02	-4.885103e-05	1.969517e-02	4.047021e-05	-8.216219e-05
4.361280e+03	-1.993148e-02	-1.058309e-02	8.382853e-05	2.010831e-02	-9.967115e-05	-1.186567e-04
4.373670e+03	-1.105156e-03	-2.215955e-02	5.639738e-05	1.159819e-03	-2.479126e-05	-4.818485e-05
4.386060e+03	1.825110e-02	-1.230813e-02	-1.466826e-05	-1.815110e-02	3.673712e-05	-1.127615e-04
4.398450e+03	1.940031e-02	9.339941e-03	6.588229e-05	-1.938883e-02	-1.267707e-04	-5.074503e-05
4.410840e+03	2.025298e-03	2.093438e-02	-8.247570e-05	-1.929352e-03	-2.290306e-05	-9.382806e-05
4.423230e+03	-1.705671e-02	1.268819e-02	-1.343364e-04	1.725944e-02	-1.098223e-04	-2.506597e-04
4.435620e+03	-1.931744e-02	-7.573850e-03	6.046662e-05	1.941675e-02	5.157666e-05	-7.889845e-05
4.448010e+03	-3.022539e-03	-1.997318e-02	7.533693e-05	3.026882e-03	-1.155069e-05	-1.672358e-06
4.460400e+03	1.520118e-02	-1.270244e-02	-4.041983e-06	-1.521363e-02	4.138834e-05	2.125212e-05
4.472790e+03	1.827167e-02	6.256149e-03	6.353537e-05	-1.847900e-02	1.529120e-04	2.149138e-04
4.485180e+03	3.775059e-03	1.840000e-02	-6.634479e-05	-3.788618e-03	6.942184e-05	2.151606e-06
4.497570e+03	-1.364820e-02	1.245737e-02	-4.508282e-05	1.355254e-02	-8.011813e-05	2.757446e-05
4.509960e+03	-1.726429e-02	-5.023735e-03	9.238502e-05	1.728645e-02	-1.439851e-04	3.402904e-05
4.522350e+03	-4.536405e-03	-1.693558e-02	8.429933e-05	4.583093e-03	1.961828e-05	-3.699167e-05
4.534740e+03	1.182461e-02	-1.243375e-02	1.783940e-05	-1.183065e-02	4.703621e-05	-2.721528e-05
4.547130e+03	1.608600e-02	3.722931e-03	-1.406627e-05	-1.608811e-02	2.360576e-05	-5.776269e-05
4.559520e+03	4.815880e-03	1.545523e-02	-2.378554e-05	-4.667535e-03	-3.851263e-05	-1.438911e-04
4.571910e+03	-1.054370e-02	1.149727e-02	-1.471958e-04	1.056351e-02	-1.904723e-04	-6.659553e-05
4.584300e+03	-1.500694e-02	-3.021730e-03	1.055159e-04	1.504046e-02	-9.202913e-05	-4.869506e-05
4.596690e+03	-4.911302e-03	-1.398710e-02	2.935527e-05	5.018065e-03	4.468480e-06	-1.054703e-04
4.609080e+03	9.211197e-03	-1.118090e-02	5.409480e-05	-9.191610e-03	-2.184342e-05	-1.769670e-05
4.621470e+03	1.367788e-02	2.095531e-03	8.811695e-06	-1.367788e-02	1.038320e-04	-4.553552e-06
4.633860e+03	4.947699e-03	1.259303e-02	-5.009394e-05	-4.932104e-03	6.102690e-05	-1.310261e-05
4.646250e+03	-8.020572e-03	1.036017e-02	-4.258311e-05	8.074561e-03	-2.937099e-05	-5.404934e-05
4.658640e+03	-1.266423e-02	-1.609069e-03	4.468393e-05	1.266388e-02	-2.896885e-05	-6.068959e-05
4.671030e+03	-4.994806e-03	-1.141002e-02	-4.213961e-06	5.040418e-03	4.515097e-06	-4.495638e-05
4.683420e+03	7.140681e-03	-9.934927e-03	7.648561e-05	-7.170260e-03	3.069619e-04	3.643179e-05
4.695810e+03	1.140000e-02	9.974679e-04	3.582761e-07	-1.140000e-02	2.089837e-05	1.700569e-05
4.708200e+03	4.783731e-03	1.003094e-02	-1.533529e-05	-4.756247e-03	3.349219e-05	-3.300052e-05
4.720590e+03	-6.058230e-03	9.190283e-03	-2.754220e-04	6.655573e-03	-9.240045e-05	-4.613680e-04
4.732980e+03	-1.044867e-02	-7.706440e-04	7.738155e-05	1.045029e-02	-1.679839e-05	2.289135e-05
4.745370e+03	-4.532810e-03	-9.087485e-03	1.212360e-05	4.601605e-03	-2.093439e-05	-7.278926e-05
4.757760e+03	5.166975e-03	-8.242514e-03	-9.410749e-05	-5.158268e-03	-1.232941e-05	-5.370672e-06
4.770150e+03	9.345458e-03	2.957427e-04	-2.723725e-05	-9.304053e-03	-1.456755e-05	-4.520058e-05
4.782540e+03	3.911538e-03	7.710714e-03	-4.641486e-05	-3.812706e-03	2.454552e-06	-7.994898e-05
4.794930e+03	-4.648448e-03	7.275729e-03	-2.615056e-06	4.676788e-03	2.607302e-05	-2.585524e-05
4.807320e+03	-8.372961e-03	-9.897167e-05	1.601121e-04	8.356699e-03	-1.129314e-04	8.440226e-05
4.819710e+03	-4.023638e-03	-7.339145e-03	4.940297e-06	4.036100e-03	7.000039e-06	-6.050042e-06
4.832100e+03	3.934743e-03	-6.977222e-03	-5.713145e-05	-3.942469e-03	1.305657e-06	4.474451e-06
4.844490e+03	7.649718e-03	-1.101937e-04	-1.071601e-04	-7.559891e-03	-1.087330e-04	-8.890319e-05
4.856880e+03	3.669653e-03	6.255957e-03	-1.424139e-05	-3.653839e-03	-4.996417e-05	-2.756657e-05
4.869270e+03	-3.521781e-03	5.999786e-03	-7.563307e-06	3.507203e-03	-1.321442e-05	1.138122e-05
4.881660e+03	-6.661026e-03	-3.391922e-05	4.274378e-05	6.716806e-03	1.322022e-06	-4.179787e-05
4.894050e+03	-3.346045e-03	-5.730825e-03	-3.487371e-06	3.354578e-03	9.595925e-06	-7.050903e-06
4.906440e+03	3.159111e-03	-5.594446e-03	1.253417e-05	-3.156650e-03	-8.100957e-06	-1.608966e-05
4.918830e+03	5.968861e-03	-1.482358e-04	-1.104156e-05	-5.908785e-03	1.427634e-05	-5.330307e-05
4.931220e+03	2.938316e-03	4.894675e-03	2.443426e-05	-2.837757e-03	-5.178572e-06	-1.026709e-04
4.943610e+03	-2.755445e-03	4.719054e-03	6.074664e-06	2.818173e-03	-1.179062e-06	-6.178251e-05
4.956000e+03	-5.275274e-03	-8.057315e-05	-1.401100e-05	5.330000e-03	-6.040960e-06	-7.061445e-05
4.968390e+03	-2.620235e-03	-4.554684e-03	2.429477e-06	2.667021e-03	1.913905e-05	-4.684875e-05
4.980780e+03	2.408380e-03	-4.424010e-03	1.132345e-05	-2.391808e-03	1.012026e-05	-1.878890e-05
4.993170e+03	4.614547e-03	-1.497338e-04	-1.173487e-05	-4.614580e-03	5.192516e-06	-2.454989e-06
5.005560e+03	2.238049e-03	3.810854e-03	2.549914e-06	-2.238065e-03	-2.227710e-05	-3.920065e-06
5.017950e+03	-2.197177e-03	3.589968e-03	1.774314e-05	2.188275e-03	-1.452236e-05	1.180070e-05
5.030340e+03	-4.140358e-03	-1.634680e-04	1.066791e-05	4.121427e-03	-3.017496e-05	2.304537e-05
5.042730e+03	-1.938849e-03	-3.572917e-03	5.110348e-05	1.997003e-03	1.132403e-05	-7.784061e-05
5.055120e+03	1.899360e-03	-3.371895e-03	-3.358661e-05	-1.912938e-03	1.006118e-05	1.045945e-05
5.067510e+03	3.602850e-03	-3.318592e-05	-1.182218e-04	-3.531165e-03	7.747449e-06	-8.381068e-05
5.079900e+03	1.649209e-03	2.892559e-03	-1.366636e-05	-1.607721e-03	-4.643332e-05	-3.818713e-05
5.092290e+03	-1.757177e-03	2.651883e-03	-1.692427e-05	1.826331e-03	-4.728022e-05	-7.088543e-05
5.104680e+03	-3.096076e-03	-3.413113e-04	3.365060e-05	3.146796e-03	-5.700456e-05	-5.672975e-05
5.117070e+03	-1.343921e-03	-2.779749e-03	-1.035009e-05	1.398971e-03	3.696201e-05	-5.118744e-05
5.129460e+03	1.650028e-03	-2.441332e-03	1.727296e-06	-1.596344e-03	2.719818e-05	-5.367937e-05
5.141850e+03	2.738741e-03	9.633265e-05	-5.857497e-05	-2.734573e-03	-7.841805e-05	-2.811101e-06
5.154240e+03	1.033798e-03	2.230889e-03	-4.459488e-05	-1.025051e-03	-2.045489e-05	-7.594434e-06
5.166630e+03	-1.498974e-03	1.847776e-03	5.277823e-06	1.466462e-03	-5.236302e-05	2.779748e-05
5.179020e+03	-2.333541e-03	-4.036413e-04	1.083882e-05	2.307207e-03	-1.240000e-05	2.503013e-05
5.191410e+03	-8.811171e-04	-2.159971e-03	3.186847e-07	8.447769e-04	1.062494e-05	3.433030e-05
5.203800e+03	1.262777e-03	-1.733784e-03	-1.110931e-06	-1.294801e-03	1.741471e-05	3.158321e-05
5.216190e+03	1.913106e-03	2.227470e-04	6.628827e-07	-1.904404e-03	6.399912e-05	-5.333708e-06
5.228580e+03	6.046062e-04	1.638312e-03	-4.516192e-05	-5.363743e-04	-3.823561e-06	-6.768888e-05
5.240970e+03	-1.152330e-03	1.164234e-03	-3.070539e-05	1.220628e-03	-2.758057e-05	-6.703109e-05
5.253360e+03	-1.441231e-03	-5.365268e-04	-3.763242e-05	1.587746e-03	-4.718818e-05	-1.199368e-04
5.265750e+03	-2.775501e-04	-1.598640e-03	6.775029e-06	3.796216e-04	-3.910581e-05	-1.001817e-04
5.278140e+03	1.128325e-03	-1.017164e-03	3.372828e-05	-1.050182e-03	-3.804052e-06	-8.411034e-05
5.290530e+03	1.262972e-03	4.586066e-04	-2.434942e-05	-1.203084e-03	2.991791e-05	-5.826298e-05
5.302920e+03	7.881800e-05	1.252857e-03	-2.037268e-05	-5.653999e-05	4.283222e-06	-2.253512e-05
5.315310e+03	-1.088901e-03	4.110975e-04	-1.470799e-04	9.947086e-04	-1.695324e-04	9.647891e-05
5.327700e+03	-1.203537e-03	-7.300828e-04	-5.135250e-05	1.160778e-03	-5.738193e-05	5.124574e-05
5.340090e+03	-1.031909e-04	-1.259298e-03	8.835882e-06	7.548529e-05	-3.312642e-05	2.768921e-05
5.352480e+03	9.195946e-04	-6.353041e-04	-9.640737e-05	-8.447644e-04	-3.277505e-05	-4.780780e-05
5.364870e+03	7.881003e-04	5.137079e-04	3.822146e-06	-7.373068e-04	-2.670759e-05	-3.670562e-05
5.377260e+03	-1.647829e-04	8.542883e-04	-5.211878e-05	2.681209e-04	-6.739659e-05	-9.918780e-05
5.389650e+03	-9.740932e-04	1.706161e-04	-1.897884e-05	1.030493e-03	-1.938437e-05	-6.384020e-05
5.402040e+03	-7.295836e-04	-7.706108e-04	-2.666797e-05	7.680091e-04	-1.388695e-05	-4.796628e-05
5.414430e+03	1.707762e-04	-1.006683e-03	-2.046813e-05	-1.236229e-04	-1.222909e-05	-4.788785e-05
5.426820e+03	8.041944e-04	-3.210967e-04	-4.788398e-05	-7.473709e-04	4.497900e-06	-6.074063e-05
5.439210e+03	5.020043e-04	4.351385e-04	-1.036000e-05	-4.251650e-04	-3.454286e-05	-7.682143e-05
5.451600e+03	-2.727855e-04	5.750778e-04	-1.073787e-05	3.119858e-04	1.849242e-05	-3.858789e-05
5.463990e+03	-7.379743e-04	-3.849054e-05	-1.286751e-05	7.518419e-04	1.513935e-05	-1.275696e-05
5.476380e+03	-4.010575e-04	-7.221761e-04	2.899697e-05	3.877486e-04	-1.199376e-05	1.341567e-05
5.488770e+03	3.145977e-04	-7.422405e-04	4.608342e-06	-3.211095e-04	-1.714013e-05	7.124313e-06
5.501160e+03	1.389137e-03	1.873693e-04	-2.937538e-04	-1.012411e-03	1.187295e-03	-3.756078e-04
5.513550e+03	2.254036e-04	4.390378e-04	3.223538e-06	-2.693821e-04	-8.287433e-05	4.543570e-05
5.525940e+03	-2.949378e-04	3.883602e-04	2.481162e-05	4.427145e-04	-6.550938e-05	-1.615811e-04
5.538330e+03	-4.993560e-04	-1.667879e-04	3.665655e-08	5.577541e-04	-1.233848e-05	-5.843254e-05
5.550720e+03	-1.317077e-04	-5.803217e-04	-1.247063e-05	2.142519e-04	-1.045762e-05	-8.096061e-05
5.563110e+03	3.646535e-04	-4.621812e-04	3.050130e-05	-2.682913e-04	-6.352017e-06	-9.734198e-05
5.575500e+03	4.536271e-04	-1.043309e-05	2.577262e-05	-3.886452e-04	1.298849e-07	-6.635021e-05
5.587890e+03	7.064724e-05	2.803721e-04	3.084842e-05	-7.332092e-05	-4.741513e-05	-1.217500e-06
5.600280e+03	-3.040021e-04	1.458251e-04	6.273241e-06	3.125622e-04	-1.031070e-05	-1.306818e-05
5.612670e+03	-3.235401e-04	-2.479035e-04	2.561626e-07	3.265802e-04	1.365816e-05	-4.124510e-06
5.625060e+03	4.126118e-06	-4.124128e-04	-2.241044e-05	-1.640482e-05	-6.648324e-06	1.108242e-05
5.637450e+03	1.518500e-04	-7.699932e-04	1.151667e-04	-5.385094e-04	1.457954e-04	3.619676e-04
5.649840e+03	2.720236e-04	2.791482e-04	-3.358106e-05	-2.180634e-04	-3.137924e-05	-5.735760e-05
5.662230e+03	-1.453053e-04	1.859748e-04	-2.108437e-06	1.600636e-04	-1.607857e-05	-1.571245e-05
5.674620e+03	-3.203733e-04	-1.101185e-04	8.888173e-06	3.408149e-04	-1.344050e-05	-2.226591e-05
5.687010e+03	1.911407e-04	-3.478902e-04	7.105008e-05	1.162762e-04	4.559366e-04	-3.117681e-04
5.699400e+03	1.860124e-04	-3.176911e-04	2.609955e-05	-1.626448e-04	3.492465e-05	-2.354630e-05
5.711790e+03	2.628393e-04	-4.908956e-05	-3.472037e-06	-2.432876e-04	-3.350107e-05	-1.767861e-05
5.724180e+03	9.658016e-05	1.386897e-04	7.595104e-06	2.934986e-05	-9.163703e-06	-1.172875e-04
5.736570e+03	-1.606457e-04	9.165388e-05	2.259048e-05	2.453086e-04	-2.361568e-05	-7.513906e-05
5.748960e+03	-3.081756e-04	-5.427600e-05	-4.470507e-04	6.070525e-04	3.080826e-06	-2.961828e-04
5.761350e+03	-4.295954e-05	-4.048638e-04	5.243713e-05	4.932150e-05	-3.629310e-05	-6.261958e-06
5.773740e+03	1.907000e-04	-2.465376e-04	-1.327071e-05	-1.759251e-04	-9.967556e-06	-2.698874e-05
5.786130e+03	3.510462e-04	3.743511e-05	-6.947920e-05	-7.917887e-06	5.408715e-05	-3.405483e-04
