3.692220e+03	5.319199e-02	9.084134e-02	1.370016e-05	-5.308811e-02	-5.231403e-05	9.709523e-05
3.704610e+03	2.739794e-02	9.739820e-02	-2.168866e-05	-2.723526e-02	1.651743e-05	-1.867033e-04
3.717000e+03	1.006007e-03	1.004050e-01	-4.622680e-05	-8.659469e-04	1.316397e-05	-1.633527e-04
3.729390e+03	-2.559726e-02	9.768466e-02	-1.994384e-05	2.557004e-02	-1.491416e-05	-3.733589e-05
3.741780e+03	-5.011905e-02	8.784492e-02	2.536263e-05	5.005637e-02	-5.604249e-05	1.479275e-04
3.754170e+03	-7.150634e-02	7.172876e-02	2.071966e-05	7.120090e-02	-4.696230e-05	2.486936e-04
3.766560e+03	-8.782644e-02	5.031087e-02	3.254262e-05	8.757450e-02	-3.369886e-05	3.027466e-04
3.778950e+03	-9.780252e-02	2.540883e-02	5.142142e-07	9.747058e-02	-3.982507e-05	3.941137e-04
3.791340e+03	-1.000805e-01	-1.311165e-03	3.566358e-05	9.999297e-02	-1.944678e-05	3.567111e-04
3.803730e+03	-9.646244e-02	-2.766285e-02	4.265750e-05	9.614123e-02	-8.935135e-06	2.896818e-04
3.816120e+03	-8.540537e-02	-5.168544e-02	1.110010e-04	8.516576e-02	3.837279e-05	2.612724e-04
3.828510e+03	-6.879820e-02	-7.223670e-02	1.135491e-05	6.843311e-02	1.368400e-05	4.167367e-04
3.840900e+03	-4.745036e-02	-8.769539e-02	4.812812e-05	4.694436e-02	5.794177e-05	5.105873e-04
3.853290e+03	-2.263949e-02	-9.690380e-02	1.698646e-07	2.218162e-02	1.557261e-05	4.779711e-04
3.865680e+03	3.708985e-03	-9.911247e-02	1.059217e-05	-4.160801e-03	3.533223e-05	4.501687e-04
3.878070e+03	2.957015e-02	-9.445491e-02	1.688147e-06	-3.001152e-02	1.920898e-05	4.321744e-04
3.890460e+03	5.330036e-02	-8.340527e-02	-6.148878e-06	-5.374242e-02	8.730670e-06	4.534482e-04
3.902850e+03	7.360527e-02	-6.628513e-02	3.416025e-06	-7.404641e-02	2.209966e-05	4.864213e-04
3.915240e+03	8.885895e-02	-4.454599e-02	-7.092308e-06	-8.944281e-02	1.114377e-05	5.684516e-04
3.927630e+03	9.813512e-02	-1.913437e-02	5.075328e-06	-9.869486e-02	1.427709e-05	6.680904e-04
3.940020e+03	9.961240e-02	8.020637e-03	-7.612571e-06	-9.985862e-02	4.843943e-05	6.966569e-04
3.952410e+03	9.434603e-02	3.470693e-02	-2.598302e-05	-9.501396e-02	3.808608e-05	6.026438e-04
3.964800e+03	8.172483e-02	5.887685e-02	-2.222219e-05	-8.214788e-02	2.633264e-05	4.707383e-04
3.977190e+03	6.304110e-02	7.898219e-02	-5.990760e-05	-6.348917e-02	3.798673e-05	4.453346e-04
3.989580e+03	3.982173e-02	9.328994e-02	-5.347105e-05	-4.016378e-02	2.785095e-06	4.082608e-04
4.001970e+03	1.322811e-02	1.010225e-01	-7.417787e-05	-1.368986e-02	4.814869e-06	4.594146e-04
4.014360e+03	-1.483484e-02	1.013914e-01	-7.280902e-05	1.437860e-02	-2.085770e-05	4.712620e-04
4.026750e+03	-4.235298e-02	9.406307e-02	1.219240e-05	4.191106e-02	-1.035904e-04	4.768443e-04
4.039140e+03	-6.683584e-02	7.924909e-02	-1.640927e-05	6.639379e-02	-6.973021e-05	4.389548e-04
4.051530e+03	-8.670726e-02	5.786882e-02	2.357364e-05	8.623042e-02	-7.589220e-05	3.763333e-04
4.063920e+03	-9.973560e-02	3.145173e-02	3.540153e-05	9.964006e-02	-6.121684e-05	3.011320e-04
4.076310e+03	-1.051793e-01	2.087839e-03	6.822605e-05	1.051317e-01	-5.056137e-05	3.808098e-04
4.088700e+03	-1.026226e-01	-2.825295e-02	1.154811e-04	1.015332e-01	-1.433970e-05	3.277227e-04
4.101090e+03	-8.985214e-02	-5.677526e-02	4.431909e-05	8.961973e-02	-7.705066e-06	2.851616e-04
4.113480e+03	-6.970388e-02	-8.065924e-02	7.169841e-05	6.945664e-02	4.975309e-05	2.212880e-04
4.125870e+03	-4.301613e-02	-9.772293e-02	2.886101e-05	4.300402e-02	4.270792e-05	3.421547e-05
4.138260e+03	-1.235670e-02	-1.066179e-01	2.153334e-05	1.240178e-02	5.198465e-05	-1.310811e-05
4.150650e+03	2.001030e-02	-1.054449e-01	-2.845658e-05	-1.986545e-02	-7.648442e-07	-7.062358e-05
4.163040e+03	5.119315e-02	-9.595952e-02	-3.207665e-06	-5.113807e-02	7.065838e-05	-5.641641e-05
4.175430e+03	7.855580e-02	-7.651998e-02	-2.034511e-05	-7.853534e-02	-1.645802e-05	-1.285675e-05
4.187820e+03	9.904697e-02	-4.911108e-02	-6.630255e-06	-9.909161e-02	2.067404e-05	4.876484e-06
4.200210e+03	1.107272e-01	-1.594352e-02	-2.971659e-06	-1.107693e-01	5.947278e-06	-3.492565e-05
4.212600e+03	1.112475e-01	1.947422e-02	5.558710e-06	-1.112916e-01	5.564785e-05	-1.277296e-04
4.224990e+03	9.971263e-02	5.376686e-02	-1.558469e-05	-9.965891e-02	5.539003e-05	-1.818266e-04
4.237380e+03	7.792951e-02	8.302235e-02	-6.147375e-05	-7.768123e-02	7.103829e-05	-2.522494e-04
4.249770e+03	4.796529e-02	1.042354e-01	-3.135068e-05	-4.770694e-02	-2.138993e-05	-2.662841e-04
4.262160e+03	1.192409e-02	1.143073e-01	-8.516620e-05	-1.168434e-02	1.857151e-05	-2.318028e-04
4.274550e+03	-2.605180e-02	1.130193e-01	-9.819080e-05	2.621939e-02	-3.058921e-05	-1.945851e-04
4.286940e+03	-6.212779e-02	9.907531e-02	-7.601015e-05	6.228581e-02	-7.848854e-05	-1.805243e-04
4.299330e+03	-9.203508e-02	7.349108e-02	4.432938e-06	9.212958e-02	-1.197536e-04	-1.615862e-04
4.311720e+03	-1.120072e-01	3.879687e-02	2.433863e-05	1.119603e-01	-1.285575e-04	-1.072747e-04
4.324110e+03	-1.191419e-01	-1.298054e-03	9.802833e-05	1.190998e-01	-1.069689e-04	-1.137179e-05
4.336500e+03	-1.121616e-01	-4.197483e-02	1.089021e-04	1.122419e-01	-7.335561e-05	-1.944521e-06
4.348890e+03	-9.056927e-02	-7.841149e-02	8.869315e-05	9.109594e-02	-5.152968e-05	3.623276e-05
4.361280e+03	-5.822043e-02	-1.056724e-01	1.102194e-04	5.805778e-02	1.359274e-05	1.590580e-04
4.373670e+03	-1.759988e-02	-1.197407e-01	1.487760e-04	1.744447e-02	9.323373e-05	1.678313e-04
4.386060e+03	2.601777e-02	-1.189870e-01	9.411539e-06	-2.637400e-02	-1.069100e-05	2.776079e-04
4.398450e+03	6.746992e-02	-1.024195e-01	6.745962e-05	-6.774994e-02	8.834579e-05	3.496184e-04
4.410840e+03	1.000615e-01	-7.172570e-02	4.091768e-05	-1.010980e-01	1.317791e-04	5.390585e-04
4.423230e+03	1.209043e-01	-3.006144e-02	8.204066e-06	-1.212930e-01	8.265275e-05	6.196880e-04
4.435620e+03	1.235561e-01	1.745098e-02	-8.266645e-06	-1.245982e-01	6.667491e-05	8.428044e-04
4.448010e+03	1.095204e-01	6.393397e-02	-5.664980e-05	-1.105645e-01	1.569342e-04	9.274391e-04
4.460400e+03	7.773032e-02	1.014691e-01	-1.236765e-04	-7.866240e-02	2.057513e-04	9.680638e-04
4.472790e+03	3.261663e-02	1.249145e-01	-1.549719e-04	-3.360905e-02	8.185300e-05	1.010220e-03
4.485180e+03	-1.882157e-02	1.277523e-01	-1.963763e-04	1.778433e-02	-2.949091e-06	1.036045e-03
4.497570e+03	-6.910584e-02	1.119509e-01	-1.521101e-04	6.796968e-02	-1.265366e-04	1.097901e-03
4.509960e+03	-1.094926e-01	7.526858e-02	-1.222374e-04	1.084552e-01	-1.949211e-04	1.120208e-03
4.522350e+03	-1.324181e-01	2.245086e-02	-2.415831e-05	1.313760e-01	-2.651326e-04	1.034019e-03
4.534740e+03	-1.297619e-01	-3.659279e-02	1.331247e-04	1.287182e-01	-2.557585e-04	9.579195e-04
4.547130e+03	-1.004481e-01	-8.910224e-02	2.476151e-04	9.952027e-02	-1.130853e-04	8.739881e-04
4.559520e+03	-4.940096e-02	-1.237003e-01	1.332285e-04	4.867672e-02	-9.198313e-05	6.722855e-04
4.571910e+03	1.304988e-02	-1.309891e-01	1.974871e-04	-1.349185e-02	5.529198e-05	4.109959e-04
4.584300e+03	7.283908e-02	-1.089720e-01	1.606791e-04	-7.306603e-02	1.351642e-04	2.196090e-04
4.596690e+03	1.145389e-01	-5.854751e-02	8.722085e-05	-1.145985e-01	1.999777e-04	-3.177318e-05
4.609080e+03	1.246832e-01	6.504156e-03	-1.413688e-05	-1.247253e-01	2.794819e-04	-3.688022e-04
4.621470e+03	1.000323e-01	6.617408e-02	-1.504237e-04	-1.000067e-01	2.963554e-04	-7.524841e-04
4.633860e+03	5.023330e-02	1.022596e-01	-2.298672e-04	-4.899082e-02	1.180475e-04	-1.205168e-03
4.646250e+03	-9.510559e-03	1.040500e-01	-2.809319e-04	1.114780e-02	3.634988e-05	-1.621099e-03
4.658640e+03	-5.653518e-02	7.432036e-02	-1.892201e-04	5.844169e-02	-1.717919e-04	-1.931328e-03
4.671030e+03	-7.471188e-02	2.782067e-02	-1.784710e-05	7.693026e-02	-2.702571e-04	-2.211426e-03
4.683420e+03	-6.496452e-02	-1.360631e-02	9.186788e-05	6.741898e-02	-2.412419e-04	-2.445633e-03
4.695810e+03	-3.810362e-02	-3.549771e-02	1.583672e-04	4.032690e-02	-1.941943e-04	-2.218337e-03
4.708200e+03	-1.172115e-02	-3.604928e-02	1.305778e-04	1.374060e-02	-1.508988e-04	-1.981504e-03
4.720590e+03	1.212852e-03	-2.420743e-02	1.504294e-04	8.998168e-04	9.145871e-05	-2.127378e-03
4.732980e+03	1.237721e-03	-1.665374e-02	3.918933e-05	3.763008e-04	1.676293e-04	-1.676296e-03
4.745370e+03	-1.852102e-03	-1.703425e-02	-4.130506e-05	3.552000e-03	1.479895e-04	-1.674465e-03
4.757760e+03	2.212367e-03	-2.570756e-02	-5.880691e-05	-7.623572e-04	-5.175745e-06	-1.446102e-03
4.770150e+03	1.795143e-02	-2.924687e-02	-1.521626e-05	-1.667349e-02	-7.080848e-05	-1.278220e-03
4.782540e+03	3.697704e-02	-1.890090e-02	5.087101e-05	-3.579027e-02	-4.606917e-05	-1.164858e-03
4.794930e+03	4.518071e-02	6.507853e-03	8.367322e-05	-4.412404e-02	1.385916e-05	-1.044514e-03
4.807320e+03	3.541540e-02	3.417101e-02	2.232656e-05	-3.467482e-02	1.672947e-04	-7.756487e-04
4.819710e+03	6.334174e-03	4.974338e-02	-7.705949e-05	-5.643452e-03	1.509295e-04	-6.846501e-04
4.832100e+03	-2.784799e-02	4.222584e-02	-1.321458e-04	2.845270e-02	2.546663e-05	-5.596852e-04
4.844490e+03	-4.788335e-02	1.214698e-02	-1.338422e-04	4.813520e-02	-4.009700e-05	-2.869105e-04
4.856880e+03	-4.359080e-02	-2.507107e-02	-3.345130e-05	4.374547e-02	-5.683325e-05	-1.770414e-04
4.869270e+03	-1.249790e-02	-4.994333e-02	3.055673e-05	1.209504e-02	-1.591899e-04	4.472391e-04
4.881660e+03	2.809507e-02	-4.606211e-02	1.366484e-04	-2.866754e-02	-6.438891e-05	6.001288e-04
4.894050e+03	5.551673e-02	-1.230930e-02	1.354873e-04	-5.618076e-02	-4.664023e-05	5.824907e-04
4.906440e+03	5.178289e-02	3.426219e-02	4.871920e-05	-5.231843e-02	2.328709e-04	5.149807e-04
4.918830e+03	1.391443e-02	6.433944e-02	-1.346440e-04	-1.368210e-02	1.113345e-04	-3.053976e-04
4.931220e+03	-3.477813e-02	5.759337e-02	-1.637263e-04	3.535041e-02	-1.354861e-04	-5.700026e-04
4.943610e+03	-6.639004e-02	1.693124e-02	-9.591184e-05	6.815085e-02	-1.482303e-04	-1.693435e-03
4.956000e+03	-5.829786e-02	-3.590862e-02	4.727147e-05	6.101111e-02	-2.177970e-04	-2.653051e-03
4.968390e+03	-1.457926e-02	-6.598810e-02	2.205322e-04	1.751586e-02	-4.706767e-05	-2.970538e-03
4.980780e+03	3.751581e-02	-5.821839e-02	1.932858e-04	-3.479787e-02	6.459671e-05	-2.660249e-03
4.993170e+03	6.705096e-02	-1.385242e-02	1.607389e-04	-6.632248e-02	1.087700e-04	-8.836605e-04
5.005560e+03	5.555257e-02	3.704975e-02	7.303758e-06	-5.623831e-02	2.162407e-04	6.418817e-04
5.017950e+03	1.305224e-02	6.342783e-02	-1.930292e-04	-1.530155e-02	2.783562e-04	2.232535e-03
5.030340e+03	-3.574153e-02	5.438552e-02	-2.835775e-04	3.310163e-02	7.475217e-05	2.643426e-03
5.042730e+03	-6.179761e-02	1.499722e-02	-2.229404e-04	5.944251e-02	-1.302680e-04	2.409991e-03
5.055120e+03	-5.257171e-02	-3.033246e-02	-7.064692e-06	5.127643e-02	-2.532170e-04	1.334169e-03
5.067510e+03	-1.407784e-02	-5.487807e-02	1.727451e-04	1.389884e-02	-2.832834e-04	1.266966e-04
5.079900e+03	3.050099e-02	-4.584451e-02	2.716045e-04	-2.974806e-02	-3.867477e-05	-6.990335e-04
5.092290e+03	5.122868e-02	-8.783830e-03	2.691298e-04	-5.021345e-02	1.457901e-05	-9.912801e-04
5.104680e+03	3.983609e-02	3.259939e-02	8.129383e-05	-3.888156e-02	2.727509e-04	-9.012961e-04
5.117070e+03	8.529494e-04	4.876047e-02	-7.336323e-05	-2.072912e-04	2.048511e-04	-6.617426e-04
5.129460e+03	-3.606885e-02	3.150854e-02	-1.983624e-04	3.653200e-02	8.163018e-05	-4.817117e-04
5.141850e+03	-4.115980e-02	-1.548007e-02	-1.527922e-04	4.193533e-02	-5.032330e-05	-7.906871e-04
5.154240e+03	-2.216806e-02	-3.754750e-02	-2.441249e-05	2.294673e-02	-1.921172e-04	-8.182448e-04
5.166630e+03	1.491842e-02	-4.002216e-02	1.124966e-04	-1.385144e-02	-1.209832e-04	-1.080803e-03
5.179020e+03	4.017596e-02	-1.454386e-02	1.703511e-04	-3.938113e-02	-7.568267e-05	-8.355750e-04
5.191410e+03	3.701820e-02	2.017742e-02	1.386656e-04	-3.683622e-02	9.535794e-05	-2.563160e-04
5.203800e+03	8.690473e-03	4.054600e-02	1.551771e-05	-9.059357e-03	1.444753e-04	3.801013e-04
5.216190e+03	-2.423361e-02	3.389488e-02	-8.134297e-05	2.305930e-02	1.551349e-04	1.158014e-03
5.228580e+03	-4.063864e-02	5.422077e-03	-1.048665e-04	3.919365e-02	5.352026e-06	1.444907e-03
5.240970e+03	-3.142571e-02	-2.605153e-02	-4.216327e-05	2.973287e-02	-6.709211e-05	1.702220e-03
5.253360e+03	-2.463859e-03	-3.861066e-02	4.203679e-05	9.270756e-04	-1.516662e-04	1.541351e-03
5.265750e+03	2.800253e-02	-2.708742e-02	1.010415e-04	-2.911524e-02	-7.757768e-05	1.176974e-03
5.278140e+03	3.836536e-02	3.505942e-03	1.228769e-04	-3.917093e-02	1.175311e-06	7.765341e-04
5.290530e+03	2.296387e-02	3.250704e-02	7.474099e-05	-2.334053e-02	1.251946e-04	3.742398e-04
5.302920e+03	-8.873456e-03	3.866414e-02	2.718615e-05	8.782718e-03	6.322176e-05	7.215124e-05
5.315310e+03	-3.534071e-02	1.879738e-02	-6.372818e-05	3.538633e-02	2.073815e-04	-9.759222e-05
5.327700e+03	-3.705702e-02	-1.394165e-02	-2.924631e-05	3.720989e-02	2.631584e-05	-1.121223e-04
5.340090e+03	-1.377810e-02	-3.687698e-02	-5.378533e-08	1.414146e-02	-9.355518e-05	-3.386952e-04
5.352480e+03	1.912071e-02	-3.444773e-02	-5.904707e-06	-1.884646e-02	-6.493918e-06	-3.263538e-04
5.364870e+03	3.766905e-02	-8.492195e-03	3.133529e-05	-3.737548e-02	-3.272965e-05	-2.559490e-04
5.377260e+03	3.157212e-02	2.326248e-02	3.596010e-05	-3.144811e-02	2.467176e-06	-8.478072e-05
5.389650e+03	4.141423e-03	3.763802e-02	9.211111e-07	-4.296864e-03	4.028805e-05	1.293250e-04
5.402040e+03	-2.566794e-02	2.893221e-02	-2.339481e-05	2.523146e-02	8.951031e-05	4.488629e-04
5.414430e+03	-3.703391e-02	6.889909e-04	1.366716e-05	3.639167e-02	-8.911711e-06	6.507434e-04
5.426820e+03	-2.632121e-02	-2.697224e-02	2.666827e-05	2.556482e-02	-9.519825e-05	8.364942e-04
5.439210e+03	2.789864e-03	-3.592508e-02	1.086483e-04	-3.643950e-03	-3.077551e-05	8.473792e-04
5.451600e+03	2.952204e-02	-2.257744e-02	6.103242e-05	-3.010732e-02	9.117097e-05	5.930493e-04
5.463990e+03	3.601427e-02	7.271829e-03	5.823918e-05	-3.628617e-02	6.442880e-05	2.306142e-04
5.476380e+03	1.972180e-02	3.247058e-02	-8.040402e-06	-1.960283e-02	9.043461e-05	-1.080666e-04
5.488770e+03	-1.052245e-02	3.602896e-02	-8.295582e-05	1.098278e-02	1.003740e-04	-4.732594e-04
5.501160e+03	-3.338363e-02	1.577583e-02	-5.878043e-05	3.394392e-02	-1.042259e-05	-5.635581e-04
5.513550e+03	-3.316773e-02	-1.407988e-02	-3.084454e-06	3.384658e-02	-7.700962e-05	-6.816184e-04
5.525940e+03	-1.012907e-02	-3.374802e-02	3.858461e-05	1.069089e-02	3.008348e-06	-5.612803e-04
5.538330e+03	1.871996e-02	-2.967839e-02	7.508402e-05	-1.820614e-02	-3.333725e-05	-5.383151e-04
5.550720e+03	3.434988e-02	-4.980982e-03	8.069312e-05	-3.399363e-02	-1.046056e-04	-4.013857e-04
5.563110e+03	2.676656e-02	2.269890e-02	-2.495121e-05	-2.667419e-02	1.712645e-04	-1.169417e-04
5.575500e+03	1.168496e-03	3.494696e-02	-9.795930e-05	-1.290201e-03	1.019414e-04	1.238428e-04
5.587890e+03	-2.483871e-02	2.465730e-02	-9.029507e-05	2.456665e-02	-4.819247e-05	1.775140e-04
5.600280e+03	-3.408331e-02	-1.427366e-03	-5.435690e-05	3.384124e-02	-6.620327e-05	2.819486e-04
5.612670e+03	-2.162329e-02	-2.545069e-02	1.979372e-06	2.115035e-02	-5.835679e-05	4.232297e-04
5.625060e+03	4.431670e-03	-3.175164e-02	5.170559e-05	-4.746222e-03	9.440544e-06	3.107721e-04
5.637450e+03	2.705164e-02	-1.714749e-02	8.857336e-05	-2.723231e-02	-2.807332e-06	2.008754e-04
5.649840e+03	3.021706e-02	8.946151e-03	1.439346e-05	-3.025961e-02	1.528070e-04	1.450209e-05
5.662230e+03	1.330814e-02	2.884974e-02	-4.707755e-05	-1.325297e-02	6.128452e-05	-9.176764e-05
5.674620e+03	-1.273039e-02	2.880462e-02	-9.511382e-05	1.308959e-02	2.716756e-05	-3.838537e-04
5.687010e+03	-2.939518e-02	9.238792e-03	-8.970110e-05	2.985485e-02	-6.130909e-05	-4.290668e-04
5.699400e+03	-2.609202e-02	-1.622976e-02	-4.273210e-05	2.655239e-02	-7.002642e-05	-4.523744e-04
5.711790e+03	-4.383787e-03	-2.952132e-02	5.130575e-05	4.742462e-03	-1.061693e-04	-3.505561e-04
5.724180e+03	1.958192e-02	-2.301271e-02	1.066111e-04	-1.913899e-02	1.078685e-05	-4.452609e-04
5.736570e+03	2.964118e-02	-8.358558e-05	9.793905e-05	-2.955997e-02	2.181827e-05	-1.166614e-04
5.748960e+03	2.018717e-02	2.277378e-02	4.136461e-05	-2.018228e-02	8.903961e-05	6.799888e-05
5.761350e+03	-3.709172e-03	2.942621e-02	-7.992022e-05	3.484135e-03	9.383155e-05	2.277674e-04
5.773740e+03	-2.482201e-02	1.745550e-02	-8.999576e-05	2.447539e-02	4.649634e-05	3.323408e-04
5.786130e+03	-2.863200e-02	-6.744786e-03	-5.358970e-05	2.837408e-02	-8.914229e-05	2.903501e-04
5.798520e+03	-1.379738e-02	-2.559331e-02	1.142468e-05	1.331303e-02	-1.020125e-04	4.730885e-04
5.810910e+03	1.023205e-02	-2.662996e-02	1.024802e-04	-1.047439e-02	-1.381557e-04	2.461685e-04
5.823300e+03	2.710969e-02	-9.102657e-03	1.388940e-04	-2.717104e-02	-6.463012e-05	1.482897e-04
5.835690e+03	2.546438e-02	1.455346e-02	6.048110e-05	-2.561095e-02	8.176007e-05	9.600847e-05
5.848080e+03	5.623163e-03	2.861232e-02	-2.090715e-05	-5.553340e-03	1.357890e-04	-5.518635e-05
5.860470e+03	-1.767729e-02	2.327332e-02	-7.478304e-05	1.794293e-02	5.992896e-05	-3.138270e-04
5.872860e+03	-2.837157e-02	1.975920e-03	-4.866258e-05	2.862952e-02	-1.254668e-04	-2.568864e-04
5.885250e+03	-2.006576e-02	-2.012359e-02	-1.513998e-05	2.026064e-02	-2.835567e-05	-2.184471e-04
5.897640e+03	2.680159e-03	-2.773066e-02	9.794916e-05	-2.424958e-03	-7.565376e-05	-2.516857e-04
5.910030e+03	2.329105e-02	-1.617935e-02	1.036644e-04	-2.314210e-02	-4.500180e-05	-1.344774e-04
5.922420e+03	2.750255e-02	7.230321e-03	9.860718e-05	-2.744484e-02	1.254032e-04	-5.201489e-05
5.934810e+03	1.261413e-02	2.616032e-02	-6.691074e-07	-1.267470e-02	1.670160e-04	5.972241e-05
5.947200e+03	-1.067681e-02	2.706094e-02	-4.462302e-05	1.039819e-02	2.211356e-06	2.729460e-04
5.959590e+03	-2.725108e-02	9.732114e-03	-8.849013e-05	2.702225e-02	4.530971e-05	2.694183e-04
5.971980e+03	-2.530461e-02	-1.350162e-02	-4.425049e-05	2.495699e-02	-1.050066e-04	2.884175e-04
5.984370e+03	-6.190710e-03	-2.706816e-02	3.114772e-05	5.945108e-03	-4.320810e-05	2.464528e-04
5.996760e+03	1.651648e-02	-2.214926e-02	1.033513e-04	-1.677379e-02	-1.105138e-04	2.399663e-04
6.009150e+03	2.720037e-02	-1.540171e-03	1.163753e-04	-2.724383e-02	4.401064e-05	4.851618e-05
6.021540e+03	1.942099e-02	1.979494e-02	5.874279e-05	-1.937292e-02	1.089647e-04	-1.507494e-05
6.033930e+03	-2.154274e-03	2.784423e-02	-1.537951e-05	2.160410e-03	8.294591e-05	-1.245467e-05
6.046320e+03	-2.239036e-02	1.651341e-02	-8.175422e-05	2.255845e-02	6.202887e-05	-1.611470e-04
6.058710e+03	-2.682702e-02	-5.868713e-03	-7.992739e-05	2.698280e-02	1.605045e-05	-1.842638e-04
6.071100e+03	-1.262886e-02	-2.398145e-02	-1.677905e-05	1.263870e-02	-3.831020e-05	-3.884176e-05
6.083490e+03	9.756879e-03	-2.543126e-02	4.823328e-05	-9.673811e-03	-1.178545e-04	-7.238642e-05
6.095880e+03	2.557005e-02	-8.512488e-03	8.911078e-05	-2.557523e-02	-6.479515e-05	6.204824e-05
6.108270e+03	2.357315e-02	1.345630e-02	7.971625e-05	-2.372319e-02	9.568162e-05	1.510975e-04
6.120660e+03	5.104466e-03	2.636734e-02	1.122642e-05	-5.239106e-03	9.717629e-05	1.524954e-04
6.133050e+03	-1.620867e-02	2.129019e-02	-3.966577e-05	1.606787e-02	5.044284e-05	1.219505e-04
6.145440e+03	-2.564877e-02	1.722498e-03	-7.961397e-05	2.550671e-02	-3.531028e-06	2.108814e-04
6.157830e+03	-1.808783e-02	-1.828515e-02	-6.360150e-05	1.774623e-02	6.273551e-05	2.536060e-04
6.170220e+03	2.571995e-03	-2.433098e-02	-4.656264e-06	-2.756300e-03	-6.350832e-05	1.867584e-04
6.182610e+03	2.077158e-02	-1.399467e-02	4.902923e-05	-2.088402e-02	-5.935722e-05	1.649845e-04
6.195000e+03	2.384707e-02	7.192985e-03	6.145107e-05	-2.395506e-02	2.226437e-05	1.403755e-04
6.207390e+03	1.072706e-02	2.324678e-02	3.583198e-05	-1.064452e-02	3.159697e-06	-3.819620e-05
6.219780e+03	-1.049320e-02	2.332826e-02	-1.114879e-05	1.054503e-02	4.427050e-05	-1.085656e-05
6.232170e+03	-2.374540e-02	7.492493e-03	-4.804345e-05	2.385821e-02	3.623175e-05	-1.246112e-04
6.244560e+03	-2.093071e-02	-1.328306e-02	-6.064919e-05	2.107509e-02	1.658078e-04	-2.056178e-04
6.256950e+03	-3.117249e-03	-2.338185e-02	-2.021433e-05	3.179228e-03	-9.399091e-05	-6.814056e-05
6.269340e+03	1.669740e-02	-1.766485e-02	2.716158e-05	-1.673177e-02	-1.159776e-04	5.671333e-05
6.281730e+03	2.355739e-02	1.666399e-03	4.902322e-05	-2.367299e-02	-2.499855e-05	1.268363e-04
6.294120e+03	1.459337e-02	1.972502e-02	3.182724e-05	-1.473379e-02	8.119582e-05	1.316509e-04
6.306510e+03	-5.327590e-03	2.393118e-02	1.223776e-05	5.167770e-03	3.790434e-05	1.983393e-04
6.318900e+03	-2.153407e-02	1.216987e-02	-1.246745e-05	2.129747e-02	4.952079e-05	1.797601e-04
6.331290e+03	-2.271894e-02	-8.153688e-03	-1.956394e-05	2.262594e-02	-9.359075e-05	9.847497e-05
6.343680e+03	-8.412526e-03	-2.199650e-02	-3.145673e-05	8.303399e-03	1.365124e-04	1.018011e-04
6.356070e+03	1.174345e-02	-2.004151e-02	1.126842e-05	-1.190106e-02	-7.274534e-06	8.773050e-05
6.368460e+03	2.239553e-02	-3.855410e-03	2.671378e-05	-2.243757e-02	-9.655539e-05	5.647480e-05
6.380850e+03	1.786276e-02	1.546113e-02	1.768797e-05	-1.790698e-02	5.916520e-05	4.706186e-05
6.393240e+03	1.787275e-03	2.350698e-02	-1.067164e-05	-1.799419e-03	-1.012664e-05	-1.734407e-05
6.405630e+03	-1.824853e-02	1.536745e-02	-3.053988e-05	1.842705e-02	8.044271e-05	-1.585566e-04
6.418020e+03	-2.273428e-02	-3.376176e-03	-9.421138e-06	2.274425e-02	-1.357574e-04	-6.586458e-05
6.430410e+03	-1.209077e-02	-1.945994e-02	1.726569e-05	1.205417e-02	3.211218e-05	2.737519e-05
6.442800e+03	7.077539e-03	-2.141021e-02	4.998887e-05	-7.102286e-03	-2.785589e-06	-7.110438e-06
6.455190e+03	2.085487e-02	-8.105786e-03	4.546490e-05	-2.091038e-02	-4.706113e-06	4.741045e-05
6.467580e+03	1.999478e-02	1.107607e-02	2.201863e-05	-2.013256e-02	-1.037413e-05	1.176071e-04
6.479970e+03	4.895506e-03	2.199012e-02	-2.572081e-05	-5.030787e-03	4.769538e-05	1.325155e-04
6.492360e+03	-1.384513e-02	1.843926e-02	-2.846467e-05	1.372471e-02	1.671506e-05	1.157663e-04
6.504750e+03	-2.211261e-02	2.027773e-03	-2.477069e-05	2.187627e-02	6.351688e-06	1.525395e-04
6.517140e+03	-1.566604e-02	-1.564212e-02	2.105926e-05	1.560663e-02	-1.566308e-04	2.900999e-06
6.529530e+03	1.805306e-03	-2.126789e-02	4.489128e-05	-1.897590e-03	2.954355e-05	8.458470e-05
6.541920e+03	1.793664e-02	-1.215470e-02	5.272638e-05	-1.799343e-02	-1.269149e-04	7.923722e-05
6.554310e+03	2.064661e-02	5.927264e-03	2.800081e-05	-2.063219e-02	7.985622e-05	-1.794528e-05
6.566700e+03	9.179597e-03	1.970862e-02	-1.516273e-05	-9.197294e-03	9.356105e-05	2.100621e-05
6.579090e+03	-8.659907e-03	2.023513e-02	-5.903741e-05	8.739676e-03	5.261573e-05	-6.124130e-05
6.591480e+03	-2.047809e-02	6.578000e-03	-5.897776e-05	2.053603e-02	-1.468769e-04	-1.127102e-04
6.603870e+03	-1.799303e-02	-1.097051e-02	1.038650e-05	1.805894e-02	5.417400e-06	-6.839871e-05
6.616260e+03	-2.928442e-03	-1.994777e-02	5.303998e-05	2.757360e-03	-1.004231e-04	1.696204e-04
6.628650e+03	1.331121e-02	-1.491921e-02	7.105809e-05	-1.338458e-02	7.491151e-05	3.324482e-05
6.641040e+03	1.985629e-02	9.938150e-04	6.922836e-05	-1.999566e-02	-6.484583e-05	1.448710e-04
6.653430e+03	1.225645e-02	1.582867e-02	-1.920680e-06	-1.233248e-02	3.149923e-05	8.857991e-05
6.665820e+03	-3.706909e-03	1.982613e-02	-3.792066e-05	3.669032e-03	1.755483e-04	4.181307e-05
6.678210e+03	-1.702913e-02	1.003027e-02	-7.414398e-05	1.699394e-02	-2.002982e-05	1.084873e-04
6.690600e+03	-1.820888e-02	-5.788268e-03	-3.411808e-05	1.811959e-02	1.378823e-06	5.741665e-05
6.702990e+03	-6.799063e-03	-1.708520e-02	1.673831e-05	6.806157e-03	-2.252883e-04	2.807576e-05
6.715380e+03	8.474595e-03	-1.598559e-02	6.843783e-05	-8.517722e-03	5.715303e-06	-1.910888e-06
6.727770e+03	1.738729e-02	-3.232438e-03	8.748939e-05	-1.753053e-02	-3.245729e-05	1.156248e-04
6.740160e+03	1.367310e-02	1.122772e-02	4.372085e-05	-1.370028e-02	1.026962e-04	2.960542e-06
6.752550e+03	5.324021e-04	1.763720e-02	-1.141999e-05	-5.337473e-04	8.975429e-05	3.499906e-06
6.764940e+03	-1.271736e-02	1.180950e-02	-4.567829e-05	1.268268e-02	3.909670e-05	2.085830e-05
6.777330e+03	-1.650616e-02	-1.749716e-03	-5.952426e-05	1.647298e-02	-3.431994e-05	9.987808e-07
6.789720e+03	-8.943272e-03	-1.334450e-02	-2.367010e-05	8.957884e-03	9.177480e-06	-1.541863e-05
6.802110e+03	4.578883e-03	-1.485359e-02	3.610221e-05	-4.614462e-03	-7.134520e-05	4.343955e-05
6.814500e+03	1.444652e-02	-5.524600e-03	6.314394e-05	-1.459708e-02	-6.008129e-05	1.048017e-04
6.826890e+03	1.354984e-02	7.395336e-03	5.094411e-05	-1.363361e-02	8.458665e-05	1.256914e-05
6.839280e+03	3.384049e-03	1.514483e-02	1.336976e-06	-3.485776e-03	3.539758e-05	1.182551e-04
6.851670e+03	-8.984471e-03	1.241134e-02	-2.387629e-05	8.912518e-03	7.127872e-05	8.603118e-05
6.864060e+03	-1.432798e-02	1.388811e-03	-6.824606e-05	1.428582e-02	-1.936989e-05	4.665854e-05
6.876450e+03	-9.815992e-03	-1.004323e-02	-4.385610e-05	9.816356e-03	-8.092341e-05	-5.461601e-07
6.888840e+03	3.525193e-03	-1.206069e-02	3.767657e-06	-3.542246e-03	-4.461583e-05	2.898528e-05
6.901230e+03	1.111792e-02	-6.834675e-03	2.988141e-05	-1.114841e-02	-9.597602e-05	7.113815e-05
6.913620e+03	1.220458e-02	4.765185e-03	4.221079e-05	-1.231205e-02	5.220740e-05	9.970117e-05
6.926010e+03	4.432673e-03	1.242033e-02	1.828558e-05	-4.397864e-03	-1.024809e-05	-2.866345e-05
6.938400e+03	-6.423426e-03	1.183354e-02	1.409764e-06	6.443587e-03	3.460903e-05	-4.668555e-06
6.950790e+03	-1.238063e-02	3.010661e-03	-3.080119e-05	1.234138e-02	1.465945e-05	3.634690e-06
6.963180e+03	-1.010580e-02	-7.386279e-03	-1.730513e-05	1.018335e-02	4.168661e-06	-5.328531e-05
6.975570e+03	-6.505758e-04	-1.142647e-02	4.794189e-07	6.360603e-04	3.269788e-05	1.062358e-05
6.987960e+03	8.698663e-03	-7.424304e-03	1.627430e-05	-8.653207e-03	4.021011e-05	-1.642230e-05
7.000350e+03	1.121901e-02	2.216045e-03	1.525436e-05	-1.137393e-02	-4.918939e-05	7.618800e-05
7.012740e+03	5.607213e-03	1.052220e-02	1.313701e-05	-5.697915e-03	5.027558e-05	8.751835e-05
7.025130e+03	-4.267488e-03	1.112360e-02	-4.192455e-06	4.207146e-03	9.643879e-06	7.092749e-05
7.037520e+03	-1.091506e-02	4.198242e-03	-7.317442e-07	1.087297e-02	8.800643e-05	-2.076479e-05
7.049910e+03	-9.772881e-03	-5.363466e-03	-2.149767e-06	9.673748e-03	-1.381793e-06	1.009640e-04
7.062300e+03	-2.235006e-03	-1.029887e-02	5.590977e-06	2.365019e-03	-8.575634e-05	-1.132339e-04
7.074690e+03	6.842136e-03	-7.871039e-03	2.140103e-05	-6.796032e-03	2.653127e-05	-3.165245e-05
7.087080e+03	1.012809e-02	4.801544e-04	1.598696e-05	-1.025492e-02	-6.202051e-05	7.840289e-05
7.099470e+03	6.433149e-03	8.581151e-03	1.332312e-05	-6.534439e-03	1.017132e-04	1.095970e-04
7.111860e+03	-2.182558e-03	1.024763e-02	-2.598390e-05	2.171508e-03	-2.181511e-05	1.811717e-05
7.124250e+03	-9.065694e-03	5.281243e-03	-1.782020e-05	9.145092e-03	5.727611e-05	-5.916735e-05
7.136640e+03	-9.379931e-03	-3.273880e-03	-1.237799e-05	9.372662e-03	8.668905e-06	6.107974e-05
7.149030e+03	-3.576189e-03	-8.847337e-03	-4.993907e-06	3.669988e-03	-7.331236e-05	-7.109736e-05
7.161420e+03	4.854822e-03	-7.876772e-03	2.860584e-05	-4.919383e-03	5.253415e-05	6.155004e-05
7.173810e+03	8.991136e-03	-1.221702e-03	2.675681e-05	-9.051335e-03	-2.099565e-05	7.957734e-05
7.186200e+03	6.891435e-03	6.630124e-03	1.693870e-05	-6.903530e-03	4.439965e-05	1.314942e-05
7.198590e+03	-4.428475e-04	9.287250e-03	7.536667e-06	4.404320e-04	3.175889e-05	1.535287e-05
7.210980e+03	-7.192680e-03	6.251316e-03	-1.974938e-05	7.095919e-03	1.842799e-05	1.022608e-04
7.223370e+03	-8.824698e-03	-1.417983e-03	-2.440670e-06	8.811508e-03	1.107175e-04	1.003871e-05
7.235760e+03	-4.518148e-03	-7.289269e-03	-1.632015e-05	4.547103e-03	-4.263535e-05	-2.060475e-05
7.248150e+03	2.910159e-03	-7.554285e-03	2.492189e-06	-2.932083e-03	-1.077041e-04	1.854108e-05
7.260540e+03	7.661074e-03	-2.516428e-03	2.354955e-05	-7.708611e-03	-1.994524e-05	3.327769e-05
7.272930e+03	6.845799e-03	4.524983e-03	3.572951e-05	-6.826440e-03	3.701621e-05	-1.586427e-05
7.285320e+03	1.200741e-03	8.179397e-03	1.708031e-05	-1.235839e-03	1.065917e-05	3.014252e-05
7.297710e+03	-5.151824e-03	6.460471e-03	1.431404e-05	5.177051e-03	1.751913e-05	-3.713454e-05
7.310100e+03	-7.675281e-03	3.472798e-04	2.384981e-06	7.759514e-03	9.045407e-05	-6.965395e-05
7.322490e+03	-4.855912e-03	-5.482007e-03	-1.644733e-05	4.801068e-03	-3.812953e-05	4.427385e-05
7.334880e+03	1.311652e-03	-6.682154e-03	-8.810847e-06	-1.449923e-03	-1.068529e-04	1.294907e-04
7.347270e+03	6.497814e-03	-1.567742e-03	3.408976e-05	-6.612181e-03	1.786620e-04	1.203659e-04
7.359660e+03	6.306430e-03	2.930318e-03	6.047688e-06	-6.285659e-03	1.109567e-05	-4.022406e-05
7.372050e+03	2.179762e-03	6.781122e-03	1.530743e-05	-2.240470e-03	-9.149576e-05	5.114210e-05
7.384440e+03	-3.543700e-03	6.199676e-03	1.985531e-05	3.526580e-03	5.323938e-05	2.260792e-05
7.396830e+03	-6.365291e-03	1.554123e-03	1.925199e-07	6.355288e-03	-1.987878e-05	-9.759327e-06
7.409220e+03	-4.902471e-03	-3.660107e-03	3.615504e-07	4.889877e-03	1.634644e-05	1.614589e-05
7.421610e+03	-1.091404e-04	-5.437358e-03	1.109899e-05	1.252360e-04	2.572399e-05	-8.310389e-06
7.434000e+03	4.415478e-03	-3.034906e-03	2.451217e-06	-4.474655e-03	-2.818676e-05	6.560433e-05
7.446390e+03	5.184555e-03	1.539684e-03	5.602066e-06	-5.234278e-03	-8.259794e-05	5.994179e-05
7.458780e+03	2.352612e-03	5.408726e-03	1.274102e-05	-2.390566e-03	7.025089e-05	4.033268e-05
7.471170e+03	-2.313066e-03	5.276058e-03	-8.653617e-06	2.269686e-03	-4.564549e-05	4.363157e-05
7.483560e+03	-5.188474e-03	1.937162e-03	5.265596e-06	5.230555e-03	6.468625e-05	-5.230932e-05
7.495950e+03	-4.356857e-03	-2.319052e-03	-1.574615e-05	4.336243e-03	1.285580e-05	2.187865e-05
7.508340e+03	-8.016691e-04	-4.316953e-03	1.077907e-05	8.214348e-04	-6.800747e-06	-1.736496e-05
7.520730e+03	3.157955e-03	-2.851491e-03	1.176689e-05	-3.198417e-03	1.440804e-05	4.393494e-05
7.533120e+03	4.237226e-03	7.406490e-04	1.139895e-05	-4.269946e-03	-5.971024e-05	1.331931e-05
7.545510e+03	2.365627e-03	4.205881e-03	1.730668e-05	-2.369042e-03	4.863430e-05	1.249756e-06
7.557900e+03	-1.458872e-03	4.481205e-03	1.490185e-05	1.420156e-03	5.571917e-05	3.832774e-05
7.570290e+03	-4.019995e-03	2.202730e-03	-5.926068e-06	3.982994e-03	-3.356768e-05	3.452586e-05
7.582680e+03	-3.766733e-03	-1.305049e-03	7.388803e-06	3.674750e-03	2.330971e-05	8.864638e-05
7.595070e+03	-1.157393e-03	-3.275307e-03	7.308646e-06	1.207410e-03	-1.705009e-05	-3.562095e-05
7.607460e+03	2.035395e-03	-2.596551e-03	9.343640e-06	-2.051039e-03	4.166197e-05	1.687034e-05
7.619850e+03	3.277910e-03	3.791054e-04	2.511731e-06	-3.310006e-03	1.935597e-05	3.424749e-05
7.632240e+03	1.985127e-03	3.089118e-03	3.097632e-06	-2.046005e-03	1.330755e-05	5.844314e-05
7.644630e+03	-9.962474e-04	3.799937e-03	1.390929e-05	1.026904e-03	9.514856e-05	-2.797721e-05
7.657020e+03	-3.192402e-03	1.743650e-03	-2.047199e-05	3.131122e-03	-5.464413e-05	6.268764e-05
7.669410e+03	-3.203439e-03	-8.929378e-04	2.063961e-05	3.191381e-03	4.851004e-05	1.424863e-05
7.681800e+03	-1.034829e-03	-2.618423e-03	-1.539542e-07	9.745416e-04	-1.985880e-05	5.773432e-05
7.694190e+03	1.555468e-03	-2.022334e-03	1.515163e-05	-1.559326e-03	3.790597e-05	3.874811e-06
7.706580e+03	2.584886e-03	8.743549e-05	4.760727e-06	-2.496190e-03	-4.228728e-05	-7.938368e-05
7.718970e+03	1.969459e-03	2.418003e-03	9.583365e-06	-2.105074e-03	4.486738e-05	9.813903e-05
7.731360e+03	-4.682175e-04	3.300705e-03	-1.437462e-06	4.843477e-04	1.048514e-05	-1.484158e-05
7.743750e+03	-2.490010e-03	1.849360e-03	-1.777035e-05	2.527575e-03	-4.934699e-05	-5.259051e-05
7.756140e+03	-2.629638e-03	-6.183092e-04	1.818922e-05	2.606954e-03	1.395771e-04	2.884120e-05
7.768530e+03	-9.647123e-04	-1.847062e-03	-1.299042e-05	9.428349e-04	6.887404e-06	2.672378e-05
7.780920e+03	1.096805e-03	-1.765570e-03	-9.051896e-06	-1.197444e-03	-6.531116e-05	1.061691e-04
7.793310e+03	2.124506e-03	7.748957e-04	8.393716e-07	-2.153604e-03	-7.267618e-05	1.245217e-05
7.805700e+03	1.403537e-03	1.878886e-03	1.298788e-05	-1.495789e-03	3.036111e-05	9.023328e-05
7.818090e+03	-4.697183e-04	2.619994e-03	-6.001312e-06	4.853114e-04	-2.522327e-05	-1.089302e-05
7.830480e+03	-1.949991e-03	1.625154e-03	8.908111e-06	1.936813e-03	5.377504e-05	1.432808e-05
7.842870e+03	-2.147111e-03	-5.143408e-05	-1.060762e-05	2.176835e-03	-2.757599e-06	-3.638422e-05
7.855260e+03	-9.423636e-04	-1.345831e-03	9.996134e-06	8.977268e-04	9.130832e-06	4.449914e-05
7.867650e+03	7.316271e-04	-1.191656e-03	-8.038045e-06	-7.765774e-04	-1.304009e-04	4.214325e-05
7.880040e+03	1.475636e-03	6.437078e-05	2.094801e-05	-1.502007e-03	4.522949e-05	1.467920e-05
7.892430e+03	1.007976e-03	1.729949e-03	2.738761e-05	-9.420570e-04	6.371046e-05	-5.989518e-05
7.904820e+03	-3.076195e-04	2.031682e-03	-5.253586e-06	2.343065e-04	-1.561701e-05	6.367848e-05
7.917210e+03	-1.605275e-03	1.494299e-03	-2.510340e-06	1.652472e-03	-1.355470e-06	-4.396028e-05
7.929600e+03	-1.705683e-03	-7.899304e-05	-9.273521e-06	1.617151e-03	-3.370646e-05	9.083339e-05
7.941990e+03	-9.342403e-04	-8.977242e-04	5.078811e-06	9.967513e-04	7.262626e-05	-3.918469e-05
7.954380e+03	4.859930e-04	-8.592238e-04	-6.338910e-06	-5.375834e-04	-9.021361e-06	3.616579e-05
7.966770e+03	1.051880e-03	4.475205e-05	4.294882e-06	-1.017898e-03	-1.434631e-06	-2.743345e-05
7.979160e+03	7.257644e-04	1.248544e-03	6.104380e-06	-6.543729e-04	1.299251e-05	-6.461961e-05
7.991550e+03	-2.044827e-04	1.615422e-03	-4.269081e-06	1.632254e-04	-4.647140e-05	3.157256e-05
8.003940e+03	-1.191013e-03	1.245337e-03	6.337834e-06	1.241511e-03	-1.204571e-05	-5.307197e-05
8.016330e+03	-1.326061e-03	1.270994e-04	7.248855e-06	1.323723e-03	2.906662e-05	1.232163e-05
8.028720e+03	-5.969733e-04	-5.427988e-04	1.541532e-05	5.230603e-04	4.181113e-06	7.620476e-05
8.041110e+03	2.635893e-04	-5.322579e-04	-6.731809e-07	-2.952867e-04	-2.442381e-05	2.812579e-05
8.053500e+03	6.879551e-04	2.688119e-04	-2.566516e-06	-6.555865e-04	4.894900e-06	-2.937405e-05
8.065890e+03	5.393826e-04	1.254842e-03	3.923899e-06	-5.816752e-04	2.000764e-05	6.277983e-05
8.078280e+03	-3.422451e-04	1.230254e-03	3.350931e-06	3.508985e-04	-4.173830e-05	-6.126339e-06
8.090670e+03	-1.032111e-03	8.034875e-04	7.960388e-06	1.050506e-03	3.276580e-05	-1.826004e-05
8.103060e+03	-9.815438e-04	9.581445e-05	2.105513e-07	9.370761e-04	1.270462e-06	3.753860e-05
8.115450e+03	-4.989975e-04	-3.991846e-04	-6.663220e-06	5.099989e-04	-4.324290e-05	-9.683521e-06
8.127840e+03	2.085138e-04	-1.641283e-04	-4.486347e-07	-1.977352e-04	1.623187e-05	-4.408801e-07
8.140230e+03	5.693149e-04	4.139280e-04	2.459890e-06	-6.263426e-04	2.668387e-05	5.981708e-05
8.152620e+03	2.636351e-04	9.306365e-04	-1.961842e-06	-2.853016e-04	1.922104e-05	2.388856e-05
8.165010e+03	-3.068503e-04	1.085590e-03	-5.839774e-06	2.808035e-04	-3.765424e-05	3.053099e-05
8.177400e+03	-7.988044e-04	5.686358e-04	2.618516e-06	8.127394e-04	1.886932e-05	-1.898367e-05
