1.300950e+03	1.099697e-01	-6.069851e-03	2.895176e-06	-1.099697e-01	-2.733764e-05	5.684868e-06
1.313340e+03	1.077164e-01	2.721946e-02	1.462970e-05	-1.077164e-01	-1.762906e-05	4.928506e-05
1.325730e+03	9.683239e-02	5.315355e-02	9.550439e-06	-9.683752e-02	-1.105108e-05	1.004212e-04
1.338120e+03	7.839377e-02	7.692576e-02	6.684542e-06	-7.831364e-02	1.072850e-05	-5.103832e-05
1.350510e+03	5.487545e-02	9.470071e-02	-2.869248e-05	-5.477508e-02	3.699585e-05	-1.179939e-04
1.362900e+03	2.738193e-02	1.062217e-01	-7.619873e-06	-2.739785e-02	6.970149e-06	1.805123e-05
1.375290e+03	-1.735491e-03	1.087835e-01	-1.057261e-05	1.606561e-03	-1.432678e-05	1.088111e-04
1.387680e+03	-3.082348e-02	1.047105e-01	-7.193914e-06	3.061842e-02	-1.859648e-05	2.580330e-04
1.400070e+03	-5.779843e-02	9.293010e-02	4.855645e-06	5.761014e-02	-4.569312e-05	2.763059e-04
1.412460e+03	-8.079883e-02	7.411478e-02	1.771541e-05	8.039205e-02	-3.498669e-05	3.845732e-04
1.424850e+03	-9.758985e-02	4.979066e-02	2.012402e-05	9.731058e-02	-3.038052e-05	4.152156e-04
1.437240e+03	-1.074166e-01	2.166363e-02	3.485769e-05	1.074274e-01	-3.734939e-05	3.219062e-04
1.449630e+03	-1.084135e-01	-7.972473e-03	5.620763e-05	1.084203e-01	-1.703881e-05	2.843334e-04
1.462020e+03	-1.033393e-01	-3.697469e-02	-3.561605e-06	1.023807e-01	-7.226376e-06	3.776529e-04
1.474410e+03	-8.951979e-02	-6.334508e-02	3.418237e-05	8.905920e-02	2.528587e-05	4.991337e-04
1.486800e+03	-6.900498e-02	-8.494318e-02	6.923563e-05	6.853831e-02	4.107096e-05	4.686240e-04
1.499190e+03	-4.344000e-02	-1.006674e-01	1.972959e-05	4.303876e-02	3.206255e-05	3.738860e-04
1.511580e+03	-1.478403e-02	-1.078057e-01	9.711047e-06	1.447034e-02	1.826801e-05	2.806435e-04
1.523970e+03	1.449633e-02	-1.079887e-01	1.525290e-05	-1.479835e-02	3.105267e-05	3.351371e-04
1.536360e+03	4.327578e-02	-1.008273e-01	4.017252e-06	-4.370453e-02	-4.352950e-06	3.485797e-04
1.548750e+03	6.905608e-02	-8.509938e-02	8.957340e-06	-6.956184e-02	-1.312805e-05	4.605275e-04
1.561140e+03	9.001665e-02	-6.306413e-02	1.657376e-05	-9.046670e-02	-3.876900e-06	4.836126e-04
1.573530e+03	1.043489e-01	-3.609646e-02	3.283281e-05	-1.053331e-01	2.436289e-05	5.989755e-04
1.585920e+03	1.100000e-01	-5.864617e-03	1.797439e-05	-1.109793e-01	-1.615613e-05	6.033013e-04
1.598310e+03	1.087192e-01	2.533379e-02	1.600098e-05	-1.084540e-01	1.544602e-05	4.697318e-04
1.610700e+03	9.677119e-02	5.468803e-02	4.345614e-06	-9.693398e-02	8.357904e-05	3.145338e-04
1.623090e+03	7.800623e-02	7.965082e-02	-5.419111e-05	-7.831263e-02	1.109770e-04	2.889316e-04
1.635480e+03	5.274244e-02	9.875390e-02	-4.436380e-05	-5.304245e-02	7.354825e-05	3.028010e-04
1.647870e+03	2.291237e-02	1.098678e-01	-7.597483e-05	-2.320988e-02	5.377837e-05	2.643235e-04
1.660260e+03	-9.316483e-03	1.123840e-01	-9.321965e-05	9.022007e-03	4.218291e-05	2.929122e-04
1.672650e+03	-4.124374e-02	1.055850e-01	-8.639076e-05	4.094350e-02	-1.032551e-05	3.332592e-04
1.685040e+03	-7.026155e-02	8.992472e-02	-4.344740e-05	6.996037e-02	-4.674321e-05	2.872706e-04
1.697430e+03	-9.344426e-02	6.616862e-02	-6.182087e-05	9.331560e-02	-6.568636e-05	2.071282e-04
1.709820e+03	-1.095704e-01	3.632044e-02	1.204829e-06	1.089123e-01	-7.563120e-05	2.015371e-04
1.722210e+03	-1.157729e-01	2.396369e-03	-2.820808e-05	1.156273e-01	-8.369818e-05	2.448089e-04
1.734600e+03	-1.124137e-01	-3.240997e-02	1.003518e-05	1.114797e-01	-6.604777e-05	2.265289e-04
1.746990e+03	-9.750969e-02	-6.474285e-02	2.800098e-05	9.759346e-02	-7.167126e-05	2.880608e-05
1.759380e+03	-7.372650e-02	-9.168593e-02	6.065951e-05	7.376199e-02	-2.608977e-05	-8.167795e-05
1.771770e+03	-4.283145e-02	-1.097579e-01	-5.892749e-06	4.293352e-02	-4.796301e-05	-1.209045e-04
1.784160e+03	-7.318988e-03	-1.188578e-01	6.517735e-05	7.452950e-03	-1.248511e-05	-1.353616e-04
1.796550e+03	2.940901e-02	-1.153946e-01	4.405782e-05	-2.920571e-02	-1.209023e-05	-1.616555e-04
1.808940e+03	6.414571e-02	-1.019460e-01	4.525971e-05	-6.397428e-02	-2.307731e-05	-1.727284e-04
1.821330e+03	9.312284e-02	-7.687425e-02	7.076116e-05	-9.309078e-02	-1.898327e-05	-6.750379e-05
1.833720e+03	1.141413e-01	-4.365077e-02	1.015904e-04	-1.141422e-01	9.693784e-05	-2.626606e-05
1.846110e+03	1.219918e-01	-5.054091e-03	7.456387e-05	-1.219920e-01	1.906721e-05	-9.068457e-05
1.858500e+03	1.182049e-01	3.495105e-02	5.875635e-05	-1.180210e-01	9.378765e-05	-1.592231e-04
1.870890e+03	1.009405e-01	7.160635e-02	2.260597e-05	-1.003053e-01	9.449865e-05	-1.829737e-04
1.883280e+03	7.227666e-02	1.010687e-01	-3.384175e-05	-7.212232e-02	1.143525e-04	-1.846184e-04
1.895670e+03	3.549276e-02	1.192407e-01	-8.148518e-05	-3.519236e-02	1.015061e-04	-2.084250e-04
1.908060e+03	-6.231897e-03	1.247248e-01	-1.577161e-04	6.419307e-03	8.227340e-05	-2.117972e-04
1.920450e+03	-4.819855e-02	1.167767e-01	-1.969199e-04	4.828422e-02	3.900058e-05	-1.199514e-04
1.932840e+03	-8.513410e-02	9.393695e-02	-1.043520e-04	8.533383e-02	-6.985118e-05	-1.556559e-04
1.945230e+03	-1.128809e-01	5.982547e-02	-5.925086e-05	1.128813e-01	-9.259454e-05	-1.322872e-04
1.957620e+03	-1.270920e-01	1.763960e-02	-2.729974e-05	1.270920e-01	-1.097268e-04	-6.926000e-05
1.970010e+03	-1.265918e-01	-2.778810e-02	2.640411e-05	1.265918e-01	-1.000168e-04	3.386451e-05
1.982400e+03	-1.089695e-01	-7.073599e-02	3.189954e-05	1.089742e-01	-9.769907e-05	2.001951e-04
1.994790e+03	-7.752702e-02	-1.050997e-01	1.196841e-04	7.742982e-02	-4.704011e-05	1.274785e-04
2.007180e+03	-3.556835e-02	-1.262447e-01	1.476697e-05	3.546667e-02	-6.854581e-05	1.514106e-04
2.019570e+03	1.212963e-02	-1.310377e-01	7.939721e-05	-1.233460e-02	-4.763871e-05	1.652076e-04
2.031960e+03	5.896665e-02	-1.189464e-01	6.458656e-05	-5.929805e-02	-5.388595e-05	2.487790e-04
2.044350e+03	9.879333e-02	-8.979245e-02	9.427225e-05	-9.880551e-02	1.916427e-05	3.248578e-04
2.056740e+03	1.262607e-01	-4.756380e-02	8.048864e-05	-1.262607e-01	7.813968e-05	3.791645e-04
2.069130e+03	1.346786e-01	3.236708e-03	6.857602e-05	-1.346763e-01	5.621478e-05	3.936270e-04
2.081520e+03	1.252119e-01	5.495821e-02	3.171496e-05	-1.257583e-01	1.398988e-04	5.232447e-04
2.093910e+03	9.517276e-02	9.965111e-02	-9.075215e-05	-9.585408e-02	2.516532e-04	6.332815e-04
2.106300e+03	4.961041e-02	1.296208e-01	-6.769108e-05	-5.031632e-02	8.494713e-05	6.914295e-04
2.118690e+03	-5.350581e-03	1.395551e-01	-1.658084e-04	4.428316e-03	1.013651e-04	9.188213e-04
2.131080e+03	-6.182702e-02	1.279646e-01	-1.743202e-04	6.070728e-02	-2.180778e-05	1.042464e-03
2.143470e+03	-1.096914e-01	9.310748e-02	-1.065842e-04	1.087516e-01	-1.281773e-04	1.197991e-03
2.155860e+03	-1.412532e-01	3.954387e-02	-1.290583e-04	1.391756e-01	-1.853931e-04	1.489184e-03
2.168250e+03	-1.456384e-01	-2.372139e-02	8.295001e-05	1.446056e-01	-2.164170e-04	1.577921e-03
2.180640e+03	-1.229913e-01	-8.557219e-02	1.008781e-04	1.208903e-01	-1.779846e-04	1.795311e-03
2.193030e+03	-7.212527e-02	-1.326512e-01	1.634012e-04	7.040468e-02	-8.087092e-05	1.786220e-03
2.205420e+03	-3.536152e-03	-1.502980e-01	9.619033e-05	1.675164e-03	-7.433683e-05	1.868533e-03
2.217810e+03	6.880015e-02	-1.355031e-01	1.345556e-04	-7.059718e-02	1.720459e-06	1.738004e-03
2.230200e+03	1.268262e-01	-8.488068e-02	1.447576e-04	-1.287030e-01	1.076770e-04	1.619493e-03
2.242590e+03	1.497546e-01	-7.175810e-03	1.234292e-04	-1.507546e-01	2.043825e-04	1.299170e-03
2.254980e+03	1.313544e-01	7.833020e-02	2.952558e-05	-1.323925e-01	3.250248e-04	7.986152e-04
2.267370e+03	6.340545e-02	1.361387e-01	-1.831937e-04	-6.345766e-02	3.672579e-04	-3.338599e-06
2.279760e+03	-2.861130e-02	1.422576e-01	-3.654345e-04	2.959663e-02	1.849954e-04	-9.876735e-04
2.292150e+03	-1.041401e-01	9.092330e-02	-4.218811e-04	1.059460e-01	-1.628964e-04	-1.943225e-03
2.304540e+03	-1.273616e-01	3.888272e-03	-8.859333e-05	1.303604e-01	-4.405282e-04	-2.748510e-03
2.316930e+03	-8.957447e-02	-7.278217e-02	2.354979e-04	9.281465e-02	-4.378811e-04	-3.245840e-03
2.329320e+03	-1.520845e-02	-9.980293e-02	4.130266e-04	1.899967e-02	-1.934064e-04	-3.785134e-03
2.341710e+03	4.851659e-02	-7.159372e-02	3.452356e-04	-4.486347e-02	1.178847e-04	-3.660092e-03
2.354100e+03	6.767083e-02	-1.626406e-02	1.487893e-04	-6.399122e-02	3.191712e-04	-3.645080e-03
2.366490e+03	4.763045e-02	2.513090e-02	-1.231721e-04	-4.413925e-02	3.280493e-04	-3.465033e-03
2.378880e+03	1.451446e-02	3.489424e-02	-3.172769e-04	-1.119014e-02	1.574557e-04	-3.326829e-03
2.391270e+03	-6.489741e-03	2.363986e-02	-2.932113e-04	9.643000e-03	-8.564339e-05	-3.210239e-03
2.403660e+03	-8.487046e-03	9.560044e-03	-1.946483e-04	1.167270e-02	-2.301438e-04	-3.168304e-03
2.416050e+03	-4.106313e-03	6.516544e-03	1.622914e-05	6.760881e-03	-2.966905e-04	-2.706701e-03
2.428440e+03	-6.710052e-03	1.139442e-02	1.804904e-04	8.575903e-03	-2.381849e-04	-1.845310e-03
2.440830e+03	-1.947167e-02	9.725573e-03	2.752431e-04	1.967627e-02	-6.162850e-05	-2.383216e-04
2.453220e+03	-2.998992e-02	-6.423747e-03	2.503947e-04	2.879161e-02	1.939603e-04	1.218860e-03
2.465610e+03	-2.468047e-02	-3.053793e-02	1.379081e-04	2.201120e-02	2.953297e-04	2.668986e-03
2.478000e+03	1.732824e-03	-4.568944e-02	-8.431452e-05	-5.113318e-03	3.060545e-04	3.371887e-03
2.490390e+03	3.774801e-02	-3.740037e-02	-2.169966e-04	-4.118443e-02	1.516659e-04	3.442640e-03
2.502780e+03	5.976306e-02	-1.546593e-03	-2.436242e-04	-6.223896e-02	-4.178707e-05	2.630801e-03
2.515170e+03	5.170259e-02	4.538489e-02	-2.081601e-04	-5.298265e-02	-7.369598e-05	1.212884e-03
2.527560e+03	7.758146e-03	7.632263e-02	-9.668137e-05	-7.358535e-03	-1.371299e-04	-4.022090e-04
2.539950e+03	-4.976147e-02	6.500273e-02	8.417661e-05	5.175229e-02	-2.161146e-04	-1.948717e-03
2.552340e+03	-8.449878e-02	1.149170e-02	2.201679e-04	8.739898e-02	-1.316465e-04	-2.948045e-03
2.564730e+03	-7.077416e-02	-5.509616e-02	2.671443e-04	7.409159e-02	-3.055628e-06	-3.223710e-03
2.577120e+03	-1.155972e-02	-9.046625e-02	1.973960e-04	1.434215e-02	1.304444e-04	-2.868134e-03
2.589510e+03	5.787760e-02	-7.496893e-02	4.428291e-05	-5.610432e-02	2.100822e-04	-1.800678e-03
2.601900e+03	9.201648e-02	-1.440238e-02	-1.489226e-04	-9.191142e-02	2.161028e-04	-3.101923e-04
2.614290e+03	7.653327e-02	5.368434e-02	-3.441492e-04	-7.772177e-02	1.082679e-04	1.178118e-03
2.626680e+03	1.678397e-02	9.075510e-02	-3.436318e-04	-1.909476e-02	-1.233406e-04	2.309678e-03
2.639070e+03	-5.041878e-02	7.827904e-02	-1.597166e-04	4.751202e-02	-3.146129e-04	2.868668e-03
2.651460e+03	-8.899342e-02	2.310300e-02	1.299248e-04	8.635556e-02	-3.276280e-04	2.680862e-03
2.663850e+03	-7.988255e-02	-4.201019e-02	3.216920e-04	7.785283e-02	-2.005665e-04	1.979112e-03
2.676240e+03	-2.806676e-02	-8.156268e-02	3.794876e-04	2.698929e-02	1.064038e-04	1.099488e-03
2.688630e+03	3.579533e-02	-7.498029e-02	2.192756e-04	-3.620821e-02	3.206766e-04	3.339460e-04
2.701020e+03	7.370491e-02	-2.625490e-02	-5.022807e-05	-7.361753e-02	3.207020e-04	-8.840673e-05
2.713410e+03	6.603916e-02	3.263321e-02	-2.678244e-04	-6.573268e-02	2.695590e-04	-2.649055e-04
2.725800e+03	1.948360e-02	6.391091e-02	-3.694962e-04	-1.917660e-02	6.344281e-05	-2.306449e-04
2.738190e+03	-3.014050e-02	5.107587e-02	-2.824699e-04	3.026481e-02	-2.250107e-04	-1.834457e-04
2.750580e+03	-4.900042e-02	9.253090e-03	4.234532e-06	4.921246e-02	-3.686362e-04	-2.473358e-04
2.762970e+03	-3.143165e-02	-2.776892e-02	2.737077e-04	3.184878e-02	-2.644695e-04	-4.292889e-04
2.775360e+03	5.044329e-03	-3.366518e-02	3.709234e-04	-4.129457e-03	-2.830665e-05	-9.188704e-04
2.787750e+03	2.662350e-02	-1.000205e-02	2.526942e-04	-2.534101e-02	2.445463e-04	-1.294615e-03
2.800140e+03	1.774780e-02	1.769582e-02	-3.665867e-05	-1.616534e-02	3.305191e-04	-1.522054e-03
2.812530e+03	-9.311730e-03	2.193872e-02	-2.848790e-04	1.084870e-02	1.948616e-04	-1.511196e-03
2.824920e+03	-2.535543e-02	3.023973e-04	-2.524086e-04	2.655109e-02	-4.182733e-05	-1.230077e-03
2.837310e+03	-1.484662e-02	-2.638766e-02	-1.663352e-04	1.558011e-02	-2.828836e-04	-7.236148e-04
2.849700e+03	1.529644e-02	-3.056880e-02	8.652680e-05	-1.494081e-02	-2.658023e-04	-3.906687e-04
2.862090e+03	3.742407e-02	-7.298306e-03	2.071417e-04	-3.742052e-02	-1.035567e-04	-2.572460e-05
2.874480e+03	3.199735e-02	2.838235e-02	1.973920e-04	-3.228090e-02	5.335706e-05	2.594316e-04
2.886870e+03	-1.809315e-03	4.590878e-02	6.237046e-05	1.191099e-03	1.790875e-04	5.776579e-04
2.899260e+03	-4.026871e-02	3.221513e-02	-6.377609e-05	3.954774e-02	1.497457e-04	8.127094e-04
2.911650e+03	-5.402036e-02	-9.839037e-03	-1.222388e-04	5.283309e-02	2.151214e-05	1.107921e-03
2.924040e+03	-3.121003e-02	-5.072442e-02	-5.956123e-05	3.000493e-02	-7.099621e-05	1.207028e-03
2.936430e+03	1.754562e-02	-5.967812e-02	6.662636e-06	-1.860774e-02	-8.570158e-05	1.092053e-03
2.948820e+03	5.859589e-02	-2.697333e-02	8.069636e-05	-5.919167e-02	-5.703986e-05	5.972336e-04
2.961210e+03	6.080600e-02	2.706099e-02	5.668718e-05	-6.077398e-02	4.603088e-05	-5.722282e-05
2.973600e+03	2.141730e-02	6.557033e-02	-3.992132e-05	-2.063659e-02	8.310866e-05	-7.584042e-04
2.985990e+03	-3.436308e-02	5.978557e-02	-8.531963e-05	3.563756e-02	2.504391e-05	-1.199306e-03
2.998380e+03	-6.608407e-02	1.324888e-02	-8.841747e-05	6.732503e-02	-6.767978e-05	-1.257232e-03
3.010770e+03	-5.401808e-02	-4.121913e-02	2.979958e-05	5.478205e-02	-1.091554e-04	-7.428563e-04
3.023160e+03	-5.260851e-03	-6.557155e-02	9.724904e-05	5.262282e-03	-1.080342e-04	-2.113263e-05
3.035550e+03	4.459616e-02	-4.724902e-02	1.541385e-04	-4.534346e-02	3.190470e-05	7.316331e-04
3.047940e+03	6.269474e-02	2.195783e-03	8.316078e-05	-6.379474e-02	1.769923e-04	1.121027e-03
3.060330e+03	3.862806e-02	4.724531e-02	-5.107186e-05	-3.973389e-02	1.532893e-04	1.125128e-03
3.072720e+03	-8.800269e-03	5.774807e-02	-1.767959e-04	8.045506e-03	1.432469e-04	7.446162e-04
3.085110e+03	-4.764311e-02	3.177852e-02	-1.666184e-04	4.742963e-02	-4.897710e-05	2.155982e-04
3.097500e+03	-5.260872e-02	-1.338991e-02	-1.145992e-04	5.277226e-02	-1.759181e-04	-2.020612e-04
3.109890e+03	-2.378888e-02	-4.540626e-02	8.140013e-05	2.407524e-02	-2.026264e-04	-2.926885e-04
3.122280e+03	1.753715e-02	-4.534289e-02	2.137823e-04	-1.735487e-02	-6.673805e-05	-1.430423e-04
3.134670e+03	4.255910e-02	-1.510412e-02	1.883985e-04	-4.255922e-02	8.733829e-05	7.738908e-05
3.147060e+03	3.560884e-02	2.089603e-02	6.093733e-05	-3.590427e-02	2.187142e-04	2.569315e-04
3.159450e+03	5.694165e-03	3.675698e-02	-1.070091e-04	-5.859402e-03	1.955939e-04	1.612723e-04
3.171840e+03	-2.334114e-02	2.486374e-02	-1.730486e-04	2.345603e-02	4.094102e-05	-8.355511e-05
3.184230e+03	-3.011203e-02	-3.687487e-03	-1.553778e-04	3.046937e-02	-9.699501e-05	-4.186361e-04
3.196620e+03	-1.295425e-02	-2.427621e-02	-5.409807e-05	1.368244e-02	-1.881266e-04	-6.992870e-04
3.209010e+03	1.232368e-02	-2.297178e-02	1.225461e-04	-1.152648e-02	-1.522086e-04	-7.755607e-04
3.221400e+03	2.449160e-02	-2.228965e-03	1.420000e-04	-2.389240e-02	-9.954381e-06	-6.452681e-04
3.233790e+03	1.475566e-02	1.877942e-02	7.367687e-05	-1.444394e-02	9.231664e-05	-2.839335e-04
3.246180e+03	-7.435192e-03	2.210936e-02	1.941406e-05	7.282629e-03	1.194470e-04	6.652695e-05
3.258570e+03	-2.291238e-02	6.730551e-03	-9.382409e-05	2.256657e-02	8.513722e-05	3.152990e-04
3.270960e+03	-1.936442e-02	-1.493874e-02	-8.801102e-05	1.887927e-02	-3.606829e-06	3.991292e-04
3.283350e+03	7.162921e-04	-2.435092e-02	-4.252515e-05	-1.096337e-03	-5.990033e-05	3.932573e-04
3.295740e+03	2.067266e-02	-1.417116e-02	1.870704e-05	-2.096748e-02	-7.751501e-05	2.203995e-04
3.308130e+03	2.432717e-02	8.538410e-03	2.395341e-05	-2.444764e-02	-2.346794e-05	1.078680e-04
3.320520e+03	8.460547e-03	2.603958e-02	4.303462e-05	-8.548356e-03	2.450883e-05	8.014851e-05
3.332910e+03	-1.581934e-02	2.369540e-02	-7.065312e-07	1.574070e-02	2.360874e-05	6.205692e-05
3.345300e+03	-2.859547e-02	2.241918e-03	-2.559617e-06	2.849547e-02	2.760620e-05	6.760268e-05
3.357690e+03	-2.080950e-02	-2.231461e-02	3.203071e-05	2.082010e-02	1.205540e-05	-1.044291e-05
3.370080e+03	4.555250e-03	-3.109936e-02	1.987853e-05	-4.417286e-03	-7.843288e-06	-1.384330e-04
3.382470e+03	2.792611e-02	-1.668821e-02	2.587986e-05	-2.765145e-02	4.727384e-05	-3.352199e-04
3.394860e+03	3.106298e-02	1.084862e-02	-3.440181e-05	-3.056298e-02	1.767521e-05	-4.945402e-04
3.407250e+03	1.195417e-02	3.139891e-02	-5.433011e-05	-1.147191e-02	1.459499e-05	-4.671353e-04
3.419640e+03	-1.681650e-02	2.960607e-02	-5.752423e-05	1.708378e-02	-2.612794e-05	-3.250823e-04
3.432030e+03	-3.328464e-02	5.526368e-03	7.194731e-07	3.332576e-02	-7.792335e-05	-4.538588e-05
3.444420e+03	-2.677709e-02	-2.186737e-02	7.950314e-05	2.641867e-02	-6.442563e-05	2.789490e-04
3.456810e+03	-5.352706e-04	-3.422681e-02	1.018908e-04	6.789983e-05	1.947003e-05	4.738712e-04
3.469200e+03	2.573086e-02	-2.244389e-02	6.767672e-05	-2.623086e-02	7.887416e-05	5.130018e-04
3.481590e+03	3.319546e-02	5.174878e-03	-3.733499e-05	-3.369546e-02	1.070000e-04	4.662041e-04
3.493980e+03	1.782049e-02	2.891877e-02	-1.132900e-04	-1.803903e-02	6.493209e-05	2.626898e-04
3.506370e+03	-1.006048e-02	3.181025e-02	-1.335080e-04	1.000160e-02	-2.461833e-05	4.288829e-05
3.518760e+03	-3.037386e-02	1.288558e-02	-4.471881e-05	3.047663e-02	-1.028813e-04	-1.052693e-04
3.531150e+03	-2.894490e-02	-1.454041e-02	4.829391e-05	2.907065e-02	-1.279542e-04	-1.927315e-04
3.543540e+03	-7.055578e-03	-3.015229e-02	1.267309e-04	7.256024e-03	-7.746334e-05	-1.825384e-04
3.555930e+03	1.845428e-02	-2.438531e-02	1.546549e-04	-1.833703e-02	8.903597e-05	-1.600363e-04
3.568320e+03	2.943975e-02	-1.113546e-03	4.758505e-05	-2.933975e-02	1.596674e-04	-1.215015e-04
3.580710e+03	1.882984e-02	2.151329e-02	-7.923008e-05	-1.872609e-02	1.279060e-04	-1.631772e-04
3.593100e+03	-4.631711e-03	2.735058e-02	-1.634642e-04	4.778466e-03	6.696044e-05	-1.524292e-04
3.605490e+03	-2.324023e-02	1.294852e-02	-1.183282e-04	2.334023e-02	-6.951119e-05	-1.619005e-04
3.617880e+03	-2.387624e-02	-9.789439e-03	-2.513423e-05	2.397557e-02	-1.332348e-04	-1.276037e-04
3.630270e+03	-7.182485e-03	-2.389278e-02	1.236473e-04	7.182659e-03	-1.380000e-04	-2.145487e-06
3.642660e+03	1.353263e-02	-1.982535e-02	1.330541e-04	-1.362630e-02	-2.504178e-05	8.000021e-05
3.655050e+03	2.295926e-02	-1.734920e-03	9.301788e-05	-2.315940e-02	9.140347e-05	1.954233e-04
3.667440e+03	1.509157e-02	1.647960e-02	1.178994e-05	-1.530134e-02	1.294884e-04	2.701103e-04
3.679830e+03	-3.381069e-03	2.098855e-02	-1.093311e-04	3.096291e-03	1.205662e-04	2.813435e-04
3.692220e+03	-1.823009e-02	1.017802e-02	-1.301103e-04	1.800675e-02	7.243746e-06	2.090932e-04
3.704610e+03	-1.832226e-02	-7.586949e-03	-7.729277e-05	1.821998e-02	-9.873298e-05	7.827056e-05
3.717000e+03	-4.982126e-03	-1.860662e-02	3.131237e-05	5.030834e-03	-1.271312e-04	-4.865836e-05
3.729390e+03	1.133702e-02	-1.466514e-02	1.209387e-04	-1.124333e-02	-6.936096e-05	-1.620756e-04
3.741780e+03	1.797020e-02	1.754980e-04	1.202029e-04	-1.777009e-02	4.551545e-05	-2.271400e-04
3.754170e+03	1.050748e-02	1.412431e-02	4.383081e-05	-1.027115e-02	1.203678e-04	-2.317943e-04
3.766560e+03	-4.796314e-03	1.643682e-02	-5.703905e-05	5.007791e-03	1.173444e-04	-2.129513e-04
3.778950e+03	-1.582325e-02	5.843683e-03	-1.448425e-04	1.602324e-02	2.244141e-05	-1.539309e-04
3.791340e+03	-1.401208e-02	-8.971155e-03	-9.774216e-05	1.401752e-02	-1.027564e-04	-8.024854e-05
3.803730e+03	-1.242681e-03	-1.639989e-02	8.023172e-06	1.282773e-03	-1.298066e-04	-3.800411e-05
3.816120e+03	1.217664e-02	-1.091207e-02	6.042507e-05	-1.217678e-02	-5.249588e-05	2.088650e-05
3.828510e+03	1.599306e-02	3.021445e-03	1.050403e-04	-1.609305e-02	1.501911e-06	1.062394e-04
3.840900e+03	7.341308e-03	1.445827e-02	7.430882e-05	-7.493678e-03	8.829805e-05	1.501849e-04
3.853290e+03	-6.938995e-03	1.484061e-02	-4.880503e-06	6.728780e-03	1.056786e-04	2.152719e-04
3.865680e+03	-1.587248e-02	3.664299e-03	-7.119679e-05	1.567248e-02	8.930639e-05	2.173458e-04
3.878070e+03	-1.291117e-02	-1.022919e-02	-7.579924e-05	1.271457e-02	-2.360214e-06	1.856287e-04
3.890460e+03	4.832746e-05	-1.635095e-02	-6.140706e-05	-1.570968e-04	-5.978234e-05	1.153233e-04
3.902850e+03	1.295593e-02	-1.012914e-02	1.189144e-05	-1.292860e-02	-8.853654e-05	2.291325e-05
3.915240e+03	1.620466e-02	3.775483e-03	5.612965e-05	-1.610492e-02	-3.198461e-05	-9.281310e-05
3.927630e+03	7.190631e-03	1.489909e-02	4.224154e-05	-7.047486e-03	2.243303e-05	-1.422702e-04
3.940020e+03	-7.069869e-03	1.499086e-02	1.281040e-05	7.257853e-03	1.146888e-05	-1.778987e-04
3.952410e+03	-1.577069e-02	3.745839e-03	6.411369e-06	1.597069e-02	3.715167e-05	-1.905458e-04
3.964800e+03	-1.285114e-02	-1.003325e-02	-1.035303e-05	1.299590e-02	1.478680e-05	-1.288694e-04
3.977190e+03	-2.320693e-04	-1.602911e-02	-2.073382e-05	2.921176e-04	1.414235e-05	-6.407577e-05
3.989580e+03	1.238449e-02	-1.033181e-02	-2.150305e-05	-1.236894e-02	7.317318e-06	-1.102109e-05
4.001970e+03	1.551828e-02	3.035636e-03	-1.942518e-05	-1.561828e-02	-7.161615e-06	7.084349e-05
4.014360e+03	7.524885e-03	1.405001e-02	6.419095e-06	-7.643022e-03	-2.457694e-05	1.250551e-04
4.026750e+03	-5.971817e-03	1.455146e-02	-8.820548e-06	5.812757e-03	-1.864566e-05	1.594575e-04
4.039140e+03	-1.484699e-02	4.774163e-03	-3.897271e-06	1.474719e-02	-4.652769e-06	1.620381e-04
4.051530e+03	-1.303922e-02	-8.212751e-03	3.409322e-05	1.293811e-02	-2.461110e-06	1.562139e-04
4.063920e+03	-1.913535e-03	-1.469151e-02	5.683949e-05	1.824716e-03	1.277856e-05	9.276087e-05
4.076310e+03	1.005664e-02	-1.071026e-02	2.412225e-06	-1.008329e-02	-6.008690e-06	2.966815e-05
4.088700e+03	1.424634e-02	1.013929e-03	-3.339193e-06	-1.422738e-02	3.156325e-05	-5.611994e-06
4.101090e+03	8.028819e-03	1.145982e-02	-3.964183e-05	-7.980410e-03	2.238349e-05	-7.370875e-05
4.113480e+03	-3.725835e-03	1.311615e-02	-3.124154e-05	3.825960e-03	-1.852372e-05	-1.108220e-04
4.125870e+03	-1.226453e-02	5.156894e-03	-1.780404e-05	1.239441e-02	-3.720741e-05	-1.395112e-04
4.138260e+03	-1.133518e-02	-6.090672e-03	3.323207e-05	1.143478e-02	-4.844750e-05	-1.172803e-04
4.150650e+03	-2.291966e-03	-1.237351e-02	3.284422e-05	2.398012e-03	-1.242426e-05	-1.015768e-04
4.163040e+03	7.910256e-03	-9.339224e-03	2.603877e-05	-7.854109e-03	1.640622e-05	-4.585847e-05
4.175430e+03	1.187159e-02	1.800675e-04	-6.036748e-06	-1.187454e-02	6.225907e-05	1.139649e-05
4.187820e+03	7.020002e-03	9.111707e-03	-4.629334e-05	-7.091973e-03	4.534715e-05	7.327911e-05
4.200210e+03	-2.673469e-03	1.095084e-02	-3.877628e-05	2.569995e-03	1.262035e-05	1.099493e-04
4.212600e+03	-9.794612e-03	4.610229e-03	-3.089084e-05	9.656041e-03	-2.707267e-05	1.135714e-04
4.224990e+03	-9.452022e-03	-4.613476e-03	-4.975105e-06	9.331897e-03	-4.731962e-05	1.379522e-04
4.237380e+03	-2.180577e-03	-9.683607e-03	5.148598e-05	2.080722e-03	-2.876943e-05	1.028887e-04
4.249770e+03	6.129905e-03	-7.501885e-03	4.323468e-05	-6.207648e-03	9.227714e-06	7.296106e-05
4.262160e+03	9.206959e-03	2.363586e-04	1.675828e-05	-9.231152e-03	3.305310e-05	2.499653e-05
4.274550e+03	5.406988e-03	7.357296e-03	-2.142035e-05	-5.364242e-03	4.041118e-05	-4.451223e-05
4.286940e+03	-2.315411e-03	8.412209e-03	-5.275608e-05	2.414691e-03	2.784079e-06	-9.362934e-05
4.299330e+03	-7.921811e-03	3.234636e-03	-4.958614e-05	8.048476e-03	-2.128783e-05	-1.296952e-04
4.311720e+03	-7.087754e-03	-4.146628e-03	-7.380455e-06	7.217388e-03	-5.470832e-05	-1.250251e-04
4.324110e+03	-1.024248e-03	-7.928309e-03	4.064808e-05	1.134988e-03	-3.101201e-05	-1.094668e-04
4.336500e+03	5.487309e-03	-5.512578e-03	6.204875e-05	-5.413767e-03	1.768673e-05	-7.161546e-05
4.348890e+03	7.499469e-03	9.237482e-04	1.022162e-05	-7.489362e-03	4.861923e-05	-1.030695e-05
4.361280e+03	3.706245e-03	6.326408e-03	-1.405670e-05	-3.746378e-03	5.280040e-05	4.473872e-05
4.373670e+03	-2.647562e-03	6.735122e-03	-3.596440e-05	2.575778e-03	2.564453e-05	6.804636e-05
4.386060e+03	-6.749703e-03	1.960120e-03	-5.069995e-05	6.671150e-03	-1.402874e-06	6.826602e-05
4.398450e+03	-5.690008e-03	-4.010723e-03	-1.340844e-05	5.549590e-03	-5.473669e-05	1.318477e-04
4.410840e+03	-3.033292e-04	-6.675603e-03	2.678029e-05	1.904185e-04	-5.446835e-05	1.143360e-04
4.423230e+03	5.014346e-03	-4.213924e-03	2.809518e-05	-5.077743e-03	5.576501e-06	6.207193e-05
4.435620e+03	6.272574e-03	1.392584e-03	4.738490e-05	-6.294343e-03	2.885980e-05	2.351731e-05
4.448010e+03	2.666930e-03	5.661585e-03	1.401705e-05	-2.662756e-03	4.529530e-05	-1.082295e-05
4.460400e+03	-2.758330e-03	5.487455e-03	-2.290408e-05	2.802851e-03	3.911586e-05	-4.314650e-05
4.472790e+03	-5.800615e-03	1.088382e-03	-6.206250e-05	5.874603e-03	1.006233e-05	-6.552878e-05
4.485180e+03	-4.323830e-03	-3.902505e-03	-1.992405e-05	4.416539e-03	-4.560939e-05	-9.328775e-05
4.497570e+03	4.427903e-04	-5.635172e-03	6.768812e-06	-3.471663e-04	-5.927248e-05	-9.796560e-05
4.509960e+03	4.770318e-03	-3.138809e-03	3.488758e-05	-4.687777e-03	-3.462905e-05	-8.598721e-05
4.522350e+03	5.241846e-03	1.778699e-03	3.961171e-05	-5.206318e-03	-2.633679e-06	-3.630793e-05
4.534740e+03	1.820751e-03	5.225684e-03	2.366349e-05	-1.818925e-03	3.235737e-05	-5.397430e-06
4.547130e+03	-2.886000e-03	4.469942e-03	-1.605106e-05	2.866767e-03	4.909200e-05	2.454135e-05
4.559520e+03	-5.229806e-03	5.348662e-04	-3.598194e-05	5.149822e-03	9.524647e-06	8.587070e-05
4.571910e+03	-3.601985e-03	-3.679102e-03	-4.126190e-05	3.510429e-03	5.666594e-06	9.039606e-05
4.584300e+03	6.136662e-04	-4.949427e-03	-1.617098e-05	-7.174449e-04	-3.033580e-05	1.052020e-04
4.596690e+03	4.119285e-03	-2.412464e-03	8.034790e-06	-4.226213e-03	-3.409180e-05	1.085127e-04
4.609080e+03	4.340461e-03	1.755306e-03	3.392917e-05	-4.429382e-03	-8.528560e-06	8.525989e-05
4.621470e+03	1.260290e-03	4.360796e-03	3.886145e-05	-1.316456e-03	2.025741e-05	5.082277e-05
4.633860e+03	-2.654567e-03	3.667869e-03	5.885189e-06	2.627269e-03	2.178245e-05	2.265955e-05
4.646250e+03	-4.267985e-03	1.802525e-04	-2.678792e-05	4.311624e-03	4.196354e-05	-4.842541e-05
4.658640e+03	-2.742616e-03	-3.291394e-03	-3.595073e-05	2.795071e-03	1.855595e-06	-5.878570e-05
4.671030e+03	8.947878e-04	-4.052680e-03	-2.234162e-05	-7.981063e-04	-2.204057e-05	-9.887554e-05
4.683420e+03	3.672602e-03	-1.795321e-03	3.219322e-06	-3.573104e-03	-3.189320e-05	-9.735862e-05
4.695810e+03	3.562925e-03	1.696637e-03	1.742942e-05	-3.477231e-03	-1.398034e-05	-8.185045e-05
4.708200e+03	8.215839e-04	3.670828e-03	3.598514e-05	-7.791811e-04	-2.058873e-06	-4.298922e-05
4.720590e+03	-2.311663e-03	2.809087e-03	1.642052e-05	2.307097e-03	7.347583e-06	2.313078e-06
4.732980e+03	-3.494608e-03	-9.617869e-05	2.070881e-05	3.465805e-03	1.686648e-05	2.946533e-05
4.745370e+03	-2.050071e-03	-2.744177e-03	4.224231e-06	2.000565e-03	3.913888e-05	5.265601e-05
4.757760e+03	8.532698e-04	-3.108892e-03	-5.006890e-06	-9.219422e-04	3.237202e-05	7.170000e-05
4.770150e+03	2.856452e-03	-1.174950e-03	-2.446742e-05	-2.936457e-03	-2.690771e-05	7.662611e-05
4.782540e+03	2.566545e-03	1.515807e-03	-8.259937e-06	-2.656567e-03	8.709166e-06	8.328894e-05
4.794930e+03	3.719106e-04	2.839629e-03	-2.318876e-06	-4.423620e-04	1.854055e-06	7.106807e-05
4.807320e+03	-1.945853e-03	1.985294e-03	8.076785e-07	1.899493e-03	-2.978278e-05	3.985334e-05
4.819710e+03	-2.621719e-03	-2.926502e-04	1.281178e-05	2.603478e-03	8.441721e-06	1.410890e-05
4.832100e+03	-1.262311e-03	-2.095422e-03	9.625264e-06	1.296510e-03	-4.672532e-06	-3.151960e-05
4.844490e+03	8.783256e-04	-2.179611e-03	1.840795e-05	-8.321893e-04	1.690406e-05	-4.332093e-05
4.856880e+03	2.145063e-03	-5.711428e-04	-7.272076e-06	-2.059929e-03	2.272496e-05	-8.662336e-05
4.869270e+03	1.667608e-03	1.342900e-03	-2.279911e-05	-1.587524e-03	-7.107662e-06	-7.384289e-05
4.881660e+03	-3.998120e-05	1.968535e-03	-1.536498e-05	1.062109e-04	-2.069884e-05	-6.628304e-05
4.894050e+03	-1.540004e-03	1.013456e-03	-2.727344e-05	1.587346e-03	-1.481608e-05	-4.988259e-05
4.906440e+03	-1.720962e-03	-5.850266e-04	9.444174e-06	1.723827e-03	-1.346785e-05	-3.952644e-06
4.918830e+03	-4.879159e-04	-1.588063e-03	-5.086161e-08	4.436385e-04	-1.463409e-05	4.469630e-05
4.931220e+03	9.465719e-04	-1.233666e-03	2.356023e-05	-1.030521e-03	2.035808e-06	8.073126e-05
4.943610e+03	1.440459e-03	1.147209e-04	1.824888e-05	-1.493009e-03	1.939808e-05	5.799129e-05
4.956000e+03	6.607160e-04	1.217672e-03	3.470889e-06	-7.513204e-04	2.007423e-05	8.859182e-05
4.968390e+03	-6.226186e-04	1.255862e-03	-8.731803e-06	5.586266e-04	1.166778e-05	6.587191e-05
4.980780e+03	-1.330000e-03	1.886989e-04	-1.803762e-05	1.292343e-03	9.177549e-06	4.549312e-05
4.993170e+03	-9.116433e-04	-9.969140e-04	-1.016636e-05	9.135887e-04	-7.106124e-06	4.655972e-06
5.005560e+03	3.082109e-04	-1.254917e-03	-3.985775e-06	-2.987453e-04	-1.851181e-05	-1.119393e-05
5.017950e+03	1.242215e-03	-4.491993e-04	5.877880e-06	-1.191485e-03	-1.467460e-05	-4.631912e-05
5.030340e+03	1.098178e-03	7.883069e-04	1.863903e-05	-1.031490e-03	-8.719395e-06	-6.125440e-05
5.042730e+03	-1.766054e-05	1.268587e-03	9.570765e-06	8.248393e-05	1.241757e-05	-6.434472e-05
5.055120e+03	-1.099262e-03	7.174936e-04	-5.592357e-06	1.138619e-03	4.409685e-06	-4.014720e-05
5.067510e+03	-1.259337e-03	-4.946803e-04	-5.010263e-06	1.293751e-03	7.740593e-06	-3.193857e-05
5.079900e+03	-3.397492e-04	-1.343700e-03	-9.624532e-06	3.311193e-04	-1.575990e-06	5.845440e-06
5.092290e+03	9.430467e-04	-1.093854e-03	-5.048280e-06	-9.578904e-04	-5.032427e-06	2.100116e-05
5.104680e+03	1.371283e-03	1.484617e-04	3.075340e-06	-1.407227e-03	-2.890555e-06	4.077878e-05
5.117070e+03	7.172996e-04	1.267499e-03	-1.436726e-06	-7.840651e-04	-7.181300e-06	6.019232e-05
5.129460e+03	-6.197434e-04	1.378600e-03	3.813675e-06	5.542759e-04	-5.737936e-07	6.492766e-05
5.141850e+03	-1.518313e-03	3.402506e-04	8.930354e-06	1.463576e-03	-1.681159e-06	5.532883e-05
5.154240e+03	-1.216294e-03	-1.011666e-03	1.296663e-05	1.177246e-03	1.254518e-05	4.095112e-05
5.166630e+03	1.082626e-04	-1.569057e-03	-1.018130e-05	-1.199581e-04	-8.542803e-06	1.116906e-05
5.179020e+03	1.431230e-03	-8.734260e-04	-4.015758e-06	-1.422661e-03	5.503736e-06	-1.007788e-05
5.191410e+03	1.587004e-03	5.853039e-04	-2.668132e-06	-1.553700e-03	-1.272470e-05	-3.758322e-05
5.203800e+03	5.331516e-04	1.692784e-03	5.638754e-06	-4.801776e-04	-1.206882e-06	-5.465130e-05
5.216190e+03	-1.003561e-03	1.478738e-03	5.214821e-06	1.062068e-03	-6.006869e-06	-5.100061e-05
5.228580e+03	-1.781759e-03	6.978868e-05	-4.611712e-07	1.830871e-03	2.713374e-06	-4.055858e-05
5.240970e+03	-1.196299e-03	-1.411444e-03	-1.120012e-05	1.226462e-03	-1.436485e-05	-2.744784e-05
5.253360e+03	3.990327e-04	-1.831884e-03	5.438370e-06	-3.968411e-04	7.586894e-06	-2.122622e-06
5.265750e+03	1.740765e-03	-8.418552e-04	-9.273503e-06	-1.734850e-03	-1.317713e-05	3.638908e-06
5.278140e+03	1.731709e-03	8.730068e-04	-5.979450e-06	-1.775076e-03	-1.021056e-05	4.674969e-05
5.290530e+03	4.167907e-04	1.951295e-03	2.475374e-06	-4.710908e-04	-1.611992e-05	5.513223e-05
5.302920e+03	-1.282082e-03	1.558385e-03	7.127119e-06	1.245721e-03	8.622471e-07	4.408306e-05
5.315310e+03	-2.000190e-03	-2.132579e-05	1.842592e-05	1.941705e-03	6.565877e-06	5.226339e-05
5.327700e+03	-1.249362e-03	-1.558231e-03	1.354201e-05	1.215670e-03	5.476147e-06	3.517854e-05
5.340090e+03	4.505026e-04	-1.950085e-03	-1.205411e-05	-4.584600e-04	1.176397e-05	6.534699e-06
5.352480e+03	1.829236e-03	-8.429341e-04	-5.905807e-06	-1.828517e-03	1.199737e-05	-2.671493e-06
5.364870e+03	1.830566e-03	9.129382e-04	-2.123621e-05	-1.814944e-03	-1.076568e-05	-1.684218e-05
5.377260e+03	4.027653e-04	1.991113e-03	-1.199697e-05	-3.796806e-04	-1.750964e-05	-2.299668e-05
5.389650e+03	-1.296589e-03	1.567554e-03	1.340865e-05	1.328543e-03	-1.301141e-05	-3.210281e-05
5.402040e+03	-1.956305e-03	-3.890742e-05	1.742731e-05	1.986305e-03	-5.768594e-06	-3.019021e-05
5.414430e+03	-1.187943e-03	-1.633203e-03	2.299380e-05	1.216919e-03	2.129448e-06	-2.897758e-05
5.426820e+03	5.163672e-04	-1.910848e-03	1.551694e-05	-5.084560e-04	2.564285e-05	-7.568836e-06
5.439210e+03	1.853336e-03	-7.689645e-04	-1.867316e-05	-1.843184e-03	2.934209e-05	-9.851709e-06
5.451600e+03	1.737733e-03	9.578740e-04	-1.339636e-05	-1.755474e-03	2.537255e-06	1.674440e-05
5.463990e+03	3.312082e-04	1.926830e-03	-2.208641e-05	-3.599566e-04	-1.017802e-05	2.840338e-05
5.476380e+03	-1.281584e-03	1.503118e-03	-8.656290e-06	1.252810e-03	-2.387753e-05	2.936962e-05
5.488770e+03	-1.948217e-03	-5.170329e-05	1.832104e-05	1.906336e-03	-1.644329e-05	4.486388e-05
5.501160e+03	-1.212441e-03	-1.548895e-03	2.525439e-05	1.164394e-03	-2.731749e-06	4.698827e-05
5.513550e+03	4.472476e-04	-1.829299e-03	1.744080e-05	-4.731119e-04	1.566645e-05	2.619833e-05
5.525940e+03	1.707874e-03	-7.961054e-04	3.044243e-06	-1.720671e-03	2.386867e-05	1.775354e-05
5.538330e+03	1.675873e-03	7.968118e-04	-1.128714e-05	-1.669668e-03	8.738152e-06	-6.068352e-06
5.550720e+03	4.359594e-04	1.796988e-03	-1.873513e-05	-4.291725e-04	3.554877e-06	-8.301517e-06
5.563110e+03	-1.277188e-03	1.265850e-03	-4.178867e-05	1.320342e-03	-1.529488e-05	-3.849812e-05
5.575500e+03	-1.725943e-03	7.251147e-05	4.148181e-06	1.763745e-03	-1.014423e-05	-3.397277e-05
5.587890e+03	-1.157372e-03	-1.312738e-03	1.231186e-05	1.186172e-03	-1.420030e-05	-3.254017e-05
5.600280e+03	2.955340e-04	-1.649239e-03	1.560748e-05	-2.738064e-04	-3.305980e-06	-2.203964e-05
5.612670e+03	1.444461e-03	-8.133667e-04	6.486156e-06	-1.432515e-03	6.315327e-06	-1.208341e-05
5.625060e+03	1.505753e-03	6.067044e-04	7.016492e-06	-1.521418e-03	1.610478e-05	1.575396e-05
5.637450e+03	4.429939e-04	1.517537e-03	-6.529293e-06	-4.633601e-04	1.368997e-05	2.065205e-05
5.649840e+03	-9.018899e-04	1.319856e-03	-9.306496e-06	8.784859e-04	1.388842e-06	2.437308e-05
5.662230e+03	-1.554796e-03	1.800428e-04	-5.610877e-06	1.514389e-03	-1.179589e-05	3.984940e-05
5.674620e+03	-1.141776e-03	-1.069904e-03	6.050135e-06	1.097124e-03	-5.412138e-06	4.066571e-05
5.687010e+03	8.159701e-05	-1.478039e-03	6.157543e-06	-1.056924e-04	3.743599e-06	2.376947e-05
5.699400e+03	1.156597e-03	-8.625313e-04	1.040968e-05	-1.176642e-03	1.385734e-06	2.215314e-05
5.711790e+03	1.355103e-03	3.207238e-04	3.136669e-06	-1.375160e-03	1.438436e-05	1.966275e-05
5.724180e+03	6.155057e-04	1.236362e-03	-2.169471e-06	-6.287680e-04	7.231495e-06	1.349555e-05
5.736570e+03	-5.436799e-04	1.234796e-03	-6.967610e-06	5.465216e-04	-2.103000e-07	-3.214461e-06
5.748960e+03	-1.235250e-03	3.629212e-04	-1.096741e-05	1.256336e-03	5.335841e-06	-2.867253e-05
5.761350e+03	-1.049372e-03	-6.949296e-04	-4.342905e-06	1.079616e-03	-1.278830e-05	-3.419051e-05
5.773740e+03	-1.276528e-04	-1.177499e-03	-1.576196e-06	1.627322e-04	-1.477633e-05	-3.457876e-05
5.786130e+03	7.860832e-04	-8.637293e-04	9.029240e-06	-7.708432e-04	-1.230280e-05	-1.550890e-05
5.798520e+03	1.097832e-03	3.694382e-05	1.925378e-05	-1.094226e-03	7.129377e-06	-7.045342e-07
5.810910e+03	6.327115e-04	8.598314e-04	1.158294e-05	-6.514052e-04	1.507117e-05	1.986867e-05
5.823300e+03	-2.353142e-04	9.846167e-04	-1.844149e-06	1.932042e-04	1.794071e-05	4.239737e-05
5.835690e+03	-9.017694e-04	4.522599e-04	-2.047092e-05	8.604205e-04	-2.081203e-06	4.173527e-05
5.848080e+03	-8.920841e-04	-3.423747e-04	-1.611215e-05	8.566473e-04	-1.091426e-05	3.476712e-05
5.860470e+03	-2.728778e-04	-8.492902e-04	4.404992e-06	2.442111e-04	-1.290319e-05	2.768096e-05
5.872860e+03	4.252054e-04	-7.086447e-04	8.295330e-06	-4.296908e-04	-1.379317e-05	5.375561e-06
5.885250e+03	8.062681e-04	-1.087586e-04	1.884975e-05	-7.908827e-04	4.875353e-06	-1.403656e-05
5.897640e+03	5.774867e-04	5.385709e-04	7.700528e-06	-5.691667e-04	2.081312e-05	-7.837516e-06
5.910030e+03	-5.749035e-05	7.219963e-04	2.274516e-06	7.434942e-05	2.034112e-05	-1.630581e-05
5.922420e+03	-5.707062e-04	4.169061e-04	-3.744949e-06	5.816486e-04	1.402277e-05	-9.991635e-06
5.934810e+03	-6.664870e-04	-1.596469e-04	-9.341220e-06	6.807146e-04	6.996456e-06	-1.568250e-05
5.947200e+03	-2.778504e-04	-5.667466e-04	-2.107263e-05	2.828953e-04	-6.768547e-06	-3.698859e-06
5.959590e+03	2.312479e-04	-5.475374e-04	-8.314160e-06	-2.252567e-04	-1.348282e-05	-5.690135e-06
5.971980e+03	5.565141e-04	-1.698895e-04	2.192555e-05	-5.595666e-04	-1.635238e-05	2.244579e-06
5.984370e+03	4.519895e-04	3.117075e-04	2.420889e-05	-4.528258e-04	-2.679579e-06	1.499414e-06
5.996760e+03	5.651266e-05	5.480092e-04	2.951752e-05	-6.622671e-05	1.941757e-05	1.135792e-05
6.009150e+03	-3.987762e-04	3.843819e-04	3.621440e-06	3.670272e-04	1.473510e-05	3.223044e-05
6.021540e+03	-5.420371e-04	-3.687616e-05	-1.283033e-05	5.091044e-04	1.059799e-05	3.256252e-05
6.033930e+03	-3.070164e-04	-4.134243e-04	-9.209187e-06	2.800686e-04	6.727223e-06	2.731932e-05
6.046320e+03	9.571042e-05	-4.476557e-04	-1.457193e-05	-1.094665e-04	-2.128215e-05	1.363451e-05
6.058710e+03	4.187032e-04	-2.406893e-04	3.032343e-06	-4.316544e-04	-1.100213e-05	1.242651e-05
6.071100e+03	4.184066e-04	1.722630e-04	1.383737e-05	-4.179064e-04	-1.008518e-05	-1.479140e-06
6.083490e+03	1.421341e-04	4.177771e-04	2.093671e-05	-1.308280e-04	7.595642e-07	-1.122587e-05
6.095880e+03	-2.279031e-04	3.617058e-04	1.290972e-05	2.400378e-04	2.733046e-05	-1.185164e-05
6.108270e+03	-3.826736e-04	6.684754e-05	-4.895519e-06	3.853313e-04	6.881052e-06	-2.771224e-06
6.120660e+03	-2.927123e-04	-2.555516e-04	-1.283221e-05	3.029585e-04	1.154978e-05	-9.406656e-06
6.133050e+03	-8.354661e-06	-3.620388e-04	-1.214063e-05	8.488692e-06	-1.868356e-06	-1.625766e-06
6.145440e+03	2.560582e-04	-2.393384e-04	-7.775997e-06	-2.504337e-04	-1.645695e-05	-5.872435e-06
6.157830e+03	3.359099e-04	5.080629e-05	5.717788e-06	-3.481308e-04	-2.236819e-05	1.285783e-05
6.170220e+03	1.573849e-04	2.670012e-04	1.735211e-05	-1.582852e-04	5.095215e-06	3.419108e-06
6.182610e+03	-8.219073e-05	3.057903e-04	1.376570e-05	6.573699e-05	1.435446e-05	1.512041e-05
6.195000e+03	-2.986601e-04	1.441792e-04	2.232433e-06	2.789261e-04	1.385145e-05	1.899634e-05
6.207390e+03	-2.791043e-04	-1.057140e-04	-4.033319e-06	2.576099e-04	1.946850e-05	2.449969e-05
6.219780e+03	-9.160103e-05	-2.509075e-04	-1.081469e-05	7.182654e-05	3.712886e-06	2.024327e-05
6.232170e+03	1.262387e-04	-2.192367e-04	-2.397628e-05	-1.285391e-04	-7.254144e-06	2.973712e-06
6.244560e+03	1.973789e-04	-1.747332e-05	-8.598132e-06	-2.195401e-04	-2.942001e-05	1.917876e-05
6.256950e+03	1.664173e-04	1.372370e-04	1.213743e-05	-1.724398e-04	-8.101728e-06	5.092476e-06
6.269340e+03	-7.468268e-06	2.087448e-04	1.698433e-05	7.536284e-06	-6.065959e-07	-1.210048e-06
6.281730e+03	-1.704798e-04	1.248617e-04	1.828483e-05	1.872397e-04	5.605282e-06	-2.172064e-05
6.294120e+03	-1.971980e-04	-6.399663e-05	7.702650e-06	2.058446e-04	2.320215e-05	-7.825273e-06
6.306510e+03	-1.128790e-04	-1.709584e-04	-3.236273e-07	1.112490e-04	1.468276e-05	1.338575e-06
6.318900e+03	8.743650e-05	-1.937346e-04	-5.701298e-06	-1.006392e-04	1.005094e-05	1.569552e-05
6.331290e+03	1.856690e-04	-6.455182e-05	-1.565127e-05	-1.844773e-04	8.380242e-07	-2.657328e-06
6.343680e+03	1.781938e-04	1.120333e-04	-7.937034e-06	-1.719864e-04	-1.096620e-05	-2.220586e-07
6.356070e+03	2.098058e-05	2.156930e-04	6.778785e-06	-2.932907e-05	-5.997570e-06	8.882975e-06
6.368460e+03	-1.502497e-04	1.321835e-04	1.871041e-07	1.442902e-04	-9.558923e-06	9.260316e-06
6.380850e+03	-2.057040e-04	2.417303e-05	1.658890e-05	1.820033e-04	8.883519e-06	2.389839e-05
6.393240e+03	-1.287533e-04	-1.576755e-04	5.493922e-07	1.149244e-04	7.362667e-06	1.530659e-05
6.405630e+03	3.200993e-05	-1.956762e-04	-5.519649e-06	-3.813637e-05	7.006135e-06	7.825692e-06
6.418020e+03	1.567609e-04	-1.118413e-04	-1.049469e-05	-1.663074e-04	2.166028e-06	1.104006e-05
6.430410e+03	1.749245e-04	5.324414e-05	-9.840046e-06	-1.866645e-04	-2.560420e-06	8.464251e-06
6.442800e+03	6.409568e-05	1.686101e-04	-1.034078e-05	-5.899762e-05	-1.493624e-05	-5.792461e-06
6.455190e+03	-3.802729e-05	1.713886e-04	1.141458e-05	4.975549e-05	-1.914520e-05	-9.956656e-06
6.467580e+03	-1.774168e-04	3.568133e-05	8.870545e-06	1.777448e-04	-1.348515e-06	-1.663798e-07
6.479970e+03	-1.374817e-04	-8.083919e-05	1.100674e-05	1.383777e-04	4.082505e-06	-1.267583e-06
6.492360e+03	-3.379275e-05	-1.285877e-04	7.490476e-06	2.241946e-05	6.305926e-06	1.125562e-05
6.504750e+03	1.020667e-04	-1.206228e-04	2.880295e-06	-1.078138e-04	1.470735e-06	5.516232e-06
6.517140e+03	1.639693e-04	1.256702e-05	-7.052618e-06	-1.627372e-04	-7.994823e-07	-1.322655e-06
6.529530e+03	8.829226e-05	1.071791e-04	-7.527286e-06	-9.406439e-05	7.002180e-06	6.119142e-06
6.541920e+03	-3.048129e-05	1.128272e-04	1.012359e-06	1.960516e-05	2.460878e-06	1.145146e-05
6.554310e+03	-1.469236e-04	6.666729e-05	7.925895e-06	1.469296e-04	-6.262950e-06	-5.671307e-07
6.566700e+03	-1.200023e-04	-2.665934e-05	-4.977627e-06	1.218699e-04	4.395911e-06	-1.216973e-06
6.579090e+03	-9.236082e-05	-1.068577e-04	-5.359755e-06	8.218219e-05	-2.859986e-06	1.019960e-05
6.591480e+03	3.757321e-05	-1.098229e-04	-1.980220e-06	-4.665333e-05	-1.731366e-05	8.680954e-06
6.603870e+03	1.271475e-04	-7.168511e-05	1.198243e-05	-1.389585e-04	-5.399484e-06	1.195722e-05
6.616260e+03	1.085768e-04	4.062516e-05	1.152900e-05	-1.262689e-04	-2.131084e-06	1.843949e-05
6.628650e+03	4.680123e-05	1.259891e-04	1.638817e-07	-6.426809e-05	8.501356e-06	1.764831e-05
6.641040e+03	-4.149671e-05	1.309183e-04	1.182066e-06	3.930572e-05	1.717266e-06	1.997298e-06
6.653430e+03	-1.144657e-04	7.229673e-05	9.285240e-06	1.122608e-04	2.031120e-06	3.272419e-06
6.665820e+03	-1.308739e-04	-2.071746e-05	-3.005604e-06	1.242157e-04	-6.166690e-06	7.960455e-06
6.678210e+03	-9.734708e-05	-8.715845e-05	3.693024e-06	9.435534e-05	-3.574253e-06	2.857142e-06
6.690600e+03	-6.735167e-06	-1.016968e-04	8.711266e-06	3.060095e-05	1.889709e-06	-1.916614e-05
6.702990e+03	3.563128e-05	-9.244345e-05	1.125306e-05	-3.584754e-05	8.662331e-06	-2.708676e-06
6.715380e+03	5.715050e-05	-3.385402e-05	2.006108e-06	-5.162226e-05	9.134331e-06	-5.137545e-06
6.727770e+03	7.884043e-05	-7.206045e-06	-3.320273e-06	-8.140321e-05	6.832914e-06	2.370908e-06
6.740160e+03	6.314462e-05	5.347416e-05	-6.873507e-06	-6.940958e-05	2.846323e-06	4.903780e-06
6.752550e+03	-4.990846e-06	7.819681e-05	-5.955742e-06	-1.002411e-05	3.661775e-06	1.649760e-05
6.764940e+03	-4.877424e-05	6.973561e-05	-4.789428e-06	2.567078e-05	-9.961860e-06	2.231861e-05
6.777330e+03	-1.036608e-04	2.340500e-05	2.893239e-06	8.595189e-05	2.995974e-06	1.747189e-05
