1.338120e+03	-6.200168e-02	1.181643e-01	-1.422836e-04	6.085919e-02	8.253085e-05	-2.717279e-04
1.350510e+03	-9.212966e-02	9.666293e-02	-5.385336e-05	9.216027e-02	-4.860441e-06	1.928286e-04
1.362900e+03	-1.159993e-01	6.741222e-02	6.104609e-05	1.152081e-01	-4.702134e-05	4.090637e-04
1.375290e+03	-1.299889e-01	3.235353e-02	-1.459887e-05	1.299886e-01	-2.700025e-05	5.548262e-04
1.387680e+03	-1.336524e-01	-5.848641e-03	6.021659e-05	1.336524e-01	-3.228419e-05	6.312350e-04
1.400070e+03	-1.264672e-01	-4.356234e-02	-2.667689e-06	1.265101e-01	-1.436074e-05	5.829130e-04
1.412460e+03	-1.100763e-01	-7.721649e-02	3.734129e-05	1.090346e-01	8.977183e-06	6.555451e-04
1.424850e+03	-8.295921e-02	-1.043730e-01	1.092908e-05	8.243148e-02	1.979606e-05	5.512090e-04
1.437240e+03	-5.018069e-02	-1.229429e-01	-5.172609e-05	4.977764e-02	3.110450e-07	4.198515e-04
1.449630e+03	-1.379559e-02	-1.317949e-01	-9.695465e-08	1.326447e-02	-4.630614e-06	5.372348e-04
1.462020e+03	2.387541e-02	-1.309734e-01	-2.430700e-05	-2.469819e-02	-3.378214e-05	7.582320e-04
1.474410e+03	6.009443e-02	-1.197277e-01	-2.746774e-05	-6.099583e-02	-6.522289e-05	8.888670e-04
1.486800e+03	9.164173e-02	-9.750289e-02	3.835269e-05	-9.264767e-02	-3.788676e-05	8.502984e-04
1.499190e+03	1.159894e-01	-6.681954e-02	4.463950e-05	-1.170863e-01	-6.383411e-05	7.513128e-04
1.511580e+03	1.311442e-01	-3.100583e-02	6.612814e-05	-1.311204e-01	-7.961939e-05	7.289224e-04
1.523970e+03	1.342871e-01	8.480230e-03	6.832893e-05	-1.346698e-01	2.045477e-05	7.966551e-04
1.536360e+03	1.266848e-01	4.745090e-02	1.022153e-04	-1.277070e-01	1.175140e-05	6.684932e-04
1.548750e+03	1.079669e-01	8.275101e-02	4.367969e-05	-1.080055e-01	1.052336e-04	6.043402e-04
1.561140e+03	7.880770e-02	1.114904e-01	2.953165e-05	-7.942787e-02	8.408949e-05	5.991227e-04
1.573530e+03	4.299603e-02	1.304295e-01	-3.931516e-05	-4.369355e-02	1.523831e-04	6.621480e-04
1.585920e+03	2.188962e-03	1.370000e-01	-9.571683e-05	-2.679769e-03	1.441796e-04	5.021898e-04
1.598310e+03	-3.901649e-02	1.326935e-01	-6.579752e-05	3.860820e-02	4.248453e-05	4.234313e-04
1.610700e+03	-7.763003e-02	1.152517e-01	-1.058305e-04	7.714778e-02	7.753208e-05	4.621512e-04
1.623090e+03	-1.095224e-01	8.704344e-02	-6.410639e-05	1.094098e-01	-1.371616e-05	3.555259e-04
1.635480e+03	-1.322214e-01	4.942839e-02	-7.398061e-05	1.322219e-01	-2.258903e-05	4.065172e-04
1.647870e+03	-1.414847e-01	5.729124e-03	-7.702560e-05	1.414847e-01	-5.886084e-05	3.716853e-04
1.660260e+03	-1.380784e-01	-3.982063e-02	-2.631006e-05	1.374480e-01	-6.408543e-05	3.112603e-04
1.672650e+03	-1.188622e-01	-8.182387e-02	-1.934376e-05	1.178891e-01	-5.397862e-05	1.777994e-04
1.685040e+03	-8.610646e-02	-1.156341e-01	-3.547385e-05	8.622741e-02	-8.191654e-05	-8.041340e-05
1.697430e+03	-4.429767e-02	-1.383853e-01	8.327340e-06	4.448743e-02	-6.468149e-05	-2.148139e-04
1.709820e+03	3.428726e-03	-1.458636e-01	-5.118986e-05	-3.285928e-03	-1.291534e-04	-1.507094e-04
1.722210e+03	5.170365e-02	-1.380212e-01	3.005504e-05	-5.165131e-02	-1.090982e-04	-1.214133e-04
1.734600e+03	9.606152e-02	-1.140923e-01	5.473451e-05	-9.586557e-02	-1.454045e-04	-1.181669e-04
1.746990e+03	1.294592e-01	-7.506708e-02	1.349847e-04	-1.294693e-01	-7.015713e-05	-1.651739e-04
1.759380e+03	1.494559e-01	-2.649573e-02	1.536152e-04	-1.494559e-01	-2.054648e-05	-1.560020e-04
1.771770e+03	1.501416e-01	2.764471e-02	1.726657e-04	-1.501416e-01	1.238247e-04	-8.859547e-05
1.784160e+03	1.316266e-01	7.900554e-02	1.366197e-04	-1.316458e-01	1.400958e-04	-1.799006e-04
1.796550e+03	9.546558e-02	1.205249e-01	8.864998e-05	-9.505161e-02	1.509727e-04	-4.305743e-04
1.808940e+03	4.630081e-02	1.482050e-01	-2.776143e-05	-4.595048e-02	1.910238e-04	-3.664508e-04
1.821330e+03	-1.037505e-02	1.559830e-01	-1.071710e-04	1.067625e-02	1.949877e-04	-3.207466e-04
1.833720e+03	-6.690711e-02	1.419473e-01	-1.384241e-04	6.725819e-02	8.785116e-05	-2.853525e-04
1.846110e+03	-1.162312e-01	1.076290e-01	-1.738527e-04	1.162609e-01	4.958960e-05	-2.604053e-04
1.858500e+03	-1.490234e-01	5.705067e-02	-1.681784e-04	1.490234e-01	-5.400561e-05	-6.352834e-05
1.870890e+03	-1.598205e-01	-4.582785e-03	-1.512313e-04	1.598205e-01	-8.696021e-05	-3.028187e-05
1.883280e+03	-1.478566e-01	-6.626526e-02	-4.505065e-05	1.478566e-01	-8.720810e-05	6.758407e-05
1.895670e+03	-1.110214e-01	-1.196337e-01	-6.986667e-05	1.109077e-01	-1.540265e-04	1.011178e-04
1.908060e+03	-5.540027e-02	-1.546768e-01	-7.771971e-06	5.519224e-02	-1.617112e-04	1.914006e-04
1.920450e+03	1.052570e-02	-1.645562e-01	4.789766e-05	-1.092690e-02	-1.877116e-04	3.912750e-04
1.932840e+03	7.676154e-02	-1.478945e-01	1.150241e-04	-7.727344e-02	-1.703925e-04	4.342108e-04
1.945230e+03	1.321631e-01	-1.045680e-01	1.641326e-04	-1.321867e-01	-1.801054e-04	5.468560e-04
1.957620e+03	1.647067e-01	-4.000711e-02	2.778387e-04	-1.651989e-01	1.277999e-05	6.100592e-04
1.970010e+03	1.670509e-01	3.413554e-02	2.444549e-04	-1.678122e-01	1.555545e-04	9.446630e-04
1.982400e+03	1.379947e-01	1.042036e-01	1.426845e-04	-1.389901e-01	2.973847e-04	1.049937e-03
1.994790e+03	7.815430e-02	1.557495e-01	-6.707724e-06	-7.933815e-02	3.402240e-04	1.152191e-03
2.007180e+03	1.199711e-04	1.759944e-01	-2.447729e-04	-1.534428e-03	3.522519e-04	1.405569e-03
2.019570e+03	-8.147666e-02	1.592100e-01	-2.876497e-04	7.969793e-02	1.074136e-04	1.808723e-03
2.031960e+03	-1.496802e-01	1.029372e-01	-2.964184e-04	1.466908e-01	-6.650516e-05	2.167869e-03
2.044350e+03	-1.800000e-01	1.847487e-02	-3.228393e-04	1.780000e-01	-2.459773e-04	2.230691e-03
2.056740e+03	-1.674728e-01	-7.752412e-02	-6.383652e-05	1.655108e-01	-3.250902e-04	2.344612e-03
2.069130e+03	-1.032182e-01	-1.533587e-01	1.703006e-04	1.002298e-01	-2.571713e-04	2.266805e-03
2.081520e+03	-3.985471e-03	-1.813161e-01	2.169612e-04	2.220985e-03	-1.902728e-04	1.845221e-03
2.093910e+03	9.987208e-02	-1.532106e-01	1.942787e-04	-1.012595e-01	-2.248456e-04	1.409699e-03
2.106300e+03	1.688915e-01	-6.011115e-02	3.327409e-04	-1.699845e-01	3.768802e-05	4.650823e-04
2.118690e+03	1.633038e-01	5.847170e-02	2.209409e-04	-1.633282e-01	4.026476e-04	-3.078604e-04
2.131080e+03	8.036206e-02	1.433062e-01	-1.303575e-04	-7.903011e-02	5.637584e-04	-1.337121e-03
2.143470e+03	-3.502646e-02	1.455815e-01	-4.071445e-04	3.782020e-02	2.325433e-04	-2.757686e-03
2.155860e+03	-1.121639e-01	6.882255e-02	-4.231016e-04	1.162019e-01	-2.089834e-04	-3.384690e-03
2.168250e+03	-1.054690e-01	-3.147411e-02	-1.190479e-05	1.102334e-01	-4.867717e-04	-4.058652e-03
2.180640e+03	-3.436826e-02	-8.069904e-02	2.457143e-04	3.874099e-02	-3.741071e-04	-4.318322e-03
2.193030e+03	3.047123e-02	-5.779417e-02	3.503841e-04	-2.691893e-02	-3.075404e-05	-3.690490e-03
2.205420e+03	4.210090e-02	-8.017499e-03	2.567019e-04	-3.822523e-02	2.251169e-04	-3.892812e-03
2.217810e+03	1.730425e-02	1.263005e-02	-1.362066e-04	-1.320489e-02	2.706195e-04	-4.067785e-03
2.230200e+03	4.736415e-03	3.349352e-03	-1.970428e-04	-5.271687e-04	-6.002420e-06	-4.184286e-03
2.242590e+03	1.318630e-02	4.108081e-04	-1.738637e-04	-8.523573e-03	-1.066190e-04	-4.664131e-03
2.254980e+03	1.475553e-02	1.560451e-02	-5.673627e-05	-9.511626e-03	-1.800093e-04	-5.219425e-03
2.267370e+03	-4.340348e-03	2.465825e-02	1.305992e-04	9.975100e-03	-1.137230e-04	-5.588887e-03
2.279760e+03	-2.682869e-02	1.206592e-02	1.460102e-04	3.183905e-02	-7.320102e-05	-4.861502e-03
2.292150e+03	-3.090283e-02	-1.696037e-02	1.624063e-04	3.322151e-02	1.563181e-04	-2.145516e-03
2.304540e+03	-1.070430e-02	-4.056201e-02	2.028723e-05	9.216630e-03	8.473408e-05	1.477774e-03
2.316930e+03	2.228911e-02	-3.933988e-02	-1.018995e-04	-2.724471e-02	1.395059e-04	4.968412e-03
2.329320e+03	4.721937e-02	-1.110566e-02	-1.794683e-04	-5.488306e-02	7.015105e-05	7.631426e-03
2.341710e+03	4.485430e-02	3.007553e-02	-1.451294e-04	-5.308110e-02	-2.029478e-05	8.218196e-03
2.354100e+03	1.228561e-02	6.071446e-02	-7.512231e-05	-1.933078e-02	-1.182606e-04	7.021464e-03
2.366490e+03	-3.598084e-02	5.937409e-02	-4.367608e-05	3.164838e-02	-9.276104e-05	4.358556e-03
2.378880e+03	-7.001481e-02	1.956879e-02	1.029626e-04	6.890884e-02	-1.544110e-04	1.211269e-03
2.391270e+03	-6.553163e-02	-3.860571e-02	1.707052e-04	6.689263e-02	-4.403524e-05	-1.319460e-03
2.403660e+03	-1.345161e-02	-7.737567e-02	1.608620e-04	1.657892e-02	4.975953e-05	-3.126446e-03
2.416050e+03	5.430289e-02	-6.146396e-02	9.477993e-05	-5.049189e-02	1.521168e-04	-3.855340e-03
2.428440e+03	8.088845e-02	4.981318e-03	-5.838995e-05	-7.725059e-02	1.656358e-04	-3.670446e-03
2.440830e+03	4.271896e-02	6.719180e-02	-1.625459e-04	-3.976651e-02	6.117793e-05	-2.976978e-03
2.453220e+03	-3.070639e-02	7.015517e-02	-1.703320e-04	3.307119e-02	-1.015423e-04	-2.375373e-03
2.465610e+03	-7.314105e-02	1.003781e-02	3.465397e-05	7.505047e-02	-2.083817e-04	-1.932104e-03
2.478000e+03	-4.702812e-02	-5.682638e-02	1.839120e-04	4.840182e-02	-1.205648e-04	-1.374663e-03
2.490390e+03	2.281652e-02	-7.112497e-02	2.521610e-04	-2.198283e-02	2.571051e-05	-8.435164e-04
2.502780e+03	7.334689e-02	-2.203209e-02	1.047933e-04	-7.262596e-02	3.338600e-04	-6.614837e-04
2.515170e+03	6.061847e-02	4.596837e-02	-1.202221e-04	-6.030886e-02	3.029049e-04	-3.866072e-04
2.527560e+03	-1.014102e-03	7.578152e-02	-2.460091e-04	8.898082e-04	-8.361056e-06	1.301652e-04
2.539950e+03	-5.867163e-02	4.727544e-02	-2.903423e-04	5.764293e-02	-1.648405e-04	1.058391e-03
2.552340e+03	-7.218303e-02	-1.561406e-02	-4.421754e-05	7.013924e-02	-3.059351e-04	2.029180e-03
2.564730e+03	-3.288583e-02	-6.450156e-02	2.437094e-04	2.979852e-02	-1.643011e-04	3.061456e-03
2.577120e+03	2.765038e-02	-6.138566e-02	2.959037e-04	-3.118260e-02	4.015010e-05	3.545551e-03
2.589510e+03	6.028409e-02	-1.295155e-02	1.341082e-04	-6.353272e-02	2.233440e-04	3.295928e-03
2.601900e+03	4.271111e-02	4.063737e-02	-1.354117e-04	-4.491235e-02	3.038989e-04	2.190225e-03
2.614290e+03	-9.029099e-03	5.369453e-02	-3.151376e-04	8.494118e-03	9.697940e-05	5.617996e-04
2.626680e+03	-4.632788e-02	1.911922e-02	-2.346314e-04	4.728528e-02	-1.683362e-04	-9.546431e-04
2.639070e+03	-3.537224e-02	-2.991005e-02	3.717096e-05	3.748172e-02	-2.433975e-04	-2.123285e-03
2.651460e+03	1.231004e-02	-4.256391e-02	1.997180e-04	-9.725320e-03	-1.307756e-04	-2.626947e-03
2.663850e+03	4.317591e-02	-6.830478e-03	2.157355e-04	-4.052955e-02	1.284711e-04	-2.693933e-03
2.676240e+03	2.436756e-02	3.646908e-02	2.072361e-05	-2.216263e-02	1.740661e-04	-2.232750e-03
2.688630e+03	-2.332769e-02	3.712951e-02	-1.601348e-04	2.537090e-02	5.703998e-05	-2.001152e-03
2.701020e+03	-4.482011e-02	-6.227164e-03	-1.139097e-04	4.671005e-02	-8.814339e-05	-1.821655e-03
2.713410e+03	-1.566073e-02	-4.643006e-02	1.894432e-05	1.727347e-02	-1.378503e-04	-1.566430e-03
2.725800e+03	3.406414e-02	-3.963060e-02	1.570286e-04	-3.268596e-02	-1.192232e-04	-1.319540e-03
2.738190e+03	5.407887e-02	7.569464e-03	1.606198e-04	-5.327319e-02	2.883561e-05	-7.145179e-04
2.750580e+03	2.576690e-02	5.249725e-02	8.906932e-05	-2.598481e-02	1.308082e-04	1.810096e-04
2.762970e+03	-2.918800e-02	5.452091e-02	-1.128901e-04	2.788131e-02	1.357413e-04	1.326255e-03
2.775360e+03	-6.498284e-02	1.140266e-02	-1.404171e-04	6.268740e-02	5.499418e-05	2.279997e-03
2.787750e+03	-5.179272e-02	-4.416763e-02	-1.209857e-04	4.899071e-02	-1.043319e-04	2.801114e-03
2.800140e+03	7.719036e-04	-6.894959e-02	4.401983e-05	-3.608363e-03	-1.134324e-04	2.844913e-03
2.812530e+03	5.458446e-02	-4.279193e-02	8.425871e-05	-5.662146e-02	-3.716448e-05	2.042747e-03
2.824920e+03	6.863346e-02	1.695621e-02	1.066903e-04	-6.970709e-02	1.200907e-05	1.007863e-03
2.837310e+03	2.865659e-02	6.445157e-02	-3.347856e-06	-2.859190e-02	1.220185e-04	-5.384210e-05
2.849700e+03	-3.369706e-02	6.116801e-02	-3.933977e-05	3.454433e-02	3.521422e-05	-8.612592e-04
2.862090e+03	-6.651736e-02	6.894359e-03	-1.896743e-05	6.771860e-02	-6.053753e-05	-1.243354e-03
2.874480e+03	-4.155849e-02	-5.073832e-02	3.553476e-05	4.275971e-02	-5.819983e-05	-1.180078e-03
2.886870e+03	1.952032e-02	-6.125780e-02	4.335977e-05	-1.848348e-02	-2.852798e-06	-1.081482e-03
2.899260e+03	6.044565e-02	-1.524118e-02	1.265027e-05	-5.953771e-02	4.052636e-05	-9.455738e-04
2.911650e+03	4.335374e-02	4.162302e-02	-4.846140e-05	-4.247227e-02	4.674976e-05	-8.815934e-04
2.924040e+03	-1.266212e-02	5.634024e-02	-4.638548e-05	1.355668e-02	-6.337046e-05	-9.665020e-04
2.936430e+03	-5.327684e-02	1.867079e-02	1.922976e-05	5.428927e-02	-6.043619e-05	-1.064771e-03
2.948820e+03	-4.365571e-02	-3.496592e-02	1.151795e-04	4.472613e-02	-4.169775e-05	-1.024130e-03
2.961210e+03	5.540311e-03	-5.382445e-02	1.167714e-04	-4.850423e-03	5.989333e-05	-6.715175e-04
2.973600e+03	4.769462e-02	-2.576020e-02	-2.466122e-06	-4.753499e-02	1.231225e-04	-1.387043e-04
2.985990e+03	4.663595e-02	2.405718e-02	-1.350726e-04	-4.726791e-02	1.025931e-04	5.964244e-04
2.998380e+03	6.631920e-03	4.980000e-02	-1.426471e-04	-7.902221e-03	-4.572124e-05	1.313180e-03
3.010770e+03	-3.729087e-02	3.426210e-02	-5.481426e-05	3.555016e-02	-1.675400e-04	1.726579e-03
3.023160e+03	-4.787783e-02	-1.005335e-02	6.101611e-05	4.601285e-02	-1.670008e-04	1.802748e-03
3.035550e+03	-1.866274e-02	-4.347541e-02	1.842835e-04	1.725653e-02	-3.796175e-05	1.425777e-03
3.047940e+03	2.426724e-02	-3.718675e-02	1.730433e-04	-2.501927e-02	1.566199e-04	7.162096e-04
3.060330e+03	4.226436e-02	2.018812e-03	2.845314e-05	-4.212746e-02	2.205454e-04	-8.359710e-05
3.072720e+03	2.161213e-02	3.450492e-02	-1.614211e-04	-2.089498e-02	1.631810e-04	-6.843881e-04
3.085110e+03	-1.774781e-02	3.464991e-02	-2.109870e-04	1.875243e-02	-2.143086e-05	-1.025887e-03
3.097500e+03	-3.656082e-02	9.810894e-04	-9.633642e-05	3.766106e-02	-2.195186e-04	-1.117771e-03
3.109890e+03	-1.800671e-02	-3.140409e-02	1.589817e-04	1.900261e-02	-2.005539e-04	-1.046764e-03
3.122280e+03	1.898398e-02	-3.082991e-02	1.882495e-04	-1.803743e-02	-6.049937e-05	-9.656232e-04
3.134670e+03	3.599897e-02	1.298652e-03	8.623359e-05	-3.509897e-02	1.150171e-04	-8.863455e-04
3.147060e+03	1.688138e-02	3.171889e-02	-4.133293e-05	-1.618372e-02	1.389303e-04	-7.675044e-04
3.159450e+03	-1.888798e-02	3.035129e-02	-1.377718e-04	1.961320e-02	4.291974e-05	-6.575488e-04
3.171840e+03	-3.599564e-02	-7.069771e-04	-1.106435e-04	3.639550e-02	-1.259739e-04	-4.017968e-04
3.184230e+03	-1.885501e-02	-3.152104e-02	2.640255e-05	1.889859e-02	-1.607488e-04	-7.165988e-05
3.196620e+03	1.616328e-02	-3.358988e-02	1.421805e-04	-1.652871e-02	-1.085622e-04	3.347006e-04
3.209010e+03	3.667689e-02	-4.815686e-03	1.579665e-04	-3.755234e-02	5.705876e-05	8.081191e-04
3.221400e+03	2.441797e-02	2.839848e-02	3.648066e-05	-2.560151e-02	1.351852e-04	1.107563e-03
3.233790e+03	-9.801970e-03	3.712177e-02	-1.080675e-04	8.592722e-03	9.417690e-05	1.208042e-03
3.246180e+03	-3.595231e-02	1.323568e-02	-1.736530e-04	3.492131e-02	-9.234852e-06	1.062480e-03
3.258570e+03	-3.121372e-02	-2.205335e-02	-4.502358e-05	3.054407e-02	-1.360154e-04	7.211192e-04
3.270960e+03	1.214286e-03	-3.701743e-02	4.506903e-05	-1.453560e-03	-1.433015e-04	2.404552e-04
3.283350e+03	3.182350e-02	-1.919392e-02	1.538883e-04	-3.161712e-02	-4.945084e-05	-2.966527e-04
3.295740e+03	3.337715e-02	1.648420e-02	9.885557e-05	-3.268587e-02	5.548291e-05	-6.835155e-04
3.308130e+03	3.629069e-03	3.596525e-02	-2.937678e-05	-2.758165e-03	1.002865e-04	-8.797972e-04
3.320520e+03	-2.822562e-02	2.114565e-02	-1.325715e-04	2.912562e-02	6.772690e-05	-9.004737e-04
3.332910e+03	-3.216238e-02	-1.356864e-02	-9.677088e-05	3.296348e-02	-7.646881e-05	-8.192378e-04
3.345300e+03	-4.707613e-03	-3.439991e-02	-1.248007e-05	5.407450e-03	-6.909286e-05	-7.016015e-04
3.357690e+03	2.690934e-02	-2.203179e-02	1.740530e-05	-2.641673e-02	-8.123746e-05	-5.176403e-04
3.370080e+03	3.253389e-02	1.115651e-02	7.964127e-05	-3.211061e-02	-1.778089e-05	-3.774152e-04
3.382470e+03	7.947845e-03	3.300094e-02	5.153868e-05	-7.662883e-03	-5.709937e-06	-2.158945e-04
3.394860e+03	-2.383968e-02	2.442080e-02	1.531001e-05	2.378487e-02	3.100175e-05	1.678670e-05
3.407250e+03	-3.293720e-02	-6.564214e-03	-1.085842e-05	3.266468e-02	1.705831e-05	2.476619e-04
3.419640e+03	-1.305734e-02	-3.087359e-02	-3.648407e-05	1.254599e-02	-2.298496e-05	5.196011e-04
3.432030e+03	1.816197e-02	-2.757643e-02	8.478291e-06	-1.889800e-02	-6.597654e-06	7.415321e-04
3.444420e+03	3.179365e-02	1.365398e-04	2.592679e-05	-3.261028e-02	-1.965941e-05	8.517314e-04
3.456810e+03	1.738363e-02	2.709919e-02	-6.055928e-06	-1.818749e-02	-9.277857e-06	7.716929e-04
3.469200e+03	-1.280572e-02	2.948835e-02	-1.156206e-05	1.223928e-02	-2.593354e-05	5.807101e-04
3.481590e+03	-3.040106e-02	5.239918e-03	1.258037e-06	3.027294e-02	1.065816e-05	1.851859e-04
3.493980e+03	-2.014574e-02	-2.264333e-02	1.978801e-05	2.042396e-02	-1.624487e-05	-2.128316e-04
3.506370e+03	8.345647e-03	-2.889653e-02	2.739405e-05	-7.868473e-03	4.804989e-06	-5.044234e-04
3.518760e+03	2.828712e-02	-7.409481e-03	-1.759075e-05	-2.750132e-02	9.141496e-05	-7.019760e-04
3.531150e+03	2.045194e-02	1.962695e-02	-2.398853e-05	-1.975990e-02	-3.280244e-05	-7.360660e-04
3.543540e+03	-6.294465e-03	2.646927e-02	-3.090916e-05	6.991163e-03	-6.567552e-05	-6.923320e-04
3.555930e+03	-2.553634e-02	7.706022e-03	1.904958e-05	2.612073e-02	-8.378892e-05	-5.640171e-04
3.568320e+03	-1.938154e-02	-1.828960e-02	7.252631e-05	1.976684e-02	1.294436e-05	-3.714116e-04
3.580710e+03	5.632852e-03	-2.597757e-02	6.955290e-05	-5.396133e-03	8.240730e-05	-2.445418e-04
3.593100e+03	2.474576e-02	-8.603262e-03	-2.083642e-06	-2.470881e-02	8.328894e-05	-8.206560e-05
3.605490e+03	2.007321e-02	1.641599e-02	-8.145925e-05	-2.016197e-02	6.632040e-05	1.049201e-04
3.617880e+03	-3.312553e-03	2.553149e-02	-1.104607e-04	3.063759e-03	-5.383156e-05	2.458328e-04
3.630270e+03	-2.352929e-02	1.096528e-02	-5.189113e-05	2.317463e-02	-1.321618e-04	4.014255e-04
3.642660e+03	-2.180000e-02	-1.340000e-02	1.010000e-04	2.120000e-02	-5.230000e-05	5.370000e-04
3.655050e+03	-5.428484e-04	-2.471407e-02	1.056837e-04	-1.351493e-05	-2.669761e-05	5.467942e-04
3.667440e+03	2.071104e-02	-1.354796e-02	9.340494e-05	-2.111290e-02	7.975784e-05	4.677829e-04
3.679830e+03	2.213458e-02	1.022786e-02	-6.605108e-05	-2.241603e-02	1.018326e-04	2.960951e-04
3.692220e+03	2.964976e-03	2.363277e-02	-1.157650e-04	-3.062902e-03	8.822833e-06	1.011845e-04
3.704610e+03	-1.845390e-02	1.484270e-02	-1.348013e-04	1.865088e-02	-4.710551e-05	-1.624241e-04
3.717000e+03	-2.191923e-02	-8.031253e-03	8.944867e-06	2.235236e-02	-1.105339e-04	-3.752276e-04
3.729390e+03	-4.016501e-03	-2.257258e-02	1.079054e-04	4.540624e-03	-1.049933e-04	-5.293738e-04
3.741780e+03	1.721142e-02	-1.489440e-02	9.264583e-05	-1.672236e-02	4.457668e-05	-5.331536e-04
3.754170e+03	2.144074e-02	6.970928e-03	1.037450e-05	-2.084041e-02	8.787188e-05	-5.310071e-04
3.766560e+03	4.949001e-03	2.143157e-02	-2.354373e-06	-4.513914e-03	1.005931e-04	-4.280597e-04
3.778950e+03	-1.583502e-02	1.484385e-02	-9.214928e-05	1.612988e-02	-9.293846e-06	-3.156431e-04
3.791340e+03	-2.069609e-02	-5.953918e-03	-8.265808e-05	2.089842e-02	-7.679598e-05	-1.400039e-04
3.803730e+03	-5.699187e-03	-2.065635e-02	8.706681e-06	5.760990e-03	-9.155535e-05	-5.905458e-05
3.816120e+03	1.440999e-02	-1.565413e-02	7.390698e-05	-1.455657e-02	-1.063782e-05	8.822638e-05
3.828510e+03	2.075019e-02	3.926632e-03	8.703518e-05	-2.094998e-02	4.451103e-05	1.778224e-04
3.840900e+03	7.418187e-03	1.970363e-02	-2.224808e-05	-7.736412e-03	5.461855e-05	3.036675e-04
3.853290e+03	-1.242373e-02	1.657081e-02	-3.237202e-05	1.202627e-02	1.733767e-05	3.244549e-04
3.865680e+03	-2.024851e-02	-1.488060e-03	-2.322319e-05	1.984851e-02	-3.088317e-05	3.882537e-04
3.878070e+03	-9.682707e-03	-1.773693e-02	1.006701e-05	9.282901e-03	-6.647123e-05	3.332236e-04
3.890460e+03	9.785737e-03	-1.708169e-02	4.820372e-05	-9.999555e-03	-2.914280e-05	1.801205e-04
3.902850e+03	1.916962e-02	-5.742600e-04	5.849880e-05	-1.926209e-02	4.011995e-06	3.200673e-05
3.915240e+03	1.024682e-02	1.582518e-02	5.750637e-06	-1.010601e-02	4.080875e-05	-1.403329e-04
3.927630e+03	-7.957629e-03	1.665826e-02	-3.497641e-05	8.277573e-03	3.261655e-05	-2.936934e-04
3.940020e+03	-1.777622e-02	1.473617e-03	-2.336638e-05	1.817409e-02	-9.115779e-06	-4.052377e-04
3.952410e+03	-9.932046e-03	-1.441483e-02	-7.260170e-06	1.033073e-02	-2.120767e-05	-4.095381e-04
3.964800e+03	7.292423e-03	-1.569667e-02	2.872719e-05	-6.898898e-03	-5.439226e-05	-3.846658e-04
3.977190e+03	1.692676e-02	-1.812486e-03	6.881554e-06	-1.653862e-02	5.837984e-06	-3.358967e-04
3.989580e+03	9.999783e-03	1.327440e-02	-4.933097e-06	-9.746285e-03	7.657013e-07	-2.319467e-04
4.001970e+03	-6.103193e-03	1.509454e-02	1.978622e-05	6.202417e-03	-1.802132e-05	-1.119837e-04
4.014360e+03	-1.583562e-02	2.371078e-03	1.599923e-05	1.583562e-02	2.430370e-06	-1.348963e-05
4.026750e+03	-1.018428e-02	-1.204089e-02	3.597922e-05	1.007733e-02	2.159092e-06	8.622975e-05
4.039140e+03	4.825219e-03	-1.454416e-02	-1.056554e-05	-4.977484e-03	7.094972e-06	1.450478e-04
4.051530e+03	1.450332e-02	-3.457250e-03	-2.273735e-05	-1.469895e-02	3.442365e-05	2.374571e-04
4.063920e+03	1.028750e-02	1.051930e-02	-1.271487e-05	-1.048734e-02	-3.286380e-05	2.429806e-04
4.076310e+03	-3.583493e-03	1.397158e-02	-1.816288e-05	3.334858e-03	-3.821135e-05	2.468531e-04
4.088700e+03	-1.353530e-02	4.319136e-03	-3.134118e-06	1.333530e-02	-2.967047e-05	2.124045e-04
4.101090e+03	-1.044213e-02	-9.064301e-03	9.883498e-05	1.035097e-02	2.190007e-05	1.088934e-04
4.113480e+03	2.255824e-03	-1.328886e-02	3.238463e-05	-2.221847e-03	3.030805e-05	-3.487169e-05
4.125870e+03	1.224363e-02	-4.680247e-03	-1.493271e-05	-1.203873e-02	6.864795e-05	-1.386653e-04
4.138260e+03	1.012256e-02	7.875655e-03	-2.552575e-05	-9.818865e-03	3.215568e-05	-2.711687e-04
4.150650e+03	-1.467940e-03	1.219206e-02	-1.249194e-05	1.815372e-03	-1.565919e-05	-3.428642e-04
4.163040e+03	-1.100047e-02	4.574264e-03	-2.736618e-05	1.130111e-02	-2.391356e-05	-3.064738e-04
4.175430e+03	-9.255331e-03	-7.064877e-03	5.365141e-05	9.549827e-03	-3.440374e-05	-3.088610e-04
4.187820e+03	1.391434e-03	-1.139649e-02	5.841512e-05	-1.161835e-03	2.632577e-05	-2.335404e-04
4.200210e+03	1.038917e-02	-4.601587e-03	-2.999920e-06	-1.017571e-02	5.461835e-05	-1.756305e-04
4.212600e+03	9.001215e-03	6.312544e-03	-4.264183e-05	-8.909068e-03	3.561074e-05	-7.028466e-05
4.224990e+03	-7.254200e-04	1.067164e-02	-3.793651e-05	6.989957e-04	-2.218192e-05	2.516214e-05
4.237380e+03	-9.451732e-03	4.745696e-03	-2.292734e-05	9.388389e-03	-3.441937e-05	7.489742e-05
4.249770e+03	-8.904997e-03	-5.294370e-03	2.586622e-05	8.719178e-03	-4.283936e-05	1.716242e-04
4.262160e+03	-2.029264e-04	-9.878538e-03	5.052172e-05	2.671596e-05	-2.624046e-05	1.768180e-04
4.274550e+03	8.157828e-03	-5.047675e-03	4.140133e-05	-8.291035e-03	4.848414e-05	1.459518e-04
4.286940e+03	8.387018e-03	4.132402e-03	1.775717e-05	-8.529530e-03	7.749801e-05	1.400504e-04
4.299330e+03	7.449827e-04	8.943817e-03	-4.076558e-05	-8.240553e-04	1.356788e-05	7.937918e-05
4.311720e+03	-6.997006e-03	5.143742e-03	-5.238366e-05	6.976042e-03	-4.045943e-05	3.248467e-05
4.324110e+03	-7.763096e-03	-3.226736e-03	2.444186e-05	7.813899e-03	-5.224518e-05	-5.081327e-05
4.336500e+03	-1.083294e-03	-8.002548e-03	4.618083e-05	1.246564e-03	-9.990376e-06	-1.623214e-04
4.348890e+03	6.077377e-03	-4.911461e-03	3.746880e-05	-5.873249e-03	2.888253e-05	-1.938155e-04
4.361280e+03	7.163559e-03	2.453031e-03	1.048348e-05	-6.922932e-03	4.584308e-05	-2.401608e-04
4.373670e+03	1.479411e-03	6.990572e-03	-4.955930e-05	-1.221501e-03	3.216654e-05	-2.553346e-04
4.386060e+03	-4.946693e-03	4.566587e-03	-5.340272e-05	5.167300e-03	-1.529301e-06	-2.221929e-04
4.398450e+03	-6.223208e-03	-1.917336e-03	-5.970874e-05	6.389652e-03	-4.575108e-05	-1.703447e-04
4.410840e+03	-1.382881e-03	-6.113566e-03	4.277488e-05	1.488565e-03	-2.182173e-05	-1.053812e-04
4.423230e+03	4.253323e-03	-4.212917e-03	2.730192e-05	-4.218428e-03	5.122258e-06	-4.663333e-05
4.435620e+03	5.636921e-03	1.434135e-03	1.573181e-05	-5.696514e-03	2.727368e-05	4.779613e-05
4.448010e+03	1.614933e-03	5.303797e-03	-1.879297e-05	-1.700362e-03	1.727192e-05	8.553729e-05
4.460400e+03	-3.511505e-03	3.906731e-03	-2.631892e-05	3.389837e-03	1.066648e-05	1.193607e-04
4.472790e+03	-5.007870e-03	-8.319600e-04	-2.748835e-06	4.877600e-03	-2.721274e-05	1.292657e-04
4.485180e+03	-1.888978e-03	-4.420338e-03	4.425710e-05	1.777849e-03	-5.267242e-05	1.075954e-04
4.497570e+03	2.464446e-03	-3.530332e-03	4.245808e-05	-2.542446e-03	-3.561241e-05	7.209735e-05
4.509960e+03	4.059220e-03	3.750539e-04	1.885851e-05	-4.079220e-03	1.357079e-05	1.915669e-05
4.522350e+03	1.639314e-03	3.485122e-03	2.248070e-05	-1.600643e-03	1.111370e-05	-3.474161e-05
4.534740e+03	-2.006437e-03	3.072101e-03	-1.314097e-05	2.108636e-03	4.607272e-05	-1.039703e-04
4.547130e+03	-3.290000e-03	-1.584326e-04	-2.874234e-06	3.442985e-03	9.374167e-06	-1.575984e-04
4.559520e+03	-1.407020e-03	-2.791535e-03	5.755493e-06	1.574301e-03	-1.954291e-05	-1.672863e-04
4.571910e+03	1.616677e-03	-2.511663e-03	-1.641775e-05	-1.449514e-03	1.366403e-06	-1.693988e-04
4.584300e+03	2.749977e-03	5.612725e-05	2.670305e-05	-2.599941e-03	-4.059003e-05	-1.450876e-04
4.596690e+03	1.350609e-03	2.228059e-03	-2.034693e-05	-1.165053e-03	-6.190977e-06	-1.812037e-04
4.609080e+03	-1.068698e-03	2.038382e-03	7.567588e-06	1.249219e-03	4.296623e-06	-1.827097e-04
4.621470e+03	-2.145810e-03	3.871049e-05	-2.323057e-05	2.265581e-03	-1.561183e-05	-1.208623e-04
4.633860e+03	-1.011445e-03	-1.655137e-03	-2.102416e-06	1.090147e-03	1.001311e-05	-7.461198e-05
4.646250e+03	7.927684e-04	-1.623810e-03	1.943690e-05	-7.877902e-04	4.744297e-06	-1.131581e-06
4.658640e+03	1.526476e-03	-1.108861e-04	-1.204949e-05	-1.625334e-03	1.330350e-05	9.156675e-05
4.671030e+03	6.913000e-04	1.201193e-03	7.978161e-06	-8.534923e-04	3.796925e-06	1.635638e-04
4.683420e+03	-5.976723e-04	1.231107e-03	-7.447739e-06	4.551348e-04	1.261354e-05	1.435644e-04
4.695810e+03	-1.232883e-03	1.638824e-04	-3.312764e-05	1.119372e-03	-3.480824e-05	1.140891e-04
4.708200e+03	-7.360182e-04	-7.372704e-04	-4.559096e-05	6.859540e-04	-4.166197e-05	4.885581e-05
4.720590e+03	2.833442e-04	-8.595403e-04	5.867210e-06	-2.801879e-04	-4.183492e-06	-3.837260e-06
4.732980e+03	7.154548e-04	-1.745650e-04	-1.148868e-06	-6.784562e-04	3.590668e-06	-3.803149e-05
4.745370e+03	4.805706e-04	4.585893e-04	1.031259e-05	-3.665859e-04	1.232867e-05	-1.143754e-04
4.757760e+03	-1.555337e-05	5.074428e-04	9.283107e-06	1.421948e-04	3.654086e-05	-1.271669e-04
4.770150e+03	-2.656063e-04	2.262660e-04	-2.999827e-05	4.066960e-04	1.628264e-05	-1.401181e-04
4.782540e+03	-1.890711e-04	-4.584258e-05	-5.471303e-06	3.343376e-04	1.278087e-05	-1.463286e-04
4.794930e+03	-7.293322e-05	-1.580321e-04	1.375922e-05	2.500695e-04	-8.930006e-06	-1.779788e-04
4.807320e+03	6.240551e-05	-2.131955e-04	2.072309e-05	1.010178e-04	-1.970374e-05	-1.619411e-04
4.819710e+03	1.809907e-04	-2.661074e-04	1.061034e-05	-5.932935e-05	1.004939e-05	-1.222414e-04
4.832100e+03	3.353501e-04	-1.184597e-04	1.766973e-05	-2.395520e-04	1.462664e-05	-9.456729e-05
4.844490e+03	3.788801e-04	1.394933e-04	-1.139259e-06	-2.978009e-04	-2.806080e-06	-8.110355e-05
4.856880e+03	1.031098e-04	5.456083e-04	-7.961959e-06	-9.912308e-05	-1.392763e-05	2.033608e-06
4.869270e+03	-4.973333e-04	4.118607e-04	7.811441e-06	4.655085e-04	-1.861388e-05	3.236522e-05
4.881660e+03	-7.636824e-04	-1.489953e-04	-5.205751e-07	7.159800e-04	-3.621182e-06	4.781583e-05
4.894050e+03	-2.738411e-04	-7.260648e-04	1.685849e-05	1.559594e-04	-1.380462e-05	1.171550e-04
4.906440e+03	4.509304e-04	-7.144761e-04	1.453349e-05	-5.437687e-04	2.429196e-06	9.169732e-05
4.918830e+03	8.731222e-04	4.370786e-05	-5.187276e-06	-9.245176e-04	9.073625e-06	5.111437e-05
4.931220e+03	4.863311e-04	8.357805e-04	-2.269088e-05	-5.093219e-04	-8.848233e-06	2.269774e-05
4.943610e+03	-4.576840e-04	9.504225e-04	-1.355195e-05	5.473346e-04	-8.580370e-06	-9.210723e-05
4.956000e+03	-1.095100e-03	1.176805e-04	1.128225e-05	1.203554e-03	5.135630e-07	-1.048087e-04
4.968390e+03	-6.484056e-04	-9.525905e-04	-3.733225e-06	8.003284e-04	2.171764e-05	-1.505688e-04
4.980780e+03	4.854146e-04	-1.084485e-03	-8.254245e-06	-3.012408e-04	1.775799e-05	-1.829318e-04
4.993170e+03	1.276948e-03	-1.596212e-04	5.444185e-06	-1.126415e-03	-3.437266e-05	-1.571005e-04
5.005560e+03	8.592793e-04	9.570474e-04	-2.381205e-05	-7.154944e-04	2.230458e-06	-1.453951e-04
5.017950e+03	-4.383457e-04	1.141423e-03	-2.184075e-05	5.513360e-04	-1.282460e-05	-1.053397e-04
5.030340e+03	-1.180000e-03	1.781211e-04	1.759993e-05	1.290000e-03	-1.480047e-05	-1.149729e-04
5.042730e+03	-8.334088e-04	-8.966487e-04	2.203838e-05	8.889202e-04	-8.548948e-06	-5.236852e-05
5.055120e+03	3.872762e-04	-1.186916e-03	2.914848e-05	-3.562471e-04	1.829209e-05	-3.187521e-05
5.067510e+03	1.198823e-03	-2.872061e-04	3.642946e-06	-1.179356e-03	2.990099e-05	-1.947436e-05
5.079900e+03	8.229556e-04	9.316092e-04	-8.242303e-06	-8.425141e-04	2.304472e-05	1.919445e-05
5.092290e+03	-3.586628e-04	1.205430e-03	-3.704143e-05	2.845073e-04	1.885332e-05	7.404389e-05
5.104680e+03	-1.246991e-03	3.185187e-04	-9.273295e-06	1.208000e-03	-2.109753e-06	3.482089e-05
5.117070e+03	-9.379739e-04	-8.637021e-04	-6.894012e-06	8.801857e-04	-3.525252e-05	5.820617e-05
5.129460e+03	2.473767e-04	-1.174827e-03	3.537897e-06	-2.873086e-04	-1.174332e-05	3.743912e-05
5.141850e+03	1.168476e-03	-3.288298e-04	-8.660215e-07	-1.136812e-03	1.185160e-05	-2.958389e-05
5.154240e+03	9.302820e-04	8.174871e-04	1.461052e-05	-8.650172e-04	-8.574109e-06	-6.745323e-05
5.166630e+03	-1.855620e-04	1.133537e-03	-1.345587e-05	3.004779e-04	1.984694e-05	-1.137983e-04
5.179020e+03	-1.024580e-03	3.337131e-04	-4.743102e-06	1.151365e-03	7.741198e-06	-1.222809e-04
5.191410e+03	-8.111810e-04	-7.244838e-04	-1.239216e-05	9.296369e-04	-1.672852e-05	-1.200006e-04
5.203800e+03	2.125888e-04	-1.074615e-03	6.318156e-06	-1.210681e-04	4.897167e-06	-9.140056e-05
5.216190e+03	1.017700e-03	-4.171283e-04	1.795843e-05	-9.122474e-04	-1.201426e-05	-1.049525e-04
5.228580e+03	8.333220e-04	7.173362e-04	2.724291e-05	-7.373164e-04	1.014767e-05	-9.645953e-05
5.240970e+03	-1.236095e-04	1.051009e-03	3.158204e-06	2.164769e-04	2.085349e-05	-9.217449e-05
5.253360e+03	-9.252621e-04	4.178782e-04	-1.630268e-05	1.024254e-03	-1.457022e-06	-9.754543e-05
5.265750e+03	-8.193919e-04	-5.633935e-04	-1.681296e-05	9.154438e-04	-5.914264e-06	-9.517608e-05
5.278140e+03	1.080017e-04	-9.869962e-04	-2.299377e-06	-5.198630e-05	-8.732504e-06	-5.609970e-05
5.290530e+03	8.493313e-04	-4.029037e-04	-2.935604e-06	-8.258710e-04	-1.226714e-05	-2.560159e-05
5.302920e+03	7.512307e-04	4.627555e-04	1.282653e-05	-7.547550e-04	-5.851705e-06	4.679541e-06
5.315310e+03	-4.126430e-05	8.946962e-04	3.181712e-08	-8.402516e-06	-2.929524e-05	5.020434e-05
5.327700e+03	-7.617901e-04	4.245502e-04	-1.653111e-05	7.090935e-04	3.575545e-05	5.241857e-05
5.340090e+03	-7.836936e-04	-3.967862e-04	-1.788454e-05	7.496170e-04	1.877468e-05	3.290679e-05
5.352480e+03	-5.603021e-05	-7.917847e-04	8.578707e-06	3.086099e-05	-1.573600e-05	2.548688e-05
5.364870e+03	6.480731e-04	-4.409340e-04	-2.874713e-05	-5.865345e-04	-1.205391e-05	-6.099872e-05
5.377260e+03	7.306347e-04	2.953249e-04	1.183291e-05	-6.659202e-04	-2.311747e-05	-6.023733e-05
5.389650e+03	1.674833e-04	7.571178e-04	9.198234e-06	-7.087343e-05	1.992948e-05	-9.388395e-05
5.402040e+03	-5.163209e-04	5.185204e-04	-1.388998e-05	6.277181e-04	1.250833e-05	-1.089664e-04
5.414430e+03	-6.484560e-04	-2.341852e-04	-5.563318e-06	7.317661e-04	-1.790152e-05	-8.737626e-05
5.426820e+03	-1.569902e-04	-6.827832e-04	-5.978147e-06	2.441548e-04	-2.366156e-05	-8.697457e-05
5.439210e+03	5.013067e-04	-5.057714e-04	2.411239e-05	-3.944401e-04	-2.563109e-05	-1.063189e-04
5.451600e+03	6.687525e-04	1.455023e-04	3.505499e-05	-5.847937e-04	-1.169815e-05	-8.395040e-05
5.463990e+03	2.139551e-04	5.947257e-04	2.469040e-05	-1.320813e-04	8.517450e-06	-8.169872e-05
5.476380e+03	-3.651701e-04	4.330286e-04	-6.194565e-06	4.503625e-04	4.688072e-05	-8.596255e-05
5.488770e+03	-5.656101e-04	-1.130479e-04	-2.573379e-05	6.281468e-04	-3.284305e-06	-6.237531e-05
5.501160e+03	-2.137481e-04	-5.820033e-04	-2.721455e-05	2.443762e-04	-4.194744e-06	-3.077621e-05
5.513550e+03	3.353156e-04	-4.860689e-04	-4.713760e-06	-3.278738e-04	-1.870110e-05	-6.540442e-06
5.525940e+03	5.400931e-04	5.819458e-05	8.096066e-06	-5.259978e-04	-1.095084e-05	-1.347336e-05
5.538330e+03	1.974821e-04	4.643203e-04	2.567855e-05	-2.098033e-04	-7.048791e-06	1.135525e-05
5.550720e+03	-3.134612e-04	4.237245e-04	1.411006e-05	3.218231e-04	1.649985e-05	-8.985216e-06
5.563110e+03	-4.819935e-04	-5.628068e-05	-1.514944e-05	4.677094e-04	2.163064e-05	1.400906e-05
5.575500e+03	-1.833257e-04	-4.679223e-04	-6.014532e-06	1.636606e-04	-1.358420e-05	1.636192e-05
5.587890e+03	2.628511e-04	-3.922094e-04	-1.794022e-05	-2.343723e-04	-5.289638e-06	-2.483978e-05
5.600280e+03	4.504626e-04	-2.398619e-05	5.051523e-06	-4.210802e-04	-2.156835e-05	-2.399437e-05
5.612670e+03	2.379878e-04	3.414064e-04	3.389067e-05	-1.766267e-04	-3.285332e-06	-6.166098e-05
5.625060e+03	-1.664682e-04	3.529667e-04	6.225636e-06	2.561890e-04	1.275860e-05	-8.978086e-05
5.637450e+03	-3.271906e-04	4.884541e-05	-1.046857e-05	4.256904e-04	1.432403e-05	-9.272948e-05
5.649840e+03	-1.510243e-04	-3.101590e-04	-1.081890e-05	2.833053e-04	-3.638243e-07	-1.320902e-04
5.662230e+03	2.122593e-04	-3.492767e-04	-1.129774e-05	-8.351029e-05	-8.698213e-06	-1.287997e-04
5.674620e+03	4.275603e-04	5.733418e-06	1.090153e-05	-3.195882e-04	-3.969876e-05	-1.079681e-04
5.687010e+03	2.026815e-04	3.031530e-04	2.241967e-05	-9.290659e-05	-3.273287e-05	-1.081540e-04
5.699400e+03	-1.293251e-04	3.482265e-04	4.492567e-05	1.943224e-04	-1.046920e-05	-6.519984e-05
5.711790e+03	-3.544757e-04	1.544815e-05	3.865421e-05	3.870109e-04	1.328647e-05	-2.921718e-05
5.724180e+03	-2.459481e-04	-2.489200e-04	6.068717e-06	2.448927e-04	2.868878e-05	1.767978e-06
5.736570e+03	1.130933e-04	-3.275517e-04	-1.009655e-05	-1.251117e-04	3.409363e-05	1.066984e-05
5.748960e+03	3.119785e-04	-1.037434e-05	-4.387105e-05	-3.249303e-04	1.626733e-05	1.295816e-05
5.761350e+03	1.600835e-04	3.036782e-04	-2.777963e-05	-1.705309e-04	-3.370266e-05	1.010799e-05
5.773740e+03	-1.344125e-04	2.979709e-04	1.462890e-05	1.459907e-04	-2.905648e-05	-1.157804e-05
5.786130e+03	-3.699442e-04	5.304037e-05	1.875056e-05	4.139480e-04	-6.945322e-07	-4.427558e-05
5.798520e+03	-2.376651e-04	-2.598189e-04	9.394203e-06	2.763097e-04	8.275446e-06	-4.500894e-05
5.810910e+03	7.222518e-05	-3.539252e-04	8.899512e-06	-1.519893e-05	2.747557e-05	-5.401932e-05
5.823300e+03	2.936311e-04	-1.531034e-04	-6.043359e-06	-2.321042e-04	1.032861e-05	-6.124691e-05
5.835690e+03	3.067315e-04	1.848276e-04	-2.071991e-05	-2.461084e-04	-1.133823e-05	-5.952220e-05
5.848080e+03	1.533317e-05	3.116074e-04	-1.304419e-05	5.111426e-05	-1.193436e-05	-6.647704e-05
5.860470e+03	-1.989940e-04	1.681243e-04	2.239579e-05	2.804858e-04	1.066628e-05	-8.082116e-05
5.872860e+03	-2.556282e-04	-1.306724e-04	4.089398e-06	3.429550e-04	2.246785e-05	-8.693489e-05
5.885250e+03	-1.237197e-05	-2.506743e-04	4.972416e-06	1.216006e-04	4.320187e-06	-1.065973e-04
5.897640e+03	1.834970e-04	-2.122364e-04	1.453895e-05	-5.803851e-05	2.771743e-05	-1.250627e-04
5.910030e+03	2.348151e-04	5.029514e-05	-2.666579e-05	-1.620552e-04	1.450908e-05	-7.081373e-05
5.922420e+03	1.314507e-04	2.057868e-04	-1.643908e-05	-7.774896e-05	-1.102710e-05	-5.354247e-05
5.934810e+03	-5.124589e-05	1.879799e-04	-2.439738e-05	6.281254e-05	-1.104199e-05	-1.413214e-05
5.947200e+03	-2.035072e-04	5.391811e-05	1.308266e-05	2.078428e-04	-1.463616e-05	-9.274563e-06
5.959590e+03	-1.597391e-04	-1.601457e-04	8.625970e-06	1.220680e-04	1.783783e-06	3.556704e-05
5.971980e+03	-2.116418e-07	-1.275515e-04	-6.191544e-07	-4.239611e-06	8.072351e-06	5.493750e-06
