1.338120e+03	-9.502102e-02	1.032723e-01	3.685240e-05	9.502102e-02	-1.108498e-05	9.664645e-05
1.350510e+03	-1.203853e-01	7.223309e-02	-2.459836e-06	1.203853e-01	-4.568219e-05	1.477839e-04
1.362900e+03	-1.359855e-01	3.487663e-02	-1.970234e-05	1.361453e-01	-3.460846e-05	3.055710e-04
1.375290e+03	-1.408915e-01	-5.534043e-03	2.153730e-05	1.398915e-01	-2.270109e-05	4.518319e-04
1.387680e+03	-1.330480e-01	-4.531727e-02	-5.655487e-05	1.320480e-01	-5.630616e-05	4.670888e-04
1.400070e+03	-1.149795e-01	-8.104939e-02	6.490748e-05	1.139740e-01	-4.562651e-05	5.488077e-04
1.412460e+03	-8.632953e-02	-1.108137e-01	3.543780e-05	8.562743e-02	5.190233e-06	6.412451e-04
1.424850e+03	-5.115141e-02	-1.297018e-01	-3.345245e-05	5.067676e-02	-7.826539e-05	4.076810e-04
1.437240e+03	-1.201721e-02	-1.388030e-01	8.030178e-05	1.171103e-02	5.066180e-05	2.965147e-04
1.449630e+03	2.784897e-02	-1.368850e-01	2.282339e-05	-2.819735e-02	-1.029338e-05	4.125492e-04
1.462020e+03	6.578034e-02	-1.230258e-01	2.673475e-05	-6.645443e-02	2.501016e-05	5.991264e-04
1.474410e+03	9.859519e-02	-9.936365e-02	3.372072e-05	-9.947253e-02	-3.341722e-05	8.009050e-04
1.486800e+03	1.235991e-01	-6.657316e-02	5.918103e-05	-1.246000e-01	-3.884781e-05	6.584416e-04
1.499190e+03	1.377742e-01	-2.755822e-02	5.829106e-05	-1.387742e-01	2.481885e-05	6.931710e-04
1.511580e+03	1.400000e-01	1.385292e-02	6.243100e-05	-1.410000e-01	8.685418e-05	7.056939e-04
1.523970e+03	1.295463e-01	5.471136e-02	1.536497e-05	-1.305463e-01	3.555340e-05	5.392913e-04
1.536360e+03	1.081184e-01	9.045333e-02	-1.139976e-05	-1.091200e-01	1.619925e-04	3.981170e-04
1.548750e+03	7.708998e-02	1.189911e-01	-5.066708e-05	-7.738457e-02	8.173547e-05	3.868696e-04
1.561140e+03	3.860201e-02	1.363429e-01	-6.780255e-05	-3.910880e-02	9.143273e-05	4.902489e-04
1.573530e+03	-3.535305e-03	1.420000e-01	-1.118313e-04	2.929837e-03	7.125700e-05	6.140143e-04
1.585920e+03	-4.648551e-02	1.363555e-01	-1.419204e-04	4.589094e-02	2.869279e-05	6.017869e-04
1.598310e+03	-8.548696e-02	1.159630e-01	-1.230484e-04	8.494952e-02	-3.107509e-05	5.314211e-04
1.610700e+03	-1.170658e-01	8.490653e-02	-5.553144e-05	1.170832e-01	-6.620802e-05	4.340354e-04
1.623090e+03	-1.380372e-01	4.531212e-02	-2.010684e-06	1.380372e-01	-1.052712e-04	3.158080e-04
1.635480e+03	-1.459339e-01	4.340232e-04	-5.517613e-06	1.459357e-01	-9.399880e-05	2.862894e-04
1.647870e+03	-1.399565e-01	-4.581241e-02	-1.106252e-05	1.392969e-01	-9.602273e-05	3.120672e-04
1.660260e+03	-1.186925e-01	-8.799402e-02	6.556838e-05	1.187787e-01	-8.298214e-05	3.297366e-04
1.672650e+03	-8.526340e-02	-1.215961e-01	1.318596e-05	8.504036e-02	-8.470651e-05	2.989002e-04
1.685040e+03	-4.214585e-02	-1.429835e-01	5.602424e-05	4.197059e-02	-6.491383e-05	1.521246e-04
1.697430e+03	6.045701e-03	-1.489146e-01	6.189094e-05	-6.227790e-03	-2.165544e-05	1.628359e-04
1.709820e+03	5.474916e-02	-1.404944e-01	9.028643e-05	-5.486932e-02	-2.439294e-05	9.635921e-05
1.722210e+03	9.848809e-02	-1.156621e-01	7.892573e-05	-9.852146e-02	-7.889986e-06	1.575104e-04
1.734600e+03	1.326438e-01	-7.660893e-02	1.106096e-04	-1.326438e-01	5.650920e-05	1.891733e-04
1.746990e+03	1.523834e-01	-2.759779e-02	9.515974e-05	-1.523834e-01	1.873479e-04	1.330514e-04
1.759380e+03	1.528443e-01	2.620994e-02	8.296819e-05	-1.528443e-01	8.155770e-05	1.165606e-04
1.771770e+03	1.355599e-01	7.794787e-02	1.814646e-05	-1.355599e-01	1.346914e-04	6.906003e-05
1.784160e+03	1.003605e-01	1.210716e-01	-9.597002e-05	-1.003152e-01	1.943641e-04	2.382952e-05
1.796550e+03	5.191534e-02	1.488266e-01	-1.150330e-04	-5.191512e-02	1.142406e-04	-6.290086e-05
1.808940e+03	-4.527365e-03	1.580000e-01	-2.099877e-04	4.639986e-03	7.235087e-05	-1.408426e-04
1.821330e+03	-6.185954e-02	1.480532e-01	-1.806435e-04	6.186171e-02	-4.303660e-05	-3.371790e-05
1.833720e+03	-1.125816e-01	1.162768e-01	-1.593335e-04	1.126178e-01	-1.389366e-04	-9.682185e-05
1.846110e+03	-1.490719e-01	6.678620e-02	-1.617769e-04	1.490719e-01	-1.777277e-04	8.590312e-05
1.858500e+03	-1.636145e-01	5.980468e-03	3.042912e-05	1.636145e-01	-2.252454e-04	-5.324132e-05
1.870890e+03	-1.558990e-01	-5.709406e-02	4.807590e-05	1.558990e-01	-2.101304e-04	9.780664e-05
1.883280e+03	-1.226518e-01	-1.139552e-01	1.131420e-04	1.226518e-01	-1.507410e-04	1.886288e-04
1.895670e+03	-6.884609e-02	-1.534160e-01	1.732309e-04	6.880941e-02	-1.121580e-04	2.334985e-05
1.908060e+03	-2.995434e-03	-1.689814e-01	2.110038e-04	2.926168e-03	-1.708777e-05	6.990746e-05
1.920450e+03	6.548209e-02	-1.580488e-01	1.765375e-04	-6.570382e-02	-1.668587e-05	1.880243e-04
1.932840e+03	1.253226e-01	-1.176713e-01	1.883212e-04	-1.253756e-01	2.091083e-05	2.541178e-04
1.945230e+03	1.649179e-01	-5.627765e-02	1.659744e-04	-1.650311e-01	1.932202e-04	3.989096e-04
1.957620e+03	1.745279e-01	1.845486e-02	1.116419e-04	-1.755326e-01	2.794252e-04	6.261775e-04
1.970010e+03	1.507911e-01	9.315902e-02	-1.650070e-05	-1.510078e-01	3.635021e-04	7.656752e-04
1.982400e+03	9.543220e-02	1.503727e-01	-2.359206e-04	-9.659764e-02	4.157893e-04	1.075488e-03
1.994790e+03	1.825356e-02	1.796086e-01	-4.006418e-04	-1.946213e-02	2.438011e-04	1.163472e-03
2.007180e+03	-6.593677e-02	1.699946e-01	-3.579288e-04	6.452154e-02	-8.325017e-05	1.356267e-03
2.019570e+03	-1.387948e-01	1.203653e-01	-4.159868e-04	1.378098e-01	-1.712728e-04	1.500031e-03
2.031960e+03	-1.810204e-01	3.933683e-02	-1.717809e-04	1.789978e-01	-3.912262e-04	1.638076e-03
2.044350e+03	-1.768133e-01	-5.642815e-02	1.548734e-04	1.759702e-01	-4.605172e-04	1.360801e-03
2.056740e+03	-1.228557e-01	-1.389903e-01	3.002918e-04	1.209034e-01	-3.404456e-04	1.447916e-03
2.069130e+03	-3.093437e-02	-1.804116e-01	3.030708e-04	3.024475e-02	-2.272008e-04	7.849908e-04
2.081520e+03	7.160264e-02	-1.659923e-01	4.021511e-04	-7.198010e-02	1.089739e-04	3.187136e-04
2.093910e+03	1.490305e-01	-9.474748e-02	2.680444e-04	-1.491505e-01	1.064054e-04	-2.261518e-06
2.106300e+03	1.688478e-01	8.707787e-03	1.528100e-04	-1.678338e-01	5.643889e-04	-5.454841e-04
2.118690e+03	1.217416e-01	1.033807e-01	-2.035223e-04	-1.211868e-01	6.776356e-04	-9.077661e-04
2.131080e+03	2.939489e-02	1.428380e-01	-4.477692e-04	-2.846956e-02	3.640075e-04	-9.451672e-04
2.143470e+03	-5.943473e-02	1.134087e-01	-5.196101e-04	6.084644e-02	-6.177289e-06	-1.419604e-03
2.155860e+03	-9.909965e-02	3.902848e-02	-2.307219e-04	1.006115e-01	-5.891554e-04	-1.828875e-03
2.168250e+03	-7.753360e-02	-2.868610e-02	9.051664e-05	8.033490e-02	-3.986911e-04	-2.745473e-03
2.180640e+03	-2.756227e-02	-4.883561e-02	2.911529e-04	3.025095e-02	1.533575e-05	-2.658335e-03
2.193030e+03	3.972755e-03	-3.450640e-02	3.318704e-04	-1.165782e-03	-6.802051e-04	-2.811340e-03
2.205420e+03	-4.158037e-04	-1.509017e-02	1.105053e-04	3.522647e-03	1.022183e-04	-3.114439e-03
2.217810e+03	-7.436915e-03	-2.759063e-02	7.812305e-05	1.040334e-02	2.106824e-04	-3.001973e-03
2.230200e+03	1.580855e-02	-4.672617e-02	7.264998e-05	-1.246007e-02	5.063107e-04	-3.441759e-03
2.242590e+03	5.948872e-02	-2.562122e-02	4.692699e-05	-5.608389e-02	7.534538e-05	-3.543182e-03
2.254980e+03	6.724185e-02	3.369151e-02	-4.116342e-05	-6.262270e-02	4.113884e-04	-4.761056e-03
2.267370e+03	1.645165e-02	7.851474e-02	-1.759038e-04	-1.233126e-02	5.045759e-05	-4.145152e-03
2.279760e+03	-5.449339e-02	5.953840e-02	-5.244022e-05	5.944444e-02	-1.669064e-04	-4.844134e-03
2.292150e+03	-7.903193e-02	-1.232294e-02	5.251259e-05	8.393137e-02	-1.771774e-04	-4.886831e-03
2.304540e+03	-3.466801e-02	-7.820676e-02	-2.033238e-05	3.753587e-02	-5.034265e-04	-2.826265e-03
2.316930e+03	4.057623e-02	-7.553634e-02	1.757864e-04	-3.662654e-02	3.883289e-04	-3.902124e-03
2.329320e+03	8.754654e-02	-1.650268e-02	2.398271e-05	-8.706346e-02	2.592503e-04	-5.426772e-04
2.341710e+03	7.008681e-02	5.896348e-02	-2.542502e-05	-7.304430e-02	4.415785e-04	3.031200e-03
2.354100e+03	-1.015197e-03	9.446518e-02	-2.744902e-04	-4.644819e-03	7.241133e-05	5.623837e-03
2.366490e+03	-7.517930e-02	6.576741e-02	-1.539099e-04	6.882892e-02	-3.723842e-05	6.320952e-03
2.378880e+03	-9.994291e-02	-6.747000e-03	-4.485200e-05	9.518233e-02	-3.935354e-04	5.196984e-03
2.391270e+03	-6.255656e-02	-7.554857e-02	1.491508e-04	5.924285e-02	-3.027886e-04	3.402551e-03
2.403660e+03	1.420145e-02	-9.208023e-02	2.986327e-04	-1.401318e-02	2.544259e-04	-1.800552e-04
2.416050e+03	7.680517e-02	-4.617603e-02	-2.650319e-05	-7.510469e-02	-8.709407e-05	-1.617910e-03
2.428440e+03	7.810612e-02	3.031393e-02	-1.006465e-04	-7.530325e-02	1.613557e-04	-2.840158e-03
2.440830e+03	1.820061e-02	7.179181e-02	-3.277091e-04	-1.540800e-02	5.478049e-06	-2.837516e-03
2.453220e+03	-4.436706e-02	4.710603e-02	-1.656127e-04	4.599064e-02	8.898231e-06	-1.573854e-03
2.465610e+03	-5.263731e-02	-1.682075e-02	9.549122e-05	5.115399e-02	4.670285e-06	1.311813e-03
2.478000e+03	-7.087023e-03	-4.666347e-02	-1.007736e-04	7.696125e-03	-4.052820e-04	-5.700294e-04
2.490390e+03	4.197146e-02	-2.058621e-02	-3.685725e-05	-4.129596e-02	-2.487897e-04	-8.228862e-04
2.502780e+03	3.684338e-02	3.276180e-02	3.002613e-04	-3.596062e-02	4.591292e-04	-9.203703e-04
2.515170e+03	-1.722240e-02	4.585472e-02	5.687487e-05	1.641995e-02	1.444277e-04	9.707800e-04
2.527560e+03	-5.661193e-02	9.629782e-03	-4.179016e-04	6.055001e-02	-3.866599e-04	-4.054256e-03
2.539950e+03	-3.653339e-02	-5.029481e-02	4.375450e-04	3.951007e-02	1.430734e-04	-3.022504e-03
2.552340e+03	2.722106e-02	-5.639777e-02	-1.662051e-04	-2.392327e-02	-2.844763e-04	-3.319325e-03
2.564730e+03	6.433465e-02	-6.668755e-03	-2.758743e-05	-6.270451e-02	9.207639e-05	-1.634696e-03
2.577120e+03	3.810816e-02	5.176184e-02	1.224374e-04	-3.760992e-02	8.268112e-05	-5.156301e-04
2.589510e+03	-2.493036e-02	6.068672e-02	-1.764722e-04	2.460325e-02	-9.454666e-05	2.733093e-04
2.601900e+03	-6.631396e-02	1.101532e-02	-1.217470e-04	6.432586e-02	-1.153732e-04	1.892965e-03
2.614290e+03	-4.880035e-02	-4.810195e-02	5.896979e-04	4.643172e-02	2.949805e-04	2.357746e-03
2.626680e+03	9.142727e-03	-6.664902e-02	2.138886e-05	-1.104965e-02	-5.082025e-05	1.896423e-03
2.639070e+03	5.868928e-02	-3.159849e-02	1.293589e-04	-6.108294e-02	1.824899e-04	2.391987e-03
2.651460e+03	5.791240e-02	2.917372e-02	-5.100457e-05	-6.004330e-02	1.774172e-04	2.106693e-03
2.663850e+03	8.580883e-03	6.278955e-02	-2.505570e-04	-9.642334e-03	7.980026e-05	1.060478e-03
2.676240e+03	-4.385211e-02	4.014581e-02	-2.784677e-04	4.343186e-02	-2.345967e-04	3.753925e-04
2.688630e+03	-5.105713e-02	-1.422661e-02	3.669187e-05	5.151400e-02	-6.772880e-05	-4.982536e-04
2.701020e+03	-1.058872e-02	-4.630731e-02	6.527157e-05	1.153313e-02	-7.054214e-05	-9.908356e-04
2.713410e+03	3.696949e-02	-2.756040e-02	-3.967989e-04	-3.565343e-02	-2.179417e-04	-1.377296e-03
2.725800e+03	3.824255e-02	1.939984e-02	-1.165772e-06	-3.735766e-02	9.769009e-05	-9.310383e-04
2.738190e+03	-5.122965e-03	3.894966e-02	-2.655310e-04	5.086662e-03	-5.029769e-05	4.600024e-05
2.750580e+03	-3.584716e-02	1.017760e-02	-5.886093e-05	3.717276e-02	-1.514908e-04	-1.073962e-03
2.762970e+03	-2.549881e-02	-3.071207e-02	-2.623265e-04	2.670595e-02	-1.561404e-04	-1.409457e-03
2.775360e+03	1.963492e-02	-3.418359e-02	-9.065697e-04	-1.838867e-02	-2.346483e-04	-1.122503e-03
2.787750e+03	3.775445e-02	6.688665e-04	-4.356751e-04	-3.938426e-02	3.953183e-05	1.751765e-03
2.800140e+03	1.955288e-02	4.244127e-02	-8.074952e-04	-1.685004e-02	-8.762152e-05	-2.587471e-03
2.812530e+03	-2.879323e-02	3.485512e-02	6.256970e-04	3.031890e-02	7.296240e-05	-1.486139e-03
2.824920e+03	-4.613552e-02	-9.593127e-03	-1.562756e-04	4.727909e-02	-2.894227e-05	-8.026000e-04
2.837310e+03	-1.619385e-02	-4.654621e-02	-3.196065e-04	1.665316e-02	-3.133537e-05	-5.191492e-04
2.849700e+03	3.169223e-02	-3.944079e-02	-9.255987e-05	-3.148702e-02	1.408294e-04	-1.892050e-04
2.862090e+03	4.948934e-02	5.354088e-03	1.025907e-03	-5.017923e-02	2.806934e-04	6.077482e-04
2.874480e+03	2.401241e-02	4.453122e-02	-8.222460e-04	-2.444769e-02	1.673701e-04	5.214294e-04
2.886870e+03	-2.747242e-02	4.404211e-02	3.032736e-05	2.545945e-02	-6.390295e-05	2.010362e-03
2.899260e+03	-4.977310e-02	2.276871e-03	-2.099512e-04	4.916129e-02	-1.593798e-04	7.090969e-04
2.911650e+03	-2.870583e-02	-3.983416e-02	4.971088e-04	2.814632e-02	-3.642794e-05	5.611624e-04
2.924040e+03	1.674230e-02	-4.445742e-02	-3.959041e-04	-1.780099e-02	6.709700e-05	1.058905e-03
2.936430e+03	4.548040e-02	-6.766309e-03	2.814527e-05	-4.548242e-02	1.973762e-04	2.276421e-06
2.948820e+03	2.885253e-02	3.596792e-02	-2.345596e-04	-2.822073e-02	1.671673e-04	-6.755442e-04
2.961210e+03	-1.606390e-02	4.124574e-02	1.725691e-04	1.723346e-02	-7.528617e-05	-1.183283e-03
2.973600e+03	-4.079268e-02	4.831776e-03	3.867209e-04	4.168713e-02	-1.501025e-04	-8.288562e-04
2.985990e+03	-1.922491e-02	-3.419088e-02	-7.484156e-04	2.076368e-02	-9.657513e-05	-1.551806e-03
2.998380e+03	2.164346e-02	-3.396098e-02	-1.748123e-04	-2.045328e-02	1.921007e-04	-1.201091e-03
3.010770e+03	3.670378e-02	3.250298e-03	1.773961e-04	-3.661848e-02	1.542232e-04	-3.497779e-05
3.023160e+03	1.249760e-02	3.434463e-02	1.723481e-05	-1.264787e-02	9.905336e-05	7.377067e-05
3.035550e+03	-2.460650e-02	2.725254e-02	-1.180046e-04	2.522025e-02	-8.467057e-05	-5.173642e-04
3.047940e+03	-3.449422e-02	-8.316956e-03	-6.733876e-04	3.559097e-02	1.168611e-04	-1.068400e-03
3.060330e+03	-1.046245e-02	-3.298922e-02	-1.603786e-04	1.012941e-02	8.498311e-05	2.918713e-04
3.072720e+03	2.414173e-02	-2.414413e-02	-3.089648e-04	-2.436985e-02	1.065094e-04	3.317372e-04
3.085110e+03	3.379997e-02	8.530939e-03	6.669915e-04	-3.339997e-02	-1.559976e-04	-3.750932e-04
3.097500e+03	8.112730e-03	3.304569e-02	-1.929895e-04	-8.562268e-03	1.398325e-04	4.404160e-04
3.109890e+03	-2.329454e-02	2.249035e-02	5.370503e-04	2.315286e-02	-2.138967e-04	1.585971e-04
3.122280e+03	-3.070048e-02	-8.529677e-03	-6.085651e-04	3.021884e-02	2.757223e-04	5.053747e-04
3.134670e+03	-7.437213e-03	-2.987199e-02	-2.121036e-05	7.267366e-03	8.550891e-05	1.851953e-04
3.147060e+03	2.110306e-02	-2.130420e-02	-4.359000e-04	-2.120956e-02	3.263347e-04	7.684319e-05
3.159450e+03	2.658788e-02	8.047146e-03	3.394588e-05	-2.695893e-02	-6.821097e-06	4.119523e-04
3.171840e+03	5.841219e-03	2.556369e-02	1.946228e-04	-5.570357e-03	-1.764766e-04	-2.483892e-04
3.184230e+03	-1.905748e-02	1.650841e-02	3.301543e-04	1.951637e-02	-2.476717e-04	-4.199892e-04
3.196620e+03	-2.319481e-02	-8.865919e-03	-2.035616e-04	2.287616e-02	1.590426e-04	3.123859e-04
3.209010e+03	-1.758451e-03	-2.429630e-02	4.241381e-04	2.025181e-03	-9.657645e-05	-2.639650e-04
3.221400e+03	1.921851e-02	-1.202602e-02	-2.681023e-04	-1.918011e-02	2.648369e-04	-4.602435e-05
3.233790e+03	1.926666e-02	1.314883e-02	-5.509492e-04	-1.941614e-02	4.950277e-04	-1.121753e-06
3.246180e+03	-3.079991e-03	2.237933e-02	3.848204e-04	3.438040e-03	-4.080940e-04	-2.984143e-04
3.258570e+03	-1.876326e-02	6.384910e-03	-2.000208e-04	1.977466e-02	1.740000e-04	-9.757639e-04
3.270960e+03	-1.531018e-02	-1.490828e-02	3.312318e-04	1.575171e-02	-3.356786e-04	-5.184644e-04
3.283350e+03	5.966476e-03	-1.882875e-02	-8.439648e-05	-5.852533e-03	4.163102e-04	-1.201061e-04
3.295740e+03	1.988833e-02	-2.943331e-03	3.745949e-05	-1.939344e-02	1.190235e-04	-4.355684e-04
3.308130e+03	1.167284e-02	1.602182e-02	6.942916e-05	-1.144075e-02	-1.499255e-04	-1.531710e-04
3.320520e+03	-8.810399e-03	1.791637e-02	-1.422081e-05	8.546919e-03	8.883963e-05	2.393404e-04
3.332910e+03	-1.897258e-02	9.267924e-04	1.834960e-04	1.867861e-02	-2.267365e-04	3.336036e-04
3.345300e+03	-9.754825e-03	-1.655276e-02	1.395203e-04	1.006326e-02	-5.490687e-05	-3.329085e-04
3.357690e+03	8.987799e-03	-1.561723e-02	1.021925e-04	-9.088149e-03	1.964202e-05	1.162127e-04
3.370080e+03	1.679951e-02	9.076130e-05	-2.336365e-04	-1.659955e-02	4.734020e-04	-2.369189e-04
3.382470e+03	7.495080e-03	1.487530e-02	-9.933062e-05	-7.503665e-03	8.318114e-05	-7.980049e-06
3.394860e+03	-8.783703e-03	1.343063e-02	-1.688738e-04	8.784117e-03	3.092804e-04	-8.408666e-06
3.407250e+03	-1.510708e-02	-1.388000e-03	3.864430e-05	1.535447e-02	3.948145e-05	-2.806140e-04
3.419640e+03	-5.891933e-03	-1.341584e-02	1.312040e-04	6.081852e-03	-2.052301e-04	-1.681408e-04
3.432030e+03	8.539428e-03	-1.051623e-02	5.861621e-05	-8.637755e-03	-2.581997e-04	6.627772e-05
3.444420e+03	1.171338e-02	1.564795e-03	-2.124581e-05	-1.161338e-02	-9.921479e-05	-1.059891e-04
3.456810e+03	3.560501e-03	1.187997e-02	-9.212208e-05	-3.645681e-03	-1.064403e-04	9.531059e-05
3.469200e+03	-8.340600e-03	8.069130e-03	-2.035656e-05	8.567916e-03	-1.118605e-04	-2.626174e-04
3.481590e+03	-1.038026e-02	-3.229207e-03	4.202327e-05	1.088104e-02	-5.285951e-05	-4.816523e-04
3.493980e+03	-1.606296e-03	-1.029125e-02	1.166637e-04	1.950488e-03	3.220462e-04	-3.553366e-04
3.506370e+03	7.578202e-03	-5.970836e-03	3.160375e-05	-7.086309e-03	1.297629e-04	-5.415682e-04
3.518760e+03	8.168814e-03	3.845217e-03	-6.922000e-05	-7.530195e-03	-5.447622e-05	-6.459819e-04
3.531150e+03	9.786602e-04	8.227570e-03	-4.501127e-05	-8.890519e-04	-3.687344e-05	-1.272942e-04
3.543540e+03	-6.713575e-03	4.361467e-03	1.535417e-04	7.209821e-03	1.714908e-04	-5.241942e-04
3.555930e+03	-6.371937e-03	-3.306264e-03	5.294712e-05	6.569130e-03	3.230103e-05	-2.033884e-04
3.568320e+03	-4.494267e-04	-6.648176e-03	5.420214e-05	4.703204e-04	5.721534e-05	-2.452893e-05
3.580710e+03	5.061602e-03	-3.277704e-03	1.204762e-04	-5.119265e-03	2.051928e-04	3.390244e-05
3.593100e+03	4.635043e-03	2.401612e-03	1.474104e-05	-4.595889e-03	2.045910e-05	-3.565703e-05
3.605490e+03	3.961100e-04	5.412584e-03	-2.776244e-04	1.668311e-05	-3.503999e-04	-4.089523e-04
3.617880e+03	-3.511490e-03	2.706623e-03	7.358111e-05	3.606854e-03	4.577938e-05	-6.004327e-05
3.630270e+03	-4.058045e-03	-9.057492e-04	-4.312007e-05	4.138456e-03	-2.576548e-05	-8.402917e-05
3.642660e+03	-1.065313e-03	-3.254227e-03	1.132479e-04	1.139040e-03	9.613715e-05	-4.914863e-05
3.655050e+03	1.480523e-03	-2.575971e-03	-2.803288e-06	-1.535250e-03	-1.083137e-05	5.266931e-05
3.667440e+03	2.982279e-03	-5.371328e-05	1.488532e-04	-2.892840e-03	6.366383e-05	-7.545951e-05
3.679830e+03	1.923142e-03	2.041638e-03	-1.225688e-04	-1.850999e-03	9.687944e-06	-7.555095e-05
3.692220e+03	-1.388006e-03	2.788203e-03	1.736573e-04	1.264947e-03	8.004403e-05	1.159653e-04
3.704610e+03	-2.961405e-03	6.689987e-04	2.153095e-04	3.070228e-03	9.642116e-05	-9.240768e-05
3.717000e+03	-2.259830e-03	-2.070142e-03	9.099997e-05	2.619861e-03	1.010000e-04	-3.630263e-04
3.729390e+03	1.091048e-04	-3.403070e-03	-6.198096e-05	8.278471e-05	1.614061e-05	-1.834159e-04
3.741780e+03	3.226118e-03	-1.846709e-03	-3.603495e-04	-2.992677e-03	1.119674e-05	-2.751394e-04
3.754170e+03	3.739890e-03	1.634204e-03	-1.791351e-04	-3.277168e-03	6.758829e-05	-4.771912e-04
3.766560e+03	1.167162e-04	3.653503e-03	1.329619e-04	3.196769e-04	8.354211e-06	-4.389910e-04
3.778950e+03	-4.906354e-03	2.691841e-03	2.629982e-04	4.514772e-03	-3.584808e-05	4.382583e-04
3.791340e+03	-4.042184e-03	-2.585151e-03	-5.071287e-05	4.161953e-03	4.548256e-05	-1.222297e-04
3.803730e+03	1.776699e-04	-4.575681e-03	9.862790e-06	-1.443939e-04	7.965424e-05	-3.965896e-05
3.816120e+03	4.393502e-03	-2.000402e-03	-1.591828e-04	-4.477129e-03	1.217176e-04	8.471931e-05
3.828510e+03	4.006810e-03	3.156221e-03	-1.879688e-04	-3.943540e-03	1.313985e-04	-6.362083e-05
3.840900e+03	-4.354227e-04	5.128792e-03	1.668030e-04	8.812251e-04	-1.020446e-04	-3.517915e-04
3.853290e+03	-5.091030e-03	1.570049e-03	-2.667969e-04	5.345697e-03	2.388414e-04	-2.373032e-04
3.865680e+03	-3.447865e-03	-3.643989e-03	-3.590575e-04	3.253059e-03	2.632623e-04	2.057722e-04
3.878070e+03	1.564490e-03	-5.956156e-03	1.764412e-04	-1.412227e-03	-1.147418e-04	-1.553875e-04
3.890460e+03	6.012454e-03	-1.714261e-03	6.488045e-06	-5.837397e-03	2.874798e-05	-2.854927e-04
3.902850e+03	3.652310e-03	5.116909e-03	2.017231e-04	-3.705512e-03	-2.291590e-04	4.759977e-05
3.915240e+03	-3.107329e-03	5.991024e-03	3.872175e-05	3.201488e-03	-8.347974e-06	-6.257619e-05
3.927630e+03	-6.606909e-03	6.075145e-04	1.287568e-05	6.197425e-03	6.456173e-05	3.947821e-04
3.940020e+03	-2.825764e-03	-6.093692e-03	-1.425464e-06	2.499559e-03	1.155980e-04	2.907693e-04
3.952410e+03	3.364069e-03	-5.509566e-03	1.270647e-04	-3.201041e-03	-8.754161e-05	-1.600506e-04
3.964800e+03	6.439289e-03	1.127923e-03	1.146235e-04	-6.190625e-03	-1.664651e-04	-2.672824e-04
3.977190e+03	1.950203e-03	6.480196e-03	-1.780974e-05	-1.907628e-03	5.684584e-05	-7.466220e-05
3.989580e+03	-5.490192e-03	4.829846e-03	-9.812707e-05	5.668774e-03	2.823930e-04	-1.856056e-04
4.001970e+03	-6.678912e-03	-3.074855e-03	-1.887477e-05	6.970223e-03	2.801834e-04	-2.924798e-04
4.014360e+03	-8.871710e-05	-7.096611e-03	5.241343e-05	1.019103e-04	-8.106439e-05	6.125395e-06
4.026750e+03	5.709317e-03	-3.291376e-03	6.299786e-05	-5.100106e-03	-1.289753e-04	-6.059347e-04
4.039140e+03	5.670759e-03	4.449168e-03	-4.453050e-05	-5.508184e-03	-1.827390e-04	-1.988522e-04
4.051530e+03	-1.084400e-03	7.090137e-03	-6.634506e-05	1.028464e-03	1.085249e-04	6.278299e-05
4.063920e+03	-7.040606e-03	1.583667e-03	-1.338217e-05	7.140207e-03	-1.614216e-04	-9.605286e-05
4.076310e+03	-4.721400e-03	-5.611429e-03	1.778353e-05	4.983930e-03	-1.986950e-04	-2.134311e-04
4.088700e+03	2.682884e-03	-6.435298e-03	1.019190e-04	-2.383443e-03	2.228878e-04	-2.889014e-04
4.101090e+03	6.618030e-03	3.882459e-04	-2.041078e-05	-6.358876e-03	5.828380e-05	-2.585079e-04
4.113480e+03	2.620420e-03	6.134408e-03	-4.562897e-05	-2.574782e-03	-2.359650e-04	-5.001584e-05
4.125870e+03	-5.056798e-03	5.130864e-03	-6.992463e-05	5.270386e-03	-9.167110e-05	-2.124696e-04
4.138260e+03	-6.989235e-03	-2.023510e-03	-7.290342e-05	7.263465e-03	-2.928361e-04	-3.342207e-04
4.150650e+03	-6.365214e-04	-6.759939e-03	3.714529e-05	4.987452e-04	1.332383e-04	1.389610e-04
4.163040e+03	5.696623e-03	-3.830354e-03	-3.314120e-05	-5.823714e-03	-6.653721e-05	9.576975e-05
4.175430e+03	5.069116e-03	3.620733e-03	1.016237e-04	-4.897492e-03	2.932396e-04	-2.478726e-04
4.187820e+03	-9.778307e-04	7.198878e-03	1.851231e-04	1.263769e-03	4.160054e-04	-2.445964e-04
4.200210e+03	-6.249299e-03	2.540649e-03	-8.780481e-06	6.457922e-03	-2.981816e-05	-2.067606e-04
4.212600e+03	-4.598039e-03	-4.021576e-03	-2.024687e-04	5.070948e-03	-2.970465e-04	-4.598493e-04
4.224990e+03	2.691468e-03	-5.898550e-03	1.031017e-04	-2.634672e-03	1.390176e-04	-6.047260e-05
4.237380e+03	6.234653e-03	6.690117e-04	1.555930e-04	-5.740452e-03	2.127273e-04	-4.486854e-04
4.249770e+03	2.448187e-03	5.882165e-03	5.384811e-05	-2.404592e-03	8.825110e-05	-4.820654e-05
4.262160e+03	-3.869230e-03	5.123801e-03	-8.488743e-04	4.184656e-03	-1.067471e-03	-3.275243e-04
4.274550e+03	-6.031303e-03	-1.426800e-03	1.634801e-04	6.196638e-03	1.880456e-04	-1.698279e-04
4.286940e+03	-1.157495e-03	-5.817418e-03	-5.500417e-04	1.336971e-03	-4.789351e-04	-1.790878e-04
4.299330e+03	4.572214e-03	-3.320966e-03	6.926231e-05	-4.631661e-03	1.006112e-04	6.068564e-05
4.311720e+03	4.613649e-03	2.909374e-03	-2.172258e-04	-4.664999e-03	-1.009780e-04	1.058498e-04
4.324110e+03	-5.912670e-04	6.082315e-03	1.709437e-04	1.007924e-03	1.248398e-04	-4.025121e-04
4.336500e+03	-5.359810e-03	1.852853e-03	1.450694e-04	5.652733e-03	1.047566e-04	-3.014473e-04
4.348890e+03	-3.608411e-03	-3.808192e-03	3.408842e-04	3.823653e-03	2.133864e-04	-2.150968e-04
4.361280e+03	1.920041e-03	-5.159254e-03	-3.589092e-05	-2.141922e-03	1.798106e-05	1.625687e-04
4.373670e+03	4.506726e-03	4.216165e-04	1.257839e-04	-4.585955e-03	1.002894e-04	7.180289e-05
4.386060e+03	2.422878e-03	5.838803e-03	8.565495e-05	-1.764576e-03	3.723416e-05	-6.607213e-04
4.398450e+03	-4.096021e-03	2.041127e-03	-3.782413e-04	3.672814e-03	-1.027943e-04	2.855528e-04
4.410840e+03	-4.780968e-03	-1.664994e-03	2.670813e-04	4.804219e-03	7.013043e-05	7.484333e-05
4.423230e+03	8.302769e-04	-4.657858e-03	-4.320493e-04	-4.716073e-04	-3.262296e-05	-3.793645e-04
4.435620e+03	3.554481e-03	-2.085489e-03	-2.574714e-04	-3.801034e-03	1.443163e-05	2.290173e-04
4.448010e+03	3.469243e-03	2.737722e-03	1.467081e-04	-3.387903e-03	4.043279e-06	-9.679497e-05
4.460400e+03	-9.721514e-04	3.708994e-03	2.248178e-05	1.105993e-03	1.905865e-05	-1.230758e-04
4.472790e+03	-3.441985e-03	2.479899e-04	3.964732e-04	3.769148e-03	8.621261e-05	-3.272178e-04
4.485180e+03	-2.595778e-03	-3.041948e-03	-1.828393e-05	2.405582e-03	5.311037e-05	1.762170e-04
4.497570e+03	2.495364e-03	-3.215315e-03	4.558943e-04	-2.291122e-03	9.660252e-06	-1.994312e-04
4.509960e+03	3.429932e-03	9.384696e-04	-2.699997e-04	-3.439959e-03	8.339993e-05	1.049997e-05
4.522350e+03	9.474712e-04	3.780475e-03	-2.279428e-05	-8.631174e-04	4.160273e-05	-1.008637e-04
4.534740e+03	-2.904172e-03	2.477788e-03	2.312654e-04	2.768891e-03	-3.170972e-05	1.564016e-04
4.547130e+03	-2.077234e-03	-1.915807e-03	-1.831361e-04	2.474266e-03	1.153099e-04	-3.610380e-04
4.559520e+03	-8.380886e-05	-3.221862e-03	-2.606505e-05	1.417825e-05	3.536386e-05	7.685434e-05
4.571910e+03	3.272206e-03	-6.548417e-04	-2.637701e-04	-3.067122e-03	1.685022e-04	-1.881743e-04
4.584300e+03	1.523545e-03	1.735836e-03	5.022417e-06	-1.249896e-03	-2.508651e-05	-2.560701e-04
4.596690e+03	-9.838666e-05	2.113697e-03	-1.805899e-04	6.203412e-04	1.336550e-04	-4.531591e-04
4.609080e+03	-2.403192e-03	-5.070200e-04	6.033376e-05	2.639999e-03	-1.649552e-05	-2.425085e-04
4.621470e+03	-3.779216e-04	-1.978042e-03	1.093459e-04	4.127384e-04	-5.462015e-05	-4.995441e-05
4.633860e+03	1.871663e-03	-2.114226e-03	-1.997869e-04	-1.190792e-03	2.555863e-04	-6.574074e-04
4.646250e+03	1.931991e-03	8.219146e-04	-4.052760e-05	-1.628499e-03	8.392734e-05	-2.921895e-04
4.658640e+03	-6.701065e-04	1.838969e-03	1.193052e-04	7.920429e-04	-1.016048e-04	-1.229984e-04
4.671030e+03	-1.516814e-03	2.505095e-04	-4.874071e-05	1.582757e-03	1.824930e-04	-6.031507e-05
4.683420e+03	-7.173726e-04	-1.666236e-03	3.278441e-05	9.067856e-04	9.442022e-05	-1.824897e-04
4.695810e+03	7.226602e-04	-1.470195e-03	3.275436e-05	-1.684473e-04	1.774778e-05	-5.082815e-04
4.708200e+03	1.147864e-03	2.237668e-04	1.263515e-05	-7.032825e-04	-1.186285e-04	-4.377465e-04
4.720590e+03	2.038981e-04	1.067950e-03	9.525949e-05	-6.306160e-05	-1.955513e-04	-1.405301e-04
4.732980e+03	-9.978417e-04	3.122596e-04	8.047871e-05	1.054060e-03	-2.420672e-04	-3.184246e-05
4.745370e+03	-9.343275e-04	-7.349919e-04	5.000060e-05	1.154182e-03	1.704360e-05	-2.195454e-04
4.757760e+03	3.493682e-04	-7.423532e-04	5.833271e-05	-9.199762e-05	8.257967e-05	-2.068948e-04
4.770150e+03	8.372581e-04	2.325766e-04	2.333490e-06	-6.981950e-04	-4.670801e-05	-1.534325e-04
4.782540e+03	1.691075e-04	6.229352e-04	-1.382824e-04	-2.368647e-04	-1.779706e-04	5.815789e-05
4.794930e+03	-8.617465e-04	6.091011e-04	6.996942e-05	1.304860e-03	2.893739e-05	-4.371043e-04
4.807320e+03	-4.798519e-04	-5.067975e-04	-7.520824e-05	6.838036e-04	-1.438758e-04	-2.169290e-04
4.819710e+03	3.065717e-04	-4.608067e-04	1.079235e-04	-7.632595e-06	1.022272e-04	-2.595317e-04
4.832100e+03	1.870891e-04	2.569359e-04	-7.692362e-05	3.905398e-05	-8.011273e-05	-2.253713e-04
4.844490e+03	-2.405142e-04	5.834921e-04	-1.451201e-04	4.972327e-04	-9.390204e-05	-2.563705e-04
4.856880e+03	-5.228565e-04	-4.166041e-05	6.277172e-05	6.870619e-04	5.212110e-05	-1.641600e-04
4.869270e+03	-4.019472e-04	-5.921390e-04	1.047245e-04	4.423159e-04	6.828169e-05	-4.018610e-05
4.881660e+03	-1.396576e-04	-4.693805e-04	-8.919277e-05	-1.040788e-05	-2.017270e-05	1.672633e-04
4.894050e+03	3.437647e-04	1.061461e-04	1.630368e-04	-2.246738e-04	1.943981e-05	-1.181637e-04
4.906440e+03	-5.181986e-04	4.191009e-04	-4.543422e-05	5.213304e-04	4.650425e-05	7.596929e-06
4.918830e+03	-9.646850e-04	6.434053e-05	8.789444e-06	8.457509e-04	3.948681e-05	1.189121e-04
4.931220e+03	-1.515636e-04	-3.539735e-04	-1.019412e-04	2.265303e-04	9.385571e-05	-4.521618e-05
4.943610e+03	2.695129e-04	-2.058957e-04	-1.266277e-04	1.757795e-05	9.019597e-05	-2.844550e-04
