1.300950e+03	7.697974e-02	-5.986775e-02	-1.116152e-06	-7.693585e-02	-3.292170e-05	-6.368588e-06
1.313340e+03	8.679711e-02	-4.465682e-02	-4.279758e-06	-8.689749e-02	-2.605500e-05	1.288456e-04
1.325730e+03	9.499724e-02	-2.051712e-02	1.301043e-05	-9.498451e-02	7.831940e-06	-2.043921e-05
1.338120e+03	9.707333e-02	5.147565e-03	-7.531978e-06	-9.698380e-02	-1.022619e-05	-2.984029e-05
1.350510e+03	9.237450e-02	3.045811e-02	6.709797e-06	-9.238766e-02	2.062423e-05	-3.514710e-06
1.362900e+03	8.104388e-02	5.352047e-02	-3.221818e-06	-8.109119e-02	2.694196e-05	9.186670e-05
1.375290e+03	6.421993e-02	7.275128e-02	-2.070120e-05	-6.439617e-02	5.374416e-05	1.837104e-04
1.387680e+03	4.294321e-02	8.683837e-02	-1.463604e-05	-4.314437e-02	2.433524e-05	2.211421e-04
1.400070e+03	1.878634e-02	9.488957e-02	-4.189868e-05	-1.898626e-02	1.692915e-05	2.220000e-04
1.412460e+03	-6.637500e-03	9.638955e-02	-8.862925e-06	6.388990e-03	-1.404274e-05	2.445673e-04
1.424850e+03	-3.140383e-02	9.135773e-02	-4.180357e-05	3.109601e-02	-2.184844e-05	2.647722e-04
1.437240e+03	-5.404028e-02	8.002736e-02	-2.208022e-05	5.379414e-02	-3.581751e-05	2.688825e-04
1.449630e+03	-7.316889e-02	6.313558e-02	4.572721e-06	7.292472e-02	-4.755789e-05	3.082743e-04
1.462020e+03	-8.755326e-02	4.196288e-02	1.434250e-05	8.708013e-02	-4.615144e-05	4.643933e-04
1.474410e+03	-9.573106e-02	1.755979e-02	1.722135e-05	9.523081e-02	-2.941060e-05	4.919427e-04
1.486800e+03	-9.695271e-02	-8.135084e-03	2.185302e-05	9.645544e-02	-1.856558e-05	4.493299e-04
1.499190e+03	-9.108381e-02	-3.329015e-02	2.457285e-05	9.080943e-02	5.728563e-06	3.078783e-04
1.511580e+03	-7.905106e-02	-5.598395e-02	4.418783e-05	7.875106e-02	1.048512e-05	3.023783e-04
1.523970e+03	-6.160756e-02	-7.472905e-02	4.154658e-05	6.130756e-02	3.266093e-05	3.041423e-04
1.536360e+03	-3.971174e-02	-8.845010e-02	-1.031778e-05	3.941174e-02	6.557541e-06	3.159142e-04
1.548750e+03	-1.494751e-02	-9.606704e-02	4.033590e-05	1.465256e-02	3.424634e-05	3.362325e-04
1.561140e+03	1.088846e-02	-9.659943e-02	-1.179685e-05	-1.128931e-02	-1.489622e-05	3.703941e-04
1.573530e+03	3.619648e-02	-9.064986e-02	2.398074e-06	-3.668975e-02	1.885802e-06	4.531355e-04
1.585920e+03	5.928076e-02	-7.787378e-02	4.545214e-07	-5.967853e-02	-2.917232e-06	4.237873e-04
1.598310e+03	7.834034e-02	-5.911810e-02	1.383945e-05	-7.868336e-02	3.694396e-06	3.654725e-04
1.610700e+03	9.184026e-02	-3.590949e-02	2.537195e-06	-9.222158e-02	1.253304e-05	3.555966e-04
1.623090e+03	9.864721e-02	-9.508376e-03	-2.567142e-06	-9.895823e-02	3.319845e-05	3.451711e-04
1.635480e+03	9.763515e-02	1.795379e-02	-1.647477e-05	-9.802333e-02	2.226257e-05	3.625120e-04
1.647870e+03	8.934056e-02	4.455311e-02	-6.916016e-06	-8.953476e-02	2.314687e-05	2.247261e-04
1.660260e+03	7.378928e-02	6.780983e-02	-5.632454e-05	-7.408455e-02	7.385279e-05	2.079332e-04
1.672650e+03	5.211829e-02	8.600366e-02	-5.942072e-05	-5.231672e-02	4.997679e-05	1.632789e-04
1.685040e+03	2.618923e-02	9.753972e-02	-5.860829e-05	-2.628415e-02	-4.983318e-06	8.110009e-05
1.697430e+03	-1.981978e-03	1.008587e-01	-7.785323e-05	1.929079e-03	-1.062150e-05	6.685142e-05
1.709820e+03	-3.093517e-02	9.717616e-02	-1.486526e-05	3.074816e-02	-6.379465e-05	1.461630e-04
1.722210e+03	-5.749859e-02	8.500895e-02	-5.582258e-05	5.729582e-02	-7.364451e-05	1.709419e-04
1.734600e+03	-8.002451e-02	6.512275e-02	1.385173e-05	7.992672e-02	-9.624789e-05	1.426435e-04
1.746990e+03	-9.593663e-02	3.947418e-02	9.852930e-06	9.586252e-02	-8.492270e-05	6.217430e-05
1.759380e+03	-1.031705e-01	9.548662e-03	5.383322e-05	1.031715e-01	-7.207844e-05	-8.769835e-05
1.771770e+03	-1.022744e-01	-2.154146e-02	8.388581e-05	1.023161e-01	-4.697962e-05	-9.763747e-05
1.784160e+03	-9.192312e-02	-5.117618e-02	6.219012e-05	9.209918e-02	-9.939940e-06	-1.219282e-04
1.796550e+03	-7.275139e-02	-7.671518e-02	4.133515e-05	7.294871e-02	-3.332961e-06	-1.852962e-04
1.808940e+03	-4.659912e-02	-9.523336e-02	6.178615e-05	4.689928e-02	2.750909e-05	-2.839624e-04
1.821330e+03	-1.603804e-02	-1.047673e-01	8.190173e-05	1.623447e-02	7.388737e-05	-2.437059e-04
1.833720e+03	1.687100e-02	-1.060850e-01	2.139079e-05	-1.661844e-02	1.358598e-05	-2.342239e-04
1.846110e+03	4.870886e-02	-9.588550e-02	3.187611e-05	-4.839763e-02	1.923933e-05	-2.586527e-04
1.858500e+03	7.639029e-02	-7.680489e-02	3.270374e-05	-7.615991e-02	3.862123e-05	-2.529138e-04
1.870890e+03	9.708201e-02	-4.968366e-02	3.466728e-05	-9.686068e-02	6.689836e-06	-2.093892e-04
1.883280e+03	1.078645e-01	-1.709605e-02	3.488676e-05	-1.078629e-01	7.249881e-05	-1.423269e-04
1.895670e+03	1.088841e-01	1.809183e-02	3.306440e-05	-1.088845e-01	5.874859e-05	-1.296283e-04
1.908060e+03	9.791195e-02	5.182451e-02	-1.755698e-05	-9.788223e-02	9.371803e-05	-1.211648e-04
1.920450e+03	7.623693e-02	8.051856e-02	-4.462336e-05	-7.602101e-02	8.644423e-05	-1.752840e-04
1.932840e+03	4.651231e-02	1.009938e-01	-8.363800e-05	-4.625465e-02	8.066366e-05	-2.552108e-04
1.945230e+03	1.164571e-02	1.103705e-01	-1.450074e-04	-1.138341e-02	7.434780e-05	-2.588713e-04
1.957620e+03	-2.485670e-02	1.087066e-01	-1.228729e-04	2.506595e-02	1.910942e-07	-2.372848e-04
1.970010e+03	-5.932035e-02	9.548843e-02	-9.460006e-05	5.942028e-02	-5.992471e-05	-1.169161e-04
1.982400e+03	-8.785472e-02	7.115354e-02	-1.258104e-04	8.785092e-02	-8.871361e-05	8.694160e-08
1.994790e+03	-1.070374e-01	3.817085e-02	-5.748714e-06	1.070374e-01	-1.104258e-04	4.581041e-05
2.007180e+03	-1.130000e-01	1.581079e-04	3.278443e-05	1.130000e-01	-1.100070e-04	1.088362e-04
2.019570e+03	-1.084217e-01	-3.830009e-02	6.355773e-05	1.084317e-01	-8.741317e-05	2.015820e-04
2.031960e+03	-8.919249e-02	-7.260779e-02	7.013888e-05	8.895849e-02	-6.335743e-05	2.420174e-04
2.044350e+03	-5.956129e-02	-9.842060e-02	6.078643e-05	5.935284e-02	-2.311648e-05	2.128003e-04
2.056740e+03	-2.257036e-02	-1.132917e-01	3.508159e-05	2.237072e-02	-4.313083e-05	2.321054e-04
2.069130e+03	1.794118e-02	-1.153963e-01	4.662231e-05	-1.817738e-02	-5.803696e-06	2.430850e-04
2.081520e+03	5.678715e-02	-1.022234e-01	4.399248e-05	-5.720608e-02	8.966341e-06	3.460653e-04
2.093910e+03	8.933884e-02	-7.636679e-02	4.914726e-05	-8.960497e-02	4.584836e-06	3.510938e-04
2.106300e+03	1.110349e-01	-4.051937e-02	5.793721e-05	-1.120922e-01	7.734504e-06	3.693092e-04
2.118690e+03	1.188840e-01	1.530220e-03	7.105974e-05	-1.189125e-01	1.054869e-04	4.298357e-04
2.131080e+03	1.107277e-01	4.433786e-02	3.700918e-05	-1.117489e-01	1.548395e-04	5.249794e-04
2.143470e+03	8.812571e-02	8.199418e-02	-2.326592e-05	-8.870098e-02	1.833466e-04	5.615722e-04
2.155860e+03	5.231732e-02	1.093542e-01	-7.604120e-05	-5.302646e-02	1.226115e-04	6.608902e-04
2.168250e+03	8.242700e-03	1.209977e-01	-1.136289e-04	-8.931163e-03	6.023296e-05	7.365429e-04
2.180640e+03	-3.859653e-02	1.174988e-01	-1.553872e-04	3.776876e-02	-7.209273e-06	8.558500e-04
2.193030e+03	-8.123488e-02	9.514442e-02	-9.741038e-05	8.034012e-02	-1.177284e-04	9.201816e-04
2.205420e+03	-1.129225e-01	5.720073e-02	-1.293975e-04	1.119272e-01	-1.451550e-04	1.025482e-03
2.217810e+03	-1.279970e-01	8.454621e-03	1.671467e-05	1.269970e-01	-1.809856e-04	1.193036e-03
2.230200e+03	-1.224075e-01	-4.411316e-02	2.685283e-05	1.214097e-01	-1.605555e-04	1.309789e-03
2.242590e+03	-9.424529e-02	-9.134176e-02	8.912845e-05	9.316634e-02	-1.194651e-04	1.368533e-03
2.254980e+03	-4.786338e-02	-1.241218e-01	7.950477e-05	4.639368e-02	-9.626983e-05	1.450453e-03
2.267370e+03	1.024651e-02	-1.310278e-01	9.407871e-05	-1.180796e-02	-4.810632e-05	1.517466e-03
2.279760e+03	6.912123e-02	-1.155221e-01	1.679230e-04	-7.078336e-02	8.417352e-05	1.588321e-03
2.292150e+03	1.161500e-01	-7.143712e-02	1.316688e-04	-1.172225e-01	4.012281e-05	1.526920e-03
2.304540e+03	1.367359e-01	-7.872700e-03	1.356430e-04	-1.377349e-01	2.777153e-04	1.397977e-03
2.316930e+03	1.229935e-01	6.190535e-02	3.596926e-05	-1.239907e-01	2.586634e-04	1.044571e-03
2.329320e+03	7.111039e-02	1.170263e-01	-1.522270e-04	-7.164852e-02	3.396236e-04	5.780825e-04
2.341710e+03	-4.550338e-03	1.328168e-01	-2.800761e-04	4.807659e-03	1.624228e-04	-2.333290e-04
2.354100e+03	-7.690494e-02	1.061094e-01	-3.584185e-04	7.785173e-02	-5.922247e-05	-1.021093e-03
2.366490e+03	-1.193314e-01	3.954654e-02	-1.879279e-04	1.203319e-01	-3.212326e-04	-1.733439e-03
2.378880e+03	-1.109040e-01	-3.685486e-02	6.374857e-05	1.133053e-01	-4.102180e-04	-2.431417e-03
2.391270e+03	-5.860873e-02	-8.960379e-02	2.854265e-04	6.149931e-02	-2.815780e-04	-2.897932e-03
2.403660e+03	9.553467e-03	-9.714830e-02	3.022184e-04	-6.322026e-03	-1.058196e-04	-3.226484e-03
2.416050e+03	6.044290e-02	-6.062035e-02	2.725597e-04	-5.694383e-02	1.448651e-04	-3.508891e-03
2.428440e+03	7.206602e-02	-7.769167e-03	1.194632e-04	-6.856602e-02	2.340655e-04	-3.497832e-03
2.440830e+03	5.039030e-02	3.253409e-02	-1.011927e-04	-4.700104e-02	3.039606e-04	-3.421138e-03
2.453220e+03	1.525662e-02	4.327073e-02	-2.695460e-04	-1.207121e-02	2.258955e-04	-3.155225e-03
2.465610e+03	-9.643300e-03	3.143483e-02	-3.349921e-04	1.220147e-02	-3.657233e-05	-2.555236e-03
2.478000e+03	-1.562294e-02	1.486246e-02	-2.317011e-04	1.737073e-02	-1.847944e-04	-1.802014e-03
2.490390e+03	-1.347916e-02	7.241130e-03	2.400721e-05	1.445628e-02	-3.075034e-04	-1.025874e-03
2.502780e+03	-1.423531e-02	6.447241e-03	1.676760e-04	1.452435e-02	-2.304348e-04	-2.118954e-04
2.515170e+03	-2.145086e-02	2.661795e-03	2.677314e-04	2.104016e-02	-1.635233e-05	4.172770e-04
2.527560e+03	-2.676719e-02	-1.084150e-02	1.914032e-04	2.585437e-02	1.276447e-04	9.457110e-04
2.539950e+03	-2.049141e-02	-3.052629e-02	8.454133e-05	1.920223e-02	2.501941e-04	1.288642e-03
2.552340e+03	1.652838e-03	-4.350741e-02	-3.310404e-05	-3.057004e-03	1.826415e-04	1.414903e-03
2.564730e+03	3.349701e-02	-3.868753e-02	-1.179756e-04	-3.480060e-02	8.468962e-05	1.292277e-03
2.577120e+03	5.772328e-02	-1.044130e-02	-9.797539e-05	-5.845151e-02	4.972548e-05	8.077464e-04
2.589510e+03	5.641771e-02	3.228938e-02	-1.094452e-04	-5.659215e-02	1.166870e-05	1.828606e-04
2.601900e+03	2.327553e-02	6.662474e-02	-1.161834e-04	-2.247630e-02	-6.692229e-05	-7.694179e-04
2.614290e+03	-2.691133e-02	6.935013e-02	-1.596933e-04	2.849882e-02	-1.332086e-04	-1.586175e-03
2.626680e+03	-6.813926e-02	3.728210e-02	-1.411859e-05	7.025340e-02	-2.358249e-04	-2.071917e-03
2.639070e+03	-7.649015e-02	-1.639659e-02	1.353171e-04	7.848180e-02	-2.511094e-04	-2.005351e-03
2.651460e+03	-5.058123e-02	-6.404384e-02	3.166589e-04	5.194661e-02	-1.167017e-04	-1.396517e-03
2.663850e+03	2.640893e-03	-8.068590e-02	2.864918e-04	-2.381190e-03	2.438472e-05	-2.967214e-04
2.676240e+03	5.612719e-02	-6.078503e-02	1.989576e-04	-5.712279e-02	2.001041e-04	1.037050e-03
2.688630e+03	7.961160e-02	-9.787210e-03	2.826205e-05	-8.163449e-02	3.264282e-04	2.085943e-03
2.701020e+03	6.683902e-02	4.548495e-02	-2.180998e-04	-6.959709e-02	3.264234e-04	2.684985e-03
2.713410e+03	2.157343e-02	7.656677e-02	-3.767463e-04	-2.406114e-02	1.586664e-04	2.510122e-03
2.725800e+03	-3.207944e-02	7.314970e-02	-4.109951e-04	3.022632e-02	-8.154328e-05	1.852273e-03
2.738190e+03	-7.017414e-02	3.343766e-02	-2.407260e-04	6.947667e-02	-3.270139e-04	7.981630e-04
2.750580e+03	-7.122231e-02	-1.871042e-02	5.923494e-05	7.138344e-02	-4.216500e-04	-8.037149e-05
2.762970e+03	-3.805910e-02	-5.796872e-02	3.425675e-04	3.866464e-02	-2.813624e-04	-6.156552e-04
2.775360e+03	1.179345e-02	-6.249149e-02	4.109321e-04	-1.108843e-02	-5.433668e-05	-7.161192e-04
2.787750e+03	4.811074e-02	-3.498428e-02	3.503900e-04	-4.743298e-02	2.645559e-04	-6.588220e-04
2.800140e+03	5.212228e-02	8.756417e-03	7.062502e-05	-5.152228e-02	4.533193e-04	-5.960221e-04
2.812530e+03	2.688136e-02	3.810602e-02	-2.567672e-04	-2.624059e-02	3.968271e-04	-6.709475e-04
2.824920e+03	-8.874499e-03	3.856858e-02	-4.367825e-04	9.765552e-03	1.115726e-04	-8.868022e-04
2.837310e+03	-2.849948e-02	1.491597e-02	-3.910697e-04	2.970803e-02	-2.238744e-04	-1.191541e-03
2.849700e+03	-2.362011e-02	-1.151253e-02	-9.672667e-05	2.491291e-02	-4.057076e-04	-1.289695e-03
2.862090e+03	-2.023084e-03	-2.041965e-02	2.264400e-04	3.191063e-03	-3.525865e-04	-1.179414e-03
2.874480e+03	1.465738e-02	-9.893915e-03	3.955723e-04	-1.398250e-02	-8.006639e-05	-7.726518e-04
2.886870e+03	1.328597e-02	9.365737e-03	3.020066e-04	-1.312411e-02	2.244534e-04	-1.459271e-04
2.899260e+03	-3.467219e-03	1.675375e-02	7.151322e-05	3.100389e-03	3.794463e-04	3.799831e-04
2.911650e+03	-2.055749e-02	6.754276e-03	-2.081204e-04	1.986444e-02	3.191337e-04	6.982077e-04
2.924040e+03	-2.117600e-02	-1.473558e-02	-3.389434e-04	2.049112e-02	6.684059e-05	6.951533e-04
2.936430e+03	-1.732885e-03	-2.991855e-02	-2.589746e-04	1.307812e-03	-2.168474e-04	4.184657e-04
2.948820e+03	2.465305e-02	-2.432182e-02	-4.310956e-05	-2.467253e-02	-3.199575e-04	3.898655e-05
2.961210e+03	3.880709e-02	2.282761e-03	1.877714e-04	-3.842510e-02	-2.279031e-04	-3.003954e-04
2.973600e+03	2.859204e-02	3.301217e-02	2.562439e-04	-2.819128e-02	-2.529727e-05	-4.451325e-04
2.985990e+03	-4.481023e-03	4.678905e-02	1.985437e-04	4.851220e-03	1.761916e-04	-3.771701e-04
2.998380e+03	-3.943656e-02	3.269302e-02	2.637228e-06	3.974288e-02	2.563277e-04	-3.034753e-04
3.010770e+03	-5.335209e-02	-5.410490e-03	-1.633357e-04	5.355640e-02	1.820371e-04	-1.926152e-04
3.023160e+03	-3.683060e-02	-4.357473e-02	-2.225560e-04	3.691931e-02	-4.677084e-06	-1.289350e-04
3.035550e+03	5.208937e-03	-5.791484e-02	-1.319403e-04	-5.192607e-03	-1.540101e-04	-8.312569e-05
3.047940e+03	4.600980e-02	-3.985005e-02	-1.869384e-05	-4.603023e-02	-2.236896e-04	-4.341460e-05
3.060330e+03	6.060417e-02	4.139738e-03	1.477970e-04	-6.079629e-02	-1.507775e-04	1.148549e-04
3.072720e+03	4.207457e-02	4.655092e-02	1.698170e-04	-4.252815e-02	2.313873e-05	4.284745e-04
3.085110e+03	-2.896385e-03	6.219364e-02	1.051719e-04	2.123504e-03	1.466456e-04	7.728511e-04
3.097500e+03	-4.616642e-02	4.392463e-02	-3.044382e-05	4.512333e-02	1.867994e-04	1.049422e-03
3.109890e+03	-6.301444e-02	-4.834216e-04	-1.293735e-04	6.191434e-02	9.893507e-05	1.121921e-03
3.122280e+03	-4.474752e-02	-4.369001e-02	-1.319639e-04	4.383130e-02	-1.705646e-05	9.251861e-04
3.134670e+03	-1.766442e-03	-6.042663e-02	-7.826735e-05	1.310418e-03	-1.224772e-04	4.509504e-04
3.147060e+03	4.043891e-02	-4.323855e-02	2.617260e-05	-4.033440e-02	-1.612256e-04	-8.086023e-05
3.159450e+03	5.620133e-02	-2.440948e-03	1.312499e-04	-5.568739e-02	-8.650967e-05	-5.257799e-04
3.171840e+03	4.058137e-02	3.693929e-02	1.148345e-04	-3.988238e-02	8.530616e-05	-6.499826e-04
3.184230e+03	2.585606e-03	5.066759e-02	1.542449e-05	-2.085229e-03	1.529690e-04	-5.158694e-04
3.196620e+03	-3.317220e-02	3.606697e-02	-6.759721e-05	3.337218e-02	1.269649e-04	-2.137430e-04
3.209010e+03	-4.559448e-02	1.549960e-03	-1.199808e-04	4.549462e-02	1.902632e-05	9.698518e-05
3.221400e+03	-3.072563e-02	-2.937572e-02	-9.286891e-05	3.040510e-02	-7.685761e-05	2.754555e-04
3.233790e+03	-2.027464e-04	-3.853057e-02	-3.640764e-05	-6.628051e-05	-1.375342e-04	2.739127e-04
3.246180e+03	2.571558e-02	-2.378785e-02	6.841006e-05	-2.585750e-02	-1.090272e-04	1.074518e-04
3.258570e+03	3.122941e-02	2.503898e-03	1.209338e-04	-3.113071e-02	-2.854825e-05	-6.543769e-05
3.270960e+03	1.667547e-02	2.262350e-02	8.184089e-05	-1.648113e-02	8.373036e-05	-1.788409e-04
3.283350e+03	-5.721712e-03	2.437925e-02	1.897415e-05	5.833332e-03	1.302990e-04	-9.822487e-05
3.295740e+03	-2.016165e-02	9.526295e-03	-4.977167e-05	2.017091e-02	8.413854e-05	1.065871e-05
3.308130e+03	-1.806468e-02	-9.319934e-03	-9.323885e-05	1.796760e-02	2.192628e-05	1.514250e-04
3.320520e+03	-2.706299e-03	-1.789357e-02	-8.571016e-05	2.526142e-03	-5.893616e-05	1.877472e-04
3.332910e+03	1.270767e-02	-1.160622e-02	-1.142001e-05	-1.283120e-02	-8.766520e-05	9.005409e-05
3.345300e+03	1.623223e-02	3.889151e-03	2.963896e-05	-1.622350e-02	-6.798261e-05	-9.154225e-05
3.357690e+03	5.902958e-03	1.592463e-02	5.740943e-05	-5.610692e-03	-2.574913e-05	-2.998517e-04
3.370080e+03	-9.717821e-03	1.465095e-02	7.042008e-05	1.011357e-02	2.369264e-05	-3.965432e-04
3.382470e+03	-1.825949e-02	4.824306e-04	3.951056e-05	1.865955e-02	5.411553e-05	-3.943622e-04
3.394860e+03	-1.290160e-02	-1.546547e-02	1.062838e-05	1.316469e-02	6.109152e-05	-2.432338e-04
3.407250e+03	4.096687e-03	-2.085844e-02	-2.475366e-05	-4.012092e-03	5.475577e-05	-8.593121e-05
3.419640e+03	2.006100e-02	-1.181354e-02	-3.832599e-05	-2.016697e-02	1.823750e-05	1.302022e-04
3.432030e+03	2.293802e-02	7.935658e-03	-5.636347e-05	-2.310965e-02	-6.795552e-06	1.736633e-04
3.444420e+03	1.052100e-02	2.387451e-02	-5.948806e-05	-1.070072e-02	-3.521950e-05	1.915869e-04
3.456810e+03	-1.123032e-02	2.495620e-02	-3.554410e-05	1.112929e-02	-6.120018e-05	9.421340e-05
3.469200e+03	-2.706898e-02	9.550405e-03	3.721545e-05	2.701537e-02	-6.887876e-05	-1.270108e-05
3.481590e+03	-2.637995e-02	-1.389507e-02	1.130939e-04	2.646742e-02	-4.955521e-05	-7.698701e-05
3.493980e+03	-8.593548e-03	-2.947856e-02	8.204579e-05	8.608755e-03	1.211171e-06	-4.400288e-05
3.506370e+03	1.607579e-02	-2.733366e-02	7.812477e-05	-1.606985e-02	1.020603e-04	2.070963e-06
3.518760e+03	3.117934e-02	-7.624912e-03	-5.300937e-06	-3.128108e-02	9.448433e-05	3.004197e-05
3.531150e+03	2.769182e-02	1.790767e-02	-7.594045e-05	-2.779154e-02	9.204527e-05	4.099055e-05
3.543540e+03	6.593468e-03	3.225120e-02	-1.143090e-04	-6.580613e-03	2.318350e-05	5.090213e-06
3.555930e+03	-1.879286e-02	2.774172e-02	-1.076509e-04	1.889402e-02	-9.210840e-05	-8.189927e-05
3.568320e+03	-3.255796e-02	5.492852e-03	-2.225698e-05	3.273384e-02	-1.267003e-04	-1.395173e-04
3.580710e+03	-2.689711e-02	-1.976184e-02	1.029472e-04	2.698754e-02	-1.140217e-04	-1.243277e-04
3.593100e+03	-4.313749e-03	-3.236266e-02	1.437770e-04	4.391113e-03	-4.779674e-05	-8.486989e-05
3.605490e+03	2.021733e-02	-2.580803e-02	1.515758e-04	-2.012946e-02	6.671548e-05	-1.549175e-05
3.617880e+03	3.155514e-02	-2.983439e-03	5.596824e-05	-3.164251e-02	1.633656e-04	9.820412e-05
3.630270e+03	1.864649e-02	2.469785e-02	-4.643905e-05	-1.874786e-02	1.446977e-04	7.302231e-05
3.642660e+03	1.997025e-03	2.980878e-02	-1.596557e-04	-2.181112e-03	5.630549e-05	1.450388e-04
3.655050e+03	-2.027955e-02	2.189071e-02	-1.311625e-04	2.019505e-02	-5.667871e-05	8.161756e-05
3.667440e+03	-2.838728e-02	2.068170e-04	-4.215735e-05	2.838747e-02	-1.420858e-04	1.788256e-05
3.679830e+03	-1.962990e-02	-1.989434e-02	5.799100e-05	1.962867e-02	-1.506347e-04	-2.186583e-05
3.692220e+03	1.121428e-03	-2.635995e-02	1.414698e-04	-1.079975e-03	-6.392005e-05	-4.460340e-05
3.704610e+03	1.940041e-02	-1.690569e-02	1.515692e-04	-1.929834e-02	6.476604e-05	-7.247287e-05
3.717000e+03	2.419832e-02	2.508418e-03	5.667763e-05	-2.409832e-02	1.307841e-04	-6.167856e-05
3.729390e+03	1.385726e-02	1.875040e-02	-5.546529e-05	-1.384584e-02	1.528174e-04	-4.055525e-05
3.741780e+03	-4.012103e-03	2.165862e-02	-1.642471e-04	4.048020e-03	6.746587e-05	-3.955482e-05
3.754170e+03	-1.775318e-02	1.077368e-02	-1.298071e-04	1.775252e-02	-5.406984e-05	-2.906193e-05
3.766560e+03	-1.878944e-02	-5.358652e-03	-6.486742e-05	1.878928e-02	-1.342413e-04	-1.338288e-05
3.778950e+03	-7.751914e-03	-1.641554e-02	5.766434e-05	7.761449e-03	-1.529104e-04	-9.154560e-06
3.791340e+03	6.612436e-03	-1.563353e-02	1.368566e-04	-6.603267e-03	-6.138628e-05	1.158039e-06
3.803730e+03	1.470000e-02	-4.773999e-03	1.731792e-04	-1.479949e-02	3.035958e-05	4.234040e-05
3.816120e+03	1.239609e-02	7.750443e-03	5.083976e-05	-1.238071e-02	1.311284e-04	5.121118e-05
3.828510e+03	1.817113e-03	1.315213e-02	-5.768402e-05	-1.851901e-03	1.519670e-04	2.988246e-05
3.840900e+03	-8.764624e-03	9.245864e-03	-1.395686e-04	8.728628e-03	5.675916e-05	3.637543e-05
3.853290e+03	-1.164064e-02	-8.843715e-04	-1.293230e-04	1.157633e-02	-6.084839e-05	1.243328e-05
3.865680e+03	-6.394649e-03	-9.271839e-03	-4.087903e-05	6.396281e-03	-1.400188e-04	-8.198170e-06
3.878070e+03	3.337419e-03	-1.012451e-02	4.419866e-05	-3.329825e-03	-1.338410e-04	-6.664308e-06
3.890460e+03	9.683530e-03	-3.553569e-03	1.346387e-04	-9.650778e-03	-5.210340e-05	-4.760233e-05
3.902850e+03	8.527130e-03	5.536330e-03	1.379823e-04	-8.488131e-03	3.939398e-05	-4.017093e-05
3.915240e+03	7.951640e-04	9.858082e-03	4.597516e-05	-7.838636e-04	1.469299e-04	-1.052225e-05
3.927630e+03	-7.547639e-03	6.877040e-03	-5.681887e-05	7.553412e-03	9.962367e-05	-3.421629e-06
3.940020e+03	-9.975686e-03	-1.752395e-03	-1.004859e-04	9.966906e-03	5.594640e-05	5.960801e-06
3.952410e+03	-5.260448e-03	-9.327397e-03	-1.136697e-04	5.232634e-03	-7.073154e-05	2.500690e-05
3.964800e+03	3.912819e-03	-1.028261e-02	-3.221814e-05	-3.953019e-03	-1.020213e-04	3.778752e-05
3.977190e+03	1.073555e-02	-3.630357e-03	5.154030e-05	-1.082230e-02	-1.011604e-04	4.784968e-05
3.989580e+03	1.008713e-02	5.868922e-03	9.849187e-05	-1.017745e-02	-3.470407e-05	2.626216e-05
4.001970e+03	2.100999e-03	1.193121e-02	9.278339e-05	-2.149232e-03	2.627945e-05	5.196336e-05
4.014360e+03	-7.656058e-03	9.762131e-03	3.810805e-05	7.643123e-03	9.355409e-05	3.628252e-05
4.026750e+03	-1.258502e-02	7.720449e-04	-3.604512e-05	1.258505e-02	8.589050e-05	2.983065e-05
4.039140e+03	-9.216922e-03	-9.196511e-03	-7.591991e-05	9.186327e-03	2.291519e-05	2.991693e-05
4.051530e+03	5.285134e-04	-1.292866e-02	-7.881043e-05	-5.550961e-04	-4.115112e-05	2.259113e-05
4.063920e+03	1.030720e-02	-8.671105e-03	-1.683716e-05	-1.030696e-02	-7.163837e-05	-3.354111e-06
4.076310e+03	1.320000e-02	1.736426e-03	3.732361e-05	-1.320000e-02	-5.857334e-05	-3.632443e-06
4.088700e+03	8.025236e-03	1.127530e-02	7.154454e-05	-8.007412e-03	-3.187349e-05	-1.408619e-05
4.101090e+03	-2.879672e-03	1.359999e-02	5.197082e-05	2.849683e-03	2.579222e-05	2.579833e-05
4.113480e+03	-1.214658e-02	7.198634e-03	1.718630e-05	1.214476e-02	5.502020e-05	5.675045e-06
4.125870e+03	-1.357548e-02	-3.805419e-03	-3.765403e-06	1.355851e-02	5.680791e-05	2.694433e-05
4.138260e+03	-6.537027e-03	-1.252001e-02	-2.925912e-05	6.475617e-03	2.359489e-05	5.805112e-05
4.150650e+03	4.629507e-03	-1.310957e-02	-4.627388e-05	-4.670288e-03	-3.948142e-05	4.367706e-05
4.163040e+03	1.258922e-02	-5.767443e-03	-3.663640e-06	-1.262139e-02	-2.527601e-05	3.947316e-05
4.175430e+03	1.270056e-02	5.229896e-03	5.403986e-06	-1.270681e-02	-3.235536e-05	3.911555e-05
4.187820e+03	4.852670e-03	1.279772e-02	2.686117e-05	-4.909459e-03	-1.295147e-05	5.013989e-05
4.200210e+03	-5.786567e-03	1.220341e-02	3.120044e-05	5.732958e-03	-9.864374e-06	4.884059e-05
4.212600e+03	-1.248671e-02	4.032959e-03	1.923321e-05	1.248668e-02	6.124125e-06	2.670491e-05
4.224990e+03	-1.130561e-02	-6.255033e-03	2.171265e-05	1.130599e-02	1.273741e-05	2.573502e-05
4.237380e+03	-3.178194e-03	-1.202762e-02	-3.280117e-06	3.167169e-03	1.460137e-05	9.822434e-06
4.249770e+03	6.508002e-03	-1.039893e-02	6.016443e-06	-6.498065e-03	1.015342e-05	-1.149254e-05
4.262160e+03	1.163543e-02	-2.294256e-03	-6.768144e-06	-1.163551e-02	5.403213e-07	-2.430033e-05
4.274550e+03	9.453427e-03	6.711448e-03	4.761718e-06	-9.446831e-03	-1.120559e-06	-1.283673e-05
4.286940e+03	1.452206e-03	1.089541e-02	-1.922238e-05	-1.443283e-03	9.061204e-06	-1.134053e-05
4.299330e+03	-6.802832e-03	8.272699e-03	2.182687e-05	6.812449e-03	-1.200608e-05	-6.551780e-06
4.311720e+03	-9.995359e-03	6.378346e-04	5.223011e-06	9.990635e-03	-7.272166e-08	2.435692e-05
4.324110e+03	-7.224262e-03	-6.782207e-03	1.900020e-05	7.193337e-03	3.962962e-06	3.420608e-05
4.336500e+03	1.405657e-04	-9.408251e-03	1.178925e-05	-1.749046e-04	-2.048802e-06	3.531899e-05
4.348890e+03	6.687725e-03	-6.050957e-03	1.900237e-05	-6.726305e-03	3.058360e-06	3.793479e-05
4.361280e+03	8.482741e-03	7.967504e-04	-7.694241e-06	-8.530317e-03	2.514755e-05	4.879378e-05
4.373670e+03	4.791597e-03	6.512782e-03	-9.785918e-06	-4.801579e-03	-1.049903e-05	1.220339e-05
4.386060e+03	-1.533770e-03	7.359770e-03	1.254525e-05	1.515066e-03	-1.032875e-05	1.945940e-05
4.398450e+03	-6.243016e-03	3.663429e-03	-4.874384e-06	6.227984e-03	-1.312398e-05	1.965482e-05
4.410840e+03	-6.498187e-03	-2.119615e-03	3.065107e-05	6.476496e-03	-1.717501e-07	1.585537e-05
4.423230e+03	-2.485232e-03	-5.958041e-03	1.507828e-05	2.486048e-03	-1.868628e-05	1.447879e-07
4.435620e+03	2.678518e-03	-5.437830e-03	2.148604e-05	-2.670530e-03	3.808205e-06	-1.383081e-05
4.448010e+03	5.419790e-03	-1.447002e-03	1.274860e-05	-5.409790e-03	8.146888e-06	-9.989951e-06
4.460400e+03	4.399176e-03	3.079849e-03	1.997312e-07	-4.358681e-03	3.133559e-05	-3.777529e-05
4.472790e+03	4.566772e-04	5.015901e-03	7.198135e-06	-4.353739e-04	-4.823555e-06	-2.362714e-05
4.485180e+03	-3.455514e-03	3.365411e-03	-1.307399e-05	3.445133e-03	8.316280e-06	2.333201e-06
4.497570e+03	-4.478004e-03	-5.407087e-04	6.903927e-06	4.478046e-03	-5.487312e-06	1.539713e-06
4.509960e+03	-2.409925e-03	-3.769288e-03	1.369828e-05	2.391587e-03	-8.163061e-06	1.672167e-05
4.522350e+03	1.352665e-03	-4.138551e-03	1.103185e-05	-1.373131e-03	-6.513469e-06	2.830000e-05
4.534740e+03	3.948545e-03	-1.434670e-03	1.240693e-05	-3.988210e-03	1.404220e-06	4.310648e-05
4.547130e+03	3.488108e-03	2.092324e-03	1.853241e-05	-3.521970e-03	1.602825e-05	3.554912e-05
4.559520e+03	5.099798e-04	3.869747e-03	-6.958786e-06	-5.437294e-04	5.663223e-06	3.930514e-05
4.571910e+03	-2.732615e-03	2.861073e-03	-4.628592e-06	2.712997e-03	-4.306674e-06	2.485722e-05
4.584300e+03	-3.904883e-03	-3.245532e-04	-5.168936e-06	3.894550e-03	-4.274710e-06	1.737980e-05
4.596690e+03	-2.282017e-03	-3.311464e-03	3.193191e-06	2.277785e-03	-6.112483e-06	5.822530e-06
4.609080e+03	1.064272e-03	-3.838895e-03	1.942371e-05	-1.057258e-03	7.291680e-06	-5.410358e-06
4.621470e+03	3.664876e-03	-1.693884e-03	2.067784e-05	-3.636059e-03	-6.760503e-06	-2.728797e-05
4.633860e+03	3.666835e-03	1.711519e-03	1.208656e-05	-3.646835e-03	1.719538e-05	-1.305205e-05
4.646250e+03	1.094281e-03	3.957008e-03	-5.370116e-06	-1.079183e-03	8.611745e-06	-1.435348e-05
4.658640e+03	-2.312064e-03	3.431973e-03	-1.095869e-05	2.329235e-03	4.202354e-06	-1.563603e-05
4.671030e+03	-4.086305e-03	4.988248e-04	-4.281901e-06	4.085982e-03	-1.773197e-06	3.472983e-06
4.683420e+03	-3.100985e-03	-2.859454e-03	-3.692166e-06	3.081639e-03	-2.128050e-05	1.531992e-05
4.695810e+03	5.607114e-05	-4.149158e-03	2.616749e-05	-9.756548e-05	-6.678947e-06	4.193880e-05
4.708200e+03	3.220662e-03	-2.772008e-03	2.493737e-05	-3.244451e-03	6.877303e-06	2.898571e-05
4.720590e+03	4.216880e-03	5.425534e-04	7.672538e-06	-4.246935e-03	1.945882e-05	3.597177e-05
4.732980e+03	2.382192e-03	3.548582e-03	2.056446e-06	-2.402412e-03	2.290361e-05	2.261373e-05
4.745370e+03	-1.039182e-03	4.070020e-03	-2.153963e-05	1.025544e-03	1.137511e-05	1.748441e-05
4.757760e+03	-3.786391e-03	1.996269e-03	-1.834073e-05	3.776932e-03	5.047695e-06	1.595665e-05
4.770150e+03	-3.995025e-03	-1.421398e-03	-5.363893e-06	4.006308e-03	-2.662949e-05	-1.198947e-05
4.782540e+03	-1.569925e-03	-3.896209e-03	2.271200e-05	1.589390e-03	-2.288948e-05	-1.775649e-05
4.794930e+03	1.808002e-03	-3.731744e-03	3.383838e-05	-1.789973e-03	-1.499590e-05	-1.492570e-05
4.807320e+03	3.875692e-03	-1.177094e-03	2.158409e-05	-3.865878e-03	2.361207e-05	-8.510727e-06
4.819710e+03	3.436075e-03	2.045703e-03	1.429173e-05	-3.438205e-03	1.950113e-05	-1.666553e-06
4.832100e+03	7.419695e-04	3.881801e-03	-1.722589e-05	-7.457820e-04	2.841070e-05	4.026290e-06
4.844490e+03	-2.314318e-03	3.104275e-03	-2.763944e-05	2.302321e-03	1.226593e-05	1.267034e-05
4.856880e+03	-3.662591e-03	3.423875e-04	-2.588008e-05	3.642590e-03	-2.515673e-05	1.915576e-05
4.869270e+03	-2.749027e-03	-2.489949e-03	-3.624452e-06	2.738462e-03	-3.622436e-05	1.036672e-05
4.881660e+03	-6.229220e-06	-3.586199e-03	3.740222e-05	-1.754966e-05	-3.017585e-05	2.339572e-05
4.894050e+03	2.598149e-03	-2.383027e-03	4.121378e-05	-2.628124e-03	-4.271271e-06	2.223586e-05
4.906440e+03	3.384074e-03	2.848997e-04	3.953457e-05	-3.396358e-03	2.700449e-05	1.705409e-05
4.918830e+03	2.025680e-03	2.627460e-03	1.080795e-05	-2.045068e-03	2.729009e-05	2.349309e-05
4.931220e+03	-5.721460e-04	3.104512e-03	-2.368730e-05	5.518199e-04	5.048233e-05	2.078938e-05
4.943610e+03	-2.605432e-03	1.613838e-03	-2.110984e-05	2.600490e-03	2.908267e-06	3.853895e-06
4.956000e+03	-2.792572e-03	-7.713773e-04	-3.044342e-05	2.792755e-03	-2.388071e-05	1.349217e-06
4.968390e+03	-1.232743e-03	-2.455146e-03	2.882962e-06	1.223509e-03	-2.105409e-05	7.262786e-06
4.980780e+03	1.005788e-03	-2.411518e-03	3.610536e-05	-1.005950e-03	-3.650474e-05	-1.785736e-07
4.993170e+03	2.331424e-03	-8.270729e-04	2.995341e-05	-2.329107e-03	-4.008524e-06	-7.200851e-06
5.005560e+03	2.037557e-03	1.153729e-03	3.614336e-05	-2.043618e-03	2.101093e-05	1.536814e-06
5.017950e+03	4.222130e-04	2.118671e-03	5.858381e-06	-4.237429e-04	3.211686e-05	9.765996e-07
5.030340e+03	-1.278327e-03	1.659148e-03	-1.418342e-05	1.248197e-03	2.303678e-05	3.251549e-05
5.042730e+03	-1.914369e-03	1.336807e-04	-3.230561e-05	1.885865e-03	6.237745e-06	2.373366e-05
5.055120e+03	-1.315319e-03	-1.309535e-03	-1.997814e-05	1.305389e-03	-2.936423e-05	1.132241e-05
5.067510e+03	1.109192e-04	-1.722168e-03	1.510230e-06	-1.283447e-04	-2.434868e-05	1.768588e-05
5.079900e+03	1.292016e-03	-9.318443e-04	4.053512e-05	-1.312733e-03	-3.512091e-05	1.116851e-05
5.092290e+03	1.433304e-03	3.634988e-04	4.054992e-05	-1.431528e-03	1.698703e-07	-2.831099e-06
5.104680e+03	5.761341e-04	1.248887e-03	3.487946e-05	-5.941327e-04	2.259968e-05	1.629787e-05
5.117070e+03	-5.755444e-04	1.154661e-03	1.640218e-05	5.624271e-04	5.028565e-05	1.260283e-05
5.129460e+03	-1.187561e-03	2.698062e-04	-1.894068e-05	1.167567e-03	3.664240e-05	1.509758e-05
5.141850e+03	-8.719638e-04	-7.256142e-04	-3.667751e-05	8.496014e-04	-1.153545e-05	2.293626e-05
5.154240e+03	2.342856e-05	-1.036342e-03	-2.242191e-05	-3.588216e-05	-1.204991e-05	1.270096e-05
5.166630e+03	7.873923e-04	-5.532385e-04	4.229689e-06	-8.010911e-04	-4.700534e-05	1.652060e-05
5.179020e+03	8.673691e-04	2.855872e-04	2.064219e-05	-8.590329e-04	-3.396487e-05	-9.395457e-06
5.191410e+03	2.466451e-04	8.294483e-04	4.178587e-05	-2.404381e-04	-7.857122e-06	-6.821785e-06
5.203800e+03	-5.260334e-04	6.758837e-04	4.742391e-05	5.296284e-04	2.760248e-05	-3.703928e-06
5.216190e+03	-8.506229e-04	-4.033667e-05	2.045703e-05	8.463984e-04	3.865332e-05	5.015372e-06
5.228580e+03	-4.857021e-04	-7.297635e-04	-5.019131e-06	4.771109e-04	2.371160e-05	8.310765e-06
5.240970e+03	3.006900e-04	-8.187761e-04	-3.108296e-05	-3.176497e-04	1.576383e-05	1.927701e-05
5.253360e+03	8.136868e-04	-2.696820e-04	-3.504558e-05	-8.476492e-04	-1.080501e-05	3.668144e-05
5.265750e+03	7.566825e-04	4.913687e-04	-7.247458e-06	-7.807493e-04	-4.403173e-05	2.389740e-05
5.278140e+03	7.020449e-05	9.251487e-04	2.007789e-05	-8.578095e-05	-3.161679e-05	1.523758e-05
5.290530e+03	-7.452141e-04	6.346756e-04	4.211660e-05	7.303927e-04	-2.242880e-05	1.502617e-05
5.302920e+03	-9.709104e-04	-2.128210e-04	3.133078e-05	9.562200e-04	1.339255e-05	1.376760e-05
5.315310e+03	-4.898308e-04	-9.322320e-04	2.838547e-05	4.926839e-04	2.251906e-05	-3.074772e-06
5.327700e+03	4.132602e-04	-9.916683e-04	5.248296e-06	-4.205395e-04	3.087495e-05	6.604020e-06
5.340090e+03	1.085205e-03	-3.558842e-04	-1.918679e-05	-1.092747e-03	2.619281e-05	9.926151e-06
5.352480e+03	1.005539e-03	6.275190e-04	-3.075526e-05	-1.013211e-03	-4.853510e-06	6.210359e-06
5.364870e+03	1.935659e-04	1.150000e-03	-1.422443e-05	-1.932956e-04	-2.211287e-05	-7.531711e-07
5.377260e+03	-7.915606e-04	9.219186e-04	9.833100e-06	7.997397e-04	-3.572126e-05	-7.890278e-06
5.389650e+03	-1.223263e-03	1.069167e-05	2.988941e-05	1.214735e-03	-2.222765e-05	6.226610e-06
5.402040e+03	-8.363511e-04	-9.583771e-04	3.801178e-05	8.358883e-04	-2.234210e-06	1.579624e-07
5.414430e+03	1.526222e-04	-1.285206e-03	3.415946e-05	-1.672570e-04	2.647339e-05	1.436624e-05
5.426820e+03	1.091267e-03	-7.221218e-04	2.164134e-05	-1.110737e-03	3.003597e-05	2.235083e-05
5.439210e+03	1.231185e-03	3.538975e-04	-1.451192e-05	-1.266751e-03	2.189038e-05	3.829522e-05
5.451600e+03	5.833512e-04	1.197252e-03	-1.634422e-05	-6.114446e-04	1.373057e-05	2.906860e-05
5.463990e+03	-5.117066e-04	1.253509e-03	-1.977132e-05	4.816275e-04	-1.424762e-05	3.108789e-05
5.476380e+03	-1.282110e-03	4.329634e-04	-1.644399e-06	1.272189e-03	-2.286853e-05	1.300000e-05
5.488770e+03	-1.201079e-03	-6.578617e-04	2.311349e-05	1.201671e-03	-1.139618e-05	-7.868844e-07
5.501160e+03	-3.128050e-04	-1.303135e-03	2.374667e-05	3.145652e-04	-4.133881e-06	-1.970873e-06
5.513550e+03	7.925686e-04	-1.111455e-03	3.027579e-05	-7.962874e-04	1.409779e-05	3.762930e-06
5.525940e+03	1.316867e-03	-1.202699e-04	7.750543e-06	-1.306768e-03	2.458509e-05	-4.259718e-06
5.538330e+03	9.800591e-04	8.965494e-04	-7.265246e-06	-9.792274e-04	2.308300e-05	-3.250879e-06
5.550720e+03	-4.868597e-05	1.293826e-03	-1.479822e-05	4.744531e-05	-3.526207e-06	1.562469e-06
5.563110e+03	-1.018063e-03	8.257359e-04	-1.020486e-05	1.008627e-03	-1.189025e-05	3.887280e-06
5.575500e+03	-1.283461e-03	-2.215070e-04	3.517298e-06	1.268609e-03	-2.188758e-05	1.129182e-05
5.587890e+03	-6.981914e-04	-1.112789e-03	1.667095e-05	6.795289e-04	-1.380906e-05	1.988270e-05
5.600280e+03	3.630666e-04	-1.253582e-03	3.905336e-05	-3.885823e-04	9.231725e-07	2.628142e-05
5.612670e+03	1.146590e-03	-5.451088e-04	2.184296e-05	-1.176910e-03	3.300877e-05	3.068064e-05
5.625060e+03	1.127280e-03	5.111770e-04	7.052240e-06	-1.158009e-03	1.571805e-05	3.138288e-05
5.637450e+03	3.713283e-04	1.149538e-03	-2.109135e-05	-3.816746e-04	1.614135e-05	1.198904e-05
5.649840e+03	-6.738972e-04	1.004587e-03	-1.990987e-05	6.678614e-04	-9.907608e-06	6.118406e-06
5.662230e+03	-1.177722e-03	1.713950e-04	3.118671e-06	1.184994e-03	-2.660123e-05	-6.979619e-07
5.674620e+03	-9.013329e-04	-8.116634e-04	2.090784e-05	9.212160e-04	-2.325705e-05	-1.909011e-05
5.687010e+03	-8.375505e-07	-1.158021e-03	2.872266e-05	7.144653e-07	1.889343e-06	-4.834067e-07
5.699400e+03	8.791156e-04	-7.689309e-04	1.766504e-05	-8.758752e-04	2.269528e-05	-2.586922e-06
5.711790e+03	1.124259e-03	1.358886e-04	8.091372e-06	-1.133424e-03	2.825249e-05	1.103179e-05
5.724180e+03	6.145341e-04	9.441353e-04	-1.923669e-05	-6.250927e-04	2.834939e-05	1.164606e-05
5.736570e+03	-3.040281e-04	1.077393e-03	-2.836161e-05	2.866380e-04	3.121626e-06	1.721406e-05
5.748960e+03	-1.009801e-03	4.749404e-04	-1.811053e-05	9.893978e-04	-1.351690e-05	1.602869e-05
5.761350e+03	-1.025009e-03	-4.547868e-04	-3.253437e-06	1.010802e-03	-3.946250e-05	1.375868e-05
5.773740e+03	-3.452818e-04	-1.037333e-03	3.667525e-05	3.250850e-04	-2.022730e-05	1.959384e-05
5.786130e+03	5.481798e-04	-9.363441e-04	3.671867e-05	-5.509730e-04	-7.299521e-06	2.791149e-06
5.798520e+03	1.051161e-03	-2.446704e-04	2.348373e-05	-1.063087e-03	2.729108e-05	1.720856e-05
5.810910e+03	8.467578e-04	6.426260e-04	1.097028e-05	-8.670542e-04	4.352451e-05	1.885215e-05
5.823300e+03	8.495970e-05	1.028035e-03	-1.302917e-05	-9.661773e-05	1.837722e-05	1.214162e-05
5.835690e+03	-7.163293e-04	7.243519e-04	-3.306115e-05	7.064915e-04	7.000596e-06	1.029030e-05
5.848080e+03	-9.947800e-04	-5.034427e-05	-9.924900e-06	9.855758e-04	-2.088679e-05	8.326976e-06
5.860470e+03	-6.209605e-04	-7.989689e-04	1.839677e-06	6.196222e-04	-3.303068e-05	2.005823e-06
5.872860e+03	1.854799e-04	-9.985637e-04	2.365266e-05	-1.862981e-04	-2.536467e-05	1.587446e-06
5.885250e+03	8.701429e-04	-5.158120e-04	3.659313e-05	-8.628028e-04	5.840994e-06	-3.700717e-06
5.897640e+03	9.208347e-04	3.082258e-04	2.339876e-05	-9.297246e-04	3.066832e-05	7.572720e-06
5.910030e+03	3.785187e-04	8.712736e-04	3.029706e-06	-3.948258e-04	2.955629e-05	1.573738e-05
5.922420e+03	-4.179815e-04	8.845864e-04	-1.780387e-05	4.003967e-04	2.913212e-05	1.820232e-05
5.934810e+03	-9.470298e-04	2.792643e-04	-4.360327e-05	9.399183e-04	1.188731e-06	8.467616e-06
5.947200e+03	-8.331897e-04	-4.960570e-04	-1.888437e-05	8.126715e-04	-2.433250e-05	1.798096e-05
5.959590e+03	-2.075311e-04	-9.089318e-04	6.210976e-06	1.806597e-04	-3.420077e-05	2.656690e-05
5.971980e+03	5.338394e-04	-7.683597e-04	2.796985e-05	-5.502606e-04	-2.015951e-05	1.722473e-05
5.984370e+03	8.755560e-04	-9.486504e-05	3.972620e-05	-8.816418e-04	-5.462763e-06	7.729684e-06
5.996760e+03	6.712502e-04	5.657612e-04	2.798900e-05	-6.624938e-04	1.780221e-05	-7.114926e-06
6.009150e+03	3.944059e-05	8.589572e-04	8.752204e-06	-3.878200e-05	3.549042e-05	-7.593353e-07
6.021540e+03	-6.321879e-04	5.756112e-04	-1.931547e-05	6.389584e-04	2.746118e-05	-8.569886e-06
6.033930e+03	-8.100241e-04	-6.439350e-05	-2.397344e-05	8.020000e-04	-3.144415e-06	5.614308e-06
6.046320e+03	-5.110923e-04	-6.627397e-04	-1.009499e-05	4.961001e-04	-1.694277e-05	1.577221e-05
6.058710e+03	1.021631e-04	-7.838835e-04	6.419843e-06	-1.152165e-04	-2.758697e-05	1.258755e-05
6.071100e+03	6.557520e-04	-4.489781e-04	2.761140e-05	-6.821488e-04	-7.601561e-06	2.732617e-05
6.083490e+03	7.067465e-04	1.710655e-04	2.000165e-05	-7.340934e-04	4.612175e-06	2.365455e-05
6.095880e+03	3.649478e-04	6.413292e-04	2.444410e-05	-3.776341e-04	2.371275e-05	1.262496e-05
6.108270e+03	-2.256649e-04	6.603286e-04	6.192270e-06	2.156301e-04	2.589281e-05	1.140740e-05
6.120660e+03	-6.422787e-04	3.099489e-04	-2.241970e-05	6.411923e-04	1.345395e-05	1.521223e-07
6.133050e+03	-6.459158e-04	-2.529318e-04	-2.666713e-05	6.524206e-04	-9.475899e-06	-4.970013e-06
6.145440e+03	-2.676105e-04	-6.150637e-04	-1.016059e-05	2.701063e-04	-1.861580e-05	-2.997622e-06
6.157830e+03	2.390199e-04	-5.855350e-04	1.052630e-05	-2.514387e-04	-2.722511e-05	1.275238e-05
6.170220e+03	5.629908e-04	-2.394968e-04	3.420557e-05	-5.738825e-04	-2.051443e-05	1.200526e-05
6.182610e+03	5.372616e-04	2.158336e-04	3.144823e-05	-5.528310e-04	4.383820e-06	1.516384e-05
6.195000e+03	1.918753e-04	5.393093e-04	2.148281e-05	-1.981218e-04	2.687179e-05	6.519453e-06
6.207390e+03	-2.186348e-04	4.776890e-04	-1.175918e-06	2.146804e-04	4.119892e-05	4.334238e-06
6.219780e+03	-4.953386e-04	1.784668e-04	-2.879760e-05	4.884132e-04	1.432549e-05	7.143690e-06
6.232170e+03	-4.935082e-04	-2.583248e-04	-1.183933e-05	4.848659e-04	-1.278002e-05	8.802564e-06
6.244560e+03	-1.591776e-04	-4.766739e-04	-2.636263e-05	1.453043e-04	-2.706064e-05	1.429184e-05
6.256950e+03	1.879994e-04	-4.397587e-04	1.768154e-05	-2.210893e-04	-2.396621e-05	3.304509e-05
6.269340e+03	4.283700e-04	-1.465784e-04	2.426321e-05	-4.655070e-04	-1.939625e-05	3.533257e-05
6.281730e+03	3.733714e-04	1.951704e-04	2.789400e-05	-3.951855e-04	6.624840e-06	2.266364e-05
6.294120e+03	1.302215e-04	3.947485e-04	2.624901e-05	-1.368691e-04	2.199868e-05	7.327141e-06
6.306510e+03	-2.130211e-04	3.863539e-04	6.128200e-06	2.073514e-04	1.860318e-05	3.979108e-06
6.318900e+03	-3.943892e-04	1.097455e-04	-1.186822e-05	3.999368e-04	1.516770e-05	-6.447839e-06
6.331290e+03	-3.543239e-04	-1.904783e-04	-4.254448e-06	3.594952e-04	1.060726e-05	-5.189994e-06
6.343680e+03	-1.477748e-04	-3.742770e-04	-9.316202e-06	1.509656e-04	-7.805875e-06	-3.227850e-06
6.356070e+03	1.388306e-04	-3.513475e-04	5.429579e-06	-1.409297e-04	-8.355468e-06	1.860827e-06
6.368460e+03	3.168492e-04	-1.403367e-04	7.489508e-06	-3.241189e-04	-1.624121e-05	7.204288e-06
6.380850e+03	2.763310e-04	1.132146e-04	1.917455e-05	-2.937354e-04	-1.481608e-06	1.684092e-05
6.393240e+03	1.002361e-04	2.652336e-04	6.767435e-06	-1.194677e-04	9.694366e-06	1.897111e-05
6.405630e+03	-1.333482e-04	2.521806e-04	8.575336e-06	1.258359e-04	1.084933e-05	8.110467e-06
6.418020e+03	-2.844721e-04	9.666928e-05	2.188795e-06	2.645514e-04	1.499352e-06	1.938295e-05
6.430410e+03	-2.615420e-04	-1.711111e-04	-5.198295e-07	2.285766e-04	-1.170074e-06	3.219827e-05
6.442800e+03	-9.952354e-05	-2.824642e-04	3.518369e-07	7.171054e-05	-3.662114e-06	2.829075e-05
6.455190e+03	1.061584e-04	-2.566613e-04	6.399713e-06	-1.372917e-04	-1.121779e-05	3.086981e-05
6.467580e+03	2.437360e-04	-9.198158e-05	1.558117e-05	-2.613734e-04	1.818088e-07	1.797539e-05
6.479970e+03	2.033019e-04	9.839636e-05	1.505619e-05	-2.186853e-04	7.623147e-07	1.510496e-05
6.492360e+03	6.992028e-05	1.897672e-04	8.751142e-06	-5.794921e-05	8.485178e-06	-1.205529e-05
6.504750e+03	-8.539142e-05	2.015879e-04	3.266351e-06	1.114266e-04	1.198599e-05	-2.601368e-05
6.517140e+03	-2.029916e-04	2.473561e-05	-7.214101e-06	2.289523e-04	4.909279e-06	-2.604476e-05
6.529530e+03	-1.575910e-04	-1.615065e-04	-7.197084e-06	1.726583e-04	-9.416769e-06	-1.522231e-05
6.541920e+03	-4.052171e-05	-2.134534e-04	1.019972e-05	2.283388e-05	-7.929728e-06	1.711203e-05
6.554310e+03	1.398670e-04	-1.960224e-04	7.759738e-06	-1.562086e-04	-9.139235e-06	1.322029e-05
6.566700e+03	2.093813e-04	-4.025148e-05	1.924094e-05	-2.562704e-04	3.699253e-06	4.715638e-05
6.579090e+03	1.352421e-04	1.317065e-04	8.225473e-06	-1.678157e-04	6.395728e-06	3.174477e-05
6.591480e+03	1.132370e-05	1.795967e-04	6.015905e-07	-4.082825e-05	1.709224e-05	2.927961e-05
6.603870e+03	-1.255003e-04	1.462415e-04	-2.153942e-07	1.128860e-04	7.378616e-06	1.300633e-05
6.616260e+03	-1.619543e-04	-9.515007e-06	-3.897703e-06	1.615640e-04	-6.393740e-07	1.283062e-06
6.628650e+03	-1.015703e-04	-1.353447e-04	8.276334e-06	1.121142e-04	-6.647200e-06	-1.122378e-05
6.641040e+03	2.591799e-05	-1.543698e-04	9.484370e-06	-1.967413e-05	-7.320914e-06	-6.438455e-06
6.653430e+03	1.315622e-04	-1.133676e-04	9.124883e-06	-1.376502e-04	-6.473704e-06	5.546483e-06
6.665820e+03	1.413660e-04	1.863650e-05	2.019759e-05	-1.525768e-04	3.548644e-06	1.299517e-05
6.678210e+03	8.397219e-05	1.368072e-04	4.552545e-06	-9.357849e-05	1.357895e-05	9.383070e-06
6.690600e+03	-4.722059e-05	1.117058e-04	1.793286e-06	3.707319e-05	1.378981e-06	1.095485e-05
6.702990e+03	-1.048640e-04	6.368992e-05	-4.177018e-07	1.027885e-04	1.284797e-06	2.131199e-06
6.715380e+03	-1.299076e-04	-4.578764e-05	1.226171e-06	1.100837e-04	-3.744014e-07	2.081934e-05
6.727770e+03	-5.367137e-05	-1.160915e-04	-2.101695e-06	3.622443e-05	-6.652950e-06	1.803931e-05
6.740160e+03	6.874930e-05	-8.619129e-05	8.796759e-06	-8.416162e-05	-5.945498e-07	1.560054e-05
6.752550e+03	7.322423e-05	2.232195e-06	1.066186e-05	-1.023901e-04	-2.373007e-06	2.954694e-05
6.764940e+03	3.679849e-05	8.344453e-05	7.888949e-06	-6.364173e-05	9.707774e-06	2.647797e-05
6.777330e+03	-3.924138e-05	9.754133e-05	9.039235e-07	2.612121e-05	5.399658e-06	1.263746e-05
6.789720e+03	-1.170758e-04	3.998671e-05	-5.567828e-06	1.236676e-04	-2.922361e-06	-5.846333e-06
6.802110e+03	-1.224936e-04	-5.925517e-05	-2.795386e-06	1.341096e-04	1.879235e-06	-1.190853e-05
6.814500e+03	-5.252487e-05	-1.304210e-04	2.110303e-07	7.367125e-05	-1.417684e-05	-2.183703e-05
6.826890e+03	6.341717e-05	-1.533592e-04	1.617538e-05	-6.099271e-05	-1.531210e-05	-2.465816e-06
6.839280e+03	1.223193e-04	-7.273208e-05	1.840000e-05	-1.248836e-04	2.101766e-06	3.382942e-06
6.851670e+03	1.665127e-04	4.148126e-05	2.025260e-05	-1.945078e-04	9.556505e-06	2.798103e-05
6.864060e+03	4.615019e-05	1.482027e-04	1.121245e-05	-8.336560e-05	1.478094e-05	3.792602e-05
6.876450e+03	-8.533674e-05	1.381685e-04	-6.690149e-06	5.026926e-05	1.625621e-05	3.583520e-05
6.888840e+03	-1.627221e-04	5.526652e-05	-1.280791e-05	1.403154e-04	9.659576e-06	2.510722e-05
6.901230e+03	-1.670000e-04	-7.471660e-05	2.598435e-06	1.551098e-04	-1.924068e-05	1.202874e-05
6.913620e+03	-5.239747e-05	-1.544158e-04	4.976047e-06	4.778383e-05	-9.525722e-06	4.150200e-06
6.926010e+03	6.508408e-05	-1.453738e-04	7.948262e-06	-6.196195e-05	-1.937464e-05	-1.363808e-06
6.938400e+03	1.275395e-04	-5.274656e-05	2.336870e-05	-1.287884e-04	2.127601e-06	8.893811e-07
6.950790e+03	1.235014e-04	5.799247e-05	2.665845e-05	-1.161863e-04	1.538443e-05	-6.523014e-06
6.963180e+03	1.445616e-05	1.296716e-04	1.218983e-05	-2.288371e-05	2.085434e-05	7.440624e-06
6.975570e+03	-7.041650e-05	9.823967e-05	1.202991e-06	7.323907e-05	1.091049e-05	-1.983490e-06
