1.945230e+03	6.354405e-02	8.014658e-02	-6.539504e-05	-6.406188e-02	1.271299e-04	4.464979e-04
1.957620e+03	4.013537e-02	9.313087e-02	6.058017e-06	-4.023904e-02	6.379571e-07	1.145875e-04
1.970010e+03	1.430773e-02	1.002041e-01	-1.625712e-05	-1.436337e-02	3.957604e-05	2.552228e-06
1.982400e+03	-1.234977e-02	1.002371e-01	-4.984078e-05	1.228218e-02	1.173895e-05	8.325521e-05
1.994790e+03	-3.855917e-02	9.409980e-02	-1.367019e-05	3.833376e-02	-3.466710e-05	2.711512e-04
2.007180e+03	-6.203501e-02	8.083146e-02	1.861356e-05	6.167624e-02	-4.600019e-05	3.696052e-04
2.019570e+03	-8.160685e-02	6.152638e-02	3.638088e-05	8.110212e-02	-4.621334e-05	4.706750e-04
2.031960e+03	-9.494175e-02	3.748260e-02	2.646792e-05	9.441684e-02	-4.258948e-05	4.455783e-04
2.044350e+03	-1.012284e-01	1.091520e-02	8.125779e-05	1.011728e-01	-2.979952e-05	2.405475e-04
2.056740e+03	-1.003552e-01	-1.633205e-02	4.517146e-05	1.002483e-01	-1.638749e-05	1.477065e-04
2.069130e+03	-9.209582e-02	-4.260177e-02	9.490473e-05	9.176653e-02	1.174487e-05	3.392729e-04
2.081520e+03	-7.767215e-02	-6.567809e-02	1.503804e-05	7.711161e-02	2.218179e-05	5.128369e-04
2.093910e+03	-5.669434e-02	-8.427743e-02	7.193740e-05	5.624232e-02	2.625054e-05	5.144241e-04
2.106300e+03	-3.159384e-02	-9.624799e-02	5.736003e-05	3.120987e-02	1.975124e-05	3.346560e-04
2.118690e+03	-4.439211e-03	-1.003946e-01	1.647793e-05	4.216607e-03	3.615413e-05	2.226260e-04
2.131080e+03	2.295557e-02	-9.891306e-02	5.450815e-05	-2.316257e-02	2.038745e-05	1.999974e-04
2.143470e+03	4.895636e-02	-8.875771e-02	3.908719e-05	-4.918898e-02	8.590534e-06	2.978031e-04
2.155860e+03	7.167708e-02	-7.236877e-02	3.768660e-05	-7.204818e-02	3.744854e-05	3.484386e-04
2.168250e+03	8.942078e-02	-4.994280e-02	2.658667e-05	-8.982651e-02	4.760479e-05	4.699932e-04
2.180640e+03	1.001062e-01	-2.336788e-02	3.665922e-05	-1.011183e-01	1.727082e-05	4.696897e-04
2.193030e+03	1.026849e-01	5.732676e-03	4.387304e-05	-1.036849e-01	1.209583e-04	2.565523e-04
2.205420e+03	9.782628e-02	3.413704e-02	-2.291921e-05	-9.775551e-02	1.133067e-04	9.365722e-05
2.217810e+03	8.468495e-02	6.002516e-02	-2.553423e-05	-8.473704e-02	9.679159e-05	9.279222e-05
2.230200e+03	6.518854e-02	8.180151e-02	-5.719474e-05	-6.536834e-02	6.528729e-05	2.390008e-04
2.242590e+03	3.967525e-02	9.737050e-02	-9.112817e-05	-3.993948e-02	8.632179e-05	2.848256e-04
2.254980e+03	1.092940e-02	1.045583e-01	-1.132162e-04	-1.115280e-02	3.725586e-05	2.236000e-04
2.267370e+03	-1.921157e-02	1.040876e-01	-1.078833e-04	1.918612e-02	1.859877e-05	7.239517e-05
2.279760e+03	-4.727536e-02	9.443896e-02	-6.647405e-05	4.739663e-02	-6.601966e-05	-1.260645e-04
2.292150e+03	-7.263892e-02	7.742624e-02	-4.358482e-05	7.268763e-02	-6.525359e-05	-8.956145e-05
2.304540e+03	-9.229363e-02	5.405625e-02	-1.407481e-05	9.216211e-02	-8.104965e-05	1.044372e-04
2.316930e+03	-1.048308e-01	2.498084e-02	-3.493614e-05	1.047261e-01	-7.134938e-05	1.754782e-04
2.329320e+03	-1.072283e-01	-6.557307e-03	4.926487e-05	1.071727e-01	-6.104053e-05	3.562109e-05
2.341710e+03	-1.007377e-01	-3.797490e-02	3.418885e-05	1.007275e-01	-5.824688e-05	-9.585641e-05
2.354100e+03	-8.480787e-02	-6.580441e-02	9.460318e-05	8.503705e-02	-5.755586e-06	-2.408704e-04
2.366490e+03	-6.164917e-02	-8.794377e-02	3.986408e-06	6.179138e-02	-5.386199e-05	-2.218578e-04
2.378880e+03	-3.312391e-02	-1.025650e-01	8.239198e-05	3.327481e-02	-2.227240e-06	-2.028611e-04
2.391270e+03	-1.000899e-03	-1.082078e-01	8.765861e-05	1.032221e-03	-4.780436e-06	-2.140033e-05
2.403660e+03	3.181231e-02	-1.039256e-01	6.915388e-05	-3.186474e-02	2.233133e-05	5.400159e-05
2.416050e+03	6.185649e-02	-8.953365e-02	4.375777e-05	-6.177595e-02	-4.328489e-05	-9.932201e-05
2.428440e+03	8.644275e-02	-6.652162e-02	8.733150e-05	-8.609192e-02	8.661605e-05	-2.713917e-04
2.440830e+03	1.029932e-01	-3.757597e-02	5.612149e-05	-1.030595e-01	8.056934e-05	-2.473902e-04
2.453220e+03	1.094795e-01	-4.252938e-03	3.837364e-05	-1.095351e-01	4.131004e-05	-1.407866e-04
2.465610e+03	1.066977e-01	2.999632e-02	1.461766e-06	-1.067550e-01	1.294608e-04	-6.225390e-05
2.478000e+03	9.249365e-02	6.166328e-02	-4.862630e-05	-9.244161e-02	1.298635e-04	-6.326826e-05
2.490390e+03	6.898061e-02	8.747083e-02	-8.464140e-05	-6.888877e-02	1.221293e-04	-1.062944e-04
2.502780e+03	3.911634e-02	1.038216e-01	-6.788156e-05	-3.887822e-02	-1.244742e-05	-2.380079e-04
2.515170e+03	5.157856e-03	1.106054e-01	-1.406973e-04	-4.932068e-03	5.603010e-05	-2.532184e-04
2.527560e+03	-2.960007e-02	1.077308e-01	-8.684128e-05	2.968298e-02	-2.230389e-05	-9.976901e-05
2.539950e+03	-6.162288e-02	9.374528e-02	-7.130940e-05	6.157052e-02	-8.325843e-05	2.490818e-05
2.552340e+03	-8.813920e-02	7.008078e-02	-3.963473e-06	8.797280e-02	-1.199520e-04	1.100595e-04
2.564730e+03	-1.057123e-01	3.887514e-02	2.985771e-05	1.056338e-01	-9.582971e-05	2.337249e-05
2.577120e+03	-1.122272e-01	3.423837e-03	3.076323e-05	1.121716e-01	-9.088702e-05	8.983233e-06
2.589510e+03	-1.078146e-01	-3.206758e-02	4.215405e-05	1.080431e-01	-7.441407e-05	-1.098508e-04
2.601900e+03	-9.146385e-02	-6.436892e-02	1.299677e-04	9.184990e-02	-2.348301e-05	-1.583752e-04
2.614290e+03	-6.671543e-02	-9.010989e-02	4.611144e-05	6.675014e-02	-3.119608e-05	1.794855e-05
2.626680e+03	-3.440676e-02	-1.068187e-01	1.025294e-04	3.429662e-02	3.080401e-05	1.206331e-04
2.639070e+03	1.601751e-03	-1.122936e-01	4.005189e-05	-1.692063e-03	-2.240739e-05	8.248575e-05
2.651460e+03	3.746853e-02	-1.061110e-01	1.266282e-04	-3.752435e-02	6.105827e-05	3.994687e-05
2.663850e+03	6.960590e-02	-8.797887e-02	8.396888e-05	-6.959863e-02	4.188427e-05	-7.968906e-06
2.676240e+03	9.448717e-02	-6.125159e-02	8.394454e-05	-9.453613e-02	9.426895e-05	6.851960e-05
2.688630e+03	1.094671e-01	-2.767089e-02	5.185504e-05	-1.097958e-01	6.204278e-05	2.206974e-04
2.701020e+03	1.123859e-01	9.702601e-03	2.562943e-05	-1.130049e-01	1.393249e-04	2.395990e-04
2.713410e+03	1.042987e-01	4.643436e-02	-2.219763e-05	-1.043486e-01	8.320389e-05	2.392490e-04
2.725800e+03	8.346400e-02	7.765283e-02	-9.701281e-05	-8.369352e-02	1.856668e-04	1.316096e-04
2.738190e+03	5.388152e-02	1.007340e-01	-1.388328e-04	-5.385242e-02	8.591690e-05	-4.077039e-05
2.750580e+03	1.849290e-02	1.127089e-01	-1.322047e-04	-1.855012e-02	1.388049e-06	3.998808e-05
2.762970e+03	-1.914825e-02	1.135661e-01	-1.811138e-04	1.910264e-02	2.289361e-05	7.078527e-05
2.775360e+03	-5.536527e-02	1.011902e-01	-9.750441e-05	5.514836e-02	-9.709933e-05	2.123216e-04
2.787750e+03	-8.570612e-02	7.763595e-02	-1.020277e-04	8.547414e-02	-1.074754e-04	2.533102e-04
2.800140e+03	-1.067374e-01	4.487246e-02	3.975542e-05	1.061673e-01	-1.514827e-04	2.034926e-04
2.812530e+03	-1.160555e-01	6.942121e-03	6.600480e-05	1.149965e-01	-1.185076e-04	2.455190e-04
2.824920e+03	-1.109297e-01	-3.195205e-02	1.062678e-04	1.110112e-01	-1.133446e-04	1.595240e-04
2.837310e+03	-9.392276e-02	-6.731430e-02	6.838898e-05	9.387212e-02	-7.387988e-05	8.863368e-05
2.849700e+03	-6.599107e-02	-9.498727e-02	1.808333e-04	6.584126e-02	1.499572e-05	1.169709e-04
2.862090e+03	-3.012783e-02	-1.116980e-01	5.238701e-05	2.997454e-02	-4.666236e-05	2.156939e-04
2.874480e+03	9.826672e-03	-1.149675e-01	6.957252e-05	-9.908338e-03	-5.405408e-06	1.297433e-04
2.886870e+03	4.870305e-02	-1.055536e-01	1.209454e-04	-4.875867e-02	1.058950e-04	4.376967e-05
2.899260e+03	8.197198e-02	-8.274054e-02	8.879032e-05	-8.206656e-02	8.768972e-05	2.204286e-05
2.911650e+03	1.062863e-01	-4.972409e-02	7.034678e-05	-1.062354e-01	1.549778e-04	1.381223e-04
2.924040e+03	1.167716e-01	-9.936708e-03	4.008405e-05	-1.178232e-01	8.098967e-05	2.557422e-04
2.936430e+03	1.145922e-01	3.175611e-02	-6.917480e-07	-1.143838e-01	2.077816e-04	2.638590e-04
2.948820e+03	9.604362e-02	7.009378e-02	-5.637199e-05	-9.634226e-02	1.020999e-04	3.438510e-04
2.961210e+03	6.590495e-02	9.942842e-02	-9.114455e-05	-6.604915e-02	9.018377e-05	2.004171e-04
2.973600e+03	2.712668e-02	1.167689e-01	-1.878731e-04	-2.728231e-02	8.412676e-05	1.520259e-04
2.985990e+03	-1.570514e-02	1.188581e-01	-1.355666e-04	1.554952e-02	-8.305866e-05	1.521874e-04
2.998380e+03	-5.690735e-02	1.067454e-01	-1.793480e-04	5.675172e-02	-7.896482e-05	1.531576e-04
3.010770e+03	-9.167475e-02	7.968444e-02	-1.509991e-04	9.150900e-02	-1.491247e-04	1.960203e-04
3.023160e+03	-1.146879e-01	4.156401e-02	-3.710634e-05	1.146307e-01	-2.000675e-04	2.415373e-04
3.035550e+03	-1.218409e-01	-3.049814e-03	1.101553e-04	1.217853e-01	-1.893236e-04	2.784405e-04
3.047940e+03	-1.125198e-01	-4.773241e-02	1.383032e-04	1.124719e-01	-1.332352e-04	2.990506e-04
3.060330e+03	-8.760290e-02	-8.568770e-02	1.651713e-04	8.734053e-02	-7.691310e-05	1.790863e-04
3.072720e+03	-4.981190e-02	-1.125719e-01	1.776486e-04	4.951669e-02	-2.083497e-05	3.095230e-04
3.085110e+03	-3.992111e-03	-1.231540e-01	1.923563e-04	3.643577e-03	6.064522e-05	3.475956e-04
3.097500e+03	4.319974e-02	-1.169542e-01	1.551076e-04	-4.354466e-02	1.045854e-04	3.304472e-04
3.109890e+03	8.488707e-02	-9.136107e-02	9.383830e-05	-8.515485e-02	7.972261e-05	2.901048e-04
3.122280e+03	1.151017e-01	-5.192685e-02	7.915711e-05	-1.151676e-01	1.319497e-04	2.690793e-04
3.134670e+03	1.257023e-01	-3.681067e-03	2.495092e-05	-1.257579e-01	1.704248e-04	2.774412e-04
3.147060e+03	1.193445e-01	4.687987e-02	-3.632863e-05	-1.193874e-01	2.200439e-04	2.551495e-04
3.159450e+03	9.165333e-02	9.120482e-02	-1.271993e-04	-9.210488e-02	2.077733e-04	4.250837e-04
3.171840e+03	4.806999e-02	1.214801e-01	-2.068001e-04	-4.855924e-02	1.358708e-04	4.107934e-04
3.184230e+03	-5.060487e-03	1.304128e-01	-2.573457e-04	4.577642e-03	6.038573e-05	4.898113e-04
3.196620e+03	-5.846147e-02	1.193463e-01	-2.315135e-04	5.800839e-02	-8.882128e-05	4.330643e-04
3.209010e+03	-1.036782e-01	8.513795e-02	-1.788855e-04	1.029308e-01	-1.990380e-04	5.366819e-04
3.221400e+03	-1.319529e-01	3.416243e-02	3.798683e-05	1.307111e-01	-2.908447e-04	7.141660e-04
3.233790e+03	-1.346409e-01	-2.552264e-02	4.967226e-05	1.345231e-01	-2.810790e-04	7.913637e-04
3.246180e+03	-1.107367e-01	-8.232921e-02	2.634961e-04	1.096819e-01	-1.990152e-04	8.084675e-04
3.258570e+03	-6.288986e-02	-1.244302e-01	2.575146e-04	6.185401e-02	-1.042558e-04	1.079195e-03
3.270960e+03	3.738629e-04	-1.391619e-01	2.049138e-04	-1.552558e-03	-7.364600e-05	1.145630e-03
3.283350e+03	6.586865e-02	-1.257166e-01	2.613593e-04	-6.730287e-02	1.380229e-04	1.419030e-03
3.295740e+03	1.238999e-01	-7.222133e-02	1.604578e-04	-1.252757e-01	1.794447e-04	1.345778e-03
3.308130e+03	1.433892e-01	-9.408357e-03	1.024660e-04	-1.454569e-01	4.022935e-04	1.859255e-03
3.320520e+03	1.306894e-01	6.811370e-02	-3.891785e-05	-1.327450e-01	3.647825e-04	1.997147e-03
3.332910e+03	7.332232e-02	1.298677e-01	-2.933695e-04	-7.523253e-02	4.165162e-04	1.892358e-03
3.345300e+03	-9.920616e-03	1.496052e-01	-4.777139e-04	8.224360e-03	1.695138e-04	1.697865e-03
3.357690e+03	-9.413262e-02	1.163411e-01	-4.534761e-04	9.290231e-02	-2.099802e-04	1.294321e-03
3.370080e+03	-1.404925e-01	3.625930e-02	-1.588664e-04	1.397668e-01	-4.932930e-04	6.276965e-04
3.382470e+03	-1.276841e-01	-5.991455e-02	1.352319e-04	1.276346e-01	-5.156807e-04	-3.365342e-04
3.394860e+03	-5.160184e-02	-1.222902e-01	4.679706e-04	5.314002e-02	-3.025890e-04	-1.447016e-03
3.407250e+03	4.469976e-02	-1.130955e-01	5.122981e-04	-4.218141e-02	7.227146e-05	-2.552043e-03
3.419640e+03	1.006997e-01	-4.241141e-02	2.803825e-04	-9.769703e-02	3.822240e-04	-3.332973e-03
3.432030e+03	8.567835e-02	3.809595e-02	-7.055383e-05	-8.184322e-02	5.300576e-04	-3.838014e-03
3.444420e+03	2.306144e-02	7.031575e-02	-3.774946e-04	-1.874105e-02	2.681653e-04	-4.324093e-03
3.456810e+03	-2.838126e-02	4.660801e-02	-4.122005e-04	3.230046e-02	5.575498e-06	-3.865119e-03
3.469200e+03	-3.488998e-02	4.630690e-03	-1.511436e-04	3.863914e-02	-2.989735e-04	-3.752729e-03
3.481590e+03	-1.479564e-02	-1.332028e-02	9.719017e-05	1.828354e-02	-3.399087e-04	-3.531529e-03
3.493980e+03	-9.095968e-04	-8.477651e-03	2.877572e-04	4.127553e-03	-1.576561e-04	-3.275134e-03
3.506370e+03	-2.583919e-03	-3.285319e-03	2.443550e-04	5.379121e-03	1.558577e-04	-2.786605e-03
3.518760e+03	-5.893521e-03	-8.531568e-03	7.532610e-05	7.772969e-03	2.491891e-04	-1.924607e-03
3.531150e+03	8.497272e-04	-1.769031e-02	-1.029116e-04	-5.065408e-04	2.028528e-04	-3.469068e-04
3.543540e+03	1.696239e-02	-1.601495e-02	-2.231591e-04	-1.844529e-02	1.599834e-05	1.537030e-03
3.555930e+03	2.804447e-02	2.242232e-03	-1.289076e-04	-3.149466e-02	-5.065730e-05	3.391036e-03
3.568320e+03	2.172051e-02	2.771171e-02	-2.768563e-05	-2.611424e-02	-1.162451e-04	4.371283e-03
3.580710e+03	-5.898287e-03	4.295415e-02	2.502784e-05	1.645577e-03	-9.758677e-05	4.252815e-03
3.593100e+03	-3.981016e-02	3.058226e-02	1.229425e-04	3.674157e-02	-2.584228e-05	3.085311e-03
3.605490e+03	-5.296405e-02	-7.480425e-03	1.697388e-04	5.227953e-02	7.237782e-06	9.628895e-04
3.617880e+03	-3.184321e-02	-4.877669e-02	8.236064e-05	3.302252e-02	4.480979e-05	-1.213328e-03
3.630270e+03	1.828492e-02	-5.898821e-02	8.698067e-05	-1.541655e-02	3.913521e-05	-2.817638e-03
3.642660e+03	6.178391e-02	-2.603609e-02	1.440118e-04	-5.816862e-02	1.168725e-04	-3.610004e-03
3.655050e+03	6.197435e-02	3.105627e-02	-1.513531e-04	-5.871042e-02	8.057871e-05	-3.248164e-03
3.667440e+03	1.529904e-02	6.609326e-02	-1.407976e-04	-1.275104e-02	-6.514276e-05	-2.529220e-03
3.679830e+03	-4.296614e-02	5.284144e-02	-7.121403e-05	4.410461e-02	-1.736745e-04	-1.114238e-03
3.692220e+03	-6.675756e-02	-9.448729e-04	1.252078e-04	6.671965e-02	-7.946101e-05	1.314026e-04
3.704610e+03	-4.223448e-02	-5.281754e-02	5.111624e-04	4.078245e-02	-1.000095e-04	1.463397e-03
3.717000e+03	1.342095e-02	-6.533836e-02	1.093663e-04	-1.526430e-02	1.366193e-04	1.841197e-03
3.729390e+03	5.760105e-02	-3.113139e-02	1.754626e-04	-5.975001e-02	3.449912e-04	2.185845e-03
3.741780e+03	6.017388e-02	2.418013e-02	-2.126429e-05	-6.204661e-02	1.572813e-04	1.839303e-03
3.754170e+03	2.123770e-02	6.106450e-02	-3.393771e-04	-2.255693e-02	9.003789e-05	1.374232e-03
3.766560e+03	-3.292560e-02	5.534332e-02	-2.074068e-05	3.195081e-02	-5.688909e-05	9.482060e-04
3.778950e+03	-5.983551e-02	9.505798e-03	-1.226094e-04	5.931277e-02	-3.645273e-04	5.426555e-04
3.791340e+03	-4.300819e-02	-3.884806e-02	8.986336e-05	4.270185e-02	3.017124e-05	3.157324e-04
3.803730e+03	6.591259e-03	-5.298311e-02	6.392907e-05	-6.321624e-03	1.979630e-04	-2.557913e-04
3.816120e+03	4.265031e-02	-2.217280e-02	1.416143e-05	-4.216950e-02	1.358141e-04	-4.895084e-04
3.828510e+03	3.846462e-02	2.252971e-02	-1.376170e-04	-3.746451e-02	1.244983e-04	-9.968576e-04
3.840900e+03	1.264553e-04	3.958404e-02	8.786174e-05	1.232928e-03	-1.136924e-04	-1.356326e-03
3.853290e+03	-3.193932e-02	1.677912e-02	-3.596061e-05	3.312235e-02	-1.603346e-04	-1.174478e-03
3.865680e+03	-2.684697e-02	-2.055073e-02	1.418600e-04	2.788729e-02	-8.876898e-05	-1.060966e-03
3.878070e+03	7.892491e-03	-3.205361e-02	-7.299512e-06	-6.620319e-03	-1.306905e-04	-1.240431e-03
3.890460e+03	3.351498e-02	-7.588183e-03	6.446741e-05	-3.309648e-02	1.731876e-04	-4.173571e-04
3.902850e+03	2.385458e-02	2.749205e-02	-1.206049e-04	-2.385540e-02	2.176474e-04	-1.083226e-05
3.915240e+03	-1.213030e-02	3.609944e-02	-2.249124e-04	1.189462e-02	-8.296833e-06	2.732823e-04
3.927630e+03	-3.902871e-02	9.403952e-03	-1.239180e-04	3.857111e-02	-5.705639e-04	4.584866e-04
3.940020e+03	-3.026074e-02	-2.891942e-02	1.457602e-04	2.940704e-02	-2.575505e-04	8.555223e-04
3.952410e+03	7.817166e-03	-4.302085e-02	2.563399e-04	-8.883198e-03	-5.534485e-05	1.043052e-03
3.964800e+03	4.297907e-02	-1.810517e-02	1.998717e-04	-4.377522e-02	8.471565e-05	7.162219e-04
3.977190e+03	4.240342e-02	2.707514e-02	2.378934e-05	-4.284770e-02	2.567540e-04	5.397303e-04
3.989580e+03	3.163895e-03	5.336120e-02	-1.397536e-04	-3.335813e-03	1.955626e-04	1.625280e-04
4.001970e+03	-4.242176e-02	3.623966e-02	-2.702100e-04	4.286382e-02	-7.296075e-05	-4.112044e-04
4.014360e+03	-5.580024e-02	-1.337197e-02	-8.579465e-05	5.654770e-02	-3.271212e-04	-7.701061e-04
4.026750e+03	-2.201382e-02	-5.338985e-02	2.005621e-04	2.295976e-02	-3.016700e-04	-9.588081e-04
4.039140e+03	3.197027e-02	-5.016484e-02	3.782799e-04	-3.077029e-02	-1.125671e-04	-1.152219e-03
4.051530e+03	6.000320e-02	-3.106898e-03	1.526506e-04	-5.917206e-02	7.482121e-04	-8.570781e-04
4.063920e+03	3.778574e-02	4.795513e-02	-3.106898e-05	-3.777186e-02	3.408973e-04	-4.631088e-05
4.076310e+03	-1.697397e-02	5.996005e-02	-3.069057e-04	1.654631e-02	2.003452e-04	4.138856e-04
4.088700e+03	-5.945315e-02	1.579358e-02	-2.428595e-04	5.869748e-02	-1.325664e-04	6.907301e-04
4.101090e+03	-5.237619e-02	-3.325264e-02	-4.249229e-05	5.152429e-02	-4.008488e-04	8.518586e-04
4.113480e+03	-4.794452e-03	-6.117145e-02	1.973457e-04	4.070629e-03	-3.296257e-04	7.286759e-04
4.125870e+03	4.637823e-02	-4.000548e-02	3.675659e-04	-4.670200e-02	-1.348785e-05	3.005786e-04
4.138260e+03	6.010807e-02	1.271172e-02	1.864797e-04	-6.025268e-02	2.339172e-04	1.039559e-04
4.150650e+03	2.665957e-02	5.477721e-02	-6.541500e-05	-2.642376e-02	1.099034e-04	-1.938552e-04
4.163040e+03	-2.685382e-02	5.327967e-02	-3.217702e-04	2.697546e-02	1.719143e-04	-9.070670e-05
4.175430e+03	-5.520517e-02	9.642378e-03	-2.291606e-04	5.518585e-02	-7.332039e-05	2.220342e-06
4.187820e+03	-3.846843e-02	-3.815413e-02	-1.929143e-05	3.847191e-02	-3.175658e-04	2.279125e-05
4.200210e+03	9.326191e-03	-4.968385e-02	1.334005e-04	-9.311574e-03	-2.616039e-04	-3.574187e-05
4.212600e+03	4.531335e-02	-1.895167e-02	2.166132e-04	-4.518252e-02	-7.014240e-05	-1.178879e-04
4.224990e+03	3.932896e-02	2.614530e-02	1.768011e-04	-3.918532e-02	1.663771e-04	-1.760150e-04
4.237380e+03	-1.673640e-04	4.524375e-02	5.849568e-05	4.559971e-04	2.291471e-04	-2.661539e-04
4.249770e+03	-3.666953e-02	2.405083e-02	-1.712845e-04	3.693515e-02	8.029898e-05	-2.514428e-04
4.262160e+03	-3.806189e-02	-1.692099e-02	-2.016790e-04	3.828578e-02	-7.993772e-05	-2.491878e-04
4.274550e+03	-5.891644e-03	-3.929234e-02	2.333175e-05	5.915944e-03	-2.680454e-04	-2.509652e-05
4.286940e+03	2.920441e-02	-2.507072e-02	1.307100e-04	-2.927238e-02	-1.481057e-04	-3.717246e-06
4.299330e+03	3.625254e-02	1.139087e-02	2.211320e-04	-3.628541e-02	5.450086e-05	2.333095e-05
4.311720e+03	9.465467e-03	3.581317e-02	9.252906e-05	-9.579484e-03	1.076284e-04	1.177537e-04
4.324110e+03	-2.443335e-02	2.668103e-02	-9.020286e-05	2.426072e-02	6.039455e-05	1.391549e-04
4.336500e+03	-3.471497e-02	-5.817745e-03	1.692185e-04	3.465935e-02	-5.851099e-05	1.147381e-05
4.348890e+03	-1.239166e-02	-3.150131e-02	1.546232e-04	1.229788e-02	-3.293172e-04	1.087812e-04
4.361280e+03	2.088711e-02	-2.653621e-02	8.115302e-05	-2.114074e-02	-8.724917e-05	1.718943e-04
4.373670e+03	3.427151e-02	4.554349e-03	3.999088e-05	-3.432713e-02	-5.615286e-05	3.527078e-05
4.386060e+03	1.534381e-02	3.224762e-02	3.073182e-05	-1.554614e-02	1.126840e-04	1.571191e-04
4.398450e+03	-1.881922e-02	3.104839e-02	3.971884e-05	1.920897e-02	-5.260587e-05	-3.635079e-04
4.410840e+03	-3.563039e-02	9.264195e-04	1.359678e-05	3.587359e-02	-4.517803e-05	-2.239430e-04
4.423230e+03	-1.992372e-02	-3.016483e-02	-1.204540e-04	2.037224e-02	2.493186e-05	-4.407808e-04
4.435620e+03	1.495660e-02	-3.345085e-02	-2.240180e-05	-1.480846e-02	-1.633619e-05	-1.922694e-04
4.448010e+03	3.652296e-02	-5.489551e-03	5.410598e-05	-3.641655e-02	-4.250529e-05	-1.136811e-04
4.460400e+03	2.570470e-02	2.909004e-02	-3.288738e-05	-2.580818e-02	-3.210455e-05	1.149023e-04
4.472790e+03	-9.879144e-03	3.816463e-02	4.707602e-06	9.882121e-03	-7.455603e-05	3.424416e-05
4.485180e+03	-3.827901e-02	1.416710e-02	2.549908e-05	3.814667e-02	-2.854444e-05	1.760210e-04
4.497570e+03	-3.321748e-02	-2.307348e-02	8.873928e-05	3.305123e-02	-1.558881e-04	1.720070e-04
4.509960e+03	3.489790e-04	-4.038340e-02	1.847200e-04	-4.747375e-04	5.158551e-05	1.271758e-04
4.522350e+03	3.392888e-02	-2.261201e-02	3.746212e-05	-3.409053e-02	2.590381e-05	1.434964e-04
4.534740e+03	3.882283e-02	1.567569e-02	-2.458704e-05	-3.886481e-02	8.496742e-05	-9.255473e-06
4.547130e+03	9.475197e-03	4.072736e-02	-5.348151e-05	-9.197423e-03	1.467578e-04	-2.290169e-04
4.559520e+03	-2.819102e-02	3.114268e-02	-6.129233e-05	2.819776e-02	-9.081584e-05	-4.092315e-05
4.571910e+03	-4.071950e-02	-5.151348e-03	6.693592e-06	4.076550e-02	-1.993946e-04	-5.668505e-05
4.584300e+03	-1.861954e-02	-3.598385e-02	1.356033e-04	1.867330e-02	-1.329023e-04	-1.215480e-04
4.596690e+03	1.970990e-02	-3.532436e-02	9.966624e-05	-1.952377e-02	-7.446459e-05	-2.534394e-04
4.609080e+03	3.941668e-02	-3.086163e-03	5.470618e-05	-3.937230e-02	1.224483e-04	-7.936350e-05
4.621470e+03	2.554693e-02	3.125404e-02	-1.335151e-04	-2.550256e-02	9.327984e-05	-8.773873e-05
4.633860e+03	-1.072135e-02	3.809028e-02	-2.372722e-05	1.067416e-02	3.779088e-05	2.881041e-05
4.646250e+03	-3.682537e-02	1.359191e-02	-9.693423e-05	3.665449e-02	-1.017787e-04	1.562864e-04
4.658640e+03	-3.098228e-02	-2.208482e-02	9.673753e-05	3.082919e-02	-1.442768e-04	1.668495e-04
4.671030e+03	8.274678e-04	-3.699254e-02	2.369607e-04	-1.046010e-03	1.953916e-06	2.201373e-04
4.683420e+03	3.065349e-02	-1.941897e-02	1.529869e-04	-3.080911e-02	1.625474e-04	1.855690e-04
4.695810e+03	3.345830e-02	1.456918e-02	7.369449e-05	-3.369804e-02	3.964111e-04	1.559088e-04
4.708200e+03	6.771305e-03	3.499890e-02	-1.734234e-04	-6.775845e-03	1.794480e-04	4.594590e-05
4.720590e+03	-2.447740e-02	2.525303e-02	-1.778989e-04	2.450491e-02	-5.453093e-05	2.471857e-05
4.732980e+03	-3.305118e-02	-5.513106e-03	-7.561626e-05	3.309556e-02	-2.270863e-04	-3.369404e-05
4.745370e+03	-1.326912e-02	-2.915359e-02	1.696269e-04	1.332685e-02	-2.699067e-04	-2.748380e-05
4.757760e+03	1.676328e-02	-2.632024e-02	4.807210e-04	-1.684305e-02	-1.995400e-04	1.025892e-04
4.770150e+03	3.034549e-02	7.982040e-05	9.207118e-05	-3.020111e-02	1.751715e-04	-8.899843e-05
4.782540e+03	1.701225e-02	2.589717e-02	-1.074234e-04	-1.697442e-02	1.543731e-04	-5.295865e-05
4.794930e+03	-1.137445e-02	2.802596e-02	-1.798908e-04	1.142061e-02	2.885080e-05	-3.625453e-05
4.807320e+03	-2.852677e-02	6.304323e-03	-1.500382e-04	2.847115e-02	-1.450641e-04	4.329910e-05
4.819710e+03	-2.010875e-02	-1.964582e-02	-5.736406e-05	2.005305e-02	-9.554589e-05	5.221602e-05
4.832100e+03	5.510628e-03	-2.635696e-02	1.438680e-04	-5.549965e-03	-3.317959e-05	7.806446e-05
4.844490e+03	2.529596e-02	-9.394719e-03	1.580759e-04	-2.547698e-02	2.882087e-04	1.609222e-04
4.856880e+03	2.144002e-02	1.574236e-02	9.353243e-05	-2.170750e-02	1.074969e-04	2.515120e-04
4.869270e+03	-1.173855e-03	2.670373e-02	-6.126606e-05	1.091344e-03	7.976322e-05	8.476806e-05
4.881660e+03	-2.184013e-02	1.416187e-02	-1.323373e-04	2.153977e-02	-4.234894e-05	2.946532e-04
4.894050e+03	-2.326294e-02	-1.015242e-02	-6.669891e-05	2.327255e-02	-1.001424e-04	-2.516632e-05
4.906440e+03	-3.615541e-03	-2.392005e-02	1.686581e-04	3.462914e-03	-6.410298e-06	1.075840e-04
4.918830e+03	1.825841e-02	-1.543702e-02	1.734393e-04	-1.813651e-02	-1.014496e-05	-5.638050e-05
4.931220e+03	2.297936e-02	6.932951e-03	1.420299e-04	-2.283503e-02	6.777291e-05	-1.208495e-04
4.943610e+03	6.949057e-03	2.280063e-02	1.571569e-05	-6.903646e-03	7.014317e-06	-6.353723e-05
4.956000e+03	-1.481439e-02	1.858803e-02	-1.345410e-04	1.496728e-02	2.257318e-05	-1.054369e-04
4.968390e+03	-2.253565e-02	-1.910483e-03	-1.126969e-04	2.258048e-02	-6.905758e-05	-6.252463e-05
4.980780e+03	-1.026205e-02	-1.972718e-02	-2.762103e-05	1.026127e-02	-1.867611e-05	-4.061056e-07
4.993170e+03	1.093491e-02	-1.867523e-02	3.411211e-05	-1.098761e-02	-4.297077e-05	7.167157e-05
5.005560e+03	2.154552e-02	-7.868112e-04	1.768033e-04	-2.150441e-02	-4.748506e-05	-1.600738e-05
5.017950e+03	1.287728e-02	1.814634e-02	5.586712e-05	-1.302690e-02	8.117998e-05	1.140224e-04
5.030340e+03	-7.677256e-03	2.094058e-02	-2.948289e-05	7.605733e-03	4.163854e-05	8.230563e-05
5.042730e+03	-2.120942e-02	5.575120e-03	-7.190919e-05	2.124536e-02	-2.310154e-05	3.393950e-05
5.055120e+03	-1.578892e-02	-1.393609e-02	-5.316441e-06	1.583369e-02	-6.213387e-05	4.953603e-06
5.067510e+03	3.231122e-03	-2.027462e-02	1.523653e-05	-3.155972e-03	-2.332584e-05	-6.537822e-05
5.079900e+03	1.889683e-02	-7.945135e-03	6.816216e-05	-1.891506e-02	-2.597043e-05	-2.507467e-05
5.092290e+03	1.715386e-02	1.161289e-02	4.185583e-05	-1.712962e-02	1.548788e-05	-9.896014e-06
5.104680e+03	1.967413e-04	2.090285e-02	-6.135887e-06	-1.482657e-04	1.240538e-05	-3.791651e-05
5.117070e+03	-1.672739e-02	1.210373e-02	-3.540254e-05	1.682803e-02	9.365957e-06	-9.433992e-05
5.129460e+03	-1.827324e-02	-6.091937e-03	-2.916010e-06	1.838267e-02	-6.597927e-05	-7.432349e-05
5.141850e+03	-4.529430e-03	-1.870004e-02	-6.153712e-05	4.446676e-03	-4.773656e-05	7.893149e-05
5.154240e+03	1.349775e-02	-1.344478e-02	5.565659e-05	-1.354322e-02	1.502539e-05	4.124599e-05
5.166630e+03	1.859362e-02	4.111414e-03	-7.911060e-07	-1.864924e-02	3.766899e-05	5.930174e-05
5.179020e+03	7.364921e-03	1.798000e-02	3.703629e-05	-7.430794e-03	1.963578e-04	6.901902e-05
5.191410e+03	-1.042457e-02	1.651582e-02	-6.765548e-05	1.037746e-02	1.395410e-05	3.925398e-05
5.203800e+03	-1.848581e-02	9.150608e-04	-2.523097e-05	1.840730e-02	-2.603239e-05	9.118346e-05
5.216190e+03	-1.061142e-02	-1.463442e-02	-8.254418e-06	1.054536e-02	-1.016296e-04	5.339111e-05
5.228580e+03	6.482986e-03	-1.607789e-02	-1.601387e-04	-6.375397e-03	6.949494e-05	-1.161643e-04
5.240970e+03	1.718792e-02	-3.170510e-03	2.613422e-05	-1.715920e-02	3.746594e-05	1.854047e-05
5.253360e+03	1.250468e-02	1.276693e-02	1.369194e-05	-1.244799e-02	6.483789e-05	-3.210346e-05
5.265750e+03	-3.290158e-03	1.749168e-02	-8.279465e-05	3.251082e-03	-5.294232e-05	2.732377e-05
5.278140e+03	-1.591101e-02	7.394633e-03	-1.248936e-05	1.597228e-02	-1.984957e-05	-4.100292e-05
5.290530e+03	-1.428956e-02	-8.534119e-03	3.649779e-05	1.433421e-02	-4.096603e-05	-5.462916e-05
5.302920e+03	-4.498623e-04	-1.583825e-02	6.954851e-05	4.622484e-04	2.182749e-05	-5.145958e-06
5.315310e+03	1.316848e-02	-8.521916e-03	-2.708657e-05	-1.323100e-02	1.149084e-04	4.334451e-05
5.327700e+03	1.456467e-02	6.469141e-03	1.232997e-05	-1.456428e-02	4.567423e-05	3.621213e-05
5.340090e+03	3.009872e-03	1.598097e-02	-4.716728e-05	-3.046172e-03	1.046554e-06	3.725448e-05
5.352480e+03	-1.095409e-02	1.167963e-02	-7.051140e-05	1.099822e-02	-3.158002e-06	1.655912e-05
5.364870e+03	-1.509746e-02	-2.119563e-03	-3.260577e-05	1.514248e-02	-2.993404e-05	1.065156e-05
5.377260e+03	-6.217081e-03	-1.311565e-02	8.542776e-05	6.201276e-03	2.955652e-05	7.631729e-06
5.389650e+03	7.710988e-03	-1.179812e-02	1.070780e-05	-7.742109e-03	-2.231976e-05	3.680031e-05
5.402040e+03	1.393555e-02	3.411401e-04	2.765530e-05	-1.399117e-02	4.488145e-05	4.755579e-05
5.414430e+03	7.888243e-03	1.207132e-02	1.684755e-05	-7.743012e-03	3.569942e-05	-1.356067e-04
5.426820e+03	-4.987518e-03	1.396963e-02	-4.282324e-04	4.885304e-03	6.013268e-04	1.169576e-04
5.439210e+03	-1.318714e-02	3.398930e-03	3.281751e-05	1.323210e-02	9.834771e-05	-5.127267e-05
5.451600e+03	-9.661245e-03	-8.697661e-03	1.020567e-05	9.715414e-03	-3.861630e-05	-4.277799e-05
5.463990e+03	2.270905e-03	-1.204887e-02	7.404728e-05	-2.238368e-03	1.568262e-05	-3.613433e-05
5.476380e+03	1.146688e-02	-4.498712e-03	1.278927e-05	-1.143625e-02	-9.328099e-06	-7.160352e-05
5.488770e+03	9.736757e-03	7.162415e-03	1.137663e-04	-1.006921e-02	1.688860e-05	3.110885e-04
5.501160e+03	3.395270e-05	1.250544e-02	-8.937697e-05	2.153148e-04	5.035118e-07	-2.349206e-04
5.513550e+03	-1.014918e-02	7.299612e-03	-7.462500e-05	1.019367e-02	-2.081668e-05	1.093542e-05
5.525940e+03	-1.117022e-02	-3.818096e-03	-4.540549e-05	1.111454e-02	-3.952429e-05	5.969974e-05
5.538330e+03	-2.921700e-03	-1.048561e-02	4.613431e-06	2.728770e-03	-1.495534e-05	1.880887e-04
5.550720e+03	7.721634e-03	-7.470632e-03	3.364544e-05	-7.715869e-03	3.318457e-05	5.669968e-06
5.563110e+03	1.029311e-02	2.492071e-03	1.037157e-05	-1.036587e-02	1.526956e-05	1.662296e-05
5.575500e+03	4.032455e-03	1.040757e-02	-9.156115e-05	-4.000377e-03	-1.434615e-05	-2.179499e-05
5.587890e+03	-6.039994e-03	9.337209e-03	-8.799642e-05	6.077515e-03	-4.385763e-05	-3.851684e-05
5.600280e+03	-1.040741e-02	6.009072e-04	-2.416959e-05	1.045035e-02	-5.715335e-05	-1.403225e-05
5.612670e+03	-5.849743e-03	-7.786685e-03	-1.864659e-05	5.862848e-03	-2.961037e-05	-6.845116e-06
5.625060e+03	3.502661e-03	-8.519589e-03	8.120233e-05	-3.510410e-03	3.744688e-05	4.348806e-06
5.637450e+03	9.103721e-03	-1.349891e-03	-5.180836e-06	-9.071995e-03	2.929474e-05	-3.833544e-05
5.649840e+03	6.457363e-03	7.325971e-03	-1.107481e-04	-6.375715e-03	1.411435e-04	-7.083594e-05
5.662230e+03	-2.005757e-03	9.447638e-03	-2.222844e-05	2.000064e-03	5.144946e-05	3.900278e-06
5.674620e+03	-8.404331e-03	3.918923e-03	-9.214367e-05	8.389195e-03	-6.750773e-05	1.236721e-05
5.687010e+03	-7.312767e-03	-4.270982e-03	-1.032512e-05	7.317610e-03	-5.674437e-05	4.925374e-06
5.699400e+03	-1.088017e-04	-7.714590e-03	2.145836e-05	8.704824e-05	-4.145294e-05	2.595367e-05
5.711790e+03	6.674204e-03	-3.904067e-03	2.399381e-05	-6.698907e-03	7.887708e-06	3.305623e-05
5.724180e+03	7.234566e-03	3.774364e-03	3.763887e-05	-7.288336e-03	-1.837940e-04	5.592991e-05
5.736570e+03	1.277135e-03	8.074499e-03	-6.138828e-05	-1.300552e-03	-2.393486e-05	2.445203e-05
5.748960e+03	-5.641919e-03	5.870155e-03	-4.420166e-05	5.633208e-03	-2.915445e-05	1.547257e-05
5.761350e+03	-7.343537e-03	-9.943798e-04	-2.531069e-05	7.334839e-03	-5.136903e-05	7.410556e-06
5.773740e+03	-2.846939e-03	-6.057539e-03	1.524278e-05	2.860824e-03	-6.145874e-05	-1.649875e-05
5.786130e+03	3.789426e-03	-5.239711e-03	2.239431e-05	-3.788238e-03	-3.026833e-05	4.767560e-06
5.798520e+03	6.387036e-03	6.988064e-04	1.186068e-05	-6.374383e-03	1.597642e-05	-1.225236e-05
5.810910e+03	3.367982e-03	6.282379e-03	-1.210107e-04	-3.351223e-03	8.191262e-05	-1.804764e-05
5.823300e+03	-2.785017e-03	6.428791e-03	-5.484168e-06	2.760103e-03	3.092007e-05	2.512738e-05
5.835690e+03	-6.167849e-03	1.748395e-03	-2.523290e-05	6.155618e-03	-3.075747e-05	9.505628e-06
5.848080e+03	-4.411319e-03	-3.711096e-03	6.513315e-06	4.389450e-03	-4.709036e-05	2.180048e-05
5.860470e+03	9.697789e-04	-5.004853e-03	-5.059038e-06	-1.118874e-03	-2.621184e-05	1.431599e-04
5.872860e+03	5.032353e-03	-1.564707e-03	2.722405e-05	-5.089705e-03	1.533707e-05	6.132431e-05
5.885250e+03	4.353063e-03	3.631157e-03	1.710526e-07	-4.402560e-03	2.022378e-05	5.229906e-05
5.897640e+03	-2.416298e-04	5.757480e-03	-8.006636e-05	1.197408e-04	2.059365e-05	1.209188e-04
5.910030e+03	-4.340692e-03	3.579879e-03	-1.834938e-04	4.489939e-03	1.849753e-04	-1.170562e-04
5.922420e+03	-4.755015e-03	-1.282936e-03	-3.489539e-05	4.705044e-03	-4.108897e-05	5.716851e-05
5.934810e+03	-1.108664e-03	-4.003023e-03	-3.724257e-06	1.094347e-03	-5.937421e-05	1.130609e-05
5.947200e+03	2.982149e-03	-2.649587e-03	-7.140881e-05	-3.000674e-03	-5.240906e-06	9.673717e-06
5.959590e+03	4.131267e-03	1.501110e-03	3.575637e-05	-4.102751e-03	2.488227e-06	-2.660566e-05
5.971980e+03	1.434255e-03	4.564958e-03	-2.899554e-05	-1.403680e-03	7.582265e-05	-2.970959e-05
5.984370e+03	-2.806735e-03	4.224344e-03	2.620240e-04	2.694787e-03	-6.472296e-05	1.237184e-04
5.996760e+03	-4.055502e-03	5.890878e-04	-8.885780e-06	4.087485e-03	-4.904888e-05	-3.749898e-05
6.009150e+03	-2.263488e-03	-2.609107e-03	-3.607986e-05	2.249619e-03	-3.395097e-05	1.686472e-05
6.021540e+03	1.229265e-03	-2.727582e-03	-3.448156e-05	-1.281591e-03	-6.349712e-05	5.994512e-05
6.033930e+03	3.073043e-03	-1.011274e-05	1.878019e-05	-3.187558e-03	-6.764580e-05	1.275895e-04
6.046320e+03	2.081472e-03	2.990569e-03	2.650416e-05	-2.099716e-03	8.669547e-06	3.726611e-05
6.058710e+03	-9.511872e-04	3.660816e-03	-3.164260e-06	9.157389e-04	1.094791e-05	3.522550e-05
6.071100e+03	-3.093705e-03	1.699803e-03	-3.575364e-05	3.086459e-03	1.994970e-05	8.612809e-06
6.083490e+03	-2.490932e-03	-1.138316e-03	-1.270539e-04	2.772429e-03	-4.561511e-05	-2.393715e-04
6.095880e+03	-1.498642e-04	-2.186730e-03	-2.339220e-05	1.391849e-04	-5.401152e-05	1.169581e-05
6.108270e+03	2.086673e-03	-8.649775e-04	6.815976e-06	-2.088848e-03	-3.714648e-05	5.132367e-06
6.120660e+03	2.157107e-03	1.598168e-03	1.037777e-04	-2.045033e-03	-1.853543e-05	-1.075747e-04
6.133050e+03	2.014665e-04	2.958980e-03	3.878523e-08	-2.025150e-04	-1.793907e-06	2.268734e-06
6.145440e+03	-1.886273e-03	2.186184e-03	-1.070919e-05	1.849242e-03	2.402270e-06	2.714182e-05
6.157830e+03	-2.390930e-03	5.864250e-05	-8.463876e-05	2.368018e-03	-4.453896e-06	3.513502e-05
6.170220e+03	-9.708357e-04	-1.481021e-03	-9.678167e-05	9.350460e-04	1.797185e-05	3.702789e-05
6.182610e+03	1.025208e-03	-1.118536e-03	-9.990543e-06	-1.040988e-03	-3.064666e-05	1.583711e-05
6.195000e+03	1.730359e-03	6.208636e-04	-1.025519e-05	-1.748322e-03	-3.145852e-05	2.368053e-05
6.207390e+03	7.979615e-04	2.179128e-03	-4.621544e-06	-8.186146e-04	-2.421982e-05	2.075142e-05
6.219780e+03	-9.220224e-04	2.187263e-03	-5.205767e-08	8.803746e-04	-8.209663e-06	4.210589e-05
6.232170e+03	-1.804424e-03	8.485896e-04	4.855233e-06	1.768793e-03	-4.211847e-05	3.985909e-05
6.244560e+03	-1.293279e-03	-5.654684e-04	-3.443123e-05	1.277463e-03	-7.490880e-05	2.557940e-05
6.256950e+03	9.380100e-05	-8.782109e-04	1.290670e-05	-1.319034e-04	-1.617791e-05	4.108696e-05
6.269340e+03	1.080719e-03	1.438821e-05	2.136157e-06	-1.112405e-03	-2.118990e-07	2.676832e-05
6.281730e+03	9.800512e-04	1.341843e-03	6.823486e-06	-9.700181e-04	-9.278040e-06	-5.961613e-06
6.294120e+03	-1.677432e-04	1.773789e-03	4.118882e-05	1.318763e-04	2.992024e-05	3.599958e-05
6.306510e+03	-1.173407e-03	1.228745e-03	-1.473067e-05	1.159578e-03	-4.336180e-06	1.716686e-05
6.318900e+03	-1.267216e-03	1.128638e-04	-9.822270e-07	1.237643e-03	1.292891e-05	3.078054e-05
6.331290e+03	-3.869996e-04	-4.006829e-04	-1.590693e-05	4.242510e-04	-2.211556e-05	-2.949513e-05
6.343680e+03	6.765105e-04	-1.537161e-04	-1.170010e-05	-5.793452e-04	8.098330e-05	-7.246810e-05
6.356070e+03	4.071883e-04	7.760177e-04	1.219206e-04	-5.520070e-04	-2.971171e-05	1.465362e-04
6.368460e+03	1.929402e-04	1.364121e-03	1.040708e-05	-2.113553e-04	-1.814144e-05	1.862423e-05
6.380850e+03	-5.533537e-04	1.280077e-03	2.943053e-06	5.429932e-04	-6.162120e-06	1.144704e-05
6.393240e+03	-9.163556e-04	6.523312e-04	1.690210e-05	8.787312e-04	8.140444e-06	3.941246e-05
6.405630e+03	-6.255135e-04	2.353431e-05	1.379176e-05	5.915396e-04	7.320988e-06	3.827765e-05
6.418020e+03	1.799062e-05	-3.812220e-05	-1.243396e-05	-7.143490e-05	5.131741e-05	5.765942e-05
6.430410e+03	4.258248e-04	3.786137e-04	-2.612859e-05	-4.656332e-04	-4.312101e-06	4.240342e-05
6.442800e+03	2.772436e-04	9.514116e-04	1.309156e-05	-2.845145e-04	-1.405633e-05	1.033744e-05
6.455190e+03	-1.955434e-04	1.160601e-03	9.143848e-06	1.882649e-04	-1.207662e-05	4.401099e-06
6.467580e+03	-6.598637e-04	8.740156e-04	-9.728906e-06	6.530646e-04	-2.142480e-06	7.580026e-06
6.479970e+03	-6.515817e-04	3.948717e-04	3.970495e-07	6.645198e-04	-5.640567e-06	-9.397042e-06
6.492360e+03	-2.785297e-04	1.413423e-04	3.077995e-06	2.942646e-04	-6.277186e-06	-1.217455e-05
6.504750e+03	1.114781e-04	2.583728e-04	-1.972824e-06	-1.291005e-04	-3.012344e-05	1.915190e-05
6.517140e+03	1.911975e-04	6.633065e-04	-4.601129e-06	-2.070222e-04	-2.145430e-05	1.610377e-05
6.529530e+03	-2.029037e-05	9.882679e-04	1.066262e-06	3.344895e-05	-1.457424e-05	-2.746028e-06
6.541920e+03	-5.056788e-04	9.078022e-04	4.198324e-06	4.058813e-04	1.644201e-05	9.667282e-05
6.554310e+03	-5.945434e-04	6.626218e-04	-4.049317e-05	5.866332e-04	5.695509e-06	1.178997e-05
6.566700e+03	-4.621944e-04	3.307558e-04	1.444125e-06	4.242163e-04	-7.274812e-06	3.773724e-05
6.579090e+03	-1.182312e-04	2.749747e-04	9.802196e-06	1.778469e-04	3.085933e-05	-5.054115e-05
6.591480e+03	1.057215e-04	4.608570e-04	1.355945e-05	-1.094886e-04	-1.330260e-06	5.250744e-06
6.603870e+03	4.681684e-05	7.301608e-04	-1.886234e-06	-3.510047e-05	-8.259445e-06	-9.327062e-06
6.616260e+03	-1.902735e-04	8.303265e-04	-2.363692e-05	2.231201e-04	-5.335382e-05	-3.066076e-05
6.628650e+03	-3.776476e-04	7.284040e-04	-1.138555e-05	4.374748e-04	-4.551055e-05	-5.936362e-05
6.641040e+03	-4.841550e-04	5.198792e-04	-6.999599e-07	4.644101e-04	-4.078805e-06	1.749444e-05
6.653430e+03	-2.620464e-04	3.305122e-04	1.305491e-05	2.698553e-04	-2.187405e-05	-6.085062e-06
6.665820e+03	-8.509150e-05	3.745177e-04	4.836993e-06	6.307495e-05	-8.345993e-06	2.267096e-05
6.678210e+03	1.149386e-05	5.444451e-04	4.972063e-05	5.339367e-06	1.071774e-06	-1.445439e-05
6.690600e+03	-5.914516e-05	7.415744e-04	4.774666e-06	5.188090e-05	3.357474e-06	8.742047e-06
6.702990e+03	-2.808725e-04	7.796710e-04	3.073825e-06	2.840652e-04	-1.100533e-05	-1.815774e-06
6.715380e+03	-4.232320e-04	6.229099e-04	3.536638e-06	4.467430e-04	-1.934048e-05	-2.290533e-05
6.727770e+03	-4.191736e-04	4.374614e-04	-3.522767e-08	3.678337e-04	-1.008297e-05	5.242461e-05
