1.325730e+03	1.005541e-01	1.306921e-02	-2.610029e-05	-1.004541e-01	1.880446e-04	-5.007221e-05
1.338120e+03	9.321184e-02	4.012719e-02	-1.915663e-06	-9.311184e-02	2.347674e-05	-1.014106e-04
1.350510e+03	7.907354e-02	6.334214e-02	-3.121000e-07	-7.896954e-02	-3.784061e-06	-1.068761e-04
1.362900e+03	5.949618e-02	8.202197e-02	-3.311822e-05	-5.947148e-02	5.242114e-05	-1.076627e-05
1.375290e+03	3.569531e-02	9.476528e-02	-1.774040e-05	-3.582114e-02	7.835487e-06	1.585286e-04
1.387680e+03	9.353302e-03	1.005726e-01	-3.231914e-05	-9.655195e-03	9.166330e-06	2.781328e-04
1.400070e+03	-1.775247e-02	9.960263e-02	-2.244707e-05	1.745401e-02	-5.522815e-06	2.923444e-04
1.412460e+03	-4.350386e-02	9.148854e-02	-2.340970e-05	4.320108e-02	-1.893694e-05	2.937285e-04
1.424850e+03	-6.606757e-02	7.652805e-02	-1.570540e-05	6.584484e-02	-2.923141e-05	2.810662e-04
1.437240e+03	-8.404237e-02	5.638702e-02	3.877262e-05	8.374192e-02	-6.108610e-05	2.730074e-04
1.449630e+03	-9.614667e-02	3.206283e-02	9.401064e-06	9.580999e-02	-3.686170e-05	3.478756e-04
1.462020e+03	-1.017971e-01	5.116256e-03	7.225587e-05	1.008441e-01	-3.428739e-05	5.033675e-04
1.474410e+03	-9.951182e-02	-2.226184e-02	5.246287e-05	9.896366e-02	-3.785174e-06	5.777791e-04
1.486800e+03	-8.944972e-02	-4.794301e-02	2.438906e-05	8.905384e-02	5.238408e-06	3.947761e-04
1.499190e+03	-7.320514e-02	-6.987328e-02	1.850809e-05	7.290299e-02	6.046504e-06	2.626691e-04
1.511580e+03	-5.189050e-02	-8.664132e-02	-1.001000e-05	5.167614e-02	3.119155e-05	2.170829e-04
1.523970e+03	-2.708228e-02	-9.761512e-02	-1.354657e-05	2.678364e-02	9.383362e-06	2.939361e-04
1.536360e+03	-9.918256e-05	-1.009976e-01	-4.566598e-06	-2.814776e-04	2.106565e-05	3.789988e-04
1.548750e+03	2.735479e-02	-9.776993e-02	-1.925262e-05	-2.776163e-02	-1.842374e-05	3.615524e-04
1.561140e+03	5.283277e-02	-8.671935e-02	1.007323e-05	-5.314069e-02	-1.073125e-05	3.534983e-04
1.573530e+03	7.452124e-02	-6.933713e-02	1.949137e-05	-7.491201e-02	1.827906e-05	3.281149e-04
1.585920e+03	9.093294e-02	-4.650847e-02	2.438486e-05	-9.126010e-02	4.730972e-06	3.262171e-04
1.598310e+03	1.007881e-01	-1.998241e-02	2.376872e-05	-1.007928e-01	-3.395991e-05	3.907083e-04
1.610700e+03	1.027427e-01	8.721290e-03	2.781197e-05	-1.027398e-01	3.632979e-05	4.428637e-04
1.623090e+03	9.676814e-02	3.704982e-02	1.499795e-05	-9.703916e-02	2.564459e-05	4.222749e-04
1.635480e+03	8.273176e-02	6.289414e-02	-1.706420e-05	-8.302462e-02	8.599209e-05	3.447787e-04
1.647870e+03	6.187514e-02	8.369596e-02	-1.985115e-05	-6.202974e-02	3.977388e-05	1.475173e-04
1.660260e+03	3.607342e-02	9.798008e-02	-6.634774e-05	-3.607912e-02	6.454225e-05	6.061774e-05
1.672650e+03	7.112256e-03	1.043446e-01	-3.299780e-05	-7.215427e-03	5.594474e-06	6.470661e-05
1.685040e+03	-2.291531e-02	1.032100e-01	-8.357852e-05	2.276492e-02	1.505388e-05	1.440879e-04
1.697430e+03	-5.202167e-02	9.289756e-02	-4.629686e-05	5.172306e-02	-2.287750e-05	2.848587e-04
1.709820e+03	-7.705818e-02	7.433082e-02	-7.188228e-05	7.675300e-02	-5.210580e-05	2.729584e-04
1.722210e+03	-9.601576e-02	4.888274e-02	-8.295901e-06	9.577528e-02	-7.137593e-05	2.302087e-04
1.734600e+03	-1.064866e-01	1.860822e-02	3.588389e-05	1.064896e-01	-6.107312e-05	2.636395e-04
1.746990e+03	-1.080495e-01	-1.390911e-02	6.504325e-05	1.080514e-01	-4.571585e-05	1.769705e-04
1.759380e+03	-9.937277e-02	-4.572171e-02	1.417668e-05	9.928664e-02	-3.349364e-05	1.413023e-04
1.771770e+03	-8.164209e-02	-7.402375e-02	6.595153e-06	8.144943e-02	-4.327590e-05	1.206295e-04
1.784160e+03	-5.538846e-02	-9.567174e-02	3.499140e-05	5.535890e-02	-1.741197e-05	-2.874518e-06
1.796550e+03	-2.375099e-02	-1.090839e-01	2.098555e-05	2.375127e-02	-2.047807e-05	9.671725e-06
1.808940e+03	1.098447e-02	-1.113547e-01	6.057565e-05	-1.091922e-02	3.313840e-05	-5.388889e-05
1.821330e+03	4.515041e-02	-1.030975e-01	2.762452e-05	-4.512638e-02	-1.123543e-05	-6.411542e-05
1.833720e+03	7.573112e-02	-8.449152e-02	3.596988e-05	-7.582225e-02	-1.669108e-06	1.375361e-05
1.846110e+03	9.944546e-02	-5.646025e-02	4.885245e-05	-9.933583e-02	3.359536e-05	9.028990e-05
1.858500e+03	1.126622e-01	-2.171812e-02	3.374006e-05	-1.137185e-01	-8.753449e-06	1.011314e-04
1.870890e+03	1.153088e-01	1.647201e-02	4.912100e-05	-1.153088e-01	5.137303e-05	1.585986e-04
1.883280e+03	1.037089e-01	5.376121e-02	1.486146e-05	-1.037089e-01	1.584596e-04	7.482611e-05
1.895670e+03	8.071249e-02	8.525475e-02	-4.758396e-05	-8.071280e-02	7.929033e-05	6.626613e-05
1.908060e+03	4.797119e-02	1.081689e-01	-7.164173e-05	-4.791454e-02	7.761764e-05	8.321705e-06
1.920450e+03	8.848482e-03	1.188683e-01	-9.399165e-05	-8.928912e-03	2.236559e-05	1.017765e-04
1.932840e+03	-3.258690e-02	1.156510e-01	-1.309324e-04	3.246565e-02	4.017862e-05	1.193959e-04
1.945230e+03	-7.131746e-02	9.819090e-02	-1.572009e-04	7.109582e-02	-4.053195e-05	1.947168e-04
1.957620e+03	-1.017492e-01	6.761690e-02	-1.874206e-05	1.017535e-01	-1.438499e-04	2.566192e-04
1.970010e+03	-1.207299e-01	2.739459e-02	-4.450521e-05	1.201959e-01	-1.295717e-04	3.186329e-04
1.982400e+03	-1.232807e-01	-1.811630e-02	1.019335e-04	1.222807e-01	-1.430039e-04	4.536680e-04
1.994790e+03	-1.097458e-01	-6.249091e-02	8.231205e-06	1.087737e-01	-1.039263e-04	6.813682e-04
2.007180e+03	-7.928258e-02	-9.975813e-02	6.223014e-05	7.842977e-02	-1.013799e-04	8.386398e-04
2.019570e+03	-3.624581e-02	-1.229369e-01	9.189197e-05	3.544604e-02	-2.926508e-05	8.080063e-04
2.031960e+03	1.381259e-02	-1.279999e-01	7.566106e-05	-1.483026e-02	-2.365648e-05	1.028291e-03
2.044350e+03	6.356119e-02	-1.135641e-01	1.156195e-04	-6.451691e-02	2.429024e-05	1.041072e-03
2.056740e+03	1.043437e-01	-7.934464e-02	1.054155e-04	-1.058612e-01	3.038161e-05	1.163574e-03
2.069130e+03	1.294704e-01	-3.005861e-02	1.354002e-04	-1.304569e-01	1.686592e-04	1.294692e-03
2.081520e+03	1.300172e-01	2.740374e-02	5.424032e-05	-1.310172e-01	1.560049e-04	1.210688e-03
2.093910e+03	1.058221e-01	8.104939e-02	-9.984462e-06	-1.067958e-01	2.391738e-04	1.016543e-03
2.106300e+03	5.948796e-02	1.201050e-01	-1.047543e-04	-6.022001e-02	2.634329e-04	7.397681e-04
2.118690e+03	-1.218944e-03	1.326020e-01	-2.517387e-04	6.703968e-04	1.220578e-04	5.556270e-04
2.131080e+03	-6.353368e-02	1.157853e-01	-2.526667e-04	6.318696e-02	-5.710788e-05	3.030363e-04
2.143470e+03	-1.097591e-01	7.029082e-02	-2.232947e-04	1.097633e-01	-1.772441e-04	-2.238780e-04
2.155860e+03	-1.258689e-01	6.114935e-03	-1.379792e-05	1.268248e-01	-3.504081e-04	-5.812026e-04
2.168250e+03	-1.067928e-01	-5.766788e-02	8.430365e-05	1.078401e-01	-2.928320e-04	-7.691057e-04
2.180640e+03	-5.859029e-02	-9.860443e-02	2.169987e-04	6.010266e-02	-2.450096e-04	-1.509184e-03
2.193030e+03	1.607142e-03	-1.070000e-01	2.021764e-04	1.968426e-04	-2.529279e-04	-1.801714e-03
2.205420e+03	5.491005e-02	-8.070581e-02	2.660791e-04	-5.211948e-02	8.729500e-05	-2.752385e-03
2.217810e+03	7.986051e-02	-3.464966e-02	2.102847e-04	-7.715041e-02	3.018682e-04	-2.684997e-03
2.230200e+03	7.455501e-02	1.209859e-02	-7.532112e-07	-7.185624e-02	3.505901e-04	-2.730724e-03
2.242590e+03	4.556039e-02	4.094925e-02	-1.189969e-04	-4.247042e-02	4.743244e-04	-3.097214e-03
2.254980e+03	1.194878e-02	4.266903e-02	-2.775540e-04	-1.022880e-02	9.899045e-05	-1.687905e-03
2.267370e+03	-8.772510e-03	3.019164e-02	-3.609192e-04	1.148031e-02	-3.045855e-04	-2.831467e-03
2.279760e+03	-1.157090e-02	1.280852e-02	1.486908e-04	1.357576e-02	2.621964e-05	-2.021209e-03
2.292150e+03	-3.910532e-03	5.865513e-03	5.302540e-05	5.811426e-03	-2.341603e-04	-1.889822e-03
2.304540e+03	3.066415e-03	1.087487e-02	2.756456e-04	-2.185004e-03	1.549176e-04	-8.806880e-04
2.316930e+03	-2.941068e-03	2.049696e-02	-7.370780e-05	3.557405e-03	-1.282181e-04	-6.021487e-04
2.329320e+03	-1.865798e-02	2.331043e-02	1.191771e-04	1.950738e-02	2.425350e-04	-8.758620e-04
2.341710e+03	-3.610142e-02	1.048576e-02	-5.235341e-05	3.654090e-02	1.092158e-04	-3.396422e-04
2.354100e+03	-4.012573e-02	-1.424247e-02	-1.859767e-04	4.002306e-02	-1.869247e-04	-7.676088e-05
2.366490e+03	-2.742292e-02	-3.884402e-02	7.780424e-05	2.791849e-02	6.280257e-05	-4.636100e-04
2.378880e+03	2.993583e-03	-5.095447e-02	7.754804e-05	-2.691681e-03	-4.564515e-05	-3.007047e-04
2.391270e+03	3.696552e-02	-3.984124e-02	1.106557e-04	-3.661738e-02	-7.621134e-05	-3.848518e-04
2.403660e+03	5.629979e-02	-6.835282e-03	1.308864e-04	-5.579983e-02	8.820898e-05	-5.488498e-04
2.416050e+03	4.938330e-02	3.361061e-02	8.198198e-05	-4.884443e-02	1.976390e-04	-5.782564e-04
2.428440e+03	1.571513e-02	6.060597e-02	-1.597622e-04	-1.475593e-02	1.494543e-04	-9.158974e-04
2.440830e+03	-3.131313e-02	5.715807e-02	-2.124166e-04	3.116816e-02	1.130217e-04	2.077969e-04
2.453220e+03	-6.554225e-02	2.417106e-02	-1.250181e-04	6.561406e-02	-3.805057e-05	-1.024031e-04
2.465610e+03	-6.817406e-02	-2.782969e-02	-4.329832e-05	6.778399e-02	-6.089158e-05	4.703157e-04
2.478000e+03	-3.547806e-02	-7.071998e-02	1.030705e-04	3.531525e-02	-2.031464e-04	2.134000e-04
2.490390e+03	2.047700e-02	-7.819755e-02	1.880064e-04	-2.027812e-02	-1.062055e-04	-1.201692e-04
2.502780e+03	6.943183e-02	-4.598016e-02	1.424920e-04	-6.898727e-02	-8.791050e-05	-4.412506e-04
2.515170e+03	8.234565e-02	9.736842e-03	2.035052e-04	-8.162054e-02	2.509712e-04	-7.114773e-04
2.527560e+03	5.473154e-02	6.281313e-02	-9.131746e-05	-5.314503e-02	2.492458e-04	-1.567182e-03
2.539950e+03	1.858907e-04	8.069900e-02	-1.155870e-04	8.201470e-04	5.156600e-04	-1.025179e-03
2.552340e+03	-5.434549e-02	5.955248e-02	-3.749253e-04	5.548808e-02	4.663924e-05	-1.123496e-03
2.564730e+03	-7.668274e-02	6.803470e-03	-2.669884e-04	7.639696e-02	-1.891863e-04	1.773205e-04
2.577120e+03	-6.198495e-02	-4.529672e-02	-5.888969e-05	6.115847e-02	-2.803824e-04	8.142773e-04
2.589510e+03	-1.508656e-02	-7.203569e-02	2.661980e-05	1.375229e-02	-5.322760e-04	1.321592e-03
2.601900e+03	3.420483e-02	-6.148074e-02	3.842333e-04	-3.520870e-02	-2.285277e-05	1.012491e-03
2.614290e+03	6.292774e-02	-2.121682e-02	3.030729e-04	-6.372629e-02	8.804584e-05	8.324748e-04
2.626680e+03	5.680447e-02	2.465273e-02	1.331093e-04	-5.695071e-02	2.250000e-04	5.541008e-05
2.639070e+03	2.346562e-02	5.292557e-02	-1.002090e-04	-2.402920e-02	3.884859e-04	5.187921e-04
2.651460e+03	-1.839527e-02	5.035570e-02	-3.753085e-04	1.857646e-02	8.495624e-05	-2.367272e-04
2.663850e+03	-4.417547e-02	1.876474e-02	-4.247959e-04	4.466694e-02	-1.789173e-04	-4.301441e-04
2.676240e+03	-3.932852e-02	-1.815269e-02	-2.320329e-04	4.020424e-02	-3.167196e-04	-9.189536e-04
2.688630e+03	-9.168403e-03	-3.784509e-02	3.086099e-05	9.667350e-03	-2.433422e-04	-5.295790e-04
2.701020e+03	2.264179e-02	-2.972552e-02	1.415666e-04	-2.132829e-02	-3.625070e-04	-1.303922e-03
2.713410e+03	3.597106e-02	-7.600728e-05	3.379644e-04	-3.407874e-02	1.282158e-04	-1.864349e-03
2.725800e+03	2.174291e-02	2.630486e-02	1.188538e-04	-2.028340e-02	1.004253e-04	-1.424675e-03
2.738190e+03	-6.851166e-03	3.279138e-02	1.223648e-05	7.627532e-03	2.769550e-04	-8.122951e-04
2.750580e+03	-2.902008e-02	1.727709e-02	-1.322254e-04	2.975474e-02	3.726284e-04	-6.353674e-04
2.762970e+03	-3.181690e-02	-1.151370e-02	-3.753060e-04	3.163259e-02	-1.889496e-05	2.112653e-04
2.775360e+03	-1.364184e-02	-3.150507e-02	-2.344719e-04	1.274030e-02	-8.424146e-05	8.817867e-04
2.787750e+03	1.416054e-02	-3.077357e-02	-2.238569e-04	-1.543603e-02	-5.196066e-04	1.246135e-03
2.800140e+03	3.222406e-02	-1.107399e-02	5.795531e-05	-3.375318e-02	-3.125143e-04	1.510883e-03
2.812530e+03	3.054394e-02	1.693924e-02	2.120673e-04	-3.179450e-02	-4.034253e-04	1.283797e-03
2.824920e+03	1.011361e-02	3.424811e-02	3.326106e-04	-1.175531e-02	1.538725e-04	1.566818e-03
2.837310e+03	-1.764803e-02	3.344461e-02	1.997916e-04	1.706655e-02	2.148008e-04	6.410126e-04
2.849700e+03	-3.620474e-02	1.142184e-02	-7.098319e-05	3.606180e-02	2.269879e-04	1.923178e-04
2.862090e+03	-3.351675e-02	-1.725869e-02	-1.438937e-04	3.310544e-02	1.541005e-04	4.050432e-04
2.874480e+03	-1.125816e-02	-3.515529e-02	-1.715466e-04	1.154079e-02	1.600639e-04	-2.797515e-04
2.886870e+03	1.652313e-02	-3.316658e-02	-2.176668e-04	-1.639387e-02	-7.409377e-05	-1.267197e-04
2.899260e+03	3.340823e-02	-1.046784e-02	-3.026988e-04	-3.320416e-02	-3.910822e-04	-2.440367e-04
2.911650e+03	2.969096e-02	1.654390e-02	-5.894094e-05	-2.920355e-02	-4.457594e-04	-5.542908e-04
2.924040e+03	8.615951e-03	3.087292e-02	1.252110e-04	-8.276240e-03	-1.154705e-04	-3.877946e-04
2.936430e+03	-1.582088e-02	2.717289e-02	1.078193e-04	1.644571e-02	1.138098e-04	-6.202834e-04
2.948820e+03	-2.927604e-02	7.184483e-03	1.345249e-04	2.955078e-02	1.830074e-04	-2.053720e-04
2.961210e+03	-2.479106e-02	-1.497500e-02	-3.529001e-04	2.472662e-02	-1.559514e-04	3.484563e-05
2.973600e+03	-7.009812e-03	-2.792040e-02	-1.126379e-04	6.690865e-03	-1.576154e-04	3.304804e-04
2.985990e+03	1.401217e-02	-2.369360e-02	-1.852162e-04	-1.462348e-02	-1.080649e-04	5.863129e-04
2.998380e+03	2.557006e-02	-6.185298e-03	-1.301008e-04	-2.598623e-02	-1.571146e-04	4.339032e-04
3.010770e+03	2.230665e-02	1.336833e-02	-5.189276e-05	-2.266093e-02	-1.823912e-04	3.249736e-04
3.023160e+03	6.456732e-03	2.442481e-02	-1.111264e-05	-6.817523e-03	-1.108098e-04	3.249413e-04
3.035550e+03	-1.174856e-02	2.142691e-02	-1.529860e-04	1.144700e-02	-3.419803e-04	2.619999e-04
3.047940e+03	-2.274126e-02	7.883572e-03	2.168238e-05	2.317882e-02	-1.694380e-04	-3.988171e-04
3.060330e+03	-2.059576e-02	-1.005673e-02	-8.191530e-07	2.074586e-02	-7.763743e-05	-2.349850e-04
3.072720e+03	-7.495461e-03	-2.119170e-02	1.895974e-04	7.126083e-03	-5.273647e-05	3.842817e-04
3.085110e+03	9.016844e-03	-1.773038e-02	-3.891559e-05	-8.768026e-03	-6.181768e-05	-2.816380e-04
3.097500e+03	1.711858e-02	-6.294531e-03	-1.271874e-04	-1.659521e-02	-2.172933e-04	-4.658112e-04
3.109890e+03	1.584791e-02	8.669506e-03	-1.036145e-04	-1.488139e-02	-6.987409e-05	-9.847369e-04
3.122280e+03	4.315225e-03	1.608790e-02	6.572481e-05	-3.604142e-03	1.864699e-04	-7.156938e-04
3.134670e+03	-7.770465e-03	1.352995e-02	4.892382e-05	8.196298e-03	1.241044e-04	-4.337639e-04
3.147060e+03	-1.477374e-02	3.854625e-03	-1.508956e-04	1.529065e-02	-4.195349e-04	-6.341217e-04
3.159450e+03	-1.256671e-02	-7.832501e-03	1.166454e-05	1.255987e-02	-2.049439e-04	1.251162e-05
3.171840e+03	-3.773691e-03	-1.323488e-02	2.375797e-04	3.866552e-03	1.586500e-04	-9.057258e-05
3.184230e+03	5.265030e-03	-1.219133e-02	4.317377e-06	-5.545687e-03	-1.492926e-04	2.914303e-04
3.196620e+03	1.146264e-02	-4.674545e-03	1.177518e-04	-1.200954e-02	1.794132e-04	5.405560e-04
3.209010e+03	1.014396e-02	3.915016e-03	-9.066007e-05	-1.045516e-02	-6.224333e-05	2.735420e-04
3.221400e+03	5.157867e-03	9.429970e-03	-1.021063e-05	-5.155981e-03	1.388721e-04	-1.370117e-06
3.233790e+03	-2.323062e-03	8.761861e-03	-1.536780e-04	2.217893e-03	-1.835903e-04	1.018617e-04
3.246180e+03	-6.822095e-03	4.694033e-03	1.064735e-04	6.971770e-03	1.292432e-04	-1.899853e-04
3.258570e+03	-7.169301e-03	-1.680267e-04	-2.419604e-04	7.536356e-03	-5.013634e-04	-3.602390e-04
3.270960e+03	-4.031709e-03	-3.710193e-03	2.052720e-06	4.324034e-03	-1.096250e-04	-2.890697e-04
3.283350e+03	-9.805789e-04	-4.933744e-03	7.808652e-05	1.077223e-03	-1.142409e-04	-1.093068e-04
3.295740e+03	1.296450e-03	-3.684156e-03	-1.162871e-04	-1.285428e-03	-4.758488e-04	-1.486873e-05
3.308130e+03	3.119594e-03	-9.169145e-04	1.050471e-04	-2.797957e-03	5.156075e-05	-3.025609e-04
3.320520e+03	2.020744e-03	8.394370e-04	-8.949630e-05	-1.486221e-03	-2.934784e-04	-5.246926e-04
3.332910e+03	1.639488e-03	7.835746e-04	-9.909920e-05	-1.514966e-03	-1.889920e-04	-1.234245e-04
3.345300e+03	1.397318e-03	1.870268e-03	8.136495e-05	-7.683329e-04	1.050230e-04	-6.348660e-04
3.357690e+03	7.791197e-04	1.741505e-03	4.712176e-05	-5.829981e-04	5.769343e-06	-2.669381e-04
3.370080e+03	-9.612676e-05	3.115567e-03	-1.644712e-04	7.040667e-04	-3.357130e-04	-6.108914e-04
3.382470e+03	-2.893489e-03	1.822923e-03	2.421549e-04	2.707400e-03	1.301686e-04	1.738081e-04
3.394860e+03	-3.939033e-03	1.246134e-03	5.378856e-06	3.958866e-03	-3.513583e-05	1.130574e-05
3.407250e+03	-4.759963e-03	-1.940172e-03	-1.380251e-04	4.619556e-03	-2.980977e-04	1.493442e-04
3.419640e+03	-2.254055e-03	-5.494515e-03	1.976506e-04	1.950894e-03	2.352602e-04	2.945041e-04
3.432030e+03	1.378945e-03	-5.521482e-03	-2.003310e-04	-1.043158e-03	-4.472121e-04	-2.827306e-04
3.444420e+03	6.099612e-03	-4.169369e-03	4.615964e-04	-6.259990e-03	5.048435e-04	1.778544e-04
3.456810e+03	7.819607e-03	2.171581e-03	-2.227635e-04	-7.689051e-03	-3.489283e-04	-8.358735e-05
3.469200e+03	4.962449e-03	7.684806e-03	3.626818e-05	-4.863661e-03	-1.553841e-05	-8.860107e-05
3.481590e+03	-1.641999e-03	1.018598e-02	1.634406e-04	1.858948e-03	9.484693e-05	-2.404590e-04
3.493980e+03	-8.187464e-03	7.293274e-03	-2.412012e-05	8.102909e-03	-1.483934e-04	6.573785e-05
3.506370e+03	-1.116419e-02	1.422334e-03	-9.019362e-05	1.156946e-02	-2.549334e-04	-3.378000e-04
3.518760e+03	-1.009311e-02	-5.946363e-03	2.519867e-04	1.079221e-02	-3.231679e-05	-6.732294e-04
3.531150e+03	-3.142256e-03	-1.118766e-02	1.329584e-04	3.088591e-03	-7.040726e-05	4.719434e-06
3.543540e+03	5.064670e-03	-9.866938e-03	3.054459e-05	-4.813164e-03	-1.870652e-04	-3.273238e-04
3.555930e+03	9.868441e-03	-3.181828e-03	2.329110e-04	-8.759848e-03	7.238018e-05	-1.081950e-03
3.568320e+03	9.844482e-03	2.939698e-03	1.089742e-04	-9.742955e-03	7.525738e-05	-1.311900e-04
3.580710e+03	4.344350e-03	8.394079e-03	-2.264457e-04	-4.518525e-03	-3.754361e-04	1.466610e-04
3.593100e+03	-2.087350e-03	9.445612e-03	8.112108e-06	2.064249e-03	1.084482e-04	2.013835e-05
3.605490e+03	-8.227566e-03	5.668998e-03	-2.049776e-04	8.417865e-03	-1.692987e-04	-1.192262e-04
3.617880e+03	-8.685149e-03	-1.666048e-03	-1.619594e-04	8.079262e-03	-8.354483e-05	5.099665e-04
3.630270e+03	-5.314996e-03	-6.137896e-03	-1.476566e-05	5.256341e-03	-1.097232e-04	8.102494e-05
3.642660e+03	1.927114e-05	-7.296619e-03	-1.013697e-04	-1.448541e-04	-3.709069e-04	1.195376e-04
3.655050e+03	5.043450e-03	-4.246739e-03	1.151406e-04	-5.120127e-03	-1.061430e-04	7.392448e-05
3.667440e+03	5.662463e-03	9.318504e-04	1.158629e-04	-5.602452e-03	-1.851649e-04	-7.007898e-05
3.679830e+03	3.382988e-03	4.208903e-03	1.285585e-04	-3.692871e-03	-5.222912e-05	2.889527e-04
3.692220e+03	-8.150526e-04	5.831768e-03	1.565824e-04	1.021769e-03	-1.636189e-05	-1.915144e-04
3.704610e+03	-5.214089e-03	2.973086e-03	1.069721e-04	4.848729e-03	-1.187597e-04	2.698571e-04
3.717000e+03	-5.021650e-03	8.528675e-04	-1.703792e-04	5.527675e-03	-1.748868e-04	-5.083548e-04
3.729390e+03	-4.538024e-03	-2.873323e-03	1.236641e-04	5.219184e-03	1.605749e-05	-6.798519e-04
3.741780e+03	-1.959449e-03	-4.794620e-03	1.777418e-04	2.611106e-03	-1.653101e-04	-6.982812e-04
3.754170e+03	2.609179e-03	-4.330829e-03	-1.193886e-04	-2.194185e-03	-2.516511e-04	-3.618214e-04
3.766560e+03	3.704704e-03	-1.721944e-03	2.581297e-04	-3.454211e-03	-5.693814e-05	-2.587880e-04
3.778950e+03	3.404292e-03	1.294070e-03	5.882981e-05	-3.381205e-03	-1.826202e-04	-2.226496e-05
3.791340e+03	1.992439e-03	3.132339e-03	-9.900835e-05	-2.290947e-03	-1.334535e-04	2.862806e-04
3.803730e+03	-7.609566e-04	4.072547e-03	1.027976e-04	8.993367e-04	1.005828e-04	-1.405917e-04
3.816120e+03	-2.560550e-03	2.297515e-03	-1.887529e-04	2.452044e-03	-1.416996e-04	1.279981e-04
3.828510e+03	-3.299284e-03	3.407898e-05	1.709295e-06	3.217776e-03	-9.459148e-05	1.041915e-04
3.840900e+03	-2.001184e-03	-1.196664e-03	-1.868117e-04	2.041740e-03	-3.628584e-04	-2.375576e-05
3.853290e+03	-7.416408e-04	-1.746254e-03	-5.032222e-05	6.285133e-04	-4.129656e-04	1.098997e-04
3.865680e+03	4.390863e-04	-5.548829e-04	2.277035e-05	-4.238466e-04	-4.534185e-04	-1.458211e-05
3.878070e+03	1.017742e-03	5.009922e-04	1.269014e-04	-1.288265e-03	-1.766609e-04	2.667610e-04
3.890460e+03	2.049191e-04	2.640086e-03	5.798146e-05	2.423316e-04	-2.824029e-04	-5.190318e-04
3.902850e+03	-1.563360e-03	2.456821e-03	2.089314e-06	1.969542e-03	-3.333311e-04	-4.022717e-04
3.915240e+03	-2.340450e-03	1.092776e-03	2.242840e-04	2.651598e-03	8.896009e-05	-3.268279e-04
3.927630e+03	-3.206617e-03	-5.078964e-04	3.276937e-05	3.685559e-03	-2.494861e-04	-4.996615e-04
3.940020e+03	-1.809935e-03	-1.524060e-03	1.974106e-04	2.776694e-03	7.049698e-06	-1.017316e-03
3.952410e+03	-5.871425e-04	-3.141076e-03	2.668076e-05	7.004837e-04	-2.440255e-04	-1.460760e-04
3.964800e+03	1.513844e-03	-1.612113e-03	-1.633512e-05	-8.876500e-04	-1.335807e-04	-6.552789e-04
3.977190e+03	2.100943e-03	-1.337620e-04	4.125342e-05	-2.028149e-03	-2.786182e-04	-8.269533e-05
3.989580e+03	1.732585e-03	1.742277e-03	4.383239e-05	-1.937234e-03	-1.511253e-04	2.125773e-04
4.001970e+03	5.576138e-04	2.750047e-03	4.228975e-04	-8.629629e-04	4.472481e-04	3.044685e-04
4.014360e+03	-2.149996e-03	3.134521e-03	5.665386e-05	2.543236e-03	-3.242808e-05	-3.083693e-04
4.026750e+03	-2.850012e-03	3.655060e-04	6.993883e-05	2.532308e-03	-1.950372e-05	2.890694e-04
4.039140e+03	-2.964705e-03	-4.685889e-04	-4.942157e-04	3.225458e-03	-8.778983e-04	-2.546328e-04
4.051530e+03	6.079912e-05	-1.923162e-03	2.974663e-04	6.374737e-05	1.879240e-04	-2.036740e-05
4.063920e+03	6.552574e-04	-1.445045e-03	6.477791e-05	-1.172692e-03	-3.365445e-04	4.506535e-04
4.076310e+03	1.714842e-03	7.799187e-04	-1.457698e-04	-2.267353e-03	-5.014489e-04	5.540980e-04
4.088700e+03	2.178907e-04	3.362793e-03	2.548913e-04	-5.319210e-05	-2.864125e-05	-1.370375e-04
4.101090e+03	-2.475851e-03	3.194369e-03	3.990707e-05	2.511066e-03	-2.143767e-04	-5.045684e-05
4.113480e+03	-5.041988e-03	2.058390e-03	4.094268e-05	5.841031e-03	-3.378413e-04	-8.106823e-04
4.125870e+03	-5.362096e-03	-2.081951e-03	1.160069e-04	5.780984e-03	-2.877350e-04	-4.070816e-04
4.138260e+03	-2.513853e-03	-4.454144e-03	1.567325e-04	3.287460e-03	-1.116717e-04	-6.879203e-04
4.150650e+03	-1.352489e-04	-6.349562e-03	1.801142e-04	-4.710049e-05	-2.539529e-04	1.767856e-04
4.163040e+03	4.954665e-03	-2.487861e-03	1.319698e-06	-4.218609e-03	-1.778478e-04	-5.262716e-04
4.175430e+03	5.508112e-03	-4.367310e-05	1.545100e-04	-5.984897e-03	1.360166e-04	5.033622e-04
4.187820e+03	2.552113e-03	5.208100e-03	1.847091e-04	-2.412749e-03	-1.233281e-04	-1.418499e-04
4.200210e+03	-7.108037e-04	6.651513e-03	-1.585507e-06	8.745523e-04	4.477448e-06	-1.643715e-04
4.212600e+03	-5.946521e-03	4.079864e-03	-2.371307e-04	5.638769e-03	-4.727957e-04	2.967427e-04
4.224990e+03	-6.553404e-03	2.176895e-04	-1.451207e-05	6.843929e-03	-2.016338e-04	-2.900654e-04
4.237380e+03	-4.457435e-03	-4.166352e-03	-4.050580e-05	4.565745e-03	-3.465887e-04	-1.735600e-04
4.249770e+03	3.748501e-04	-6.565143e-03	-1.728341e-04	-1.208917e-03	-4.066523e-04	6.718769e-04
4.262160e+03	4.763180e-03	-3.125834e-03	1.776133e-04	-4.612517e-03	-1.097462e-04	-3.157343e-05
4.274550e+03	4.591542e-03	4.828718e-04	3.428523e-04	-5.041751e-03	-3.579368e-05	4.507197e-04
4.286940e+03	3.083820e-03	6.088634e-03	-2.031552e-04	-2.846230e-03	-4.057402e-04	-2.847517e-04
4.299330e+03	-2.624746e-03	5.878532e-03	2.915994e-04	2.500581e-03	-2.630806e-05	8.833667e-07
4.311720e+03	-6.182780e-03	4.947708e-03	-1.835647e-04	7.367230e-03	-4.686727e-04	-1.192176e-03
4.324110e+03	-7.703913e-03	-1.290166e-03	2.688249e-04	8.687416e-03	-1.327832e-04	-9.856670e-04
4.336500e+03	-4.675301e-03	-6.800651e-03	3.007025e-04	4.882102e-03	-7.169196e-05	-2.322068e-04
4.348890e+03	5.265209e-04	-7.837406e-03	1.458791e-04	-3.639671e-04	-2.602703e-04	-1.651241e-04
4.361280e+03	4.874583e-03	-5.562921e-03	2.241948e-04	-5.510802e-03	-1.425156e-04	6.421238e-04
4.373670e+03	7.620781e-03	1.468401e-03	-1.134920e-06	-7.425085e-03	-2.575517e-05	-1.496256e-04
4.386060e+03	4.549704e-03	6.283840e-03	-3.739566e-04	-4.901780e-03	-4.276074e-04	2.925534e-04
4.398450e+03	-1.471159e-03	7.731929e-03	2.773231e-04	1.428030e-03	1.229269e-04	5.263850e-05
4.410840e+03	-7.086744e-03	5.373617e-03	-9.056849e-05	7.132566e-03	-4.793683e-04	-4.686173e-05
4.423230e+03	-7.929702e-03	-4.558131e-04	-1.133907e-04	7.661584e-03	-5.158619e-04	3.197415e-04
4.435620e+03	-4.702132e-03	-5.403254e-03	3.911719e-04	4.461521e-03	1.081202e-04	2.691041e-04
4.448010e+03	-5.637576e-05	-6.926817e-03	7.328702e-05	-6.510356e-04	-3.465776e-04	7.074429e-04
4.460400e+03	3.579565e-03	-3.917363e-03	6.752815e-04	-3.999133e-03	8.822482e-05	4.110787e-04
4.472790e+03	5.830164e-03	1.901746e-03	1.340075e-04	-5.835928e-03	5.223387e-05	-2.125032e-04
4.485180e+03	2.731646e-03	6.166616e-03	-1.083997e-04	-2.370961e-03	-2.690269e-04	-3.832680e-04
4.497570e+03	-2.574031e-03	6.479043e-03	-2.051869e-04	3.092086e-03	-4.647923e-04	-5.110869e-04
4.509960e+03	-7.559773e-03	3.279699e-03	1.097285e-04	8.485085e-03	-4.591276e-04	-9.216641e-04
4.522350e+03	-7.291679e-03	-2.267247e-03	3.514289e-04	8.019402e-03	-1.279549e-04	-7.242045e-04
4.534740e+03	-4.849552e-03	-6.991071e-03	3.459906e-04	4.953703e-03	-3.902884e-04	-9.178568e-05
4.547130e+03	1.636914e-03	-7.264249e-03	3.771247e-04	-1.867785e-03	4.772175e-05	2.184758e-04
4.559520e+03	6.260729e-03	-3.432905e-03	1.313918e-04	-6.529997e-03	1.511308e-04	1.293638e-04
4.571910e+03	6.469566e-03	2.541148e-03	5.210082e-06	-6.438371e-03	-9.001327e-05	-6.810203e-05
4.584300e+03	3.144442e-03	6.786026e-03	-1.204692e-04	-2.981253e-03	-1.901181e-04	-1.059938e-04
4.596690e+03	-2.120728e-03	7.423502e-03	-9.561531e-05	2.202475e-03	-9.077083e-05	-6.856623e-05
4.609080e+03	-5.638412e-03	4.574734e-03	-2.185194e-04	5.973258e-03	-1.825333e-04	-3.281751e-04
4.621470e+03	-8.079410e-03	-1.229381e-03	3.967510e-04	8.232000e-03	-2.787766e-04	-1.079337e-04
4.633860e+03	-4.802243e-03	-5.769966e-03	-4.709762e-04	3.926481e-03	-1.143983e-03	8.698532e-04
4.646250e+03	1.697621e-03	-5.606074e-03	2.240899e-04	-1.988359e-03	-7.047074e-05	3.706431e-04
4.658640e+03	4.250243e-03	-2.884769e-03	2.957716e-04	-4.876209e-03	-9.519678e-05	6.462665e-04
4.671030e+03	4.603159e-03	2.354859e-03	6.092901e-06	-4.740338e-03	-2.281068e-04	1.365837e-04
4.683420e+03	1.066179e-03	6.437301e-03	-2.794664e-04	-2.103370e-04	-6.035901e-04	-7.630979e-04
4.695810e+03	-4.048884e-03	5.258979e-03	1.798392e-04	4.834335e-03	-1.560876e-04	-7.800064e-04
4.708200e+03	-6.490700e-03	1.417974e-03	1.703618e-04	7.280706e-03	-1.509005e-04	-7.890000e-04
4.720590e+03	-5.897466e-03	-2.901811e-03	2.277478e-04	6.822982e-03	-2.448096e-04	-8.201934e-04
4.732980e+03	-3.040199e-03	-6.326115e-03	-1.215977e-04	3.149897e-03	-6.845220e-04	-1.482356e-04
4.745370e+03	2.398985e-03	-7.329581e-03	-2.059290e-04	-3.903491e-03	-5.021956e-04	1.486586e-03
4.757760e+03	7.167960e-03	-9.799918e-04	-1.121288e-04	-7.202110e-03	5.573889e-05	5.527272e-05
4.770150e+03	4.775343e-03	3.317871e-03	-5.412402e-05	-5.250281e-03	-1.346469e-04	4.548742e-04
4.782540e+03	8.120457e-04	6.995601e-03	-8.913226e-05	-7.587134e-04	-2.605618e-04	-5.038754e-05
4.794930e+03	-4.607202e-03	6.889056e-03	8.685533e-05	5.298381e-03	-3.710539e-04	-6.183213e-04
4.807320e+03	-7.194359e-03	2.254252e-03	-2.264052e-04	7.282894e-03	-5.908242e-04	-9.112307e-05
4.819710e+03	-5.338175e-03	-3.288131e-03	4.979495e-04	5.161805e-03	3.143521e-04	2.151152e-04
4.832100e+03	-2.831420e-03	-6.100603e-03	5.978633e-04	2.233643e-03	3.864464e-05	5.923963e-04
4.844490e+03	1.673105e-03	-5.442850e-03	-2.624293e-05	-2.566480e-03	-5.506277e-04	8.667114e-04
4.856880e+03	5.422404e-03	-1.936836e-04	3.459975e-04	-5.264164e-03	2.254598e-04	-1.612221e-04
4.869270e+03	3.380197e-03	4.440164e-03	-7.081830e-06	-3.034817e-03	-1.709951e-04	-4.876780e-04
4.881660e+03	-9.186767e-04	5.748590e-03	1.545947e-04	1.696582e-03	-1.241565e-04	-7.739820e-04
4.894050e+03	-5.724462e-03	5.109392e-03	-1.249846e-04	7.561241e-03	-7.385933e-04	-1.753868e-03
4.906440e+03	-7.223066e-03	-7.721960e-04	3.343478e-04	8.067359e-03	-3.772128e-04	-9.069575e-04
4.918830e+03	-4.843171e-03	-5.543108e-03	3.482200e-04	4.814158e-03	-1.834093e-04	-2.845800e-05
4.931220e+03	-2.014660e-04	-7.367979e-03	2.681533e-04	-5.946885e-04	-1.896306e-04	8.078896e-04
4.943610e+03	4.677099e-03	-3.760599e-03	-8.827097e-05	-5.153386e-03	-2.766740e-04	4.576794e-04
4.956000e+03	6.964749e-03	1.848966e-03	-8.792773e-05	-6.935467e-03	1.103180e-04	-8.482090e-05
4.968390e+03	3.838216e-03	6.332867e-03	2.156865e-05	-3.578099e-03	1.233156e-04	-2.578431e-04
4.980780e+03	-2.129627e-03	7.289028e-03	2.183769e-06	2.632052e-03	-2.837933e-04	-4.183395e-04
4.993170e+03	-6.351378e-03	4.333530e-03	-2.480451e-04	6.333258e-03	-6.863745e-04	-3.326314e-05
5.005560e+03	-7.740792e-03	-1.793654e-03	5.313769e-04	7.053959e-03	-4.410480e-05	6.848292e-04
5.017950e+03	-4.590437e-03	-4.943221e-03	4.504501e-04	4.474302e-03	-7.355081e-05	3.510591e-04
5.030340e+03	-9.121323e-04	-7.546977e-03	4.350044e-04	-8.089996e-04	-2.252727e-04	1.625819e-03
5.042730e+03	4.675794e-03	-1.582068e-03	2.277962e-04	-4.131485e-03	-6.912240e-05	-5.272338e-04
5.055120e+03	5.243838e-03	1.695275e-03	1.231947e-04	-5.105909e-03	1.547647e-04	-1.619620e-04
5.067510e+03	8.389163e-04	6.203374e-03	-1.438788e-04	4.571933e-04	-5.925468e-04	-1.298085e-03
5.079900e+03	-3.054160e-03	5.319808e-03	1.988980e-04	4.354316e-03	-1.906772e-04	-1.313097e-03
5.092290e+03	-7.339040e-03	1.944668e-03	-8.537253e-05	8.370015e-03	-9.033917e-04	-1.115668e-03
5.104680e+03	-6.025963e-03	-3.864541e-03	4.190381e-04	6.206041e-03	-1.747435e-04	-2.154580e-04
5.117070e+03	-2.437706e-03	-6.276686e-03	8.361218e-06	2.193536e-03	-5.599286e-04	2.470781e-04
5.129460e+03	4.110639e-03	-5.150147e-03	-3.194083e-06	-4.212627e-03	3.766654e-05	3.305461e-04
5.141850e+03	4.585235e-03	-2.001096e-03	5.954676e-04	-5.590060e-03	2.495808e-04	9.240204e-04
5.154240e+03	4.556266e-03	4.332591e-03	5.037409e-04	-4.339420e-03	3.105037e-04	-2.161294e-04
5.166630e+03	-3.189855e-04	7.455858e-03	-5.742739e-04	6.305368e-04	-9.365534e-04	-2.400391e-04
5.179020e+03	-2.814620e-03	6.244664e-03	-2.593072e-04	3.243584e-03	-2.686383e-04	-4.570330e-04
5.191410e+03	-7.954576e-03	2.035765e-03	5.428460e-04	8.510368e-03	-3.914197e-04	-4.980544e-04
5.203800e+03	-7.470855e-03	-4.340388e-03	1.746904e-04	5.930904e-03	-7.055509e-04	1.200451e-03
5.216190e+03	-1.607095e-03	-6.607839e-03	5.537652e-04	6.241921e-04	1.759791e-04	9.790343e-04
5.228580e+03	3.781256e-03	-4.429334e-03	1.314754e-04	-4.229593e-03	2.049209e-04	4.748036e-04
5.240970e+03	3.856770e-03	-6.262638e-05	3.442376e-04	-3.726145e-03	-7.331757e-05	-1.890108e-04
5.253360e+03	3.012475e-03	4.607839e-03	-7.380979e-05	-1.856646e-03	-3.158263e-04	-1.149566e-03
5.265750e+03	-1.181205e-03	6.602043e-03	3.073442e-05	3.186853e-03	-3.046462e-04	-1.957052e-03
5.278140e+03	-5.941498e-03	2.779134e-03	1.519177e-04	6.730428e-03	-6.753621e-04	-7.865026e-04
5.290530e+03	-6.227382e-03	-1.122353e-03	1.387544e-04	6.848727e-03	-5.292282e-04	-6.233594e-04
5.302920e+03	-4.296891e-03	-4.657741e-03	4.773739e-04	4.525168e-03	-3.159389e-04	-2.224138e-04
5.315310e+03	8.989192e-04	-6.284359e-03	5.988411e-04	-1.663725e-03	3.077960e-04	7.912468e-04
5.327700e+03	3.617808e-03	-3.185576e-03	-3.286907e-04	-4.832560e-03	-6.220896e-04	1.228805e-03
5.340090e+03	5.850244e-03	2.849019e-03	6.626434e-05	-5.724765e-03	2.452368e-04	-2.032128e-04
5.352480e+03	1.018767e-03	5.995124e-03	1.275837e-04	-7.655364e-04	-2.577397e-04	-3.662827e-04
5.364870e+03	-1.824031e-03	6.387474e-03	-4.009937e-04	2.228381e-03	-4.853053e-04	-4.337189e-04
5.377260e+03	-7.400410e-03	3.527061e-03	1.213299e-04	7.649215e-03	-8.070081e-04	-4.864983e-04
5.389650e+03	-7.226201e-03	-2.755325e-03	5.475338e-05	6.194459e-03	-7.335395e-04	9.917414e-04
5.402040e+03	-3.478424e-03	-5.443645e-03	9.203512e-04	2.786877e-03	2.921214e-04	7.066357e-04
5.414430e+03	1.655164e-03	-4.205778e-03	1.562584e-04	-1.761006e-03	-2.190969e-05	2.513780e-04
5.426820e+03	4.055175e-03	-2.394326e-03	3.736932e-05	-4.679603e-03	2.616547e-05	6.602525e-04
5.439210e+03	3.402245e-03	3.718146e-03	-4.337440e-04	-2.349783e-03	-7.057121e-04	-1.058721e-03
5.451600e+03	4.318712e-04	5.803661e-03	1.732024e-04	1.333239e-03	-1.552153e-04	-1.821739e-03
5.463990e+03	-5.222741e-03	4.384760e-03	-2.454110e-04	6.549461e-03	-1.134993e-03	-1.346978e-03
5.476380e+03	-5.544089e-03	6.613353e-04	5.954354e-04	7.122765e-03	-1.683124e-04	-1.388669e-03
5.488770e+03	-5.068986e-03	-4.971276e-03	2.267527e-04	4.085865e-03	-4.538939e-04	7.361223e-04
5.501160e+03	-1.813010e-04	-5.971072e-03	4.198211e-04	-6.044052e-04	1.457842e-04	8.447989e-04
5.513550e+03	4.742662e-03	-1.807921e-03	1.273652e-04	-4.363276e-03	1.773747e-04	-1.710832e-04
5.525940e+03	4.784006e-03	9.261404e-04	-5.451723e-06	-5.504627e-03	8.508272e-05	5.124452e-04
5.538330e+03	1.032120e-03	4.513454e-03	-2.597291e-04	-1.421808e-03	-7.724549e-04	4.690467e-04
5.550720e+03	-1.551687e-03	5.821544e-03	3.603276e-04	1.963070e-03	1.359947e-04	-3.639136e-04
5.563110e+03	-6.584948e-03	3.373024e-03	1.234156e-04	6.763253e-03	-6.907218e-04	-1.315479e-04
5.575500e+03	-7.189530e-03	-2.439205e-03	2.708896e-04	5.856448e-03	-5.435281e-04	1.294615e-03
5.587890e+03	-3.360090e-03	-4.930974e-03	4.327096e-04	2.562293e-03	-4.272989e-06	8.374858e-04
5.600280e+03	1.716562e-04	-4.558567e-03	2.224408e-04	-6.490070e-04	-1.851419e-04	4.796888e-04
5.612670e+03	3.872572e-03	-2.381006e-03	3.565817e-04	-4.257276e-03	3.318138e-04	3.904352e-04
5.625060e+03	4.218999e-03	3.357788e-03	-7.089093e-04	-3.034110e-03	-5.881313e-04	-1.117429e-03
5.637450e+03	3.155094e-04	5.539762e-03	1.514439e-04	1.444047e-03	-3.472314e-04	-1.803534e-03
5.649840e+03	-4.219906e-03	4.703887e-03	7.409738e-05	5.819988e-03	-8.345381e-04	-1.628906e-03
5.662230e+03	-6.858608e-03	1.475031e-04	2.424875e-04	7.214107e-03	-8.773944e-04	-4.254628e-04
5.674620e+03	-4.489318e-03	-2.909220e-03	5.470929e-04	5.117100e-03	-9.427319e-05	-5.413430e-04
5.687010e+03	-2.409017e-03	-6.149729e-03	-2.448251e-04	1.084300e-03	-1.029647e-03	1.309874e-03
5.699400e+03	3.282572e-03	-3.343223e-03	2.823693e-04	-3.608187e-03	1.507352e-04	3.285181e-04
5.711790e+03	5.288187e-03	8.097907e-04	-3.121780e-04	-5.678029e-03	-1.364146e-04	4.306527e-04
5.724180e+03	3.421850e-03	5.018928e-03	-5.167694e-04	-3.439744e-03	-3.888647e-04	3.882782e-05
5.736570e+03	-2.020921e-03	6.247127e-03	3.564941e-04	2.584033e-03	-1.906378e-04	-5.382390e-04
5.748960e+03	-6.025453e-03	4.591279e-03	-3.922768e-04	6.384574e-03	-1.231205e-03	-3.943995e-04
5.761350e+03	-7.397075e-03	-1.460640e-03	4.782621e-04	6.701350e-03	-4.808992e-04	6.949650e-04
5.773740e+03	-4.420509e-03	-5.108468e-03	6.248955e-04	3.401677e-03	5.912672e-06	9.960249e-04
5.786130e+03	-8.910095e-04	-5.193912e-03	3.536135e-04	1.160153e-04	-2.444601e-04	7.533476e-04
5.798520e+03	4.041373e-03	-3.109701e-03	4.942584e-04	-4.650547e-03	6.201657e-04	6.084740e-04
5.810910e+03	3.351960e-03	3.018120e-03	-6.534096e-04	-2.468675e-03	-8.861459e-04	-9.842649e-04
5.823300e+03	9.599879e-04	4.899597e-03	4.285144e-04	6.569663e-04	-2.639192e-05	-1.595818e-03
5.835690e+03	-3.325848e-03	3.805766e-03	1.641737e-04	4.254190e-03	-4.344420e-04	-9.118647e-04
5.848080e+03	-4.927446e-03	1.344553e-03	4.226515e-04	5.924359e-03	-1.662221e-04	-9.985515e-04
5.860470e+03	-5.657227e-03	-2.079970e-03	1.939024e-04	6.344736e-03	-7.876278e-04	-6.202063e-04
5.872860e+03	-1.731545e-03	-5.280701e-03	1.717220e-04	1.127088e-03	-3.048511e-04	5.789469e-04
5.885250e+03	3.066839e-03	-4.276814e-03	3.983053e-04	-3.455131e-03	2.669127e-04	5.913927e-04
5.897640e+03	3.788516e-03	-6.400272e-05	-1.856508e-04	-4.508080e-03	-4.365718e-04	6.418638e-04
5.910030e+03	4.597341e-03	5.516256e-03	-6.141483e-04	-4.054207e-03	-3.837550e-04	-6.989485e-04
5.922420e+03	-2.269754e-03	6.864116e-03	4.032509e-05	2.986279e-03	-6.912200e-04	-7.821454e-04
5.934810e+03	-4.080642e-03	4.309621e-03	-5.989153e-04	4.168335e-03	-8.288379e-04	-6.189114e-05
5.947200e+03	-7.554201e-03	5.092021e-04	1.054095e-03	7.986900e-03	-1.944874e-04	-4.758129e-04
5.959590e+03	-5.366587e-03	-4.785885e-03	3.946387e-04	4.160471e-03	-4.621228e-04	1.153509e-03
5.971980e+03	-5.882102e-04	-4.703156e-03	4.310738e-04	8.584490e-05	-1.011046e-04	5.031349e-04
5.984370e+03	1.924097e-03	-2.748606e-03	6.350651e-04	-2.103295e-03	1.430337e-04	1.770002e-04
5.996760e+03	3.974083e-03	1.913640e-03	-2.793576e-04	-3.212154e-03	-3.457169e-04	-8.483015e-04
6.009150e+03	1.996151e-03	5.357502e-03	-6.651048e-04	-3.900149e-04	-7.967141e-04	-1.619575e-03
6.021540e+03	-4.008959e-03	3.473377e-03	4.690036e-04	4.625426e-03	-4.600893e-04	-7.501467e-04
6.033930e+03	-4.630420e-03	3.399240e-03	2.632481e-05	6.449560e-03	-7.899377e-04	-1.752287e-03
6.046320e+03	-4.782730e-03	-2.442589e-03	3.037124e-04	4.839113e-03	-2.827037e-04	-3.012599e-05
6.058710e+03	-2.689958e-03	-4.817565e-03	4.197552e-05	1.907397e-03	-5.155023e-04	7.558037e-04
6.071100e+03	1.975272e-03	-4.817058e-03	3.693062e-04	-2.870833e-03	2.300468e-04	9.299989e-04
6.083490e+03	5.341719e-03	-5.515915e-04	2.819156e-04	-5.656965e-03	5.748172e-04	3.356415e-04
6.095880e+03	3.768654e-03	4.112077e-03	-2.935608e-04	-3.391935e-03	-3.677922e-04	-2.693464e-04
6.108270e+03	-4.648604e-04	6.480911e-03	-1.239725e-04	1.202554e-03	-5.845464e-04	-7.203995e-04
6.120660e+03	-4.749251e-03	5.602244e-03	-3.986564e-04	5.551699e-03	-1.232281e-03	-8.237449e-04
6.133050e+03	-7.288697e-03	-2.653619e-04	8.951844e-04	6.930209e-03	-1.898973e-04	4.351727e-04
6.145440e+03	-5.619647e-03	-4.273677e-03	4.498333e-04	4.309823e-03	-3.767506e-04	1.330724e-03
6.157830e+03	-1.850517e-03	-4.386321e-03	7.506234e-05	1.150563e-03	-6.165843e-04	7.707501e-04
6.170220e+03	5.831311e-03	-1.385874e-03	7.444293e-04	-5.079048e-03	1.509101e-03	-7.513967e-04
6.182610e+03	3.726773e-03	1.315297e-03	-3.701901e-05	-2.982589e-03	-4.771787e-05	-7.433228e-04
6.195000e+03	4.588154e-04	3.538825e-03	4.911020e-04	5.777239e-04	-1.817976e-04	-9.859243e-04
6.207390e+03	-1.482587e-03	5.189221e-03	-6.031769e-04	3.175147e-03	-1.049490e-03	-1.679938e-03
6.219780e+03	-5.546138e-03	1.751595e-03	3.594086e-05	6.006574e-03	-9.745073e-04	-5.936965e-04
6.232170e+03	-5.415178e-03	-2.196308e-03	6.034199e-04	5.297729e-03	-2.574281e-04	4.278605e-05
6.244560e+03	-3.043463e-03	-3.302943e-03	2.943415e-04	3.063516e-03	-5.849653e-04	-2.778034e-05
6.256950e+03	1.594097e-03	-4.080905e-03	6.447572e-05	-2.355446e-03	-4.246381e-05	8.027394e-04
6.269340e+03	4.405122e-03	-6.056515e-04	1.870426e-04	-4.614417e-03	3.375905e-04	1.662498e-04
6.281730e+03	2.232158e-03	3.763814e-03	-2.712323e-04	-1.969547e-03	-7.222819e-04	-2.420439e-04
6.294120e+03	5.922592e-04	6.379694e-03	-3.316116e-04	4.937225e-04	-6.899207e-04	-9.832181e-04
6.306510e+03	-4.664486e-03	5.049607e-03	-1.044550e-04	5.162563e-03	-9.509203e-04	-5.642795e-04
6.318900e+03	-6.089069e-03	6.519587e-04	7.915677e-04	6.070588e-03	-9.089165e-05	2.885994e-06
6.331290e+03	-5.450746e-03	-2.530987e-03	5.783516e-04	5.431404e-03	-4.818191e-04	3.461111e-04
6.343680e+03	-2.953206e-03	-5.583638e-03	6.145844e-04	9.480612e-04	-2.125188e-04	1.683544e-03
6.356070e+03	2.478025e-03	-1.626668e-03	-9.076995e-05	-2.159709e-03	-2.610591e-04	-2.998574e-04
6.368460e+03	2.767487e-03	6.726002e-04	1.608067e-04	-2.431925e-03	-1.864538e-05	-3.212849e-04
6.380850e+03	9.675414e-04	4.317779e-03	-2.032332e-05	6.559040e-04	-5.829622e-04	-1.534189e-03
6.393240e+03	-2.469707e-03	3.292779e-03	4.140750e-04	3.341124e-03	-3.040369e-04	-9.132187e-04
6.405630e+03	-5.050562e-03	2.624426e-03	1.973708e-04	6.119751e-03	-9.189900e-04	-1.190129e-03
6.418020e+03	-5.542499e-03	-2.143032e-03	8.465904e-04	5.416381e-03	-9.560816e-05	9.612913e-05
6.430410e+03	-2.165738e-03	-3.677957e-03	-1.652246e-04	1.635444e-03	-6.225891e-04	5.205378e-04
6.442800e+03	8.184995e-04	-3.048475e-03	7.199674e-04	-8.671678e-04	3.140891e-04	6.602647e-05
6.455190e+03	3.784185e-03	-8.400956e-04	-1.382556e-03	-4.749563e-03	-1.046076e-03	9.926712e-04
6.467580e+03	4.172215e-03	4.715113e-03	-6.693279e-04	-3.177891e-03	-5.241772e-04	-1.010299e-03
6.479970e+03	-1.381974e-03	4.832118e-03	8.438867e-05	1.548462e-03	-5.693570e-04	-3.058770e-04
6.492360e+03	-2.878359e-03	5.071496e-03	-3.082124e-04	3.771121e-03	-8.117770e-04	-8.879411e-04
6.504750e+03	-7.206091e-03	1.539458e-03	9.146898e-04	7.666055e-03	-6.344772e-04	-4.603558e-04
6.517140e+03	-5.451420e-03	-2.786314e-03	3.235005e-04	4.543577e-03	-6.656637e-04	8.677308e-04
6.529530e+03	-2.901164e-03	-5.427652e-03	9.826280e-04	1.243180e-03	1.668630e-04	1.619028e-03
6.541920e+03	7.302609e-04	-2.293222e-03	2.544128e-04	-1.013547e-03	-2.865916e-04	2.936540e-04
6.554310e+03	4.105449e-03	1.435472e-03	-3.430304e-04	-3.339260e-03	-4.487003e-05	-8.463920e-04
6.566700e+03	3.493627e-04	3.035079e-03	3.689993e-04	4.959202e-04	-2.850422e-04	-8.224997e-04
6.579090e+03	-2.978736e-03	3.675312e-03	-6.483535e-04	3.617084e-03	-1.532296e-03	-6.974359e-04
6.591480e+03	-4.477701e-03	1.953852e-03	3.130153e-04	5.333578e-03	-6.595623e-04	-8.850723e-04
6.603870e+03	-3.304828e-03	-9.875298e-04	6.582500e-04	3.940638e-03	1.141842e-04	-6.377251e-04
6.616260e+03	-2.019185e-03	-3.915246e-03	-2.442384e-05	1.153781e-03	-3.775588e-04	8.744547e-04
6.628650e+03	-1.486430e-04	-3.179429e-03	2.288281e-04	-5.788743e-04	-2.186032e-04	6.374315e-04
6.641040e+03	3.070806e-03	-7.748739e-04	2.399308e-04	-3.231187e-03	1.775151e-04	1.650202e-04
6.653430e+03	3.106218e-03	3.280474e-03	-5.134288e-04	-2.742592e-03	-5.105181e-04	-4.591397e-04
6.665820e+03	9.399320e-04	6.426649e-03	-7.624967e-05	1.055662e-03	-4.424428e-04	-1.734651e-03
6.678210e+03	-5.460128e-03	2.790001e-03	-2.909987e-04	4.711373e-03	-1.459998e-03	7.499962e-04
6.690600e+03	-6.100585e-03	9.311979e-04	6.845486e-04	6.026953e-03	-5.263883e-04	9.474129e-05
6.702990e+03	-5.252793e-03	-1.834810e-03	5.297553e-04	5.147022e-03	-5.502782e-04	2.602085e-04
6.715380e+03	-3.429484e-03	-6.063905e-03	6.604584e-04	1.140291e-03	-1.711163e-04	2.335598e-03
6.727770e+03	2.141543e-03	-1.530950e-03	-3.215526e-04	-2.060844e-03	-4.631323e-04	-1.412486e-05
6.740160e+03	1.526621e-03	3.409538e-04	7.803886e-04	-9.583863e-04	2.460938e-04	-5.141998e-04
6.752550e+03	2.913518e-03	4.242108e-03	-6.830326e-06	-9.223018e-04	1.469282e-04	-1.994649e-03
6.764940e+03	-2.984228e-03	3.216680e-03	3.341743e-04	3.931872e-03	-6.415920e-04	-9.437581e-04
6.777330e+03	-4.476355e-03	2.071642e-03	1.794811e-05	5.288323e-03	-1.027897e-03	-8.184450e-04
6.789720e+03	-5.119571e-03	-2.204158e-03	1.013517e-03	4.864125e-03	-6.372012e-05	3.343208e-04
6.802110e+03	-2.003160e-03	-2.708518e-03	3.023523e-04	1.927683e-03	-2.211454e-04	4.742850e-05
6.814500e+03	2.690030e-04	-3.951895e-03	5.807402e-06	-1.573451e-03	-2.652986e-04	1.328705e-03
6.826890e+03	3.579797e-03	2.939683e-04	4.203766e-04	-2.926238e-03	4.285376e-04	-5.711538e-04
6.839280e+03	3.449891e-03	2.741863e-03	-4.099458e-04	-3.176815e-03	-2.172976e-04	-3.291351e-04
6.851670e+03	-8.738108e-04	5.299730e-03	-1.175056e-04	1.920704e-03	-9.701344e-04	-1.064682e-03
6.864060e+03	-3.412625e-03	4.835241e-03	2.152378e-04	4.780007e-03	-7.942603e-04	-1.225579e-03
6.876450e+03	-6.284449e-03	1.535834e-03	1.852667e-04	6.489321e-03	-1.140894e-03	-1.976868e-04
6.888840e+03	-4.342281e-03	-2.761364e-03	1.003981e-03	3.635219e-03	1.838196e-04	7.055980e-04
6.901230e+03	-1.898860e-03	-3.459870e-03	2.594805e-04	1.140936e-03	-3.222421e-04	7.769121e-04
6.913620e+03	2.148765e-04	-2.763000e-03	7.879388e-04	-6.681769e-04	1.495667e-04	4.217789e-04
6.926010e+03	1.530009e-03	6.260016e-04	-3.504917e-05	-1.171010e-03	-4.159897e-04	-3.828551e-04
6.938400e+03	2.891768e-03	4.848023e-03	-1.457487e-04	-5.290990e-04	-1.096035e-04	-2.496655e-03
6.950790e+03	-3.267318e-03	3.390603e-03	3.349334e-04	4.331553e-03	-8.878524e-04	-1.065187e-03
6.963180e+03	-2.607459e-03	3.183494e-03	-5.173445e-04	4.102138e-03	-1.060003e-03	-1.494102e-03
6.975570e+03	-5.812851e-03	-1.247433e-03	1.244111e-03	5.910867e-03	-2.340381e-04	-1.690505e-04
6.987960e+03	-2.791959e-03	-3.638085e-03	1.956251e-04	1.473318e-03	-3.349698e-04	1.292570e-03
7.000350e+03	5.472276e-04	-3.622946e-03	2.034965e-04	-1.732166e-03	5.936629e-05	1.189895e-03
7.012740e+03	2.903632e-03	1.139690e-03	-4.338179e-04	-2.937412e-03	-2.722621e-04	-8.123903e-04
7.025130e+03	3.280701e-03	2.595902e-03	3.984377e-06	-2.628537e-03	-2.550961e-04	-6.493924e-04
7.037520e+03	-3.089830e-04	5.118944e-03	-3.934503e-04	1.419993e-03	-1.089867e-03	-1.110012e-03
7.049910e+03	-3.839407e-03	3.898921e-03	5.716231e-04	4.620898e-03	-5.760608e-04	-8.812220e-04
7.062300e+03	-6.270673e-03	1.279216e-03	-8.638437e-05	6.057842e-03	-1.688735e-03	-1.207001e-04
7.074690e+03	-4.190363e-03	-1.659995e-03	9.303340e-04	4.030076e-03	-4.012135e-05	2.217034e-04
7.087080e+03	-3.341287e-03	-4.327422e-03	5.564287e-04	1.306206e-03	-2.847824e-04	1.508473e-03
7.099470e+03	4.220626e-04	-2.338703e-03	-1.469357e-04	-1.025526e-03	-5.029847e-04	6.773096e-04
7.111860e+03	1.566191e-03	8.740287e-04	-2.938501e-05	-8.910107e-04	-3.690000e-04	-8.414384e-04
7.124250e+03	1.056684e-03	2.598874e-03	-2.736783e-05	1.223277e-04	-2.314176e-04	-1.182012e-03
7.136640e+03	-1.597805e-03	3.379401e-03	6.565631e-04	2.979106e-03	-4.091351e-04	-1.344009e-03
7.149030e+03	-4.293184e-03	3.334530e-03	4.982222e-04	5.904823e-03	-8.725116e-04	-1.749424e-03
7.161420e+03	-4.540016e-03	-1.137524e-04	3.640552e-04	4.921434e-03	-8.173972e-04	-6.096173e-04
7.173810e+03	-1.375154e-03	-2.359783e-03	-1.127048e-04	9.469546e-04	-8.592723e-05	4.010462e-04
7.186200e+03	1.100808e-03	-2.433455e-03	3.415994e-04	-1.354807e-03	2.746395e-04	3.071090e-04
7.198590e+03	3.236073e-03	1.179229e-03	-5.960719e-04	-3.290295e-03	-2.887119e-04	-1.699351e-04
7.210980e+03	1.369432e-03	2.915851e-03	-6.194704e-04	-7.259001e-04	-9.944577e-04	-6.474398e-04
7.223370e+03	-2.050988e-03	5.313454e-03	5.196694e-04	3.896089e-03	-7.670436e-04	-1.845071e-03
7.235760e+03	-1.755834e-03	4.716919e-03	5.017044e-05	3.384602e-03	-8.295188e-04	-1.628122e-03
7.248150e+03	-4.890384e-03	1.638066e-03	4.210304e-04	5.256058e-03	-7.869812e-04	-4.470597e-04
7.260540e+03	-4.331767e-03	-7.869262e-04	5.997440e-04	4.494038e-03	-3.569358e-04	1.547588e-05
7.272930e+03	-4.621174e-04	-3.823859e-03	-3.170360e-05	-9.729052e-04	3.381786e-05	1.421593e-03
7.285320e+03	1.070631e-03	-1.104137e-03	-1.359832e-04	-7.989293e-04	-2.568440e-04	-2.422174e-04
7.297710e+03	-1.122615e-04	-1.132726e-03	9.412418e-04	-4.512086e-05	2.617408e-04	1.564462e-04
7.310100e+03	-2.894277e-04	1.313308e-03	2.573655e-04	7.383008e-04	-2.452865e-04	-5.085063e-04
7.322490e+03	-7.092462e-04	2.448194e-03	-1.250444e-04	1.481471e-03	-5.698661e-04	-7.503933e-04
7.334880e+03	-3.728624e-03	2.417039e-03	1.024262e-03	5.041401e-03	-2.912467e-04	-1.452971e-03
7.347270e+03	-1.815682e-03	2.223716e-03	-6.305112e-05	3.133582e-03	-4.199887e-04	-1.845792e-03
7.359660e+03	-4.201571e-03	-3.109434e-03	7.083725e-04	3.135752e-03	-4.842924e-04	1.119857e-03
7.372050e+03	-4.756795e-04	-3.061301e-03	8.770150e-04	2.076894e-05	4.371109e-04	4.596265e-04
7.384440e+03	3.197900e-03	-8.141109e-04	2.296616e-04	-2.959876e-03	6.050944e-04	-1.795254e-04
7.396830e+03	2.529389e-03	3.625332e-03	4.532582e-04	-6.626101e-04	1.923529e-04	-1.883505e-03
7.409220e+03	1.348527e-03	5.179044e-03	6.697047e-05	1.124223e-03	-1.573502e-04	-2.074347e-03
7.421610e+03	-1.909801e-03	3.656031e-03	-3.468977e-05	2.797659e-03	-6.041506e-04	-9.118066e-04
7.434000e+03	-6.201465e-03	2.247478e-03	2.896645e-04	6.580709e-03	-1.488546e-03	-5.781470e-04
7.446390e+03	-5.327522e-03	-2.180262e-03	1.302400e-03	4.937501e-03	-1.711946e-04	7.057712e-04
7.458780e+03	-1.378371e-03	-1.531757e-03	-3.674448e-04	1.159894e-03	-7.379062e-04	2.935849e-04
7.471170e+03	-6.815991e-04	-1.831748e-03	8.794763e-04	4.926120e-04	3.305667e-04	2.548434e-04
7.483560e+03	2.733038e-03	6.493965e-04	-2.172149e-04	-1.234107e-03	-1.630077e-04	-8.075107e-04
7.495950e+03	-2.637071e-05	3.372183e-03	-3.744724e-04	1.776886e-03	-1.152612e-03	-1.641018e-03
7.508340e+03	-2.332563e-03	2.121763e-03	5.697780e-04	3.173238e-03	-5.954678e-04	-7.887737e-04
7.520730e+03	-4.250807e-03	1.943823e-03	7.126039e-04	4.942354e-03	-6.861043e-04	-9.273291e-04
7.533120e+03	-3.122046e-03	1.386471e-03	2.648067e-05	3.666931e-03	-9.220529e-04	-1.049393e-03
7.545510e+03	-3.095058e-03	-9.836288e-04	-1.268365e-04	3.041043e-03	-8.876229e-04	-5.240446e-05
7.557900e+03	-3.147793e-04	-2.358206e-03	7.322480e-04	-2.618198e-05	3.673067e-04	3.403861e-04
7.570290e+03	2.981615e-04	1.050451e-03	-6.114960e-04	1.280144e-04	-1.075400e-03	-6.615419e-04
7.582680e+03	2.568420e-03	1.109419e-03	-2.476966e-04	-2.140896e-03	-2.337355e-05	-3.605988e-04
7.595070e+03	1.177248e-03	4.385279e-03	-4.561675e-04	4.635439e-04	-7.447321e-04	-1.638040e-03
7.607460e+03	-2.478791e-03	3.164197e-03	3.863726e-04	3.463034e-03	-5.958046e-04	-9.610364e-04
7.619850e+03	-4.350010e-03	1.346967e-03	3.212985e-05	4.383801e-03	-1.116869e-03	-8.218306e-05
7.632240e+03	-3.136628e-03	-6.100012e-04	1.374653e-03	3.330388e-03	4.652154e-04	-2.884406e-04
7.644630e+03	-1.893600e-03	-1.764568e-03	7.092058e-04	1.668623e-03	2.191999e-04	1.785631e-04
7.657020e+03	-9.601814e-04	-1.010076e-03	4.295285e-04	1.082791e-03	-2.599224e-04	-1.283928e-04
7.669410e+03	1.521239e-04	-4.242550e-04	-3.045727e-04	-2.124958e-04	-6.278425e-04	1.407968e-04
7.681800e+03	1.321985e-03	1.546658e-03	-1.370009e-06	-3.288170e-04	-1.872319e-04	-9.846743e-04
7.694190e+03	-1.196931e-03	4.055227e-03	-3.734187e-04	3.018477e-03	-1.310427e-03	-1.969189e-03
7.706580e+03	-2.311623e-03	1.675295e-03	7.339962e-04	3.302554e-03	-1.611514e-04	-9.935812e-04
7.718970e+03	-4.846632e-03	1.076155e-04	5.340783e-04	4.872249e-03	-9.306750e-04	-1.977430e-05
7.731360e+03	-2.092481e-03	-1.190032e-03	1.347587e-04	1.782326e-03	-3.893341e-04	1.981801e-04
7.743750e+03	-8.514535e-04	-1.333300e-03	7.879082e-04	9.785215e-04	2.544625e-04	-9.929120e-05
7.756140e+03	6.768798e-04	-5.115510e-04	-1.015213e-04	-6.677382e-04	-3.066531e-04	1.322556e-05
7.768530e+03	1.584164e-03	1.794015e-03	-3.090090e-04	-7.854944e-04	-3.593656e-04	-8.100988e-04
7.780920e+03	-1.107675e-03	1.942982e-03	4.770180e-04	1.688467e-03	-4.085021e-04	-5.815955e-04
7.793310e+03	-9.589968e-04	3.029700e-03	2.257284e-04	2.187843e-03	-4.651064e-04	-1.202302e-03
7.805700e+03	-3.501035e-03	1.742012e-03	8.130196e-06	3.985744e-03	-1.106163e-03	-4.510143e-04
7.818090e+03	-3.859945e-03	1.009913e-03	5.484005e-04	4.629804e-03	-7.939321e-04	-7.618767e-04
7.830480e+03	-2.623959e-03	-8.109237e-04	5.552081e-04	2.637482e-03	-3.536636e-04	-1.380720e-05
7.842870e+03	-1.345476e-03	-6.343314e-04	1.331080e-04	1.371787e-03	-6.060058e-04	-6.618473e-05
7.855260e+03	-1.347444e-04	-1.400000e-03	1.227881e-03	1.866100e-04	8.057779e-04	-5.130889e-05
7.867650e+03	1.226413e-03	1.601812e-03	-5.125741e-04	-1.382343e-04	-4.823616e-04	-1.014021e-03
7.880040e+03	-8.864773e-04	3.307079e-03	1.550727e-04	2.781426e-03	-8.143180e-04	-1.986673e-03
7.892430e+03	-2.015387e-03	1.299524e-03	-4.303088e-04	2.364432e-03	-1.106348e-03	-3.469538e-04
7.904820e+03	-2.114288e-03	9.533205e-04	1.039773e-04	2.755314e-03	-6.620932e-04	-6.053707e-04
7.917210e+03	-2.407990e-03	-2.288205e-04	3.832445e-04	2.709974e-03	-4.533827e-04	-3.120004e-04
7.929600e+03	-1.696294e-03	-1.109646e-03	3.965038e-04	1.543129e-03	-2.767239e-04	1.658229e-04
7.941990e+03	4.183814e-04	-2.293570e-04	-3.582299e-04	-4.364120e-04	-4.426836e-04	-3.749811e-05
7.954380e+03	6.361358e-04	1.427025e-03	1.003787e-05	2.519254e-04	-3.549205e-04	-8.472116e-04
7.966770e+03	1.411690e-03	2.453354e-03	-4.417747e-04	-2.330255e-04	-3.931437e-04	-1.149978e-03
7.979160e+03	-1.365483e-03	2.372365e-03	2.839715e-04	2.356166e-03	-4.547363e-04	-9.755643e-04
7.991550e+03	-3.269980e-03	1.790754e-03	1.876157e-04	3.821069e-03	-1.009720e-03	-6.485562e-04
8.003940e+03	-9.244050e-04	1.229491e-04	-9.589522e-05	1.078547e-03	-2.819518e-04	-1.543982e-04
8.016330e+03	-3.160830e-03	2.839489e-05	3.744825e-04	3.348450e-03	-8.296281e-04	-4.474249e-05
8.028720e+03	2.645333e-04	2.224727e-04	-2.316626e-04	3.775527e-04	-2.333674e-04	-6.420860e-04
8.041110e+03	2.661901e-04	3.773646e-04	-4.737890e-04	2.889111e-05	-5.773852e-04	-2.841589e-04
8.053500e+03	-1.041219e-04	9.523502e-04	-5.930337e-05	9.483957e-04	-5.348185e-04	-7.616303e-04
8.065890e+03	-1.623669e-03	3.892849e-04	-3.620369e-04	1.390607e-03	-1.041595e-03	1.798517e-04
8.078280e+03	-8.610770e-04	2.414487e-03	-1.018861e-04	2.191935e-03	-7.997686e-04	-1.440545e-03
8.090670e+03	-3.540127e-03	7.255834e-04	1.050738e-03	4.213647e-03	-4.576362e-04	-6.318957e-04
8.103060e+03	-8.352315e-04	-9.882684e-04	6.378416e-04	7.377849e-04	3.782571e-04	8.766158e-05
8.115450e+03	-1.547404e-03	7.416592e-04	-1.246761e-04	2.087468e-03	-8.596929e-04	-5.474813e-04
8.127840e+03	4.034402e-04	3.317481e-04	1.382095e-05	1.789936e-04	-1.288810e-04	-5.204653e-04
8.140230e+03	1.001003e-05	1.468012e-04	4.317703e-04	1.779752e-04	9.403084e-05	-1.876171e-04
8.152620e+03	1.340673e-04	2.041255e-03	-5.501375e-04	6.501101e-04	-8.484689e-04	-8.537807e-04
8.165010e+03	-1.146188e-03	1.611215e-03	6.558552e-04	2.013426e-03	-6.995746e-05	-8.913116e-04
8.177400e+03	-1.987863e-03	1.718086e-03	2.304633e-04	2.898308e-03	-6.964717e-04	-8.877765e-04
8.189790e+03	-1.814253e-03	6.381443e-04	2.030830e-04	2.186784e-03	-5.509710e-04	-3.732845e-04
8.202180e+03	-2.335712e-03	-5.179847e-05	4.888432e-04	2.492941e-03	-4.068204e-04	-1.373709e-04
8.214570e+03	2.551245e-04	6.411006e-04	-2.088436e-04	4.055783e-04	-3.082607e-04	-6.715997e-04
8.226960e+03	-1.009935e-03	7.232414e-04	9.557595e-05	1.749909e-03	-5.253297e-04	-6.169235e-04
8.239350e+03	-4.065643e-04	1.422352e-03	-9.492888e-04	9.722986e-04	-1.343725e-03	-5.657343e-04
8.251740e+03	-6.329382e-05	1.435405e-03	6.594448e-05	1.168864e-03	-2.388196e-04	-1.108010e-03
8.264130e+03	-1.919890e-03	1.819914e-03	2.180895e-04	3.122227e-03	-8.561835e-04	-1.205864e-03
8.276520e+03	-8.694127e-04	1.199907e-03	3.265364e-04	1.931591e-03	-2.494320e-04	-1.059165e-03
8.288910e+03	-1.240239e-03	1.143352e-03	-6.433304e-05	2.151897e-03	-6.665283e-04	-8.284211e-04
8.301300e+03	-1.082737e-03	-9.316384e-05	-3.764118e-05	1.060770e-03	-5.339224e-04	-1.190958e-05
8.313690e+03	-5.058705e-04	2.170290e-04	3.267480e-04	8.311253e-04	-1.172279e-04	-3.290123e-04
8.326080e+03	1.816029e-04	1.852778e-03	-2.738554e-05	1.018338e-03	-4.122995e-04	-1.152595e-03
8.338470e+03	-5.585832e-05	1.857946e-03	-3.988676e-04	9.799595e-04	-6.667794e-04	-9.258761e-04
8.350860e+03	-1.020352e-03	1.610257e-03	9.180627e-05	1.890418e-03	-4.412965e-04	-8.650680e-04
8.363250e+03	-1.723298e-03	1.184413e-03	5.210501e-04	2.593768e-03	-3.100665e-04	-9.157856e-04
8.375640e+03	-2.242427e-03	6.445030e-04	3.380433e-04	2.638260e-03	-7.078336e-04	-3.541810e-04
