1.523970e+03	1.055519e-01	-6.033692e-02	1.425580e-05	-1.054907e-01	-3.491169e-05	5.231316e-04
1.536360e+03	1.174698e-01	-2.891187e-02	1.971341e-07	-1.186592e-01	-4.762738e-05	3.812734e-04
1.548750e+03	1.209595e-01	5.011482e-03	2.304142e-05	-1.210000e-01	2.721921e-05	3.442180e-04
1.561140e+03	1.153258e-01	3.860409e-02	1.162201e-05	-1.154792e-01	1.228443e-05	5.201549e-04
1.573530e+03	1.000178e-01	6.925621e-02	-2.804701e-05	-1.008702e-01	1.036836e-04	7.306056e-04
1.585920e+03	7.674516e-02	9.458717e-02	2.187616e-05	-7.744053e-02	-5.099850e-05	7.214793e-04
1.598310e+03	4.736327e-02	1.120900e-01	-6.480537e-05	-4.795634e-02	7.581652e-05	6.276913e-04
1.610700e+03	1.386739e-02	1.209596e-01	-1.748443e-07	-1.446739e-02	-3.702493e-05	5.670465e-04
1.623090e+03	-2.039777e-02	1.202747e-01	-5.377474e-05	1.983098e-02	-1.059473e-05	5.010243e-04
1.635480e+03	-5.319910e-02	1.102175e-01	1.327363e-06	5.270071e-02	-8.704410e-05	4.228463e-04
1.647870e+03	-8.266365e-02	9.108790e-02	-3.503346e-05	8.215408e-02	-4.040493e-05	5.514392e-04
1.660260e+03	-1.065045e-01	6.427390e-02	-5.903150e-06	1.056116e-01	-5.686822e-05	8.196614e-04
1.672650e+03	-1.205135e-01	3.128686e-02	5.797613e-05	1.195135e-01	-6.822536e-05	7.649681e-04
1.685040e+03	-1.247028e-01	-5.039334e-03	5.525539e-05	1.237028e-01	-2.753126e-05	5.434278e-04
1.697430e+03	-1.184022e-01	-4.096177e-02	-3.301378e-05	1.174022e-01	-1.527724e-05	3.818939e-04
1.709820e+03	-1.014984e-01	-7.355077e-02	9.777919e-05	1.007297e-01	1.683072e-05	2.808391e-04
1.722210e+03	-7.563514e-02	-1.003599e-01	3.992543e-05	7.534581e-02	1.683111e-05	3.651032e-04
1.734600e+03	-4.305443e-02	-1.185736e-01	2.499542e-05	4.275297e-02	2.342735e-05	3.412789e-04
1.746990e+03	-5.587740e-03	-1.266179e-01	5.183583e-05	5.336318e-03	4.788377e-05	2.750417e-04
1.759380e+03	3.268409e-02	-1.233023e-01	1.076555e-05	-3.297790e-02	1.748942e-08	2.798873e-04
1.771770e+03	6.855211e-02	-1.082649e-01	8.988640e-06	-6.874724e-02	-4.312960e-05	2.263404e-04
1.784160e+03	9.889449e-02	-8.259076e-02	6.839627e-05	-9.909382e-02	7.589149e-05	1.210059e-04
1.796550e+03	1.206217e-01	-4.875965e-02	3.646009e-05	-1.206127e-01	-2.201372e-05	2.428124e-04
1.808940e+03	1.308872e-01	-8.648715e-03	5.446603e-05	-1.308872e-01	8.114379e-05	3.059501e-04
1.821330e+03	1.283764e-01	3.322713e-02	1.852689e-05	-1.283764e-01	9.547252e-05	3.279919e-04
1.833720e+03	1.110300e-01	7.262090e-02	-1.913778e-06	-1.110300e-01	1.024534e-04	6.554310e-05
1.846110e+03	8.213290e-02	1.047896e-01	-5.061799e-05	-8.211995e-02	7.069197e-05	-5.234378e-05
1.858500e+03	4.410114e-02	1.268269e-01	-1.532504e-04	-4.399290e-02	1.531517e-04	-8.606328e-05
1.870890e+03	7.939161e-04	1.349831e-01	-1.746297e-04	-7.426930e-04	6.839508e-05	-4.190251e-05
1.883280e+03	-4.428073e-02	1.293843e-01	-1.134120e-04	4.427765e-02	-5.967128e-05	2.250144e-05
1.895670e+03	-8.567260e-02	1.078492e-01	-9.729565e-05	8.559328e-02	-9.498116e-05	8.518100e-05
1.908060e+03	-1.186191e-01	7.290158e-02	-6.152837e-05	1.179923e-01	-1.478642e-04	2.030541e-04
1.920450e+03	-1.372259e-01	2.795710e-02	6.661542e-05	1.372314e-01	-1.570000e-04	1.401456e-04
1.932840e+03	-1.392957e-01	-2.181421e-02	4.097899e-05	1.392957e-01	-1.399244e-04	6.063082e-05
1.945230e+03	-1.237440e-01	-6.985037e-02	1.871669e-05	1.237531e-01	-1.180000e-04	7.207789e-05
1.957620e+03	-9.171813e-02	-1.102134e-01	2.107534e-04	9.149034e-02	-2.995653e-05	1.309408e-04
1.970010e+03	-4.643188e-02	-1.368826e-01	4.936933e-05	4.619851e-02	-4.053661e-05	2.109870e-04
1.982400e+03	6.836230e-03	-1.459755e-01	4.677358e-05	-7.168290e-03	-1.403194e-05	3.363027e-04
1.994790e+03	6.100682e-02	-1.341133e-01	6.968057e-05	-6.131277e-02	3.693789e-05	2.943605e-04
2.007180e+03	1.074976e-01	-1.019295e-01	9.368568e-05	-1.084694e-01	1.298513e-04	3.197014e-04
2.019570e+03	1.399206e-01	-5.377015e-02	6.589257e-05	-1.409206e-01	1.255824e-04	5.471182e-04
2.031960e+03	1.507837e-01	5.337489e-03	4.458482e-05	-1.517837e-01	1.661686e-04	6.480781e-04
2.044350e+03	1.381310e-01	6.594781e-02	-2.147076e-05	-1.391293e-01	1.735589e-04	8.126259e-04
2.056740e+03	1.005159e-01	1.181602e-01	-9.429681e-05	-1.016260e-01	2.237541e-04	1.041429e-03
2.069130e+03	4.315161e-02	1.510347e-01	-2.250951e-04	-4.445188e-02	1.707168e-04	1.250379e-03
2.081520e+03	-2.503586e-02	1.561849e-01	-2.249677e-04	2.358117e-02	-1.396811e-05	1.463694e-03
2.093910e+03	-9.157635e-02	1.318939e-01	-1.536893e-04	8.990636e-02	-1.639022e-04	1.736411e-03
2.106300e+03	-1.425049e-01	7.918928e-02	-9.742306e-05	1.404930e-01	-2.824874e-04	2.094468e-03
2.118690e+03	-1.630939e-01	5.150523e-03	8.967661e-05	1.610939e-01	-3.092637e-04	2.116976e-03
2.131080e+03	-1.480618e-01	-7.365448e-02	1.298393e-04	1.460618e-01	-2.511789e-04	2.010183e-03
2.143470e+03	-9.360482e-02	-1.369592e-01	2.510903e-04	9.172194e-02	-1.175997e-04	1.865755e-03
2.155860e+03	-1.005643e-02	-1.632796e-01	1.819708e-04	8.605995e-03	-1.423029e-05	1.449883e-03
2.168250e+03	7.985059e-02	-1.421812e-01	1.306821e-04	-8.063713e-02	9.908002e-05	8.814038e-04
2.180640e+03	1.441492e-01	-6.765484e-02	9.674066e-05	-1.442453e-01	2.751451e-04	8.690959e-05
2.193030e+03	1.502995e-01	2.977932e-02	-4.232538e-06	-1.493156e-01	3.670891e-04	-9.054586e-04
2.205420e+03	9.613566e-02	1.087798e-01	-1.979698e-04	-9.406030e-02	3.753988e-04	-2.086073e-03
2.217810e+03	6.270803e-03	1.319512e-01	-3.942037e-04	-2.779685e-03	2.373094e-04	-3.485059e-03
2.230200e+03	-7.120158e-02	9.259565e-02	-3.674705e-04	7.522410e-02	-2.070055e-04	-4.032921e-03
2.242590e+03	-9.646773e-02	1.601651e-02	-1.740655e-05	1.009588e-01	-4.464762e-04	-4.550000e-03
2.254980e+03	-6.600349e-02	-4.618799e-02	3.174296e-04	7.062545e-02	-4.539651e-04	-4.597318e-03
2.267370e+03	-9.618315e-03	-6.144750e-02	4.756886e-04	1.435622e-02	-1.005222e-04	-4.730060e-03
2.279760e+03	2.700430e-02	-3.631933e-02	4.723755e-04	-2.262477e-02	2.842772e-04	-4.510171e-03
2.292150e+03	2.717427e-02	-4.729849e-03	4.489809e-05	-2.302496e-02	3.379896e-04	-4.090329e-03
2.304540e+03	9.889947e-03	4.337657e-03	-2.590908e-04	-6.273496e-03	3.111268e-04	-3.605076e-03
2.316930e+03	3.448763e-03	-6.343323e-03	-3.871313e-04	-3.089871e-04	1.906782e-04	-3.112327e-03
2.329320e+03	1.692836e-02	-1.205727e-02	-2.977286e-04	-1.456170e-02	-3.240041e-04	-2.358497e-03
2.341710e+03	3.164808e-02	2.922336e-03	-1.966754e-04	-3.027026e-02	-4.002640e-04	-1.488837e-03
2.354100e+03	2.716983e-02	3.172067e-02	2.345296e-04	-2.698951e-02	-4.188333e-04	-1.485290e-04
2.366490e+03	-3.759310e-03	5.049203e-02	4.161096e-04	2.173577e-03	-4.474240e-05	1.585485e-03
2.378880e+03	-4.497006e-02	4.035945e-02	4.711936e-04	4.184283e-02	2.441688e-04	3.134402e-03
2.391270e+03	-6.822035e-02	-6.812507e-04	2.526559e-04	6.421671e-02	4.671012e-04	4.024727e-03
2.403660e+03	-5.612968e-02	-5.210067e-02	-9.941066e-05	5.213935e-02	5.826222e-04	4.019326e-03
2.416050e+03	-4.955272e-03	-8.175093e-02	-4.098880e-04	1.902762e-03	3.107288e-04	3.046710e-03
2.428440e+03	5.662510e-02	-6.665942e-02	-5.708588e-04	-5.784677e-02	1.505398e-05	1.275833e-03
2.440830e+03	9.058648e-02	-9.850154e-03	-4.945764e-04	-8.987593e-02	-2.546283e-04	-7.925113e-04
2.453220e+03	7.682622e-02	5.847525e-02	-2.573440e-04	-7.428837e-02	-5.162204e-04	-2.519137e-03
2.465610e+03	1.558936e-02	9.490117e-02	1.149183e-04	-1.214774e-02	-6.400705e-04	-3.423704e-03
2.478000e+03	-5.680771e-02	7.937035e-02	4.127757e-04	6.006603e-02	-4.449177e-04	-3.322267e-03
2.490390e+03	-9.539187e-02	1.516406e-02	6.826070e-04	9.757012e-02	-4.935047e-05	-2.311500e-03
2.502780e+03	-7.794071e-02	-5.720440e-02	7.002664e-04	7.840699e-02	4.488911e-04	-5.452925e-04
2.515170e+03	-1.293236e-02	-9.278432e-02	2.094423e-04	1.178809e-02	8.161409e-04	1.194130e-03
2.527560e+03	5.602576e-02	-7.040133e-02	-4.433219e-04	-5.851279e-02	6.394346e-04	2.441949e-03
2.539950e+03	8.301542e-02	-6.261721e-03	-8.431300e-04	-8.576942e-02	3.227842e-04	2.848282e-03
2.552340e+03	5.981185e-02	5.629422e-02	-8.167502e-04	-6.222062e-02	-2.591050e-04	2.437174e-03
2.564730e+03	-2.213742e-03	7.793925e-02	-3.852854e-04	8.488063e-04	-7.463145e-04	1.370634e-03
2.577120e+03	-5.768863e-02	4.674617e-02	2.238541e-04	5.751284e-02	-8.196695e-04	1.447134e-04
2.589510e+03	-6.738694e-02	-1.384046e-02	8.374726e-04	6.804505e-02	-4.656130e-04	-6.969492e-04
2.601900e+03	-2.717934e-02	-5.763123e-02	9.704456e-04	2.808310e-02	2.270878e-04	-8.942179e-04
2.614290e+03	2.939011e-02	-5.325942e-02	6.362430e-04	-2.850327e-02	7.892951e-04	-8.570109e-04
2.626680e+03	5.671997e-02	-5.975762e-03	-1.267778e-04	-5.591179e-02	1.033221e-03	-7.883741e-04
2.639070e+03	2.870529e-02	4.663104e-02	-1.008302e-03	-2.810597e-02	5.792013e-04	-5.716627e-04
2.651460e+03	-1.415107e-02	5.336066e-02	-1.131047e-03	1.522618e-02	-8.250886e-05	-1.040460e-03
2.663850e+03	-5.300811e-02	1.899004e-02	-7.781353e-04	5.437739e-02	-8.778154e-04	-1.396523e-03
2.676240e+03	-4.782913e-02	-3.294739e-02	1.120882e-04	4.933094e-02	-1.087321e-03	-1.530839e-03
2.688630e+03	-3.094575e-03	-6.028120e-02	8.796963e-04	4.395284e-03	-7.279972e-04	-1.282484e-03
2.701020e+03	4.805615e-02	-4.362867e-02	1.086824e-03	-4.744993e-02	2.350995e-05	-6.248621e-04
2.713410e+03	6.609685e-02	8.837025e-03	6.342629e-04	-6.601349e-02	8.575049e-04	3.205049e-06
2.725800e+03	3.939757e-02	5.918397e-02	-1.066166e-04	-4.002753e-02	9.907443e-04	6.803260e-04
2.738190e+03	-1.860498e-02	7.122913e-02	-7.469594e-04	1.726218e-02	6.563034e-04	1.308708e-03
2.750580e+03	-6.857036e-02	3.664216e-02	-9.203397e-04	6.721806e-02	-2.043228e-05	1.395420e-03
2.762970e+03	-7.542712e-02	-2.454996e-02	-6.867814e-04	7.401083e-02	-6.389181e-04	1.388283e-03
2.775360e+03	-3.481524e-02	-7.325865e-02	-3.702364e-05	3.377214e-02	-8.682749e-04	1.066430e-03
2.787750e+03	2.936339e-02	-7.667177e-02	5.218283e-04	-3.019121e-02	-6.799201e-04	8.485592e-04
2.800140e+03	7.550943e-02	-2.992710e-02	8.512345e-04	-7.607565e-02	-1.846308e-04	5.546676e-04
2.812530e+03	7.356091e-02	3.589627e-02	6.768850e-04	-7.393966e-02	5.095502e-04	3.347350e-04
2.824920e+03	2.164179e-02	7.761632e-02	1.840462e-04	-2.182365e-02	8.732357e-04	1.253261e-04
2.837310e+03	-4.381453e-02	6.712980e-02	-3.768242e-04	4.384813e-02	7.121650e-04	-5.435018e-05
2.849700e+03	-7.704382e-02	9.721029e-03	-6.729600e-04	7.755396e-02	2.721136e-04	-5.309051e-04
2.862090e+03	-5.632818e-02	-5.245352e-02	-6.120765e-04	5.717051e-02	-3.487486e-04	-8.761961e-04
2.874480e+03	4.776951e-03	-7.477840e-02	-2.169381e-04	-3.534072e-03	-6.493965e-04	-1.233998e-03
2.886870e+03	6.013600e-02	-4.373109e-02	2.930500e-04	-5.893008e-02	-6.273182e-04	-1.220000e-03
2.899260e+03	7.061577e-02	1.816000e-02	5.652810e-04	-6.952770e-02	-1.305883e-04	-1.093312e-03
2.911650e+03	2.927432e-02	6.351639e-02	4.423434e-04	-2.865254e-02	2.388929e-04	-6.350749e-04
2.924040e+03	-3.026095e-02	6.145820e-02	1.895144e-05	3.036508e-02	4.762161e-04	-8.447428e-05
2.936430e+03	-6.404974e-02	1.503309e-02	-1.387342e-04	6.358880e-02	3.051338e-04	4.139654e-04
2.948820e+03	-5.164209e-02	-3.920756e-02	-3.128713e-04	5.082029e-02	7.563017e-05	8.142688e-04
2.961210e+03	-2.724661e-03	-6.259209e-02	-3.316320e-04	1.753222e-03	-2.609926e-04	9.699357e-04
2.973600e+03	4.532448e-02	-4.020588e-02	-4.525661e-05	-4.634011e-02	-3.073233e-04	9.546302e-04
2.985990e+03	5.709848e-02	9.796709e-03	1.286534e-04	-5.777734e-02	-1.570560e-04	7.135475e-04
2.998380e+03	2.810763e-02	5.088800e-02	1.841285e-04	-2.860249e-02	-7.307437e-05	4.736123e-04
3.010770e+03	-2.161267e-02	5.290039e-02	2.012765e-04	2.138827e-02	1.034175e-04	2.127113e-04
3.023160e+03	-5.273274e-02	1.467980e-02	7.126711e-05	5.287178e-02	1.897233e-04	-7.843838e-05
3.035550e+03	-4.367018e-02	-3.334582e-02	-8.086807e-05	4.388263e-02	1.844164e-04	-3.013979e-04
3.047940e+03	1.200051e-03	-5.448156e-02	-1.575030e-04	-5.940854e-04	9.856266e-05	-6.038155e-04
3.060330e+03	4.466083e-02	-3.179188e-02	-1.994048e-04	-4.386623e-02	-9.687768e-05	-7.576979e-04
3.072720e+03	5.206901e-02	1.671829e-02	-1.658481e-04	-5.108843e-02	-1.886800e-04	-9.274748e-04
3.085110e+03	1.821986e-02	5.303466e-02	-2.166915e-05	-1.731690e-02	-2.001291e-04	-9.065469e-04
3.097500e+03	-3.133493e-02	4.676304e-02	1.639397e-04	3.214267e-02	-1.080521e-04	-7.859875e-04
3.109890e+03	-5.607649e-02	3.222103e-03	2.426914e-04	5.662692e-02	2.352600e-08	-5.932143e-04
3.122280e+03	-3.885361e-02	-4.437585e-02	1.338542e-04	3.913792e-02	2.138105e-04	-2.389557e-04
3.134670e+03	1.043829e-02	-5.908501e-02	-1.749042e-05	-1.058880e-02	2.140118e-04	1.617719e-04
3.147060e+03	5.363364e-02	-3.006746e-02	-1.722084e-04	-5.407646e-02	2.018291e-04	4.532839e-04
3.159450e+03	5.864243e-02	2.270429e-02	-2.110154e-04	-5.914101e-02	3.441679e-05	5.622281e-04
3.171840e+03	2.068632e-02	6.157907e-02	-2.184843e-04	-2.139000e-02	-1.394699e-04	6.753241e-04
3.184230e+03	-3.373893e-02	5.664802e-02	-6.449407e-05	3.302837e-02	-2.116005e-04	6.747227e-04
3.196620e+03	-6.474704e-02	1.183810e-02	1.329425e-04	6.420941e-02	-2.571413e-04	5.162827e-04
3.209010e+03	-5.255996e-02	-4.226909e-02	2.973389e-04	5.207513e-02	-8.175438e-05	4.195661e-04
3.221400e+03	-1.864646e-03	-6.700120e-02	3.078665e-04	1.663177e-03	1.416111e-04	2.027745e-04
3.233790e+03	5.031547e-02	-4.492849e-02	1.080760e-04	-5.031708e-02	2.978974e-04	4.222009e-05
3.246180e+03	6.608420e-02	9.375797e-03	-1.388161e-04	-6.588631e-02	2.609809e-04	-1.481971e-04
3.258570e+03	3.568465e-02	5.719956e-02	-3.558065e-04	-3.541020e-02	1.564392e-04	-2.886221e-04
3.270960e+03	-2.030119e-02	6.277208e-02	-3.439691e-04	2.075871e-02	-1.527725e-04	-3.915126e-04
3.283350e+03	-6.092145e-02	2.445323e-02	-4.755346e-05	6.142145e-02	-3.433545e-04	-4.295513e-04
3.295740e+03	-5.710199e-02	-3.090845e-02	1.747485e-04	5.736315e-02	-3.066724e-04	-3.404245e-04
3.308130e+03	-1.197469e-02	-6.136312e-02	3.569660e-04	1.215737e-02	-5.648367e-05	-2.180267e-04
3.320520e+03	3.975914e-02	-4.831491e-02	2.529889e-04	-3.978850e-02	2.307621e-04	2.266798e-05
3.332910e+03	6.108730e-02	2.278722e-04	1.285457e-05	-6.118946e-02	3.174731e-04	1.221447e-04
3.345300e+03	3.762138e-02	4.686906e-02	-2.513994e-04	-3.792031e-02	2.414474e-04	2.999727e-04
3.357690e+03	-1.236693e-02	5.717248e-02	-4.328706e-04	1.206693e-02	-1.384427e-05	3.157089e-04
3.370080e+03	-5.242607e-02	2.676693e-02	-2.522389e-04	5.202128e-02	-2.969494e-04	3.328724e-04
3.382470e+03	-5.282286e-02	-2.270128e-02	8.820521e-05	5.256620e-02	-3.759889e-04	2.891284e-04
3.394860e+03	-1.539310e-02	-5.348987e-02	3.294517e-04	1.521120e-02	-2.425490e-04	1.940543e-04
3.407250e+03	3.174901e-02	-4.540661e-02	3.710435e-04	-3.192807e-02	7.367356e-05	1.609032e-04
3.419640e+03	5.384579e-02	-3.359341e-03	2.072200e-04	-5.394202e-02	3.848387e-04	5.188847e-05
3.432030e+03	3.578630e-02	3.966217e-02	-9.565199e-05	-3.568623e-02	4.339592e-04	-5.923155e-05
3.444420e+03	-8.661789e-03	5.102538e-02	-4.091075e-04	8.852757e-03	2.500620e-04	-1.843881e-04
3.456810e+03	-4.561562e-02	2.457308e-02	-4.087195e-04	4.581562e-02	-6.479718e-05	-2.371988e-04
3.469200e+03	-4.628494e-02	-2.032601e-02	-1.829926e-04	4.654390e-02	-3.739119e-04	-2.770530e-04
3.481590e+03	-1.232778e-02	-4.814579e-02	7.183081e-05	1.258538e-02	-4.007797e-04	-2.576632e-04
3.493980e+03	3.048435e-02	-3.925291e-02	3.361304e-04	-3.023558e-02	-2.672354e-04	-2.477846e-04
3.506370e+03	4.857778e-02	1.433557e-05	4.341268e-04	-4.830523e-02	7.916405e-05	-2.417827e-04
3.518760e+03	2.994056e-02	3.878752e-02	1.875697e-04	-2.983916e-02	3.303570e-04	-9.436445e-05
3.531150e+03	-1.200802e-02	4.760051e-02	-9.969949e-05	1.200546e-02	4.154216e-04	1.825982e-06
3.543540e+03	-4.487130e-02	1.975640e-02	-3.312916e-04	4.477227e-02	1.820408e-04	1.088847e-04
3.555930e+03	-4.343062e-02	-2.273090e-02	-2.932351e-04	4.325318e-02	-4.554383e-05	1.708674e-04
3.568320e+03	-9.609521e-03	-4.808471e-02	-1.364372e-04	9.371807e-03	-2.623044e-04	2.401928e-04
3.580710e+03	3.444307e-02	-3.448475e-02	8.040766e-05	-3.465861e-02	-1.943904e-04	1.938110e-04
3.593100e+03	4.851573e-02	9.023472e-04	1.978653e-04	-4.871576e-02	-1.251298e-04	2.298514e-04
3.605490e+03	3.038149e-02	3.893121e-02	1.960317e-04	-3.047106e-02	5.594288e-05	1.045455e-04
3.617880e+03	-1.106809e-02	4.780651e-02	1.087581e-04	1.096267e-02	1.977712e-04	9.600929e-05
3.630270e+03	-4.378989e-02	2.139904e-02	-5.696714e-05	4.381421e-02	1.840000e-04	-2.176925e-05
3.642660e+03	-4.395209e-02	-2.089183e-02	-1.309036e-04	4.415510e-02	1.095152e-04	-1.717208e-04
3.655050e+03	-1.101592e-02	-4.768340e-02	-1.576220e-04	1.115845e-02	1.966315e-05	-1.418428e-04
3.667440e+03	3.034039e-02	-3.811191e-02	-1.494372e-04	-3.004709e-02	-4.493558e-05	-2.240672e-04
3.679830e+03	4.730821e-02	-2.665208e-04	-7.346833e-05	-4.710834e-02	-1.550482e-04	-2.090249e-04
3.692220e+03	3.051916e-02	3.760485e-02	1.453842e-05	-3.031545e-02	-1.495274e-04	-2.213638e-04
3.704610e+03	-1.009807e-02	4.689541e-02	9.663860e-05	1.021091e-02	-4.161793e-05	-1.104642e-04
3.717000e+03	-4.266756e-02	2.133587e-02	1.507791e-04	4.266496e-02	-2.926965e-05	-1.095133e-05
3.729390e+03	-4.358517e-02	-1.963519e-02	1.293717e-04	4.347219e-02	8.536352e-05	1.084966e-04
3.741780e+03	-1.172491e-02	-4.597351e-02	6.979518e-05	1.162400e-02	1.212281e-04	1.282549e-04
3.754170e+03	2.811914e-02	-3.752796e-02	-7.782608e-05	-2.831134e-02	1.831620e-04	2.067275e-04
3.766560e+03	4.568075e-02	-1.744011e-03	-1.913990e-04	-4.598116e-02	8.403811e-05	2.301703e-04
3.778950e+03	3.045022e-02	3.482551e-02	-1.891870e-04	-3.064302e-02	-4.245814e-05	1.893583e-04
3.791340e+03	-7.794341e-03	4.480389e-02	-1.060583e-04	7.683326e-03	-1.631973e-04	1.381113e-04
3.803730e+03	-3.956695e-02	2.219311e-02	7.960783e-05	3.942037e-02	-2.267415e-04	1.492646e-04
3.816120e+03	-4.186903e-02	-1.687709e-02	2.173594e-04	4.186876e-02	-1.469555e-04	-1.225910e-05
3.828510e+03	-1.254589e-02	-4.283926e-02	2.799014e-04	1.264255e-02	1.072833e-04	-9.111336e-05
3.840900e+03	2.543164e-02	-3.600145e-02	1.510212e-04	-2.533580e-02	2.753412e-04	-1.405155e-04
3.853290e+03	4.313544e-02	-2.559647e-03	-4.831160e-05	-4.293492e-02	3.092278e-04	-2.041065e-04
3.865680e+03	2.901454e-02	3.238555e-02	-2.265942e-04	-2.881560e-02	1.452144e-04	-2.287760e-04
3.878070e+03	-7.125805e-03	4.193798e-02	-3.138049e-04	7.338315e-03	-2.865165e-06	-1.866275e-04
3.890460e+03	-3.724396e-02	2.045915e-02	-2.510201e-04	3.740622e-02	-2.558407e-04	-1.722398e-04
3.902850e+03	-3.927957e-02	-1.632987e-02	4.936541e-05	3.937077e-02	-3.046816e-04	-7.744493e-05
3.915240e+03	-1.125290e-02	-3.999857e-02	2.329176e-04	1.124547e-02	-1.688813e-04	3.301080e-05
3.927630e+03	2.429680e-02	-3.380134e-02	3.043856e-04	-2.439673e-02	6.149633e-05	5.541446e-05
3.940020e+03	4.116706e-02	-2.067031e-03	1.441165e-04	-4.126706e-02	2.790768e-04	1.046440e-04
3.952410e+03	2.709727e-02	3.079799e-02	-7.573382e-05	-2.730037e-02	3.371654e-04	1.579173e-04
3.964800e+03	-6.548967e-03	3.955107e-02	-3.051352e-04	6.427418e-03	2.022870e-04	1.647856e-04
3.977190e+03	-3.544124e-02	2.015853e-02	-3.111888e-04	3.536271e-02	-5.066228e-05	1.172693e-04
3.989580e+03	-3.784572e-02	-1.454524e-02	-1.382400e-04	3.770431e-02	-2.385371e-04	8.988833e-05
4.001970e+03	-1.211605e-02	-3.748877e-02	6.814460e-05	1.212102e-02	-2.533794e-04	5.473102e-05
4.014360e+03	2.180661e-02	-3.302747e-02	2.097802e-04	-2.179526e-02	-1.029651e-04	2.014051e-05
4.026750e+03	3.889897e-02	-3.501232e-03	2.469021e-04	-3.879892e-02	3.667431e-05	-1.158348e-04
4.039140e+03	2.681525e-02	2.800178e-02	1.191917e-04	-2.670561e-02	2.703670e-04	-1.416560e-04
4.051530e+03	-5.099776e-03	3.726638e-02	-1.449909e-04	5.269118e-03	2.449690e-04	-1.680139e-04
4.063920e+03	-3.278310e-02	1.957150e-02	-1.991376e-04	3.298386e-02	8.644264e-05	-1.643770e-04
4.076310e+03	-3.533084e-02	-1.329217e-02	-1.680322e-04	3.553352e-02	-1.037353e-04	-1.750734e-04
4.088700e+03	-1.179506e-02	-3.518156e-02	-5.819135e-05	1.188408e-02	-1.456048e-04	-7.742900e-05
4.101090e+03	2.010346e-02	-3.145203e-02	7.884555e-05	-2.011228e-02	-1.742056e-04	-1.790881e-05
4.113480e+03	3.636859e-02	-3.744255e-03	1.427721e-04	-3.627083e-02	-2.044606e-05	-4.963135e-05
4.125870e+03	2.561928e-02	2.607761e-02	8.770030e-05	-2.571983e-02	1.044368e-04	9.939841e-05
4.138260e+03	-4.234276e-03	3.568207e-02	-4.550572e-05	4.119967e-03	1.413342e-04	1.149986e-04
4.150650e+03	-3.050442e-02	1.928854e-02	-5.203005e-05	3.040424e-02	1.221599e-04	1.329501e-04
4.163040e+03	-3.363114e-02	-1.144526e-02	-1.307509e-04	3.348224e-02	-1.858926e-06	1.361930e-04
4.175430e+03	-1.221451e-02	-3.319585e-02	-1.238607e-04	1.215071e-02	-7.262351e-05	8.871437e-05
4.187820e+03	1.796523e-02	-3.023441e-02	5.025528e-06	-1.803319e-02	-9.765276e-05	4.704320e-05
4.200210e+03	3.358191e-02	-4.833108e-03	5.980423e-05	-3.354131e-02	-1.128307e-04	-2.585170e-06
4.212600e+03	2.496588e-02	2.357977e-02	5.374161e-05	-2.486604e-02	-2.142195e-05	-9.213587e-05
4.224990e+03	-2.922213e-03	3.389993e-02	5.619858e-05	3.052206e-03	5.670022e-05	-1.210408e-04
4.237380e+03	-2.800717e-02	1.854308e-02	2.574322e-05	2.810706e-02	6.302220e-05	-9.269978e-05
4.249770e+03	-3.133999e-02	-1.013639e-02	-4.046035e-05	3.143847e-02	6.880037e-05	-1.146300e-04
4.262160e+03	-1.158762e-02	-3.108951e-02	-4.643997e-05	1.174139e-02	1.524386e-05	-1.238698e-04
4.274550e+03	1.672230e-02	-2.824506e-02	-7.034749e-05	-1.661323e-02	-8.721696e-06	-1.018521e-04
4.286940e+03	3.144903e-02	-4.489984e-03	-4.233702e-05	-3.139226e-02	-1.632985e-05	-3.452379e-05
4.299330e+03	2.336055e-02	2.208774e-02	-3.805699e-05	-2.339382e-02	-4.468708e-05	3.109830e-06
4.311720e+03	-2.755088e-03	3.166330e-02	-1.698002e-06	2.738520e-03	-6.102271e-05	2.711265e-05
4.324110e+03	-2.631588e-02	1.758484e-02	1.689679e-05	2.621504e-02	-3.198845e-05	5.677814e-05
4.336500e+03	-2.982634e-02	-9.477935e-03	4.915255e-05	2.972675e-02	-6.723143e-07	8.026519e-05
4.348890e+03	-1.136287e-02	-2.944407e-02	7.254986e-05	1.125906e-02	4.338230e-05	9.345703e-05
4.361280e+03	1.547123e-02	-2.686439e-02	-1.378657e-05	-1.547538e-02	1.169386e-04	6.013229e-05
4.373670e+03	2.992116e-02	-4.747062e-03	-6.072823e-05	-2.994975e-02	6.802403e-05	5.001123e-05
4.386060e+03	2.262520e-02	2.053559e-02	-1.453704e-04	-2.262360e-02	9.427394e-06	2.473401e-06
4.398450e+03	-1.955908e-03	2.970633e-02	-4.024628e-05	1.961188e-03	-7.745093e-05	7.205954e-06
4.410840e+03	-2.451550e-02	1.716124e-02	-2.284589e-05	2.451197e-02	-1.047534e-04	-3.916366e-05
4.423230e+03	-2.849179e-02	-8.403117e-03	2.664346e-05	2.872674e-02	-5.763893e-05	-1.390451e-04
4.435620e+03	-1.096320e-02	-2.719043e-02	7.799758e-05	1.106265e-02	-2.883822e-05	-1.528087e-04
4.448010e+03	1.431071e-02	-2.542311e-02	9.135737e-05	-1.411702e-02	7.103870e-05	-1.550403e-04
4.460400e+03	2.885845e-02	-4.685230e-03	-2.589417e-05	-2.875121e-02	1.329824e-04	-1.123030e-04
4.472790e+03	2.143451e-02	1.936515e-02	-1.124905e-04	-2.140337e-02	7.092094e-05	-8.165899e-06
4.485180e+03	-1.472854e-03	2.789756e-02	-1.215898e-04	1.499332e-03	-6.487031e-06	-2.090331e-05
4.497570e+03	-2.324113e-02	1.665331e-02	-7.982732e-05	2.313721e-02	-7.967133e-05	7.484212e-05
4.509960e+03	-2.702182e-02	-8.077363e-03	5.334569e-06	2.692182e-02	-1.236772e-04	9.436225e-05
4.522350e+03	-1.139218e-02	-2.572940e-02	1.247383e-04	1.128918e-02	-7.079368e-05	1.332339e-04
4.534740e+03	1.296704e-02	-2.466650e-02	1.026610e-04	-1.308647e-02	2.473339e-05	1.197752e-04
4.547130e+03	2.653200e-02	-5.348550e-03	6.312171e-05	-2.663200e-02	1.421380e-04	7.279750e-05
4.559520e+03	2.109142e-02	1.754045e-02	-6.241775e-05	-2.107919e-02	1.024114e-04	2.621252e-05
4.571910e+03	-4.793014e-04	2.704053e-02	-1.494203e-04	4.884213e-04	5.049049e-05	-1.097780e-05
4.584300e+03	-2.117828e-02	1.652691e-02	-9.886567e-05	2.127828e-02	-1.258672e-04	-8.796583e-05
4.596690e+03	-2.583604e-02	-6.247116e-03	-1.425288e-05	2.593604e-02	-1.605556e-04	-1.026944e-04
4.609080e+03	-1.137768e-02	-2.404537e-02	8.352775e-05	1.149664e-02	-1.667357e-04	-1.198956e-04
4.621470e+03	1.139299e-02	-2.360033e-02	1.555800e-04	-1.129523e-02	1.029852e-05	-1.367737e-04
4.633860e+03	2.539509e-02	-5.938395e-03	9.796330e-05	-2.529509e-02	1.321478e-04	-8.570244e-05
4.646250e+03	2.038890e-02	1.597909e-02	2.708494e-06	-2.034314e-02	1.188551e-04	-5.505692e-05
4.658640e+03	4.293967e-04	2.480000e-02	-1.256178e-04	-4.349368e-04	1.383449e-04	1.327918e-05
4.671030e+03	-1.957900e-02	1.632539e-02	-1.551629e-04	1.952018e-02	-6.019034e-06	3.284871e-05
4.683420e+03	-2.457338e-02	-5.007462e-03	-1.167942e-04	2.457445e-02	-9.903527e-05	6.502550e-05
4.695810e+03	-1.149949e-02	-2.193308e-02	2.183813e-05	1.139236e-02	-1.469604e-04	1.065162e-04
4.708200e+03	9.804771e-03	-2.282743e-02	1.206645e-04	-9.895687e-03	-4.341038e-05	9.013733e-05
4.720590e+03	2.352762e-02	-6.315833e-03	1.156036e-04	-2.362245e-02	4.403083e-05	8.462886e-05
4.732980e+03	1.961949e-02	1.412972e-02	3.414522e-05	-1.961949e-02	1.390803e-04	3.007825e-05
4.745370e+03	1.332544e-03	2.401970e-02	-5.707331e-05	-1.297644e-03	1.154646e-04	-3.462794e-05
4.757760e+03	-1.774322e-02	1.593109e-02	-1.287865e-04	1.784009e-02	5.181246e-05	-4.446206e-05
4.770150e+03	-2.281165e-02	-3.743484e-03	-1.118148e-04	2.286392e-02	-9.745690e-06	-6.528889e-05
4.782540e+03	-1.157522e-02	-2.034139e-02	-3.990985e-05	1.165115e-02	-1.158239e-04	-6.849992e-05
4.794930e+03	8.451852e-03	-2.151681e-02	2.969637e-05	-8.351420e-03	-9.195553e-05	-7.834764e-05
4.807320e+03	2.153749e-02	-6.869259e-03	9.253312e-05	-2.148693e-02	-5.378064e-05	-7.006132e-05
4.819710e+03	1.891032e-02	1.253898e-02	7.352322e-05	-1.883548e-02	6.068589e-05	-5.077593e-05
4.832100e+03	1.936866e-03	2.177389e-02	1.177543e-05	-1.911584e-03	1.422740e-04	-2.523431e-05
4.844490e+03	-1.585848e-02	1.532356e-02	-2.904064e-05	1.588268e-02	3.568631e-05	-9.153363e-06
4.856880e+03	-2.171917e-02	-2.740984e-03	-4.302962e-05	2.171945e-02	4.927870e-05	4.136828e-06
4.869270e+03	-1.130721e-02	-1.837270e-02	-3.762053e-05	1.120445e-02	-2.279011e-05	4.680649e-05
4.881660e+03	7.101039e-03	-2.000684e-02	-3.799937e-05	-7.110952e-03	-4.300867e-05	9.541799e-06
4.894050e+03	1.997016e-02	-7.025525e-03	2.860571e-05	-2.008156e-02	1.835128e-05	5.835331e-05
4.906440e+03	1.763287e-02	1.109802e-02	-1.142480e-05	-1.771807e-02	-8.973855e-06	6.047619e-05
4.918830e+03	2.413239e-03	2.044173e-02	1.880512e-05	-2.408593e-03	-3.345455e-05	-6.131752e-06
4.931220e+03	-1.436925e-02	1.459860e-02	-1.516328e-05	1.436675e-02	3.679516e-05	-1.212922e-05
4.943610e+03	-1.972376e-02	-1.992421e-03	2.212135e-05	1.972356e-02	3.303708e-05	-6.437832e-05
4.956000e+03	-1.092137e-02	-1.686373e-02	-1.927363e-05	1.099846e-02	-1.770664e-05	-5.053680e-05
4.968390e+03	6.174124e-03	-1.880909e-02	2.672573e-05	-6.076341e-03	4.719027e-05	-5.882684e-05
4.980780e+03	1.830105e-02	-6.966128e-03	-3.260085e-05	-1.825723e-02	5.281421e-07	-4.938451e-05
4.993170e+03	1.697801e-02	9.794855e-03	-3.442187e-05	-1.685596e-02	9.830108e-06	-6.377956e-05
5.005560e+03	2.803449e-03	1.872628e-02	-9.586742e-06	-2.786590e-03	1.121644e-06	-2.075702e-05
5.017950e+03	-1.290285e-02	1.393918e-02	-1.476558e-05	1.292259e-02	-1.805177e-05	-7.889423e-06
5.030340e+03	-1.854524e-02	-1.275509e-03	5.708688e-06	1.861798e-02	-1.981291e-05	-3.987920e-05
5.042730e+03	-1.058416e-02	-1.519459e-02	8.234374e-06	1.058715e-02	6.423565e-05	1.297780e-05
5.055120e+03	5.142399e-03	-1.772828e-02	-3.387026e-06	-5.172274e-03	-1.576297e-05	2.357915e-05
5.067510e+03	1.661730e-02	-6.823469e-03	-1.284669e-05	-1.670314e-02	1.077312e-04	2.185043e-05
5.079900e+03	1.566146e-02	8.716369e-03	-8.383221e-05	-1.576549e-02	-8.993499e-06	5.619245e-05
5.092290e+03	3.055299e-03	1.759965e-02	-6.947544e-05	-3.105225e-03	-1.545528e-06	4.950171e-05
5.104680e+03	-1.168979e-02	1.320127e-02	1.407670e-07	1.168842e-02	-2.704448e-05	3.384787e-05
5.117070e+03	-1.739075e-02	-6.849013e-04	-2.338220e-06	1.729262e-02	-3.452489e-05	1.836688e-05
5.129460e+03	-1.026920e-02	-1.394134e-02	4.373914e-05	1.031558e-02	-3.060033e-06	-4.482444e-05
5.141850e+03	4.369269e-03	-1.641150e-02	5.086031e-05	-4.313068e-03	5.740556e-05	-6.537195e-05
5.154240e+03	1.568374e-02	-6.916657e-03	-4.300567e-05	-1.558332e-02	8.149109e-05	-4.927473e-05
5.166630e+03	1.489369e-02	7.651824e-03	-5.257378e-05	-1.486240e-02	7.567386e-05	-6.721597e-05
5.179020e+03	3.367205e-03	1.621138e-02	-8.842177e-05	-3.307454e-03	-1.123862e-05	-5.670471e-05
5.191410e+03	-1.044859e-02	1.265543e-02	-4.138348e-05	1.044585e-02	-1.274179e-05	1.285663e-05
5.203800e+03	-1.588287e-02	-2.125763e-04	-3.810820e-05	1.580000e-02	-6.179326e-05	2.535399e-05
5.216190e+03	-1.004447e-02	-1.273305e-02	3.848529e-05	1.004849e-02	-4.587107e-05	1.538813e-05
5.228580e+03	3.549393e-03	-1.538384e-02	4.609499e-05	-3.574339e-03	-1.127146e-05	2.708241e-05
5.240970e+03	1.418618e-02	-7.003162e-03	5.358438e-05	-1.428776e-02	2.368914e-05	4.403298e-05
5.253360e+03	1.423679e-02	6.590576e-03	2.261938e-06	-1.421273e-02	1.269036e-04	6.179757e-06
5.265750e+03	3.717909e-03	1.474089e-02	-5.613787e-05	-3.701495e-03	3.567382e-05	-1.573345e-05
5.278140e+03	-9.117461e-03	1.221449e-02	-9.110766e-05	9.146106e-03	6.054228e-06	-3.426102e-05
5.290530e+03	-1.475223e-02	4.570551e-04	-3.136858e-05	1.476294e-02	-5.309101e-05	-2.468286e-05
5.302920e+03	-9.614537e-03	-1.124827e-02	2.225392e-05	9.611714e-03	-6.142233e-05	-1.148845e-05
5.315310e+03	2.706058e-03	-1.443656e-02	8.445710e-05	-2.694087e-03	-7.382091e-05	-4.603961e-06
5.327700e+03	1.264788e-02	-6.870011e-03	9.859117e-05	-1.264956e-02	3.603221e-05	9.807335e-06
5.340090e+03	1.313954e-02	5.502753e-03	6.835715e-05	-1.314080e-02	-3.805465e-06	-1.545551e-05
5.352480e+03	3.915431e-03	1.349003e-02	-2.445687e-05	-3.894054e-03	1.004103e-04	-1.942341e-05
5.364870e+03	-8.046282e-03	1.140703e-02	-4.059382e-05	8.046102e-03	5.832177e-05	4.151003e-06
5.377260e+03	-1.389921e-02	8.643489e-04	-5.581453e-05	1.389921e-02	-2.678840e-05	-1.602204e-05
5.389650e+03	-9.278988e-03	-1.004859e-02	-3.403364e-05	9.259167e-03	-7.788253e-05	1.367099e-05
5.402040e+03	1.984316e-03	-1.319910e-02	-6.292791e-06	-1.975112e-03	-7.238718e-05	-1.329420e-05
5.414430e+03	1.139601e-02	-6.747567e-03	4.110000e-05	-1.139600e-02	-3.220518e-05	-1.569350e-05
5.426820e+03	1.215010e-02	4.608145e-03	4.740987e-05	-1.214611e-02	9.722351e-06	3.049941e-05
5.439210e+03	3.895236e-03	1.213925e-02	3.122573e-05	-3.885205e-03	9.010808e-05	-3.941596e-06
5.451600e+03	-6.932026e-03	1.061550e-02	-2.240392e-05	6.932538e-03	7.398342e-05	-8.277263e-06
5.463990e+03	-1.255982e-02	1.233072e-03	-5.926011e-05	1.255982e-02	1.926439e-06	-4.143797e-05
5.476380e+03	-8.671080e-03	-8.794709e-03	-3.560750e-05	8.652479e-03	-4.448920e-05	1.842893e-05
5.488770e+03	1.472353e-03	-1.190000e-02	-3.650378e-05	-1.435815e-03	-5.905273e-05	-3.676085e-05
5.501160e+03	1.009428e-02	-6.411346e-03	4.235420e-05	-1.008696e-02	-6.216036e-05	-1.902495e-05
5.513550e+03	1.120446e-02	3.827699e-03	5.849204e-05	-1.113402e-02	-1.558369e-06	-3.537668e-05
5.525940e+03	3.959667e-03	1.104731e-02	3.087587e-05	-3.935881e-03	3.852902e-05	-3.091332e-05
5.538330e+03	-5.989919e-03	9.849371e-03	-2.083293e-05	5.934520e-03	4.427918e-05	4.258125e-05
5.550720e+03	-1.115682e-02	1.569423e-03	-2.092713e-05	1.117341e-02	9.344688e-06	-4.789107e-06
5.563110e+03	-8.113018e-03	-7.735563e-03	-5.563944e-05	8.100281e-03	1.640670e-05	1.975009e-05
5.575500e+03	8.646154e-04	-1.075511e-02	-1.491478e-05	-8.905838e-04	-1.445972e-05	2.741504e-05
5.587890e+03	8.994458e-03	-6.132856e-03	-2.475054e-05	-9.054683e-03	-4.524819e-05	3.332757e-05
5.600280e+03	1.022332e-02	3.093619e-03	1.685181e-05	-1.017840e-02	-2.065986e-05	-3.870675e-06
5.612670e+03	3.965879e-03	9.917064e-03	6.225728e-06	-3.941401e-03	1.599399e-05	-2.284876e-05
5.625060e+03	-5.093307e-03	9.169793e-03	-2.593303e-05	5.150840e-03	9.166891e-06	-5.452940e-05
5.637450e+03	-1.007788e-02	1.697094e-03	9.231417e-06	1.008513e-02	1.713593e-05	-8.726037e-06
5.649840e+03	-7.569434e-03	-6.744528e-03	9.512336e-06	7.614873e-03	-9.793950e-06	-5.170010e-05
5.662230e+03	5.011588e-04	-9.718538e-03	-3.776782e-06	-4.935009e-04	-6.854757e-06	-8.288277e-06
5.674620e+03	7.974851e-03	-5.803771e-03	-1.207037e-05	-7.977119e-03	4.372041e-05	8.457530e-06
5.687010e+03	9.264682e-03	2.543541e-03	-7.471386e-06	-9.269146e-03	2.143690e-05	-4.826146e-06
5.699400e+03	3.825778e-03	8.763700e-03	-1.966054e-05	-3.841349e-03	1.500491e-05	8.408734e-06
5.711790e+03	-4.306685e-03	8.390493e-03	-3.203801e-05	4.299141e-03	-2.315043e-05	2.043002e-06
5.724180e+03	-9.052656e-03	1.871092e-03	4.239400e-06	9.071068e-03	-1.910469e-05	-2.214775e-05
5.736570e+03	-6.949180e-03	-5.807083e-03	1.993597e-05	6.963350e-03	-4.948277e-06	-1.405273e-05
5.748960e+03	1.382789e-04	-8.691625e-03	-1.547011e-05	-1.178145e-04	2.612350e-05	-1.346522e-05
5.761350e+03	6.960081e-03	-5.351665e-03	6.570577e-06	-6.985537e-03	8.345108e-06	1.871721e-05
5.773740e+03	8.264413e-03	2.047454e-03	-1.471929e-05	-8.263103e-03	2.072852e-05	-5.477530e-06
5.786130e+03	3.605984e-03	7.847076e-03	-3.365221e-05	-3.641212e-03	-5.914970e-06	2.889229e-05
5.798520e+03	-3.719513e-03	7.521087e-03	-3.972522e-05	3.711946e-03	-2.634177e-05	8.809803e-06
5.810910e+03	-8.031495e-03	1.811770e-03	-1.508940e-05	8.047271e-03	-2.851675e-05	-1.120562e-05
5.823300e+03	-6.365620e-03	-5.137661e-03	2.162792e-05	6.382934e-03	-8.391939e-06	-1.252999e-05
5.835690e+03	-8.554781e-06	-7.815734e-03	1.780823e-05	3.639294e-05	1.185884e-05	-2.621629e-05
5.848080e+03	6.147624e-03	-4.916666e-03	2.192475e-05	-6.099123e-03	2.131587e-05	-4.532798e-05
5.860470e+03	7.438270e-03	1.719139e-03	-1.293009e-05	-7.412493e-03	2.293595e-05	-2.996970e-05
5.872860e+03	3.338230e-03	6.880255e-03	-2.298471e-05	-3.313607e-03	2.147134e-05	-2.450285e-05
5.885250e+03	-3.286232e-03	6.742182e-03	-1.632924e-05	3.270661e-03	3.258219e-06	1.454514e-05
5.897640e+03	-7.221130e-03	1.641686e-03	-3.780466e-05	7.188389e-03	-1.775881e-05	3.123049e-05
5.910030e+03	-5.714307e-03	-4.540361e-03	1.528245e-06	5.715530e-03	-1.564690e-05	1.058460e-05
5.922420e+03	-5.973760e-05	-7.066630e-03	1.472278e-05	5.460313e-05	1.862515e-05	6.595161e-06
5.934810e+03	5.435962e-03	-4.526860e-03	1.234421e-05	-5.451289e-03	1.514088e-05	1.315707e-05
5.947200e+03	6.781845e-03	1.487090e-03	1.488885e-05	-6.744635e-03	4.704649e-06	-4.281903e-05
5.959590e+03	3.138572e-03	6.065978e-03	-3.051928e-05	-3.156204e-03	3.830616e-05	8.784501e-06
5.971980e+03	-2.783861e-03	6.139380e-03	-2.986476e-05	2.774410e-03	-6.272187e-05	8.140218e-06
5.984370e+03	-6.469294e-03	1.622437e-03	-2.341213e-06	6.479467e-03	-3.381116e-05	-9.498650e-06
5.996760e+03	-5.190518e-03	-4.029765e-03	4.851570e-05	5.189247e-03	2.187556e-05	4.921189e-06
6.009150e+03	-1.575956e-04	-6.378262e-03	3.051864e-05	1.674566e-04	7.856445e-06	-1.051446e-05
6.021540e+03	4.897466e-03	-4.118042e-03	2.231913e-06	-4.890647e-03	5.764957e-05	-7.639906e-06
6.033930e+03	6.126108e-03	1.188995e-03	-5.081202e-05	-6.094178e-03	6.132279e-05	-2.240883e-05
6.046320e+03	2.896156e-03	5.491522e-03	-3.126780e-05	-2.887120e-03	-4.455539e-07	-1.053550e-05
6.058710e+03	-2.369963e-03	5.607076e-03	-7.077132e-05	2.404249e-03	-5.386562e-06	-2.931050e-05
6.071100e+03	-5.771251e-03	1.625264e-03	2.494755e-05	5.793728e-03	-2.442279e-05	-1.587453e-05
6.083490e+03	-4.777062e-03	-3.364158e-03	-3.738325e-05	4.766237e-03	-3.284559e-05	8.437141e-06
6.095880e+03	-3.670208e-04	-5.776675e-03	2.101512e-05	3.227450e-04	-4.899788e-05	4.569036e-05
6.108270e+03	4.164877e-03	-3.787035e-03	4.959215e-05	-4.184224e-03	5.464162e-06	2.156012e-05
6.120660e+03	5.499977e-03	9.186986e-04	3.949291e-05	-5.529977e-03	4.109372e-05	2.929479e-05
6.133050e+03	2.686496e-03	4.875816e-03	-8.196770e-06	-2.686486e-03	3.337136e-05	-2.852324e-06
6.145440e+03	-2.073992e-03	5.112545e-03	-6.400296e-05	2.054717e-03	-1.637913e-06	1.894332e-05
6.157830e+03	-5.079549e-03	1.515647e-03	-6.665232e-05	5.100771e-03	2.450843e-05	-1.971465e-05
6.170220e+03	-4.429471e-03	-2.950646e-03	-8.924081e-06	4.468784e-03	-2.331061e-05	-3.469226e-05
6.182610e+03	-4.420065e-04	-5.127427e-03	-5.515149e-06	4.445233e-04	-1.383440e-06	-1.592115e-06
6.195000e+03	3.679475e-03	-3.580581e-03	1.401646e-05	-3.679406e-03	-1.664330e-05	3.515930e-06
6.207390e+03	5.007732e-03	7.039464e-04	-2.589582e-05	-4.978558e-03	5.761712e-06	-3.076636e-05
6.219780e+03	2.559590e-03	4.136974e-03	-2.052031e-06	-2.528359e-03	-1.859944e-05	-3.201248e-05
6.232170e+03	-1.696050e-03	4.627971e-03	-1.040811e-05	1.661477e-03	2.895052e-06	2.757877e-05
6.244560e+03	-4.480223e-03	1.497495e-03	-1.000165e-05	4.482959e-03	1.148575e-05	-5.339042e-07
6.256950e+03	-3.893769e-03	-2.559884e-03	-1.515412e-05	3.905691e-03	-2.305407e-05	-7.375006e-06
6.269340e+03	-4.180350e-04	-4.494624e-03	1.640697e-05	4.346049e-04	-1.815472e-05	-8.054873e-06
6.281730e+03	3.225566e-03	-3.260555e-03	1.531334e-05	-3.200791e-03	-2.782163e-06	-1.045042e-05
6.294120e+03	4.414874e-03	4.064330e-04	-4.678035e-06	-4.391909e-03	1.326723e-05	-2.757324e-05
6.306510e+03	2.414335e-03	3.689664e-03	1.339830e-06	-2.410645e-03	1.640371e-05	-8.210154e-06
6.318900e+03	-1.228909e-03	4.097015e-03	8.535906e-07	1.201606e-03	2.987386e-05	2.851539e-05
6.331290e+03	-3.901151e-03	1.549881e-03	-2.124017e-05	3.911373e-03	-1.210680e-05	-3.010528e-06
6.343680e+03	-3.616156e-03	-2.006281e-03	1.023946e-05	3.614672e-03	-1.461391e-05	7.243198e-06
6.356070e+03	-6.119317e-04	-3.949334e-03	1.734748e-05	6.227250e-04	-1.384453e-05	-1.204760e-05
6.368460e+03	2.718032e-03	-2.856743e-03	-1.002734e-05	-2.704473e-03	1.350261e-05	-2.292469e-05
6.380850e+03	3.766692e-03	2.596250e-04	3.337861e-05	-3.717279e-03	1.137285e-05	-4.940851e-05
6.393240e+03	2.197376e-03	3.080282e-03	-1.118751e-05	-2.164964e-03	2.058142e-05	-2.675890e-05
6.405630e+03	-1.035204e-03	3.575154e-03	-1.337099e-05	1.049157e-03	9.406698e-06	-1.766320e-05
6.418020e+03	-3.403468e-03	1.446988e-03	-2.003467e-05	3.409412e-03	1.361640e-05	1.937902e-06
6.430410e+03	-3.253026e-03	-1.679475e-03	-4.262631e-05	3.248460e-03	1.535155e-05	-2.699272e-06
6.442800e+03	-7.573563e-04	-3.493853e-03	3.929085e-05	6.945979e-04	-2.347078e-05	6.394724e-05
6.455190e+03	2.224690e-03	-2.632395e-03	1.528797e-05	-2.255792e-03	1.611641e-05	2.450102e-05
6.467580e+03	3.349603e-03	4.574307e-05	3.615744e-05	-3.399491e-03	1.709862e-05	5.070966e-05
6.479970e+03	1.974294e-03	2.614310e-03	-3.089614e-05	-1.953870e-03	-1.461065e-05	-1.250555e-05
6.492360e+03	-7.360899e-04	3.180013e-03	-2.049999e-05	7.800936e-04	2.879998e-05	-4.399995e-05
6.504750e+03	-2.909819e-03	1.330462e-03	-1.788329e-05	2.939012e-03	-2.869731e-05	-3.075472e-05
6.517140e+03	-2.865376e-03	-1.379028e-03	-4.090519e-05	2.929047e-03	-4.300598e-05	-5.345199e-05
6.529530e+03	-5.811983e-04	-2.984852e-03	-6.626023e-06	6.298931e-04	-2.240352e-05	-4.959337e-05
6.541920e+03	1.865673e-03	-2.397391e-03	3.230995e-05	-1.864360e-03	1.408363e-06	-2.210547e-06
6.554310e+03	2.953109e-03	-1.324935e-05	1.498098e-05	-2.933017e-03	3.212074e-05	-1.977804e-05
6.566700e+03	1.726771e-03	2.245477e-03	5.452522e-06	-1.754988e-03	1.091490e-05	2.793819e-05
6.579090e+03	-6.369580e-04	2.800203e-03	-5.531354e-05	6.353279e-04	2.069338e-06	1.116990e-06
6.591480e+03	-2.467908e-03	1.206898e-03	4.364434e-06	2.447125e-03	-5.564746e-06	2.315934e-05
6.603870e+03	-2.528473e-03	-1.167238e-03	-2.360578e-05	2.531594e-03	-9.923384e-06	-7.223821e-07
6.616260e+03	-5.937787e-04	-2.547075e-03	-2.693384e-05	5.809256e-04	-1.020523e-05	1.323222e-05
6.628650e+03	1.585327e-03	-2.078584e-03	8.930966e-06	-1.594100e-03	6.933201e-06	1.505463e-05
6.641040e+03	2.556538e-03	-2.792382e-05	-1.003365e-05	-2.569073e-03	-1.644276e-05	1.303069e-05
6.653430e+03	1.649841e-03	1.960916e-03	5.595402e-06	-1.625796e-03	-5.251012e-06	-2.258268e-05
6.665820e+03	-5.215625e-04	2.410040e-03	7.031006e-06	5.136937e-04	2.747570e-05	8.260836e-06
6.678210e+03	-2.149401e-03	1.144535e-03	-2.116342e-05	2.183938e-03	2.659514e-05	-3.573491e-05
6.690600e+03	-2.213894e-03	-9.425380e-04	-2.323145e-05	2.240073e-03	1.624297e-05	-2.694716e-05
6.702990e+03	-5.757351e-04	-2.238825e-03	-2.261987e-05	6.004768e-04	5.518816e-06	-2.768269e-05
6.715380e+03	1.348105e-03	-1.834054e-03	-3.679503e-05	-1.312963e-03	-1.708346e-05	-3.327051e-05
6.727770e+03	2.206036e-03	-1.314821e-04	-9.230939e-06	-2.187721e-03	1.663212e-06	-3.422850e-05
6.740160e+03	1.410932e-03	1.640484e-03	-1.562518e-05	-1.422919e-03	-2.482906e-06	8.203441e-06
6.752550e+03	-4.338913e-04	2.102904e-03	8.422911e-06	4.075973e-04	-6.342501e-07	2.462886e-05
6.764940e+03	-1.874021e-03	1.094763e-03	2.336417e-06	1.861575e-03	-7.101011e-06	1.315738e-05
6.777330e+03	-1.980984e-03	-8.635935e-04	3.130590e-06	1.927461e-03	6.100619e-06	4.663059e-05
6.789720e+03	-5.542582e-04	-1.978305e-03	-7.648962e-06	5.200888e-04	2.016790e-05	3.379231e-05
6.802110e+03	1.156793e-03	-1.622729e-03	4.323501e-06	-1.168558e-03	1.074619e-06	1.007844e-05
6.814500e+03	1.963217e-03	-1.366308e-04	-1.843698e-05	-1.943982e-03	2.059257e-05	-1.282091e-05
6.826890e+03	1.324037e-03	1.435631e-03	-1.704629e-05	-1.295557e-03	-1.767634e-05	-3.693756e-05
6.839280e+03	-2.615588e-04	1.895875e-03	-1.543546e-05	3.265979e-04	-1.675815e-05	-6.116058e-05
6.851670e+03	-1.624810e-03	9.545730e-04	8.288450e-07	1.664630e-03	-2.051481e-05	-3.527999e-05
6.864060e+03	-1.727498e-03	-7.172419e-04	1.706194e-05	1.760857e-03	-5.788441e-06	-3.020423e-05
6.876450e+03	-5.171979e-04	-1.725529e-03	2.283501e-05	5.363928e-04	1.104720e-05	-1.830581e-05
6.888840e+03	1.020789e-03	-1.498051e-03	-3.369219e-07	-1.035444e-03	2.590160e-05	1.654154e-05
6.901230e+03	1.760767e-03	-8.738405e-05	1.558564e-06	-1.763563e-03	4.820522e-05	5.247137e-06
6.913620e+03	1.198198e-03	1.299790e-03	-4.830313e-05	-1.198955e-03	2.751227e-06	-4.921338e-06
6.926010e+03	-1.969173e-04	1.703502e-03	-2.607611e-05	2.038205e-04	2.223001e-05	-6.786695e-06
6.938400e+03	-1.453388e-03	9.022289e-04	-3.106291e-06	1.450719e-03	-2.367035e-05	6.318567e-06
6.950790e+03	-1.609787e-03	-4.809109e-04	-2.745446e-05	1.594077e-03	-3.696619e-05	1.403453e-05
6.963180e+03	-6.036043e-04	-1.585460e-03	1.804432e-05	5.989935e-04	-1.660000e-05	5.895642e-06
6.975570e+03	8.315303e-04	-1.349677e-03	1.595594e-05	-8.153778e-04	8.753802e-06	-1.500344e-05
6.987960e+03	1.505285e-03	-2.500439e-04	9.071941e-06	-1.518087e-03	2.379575e-05	5.592034e-06
7.000350e+03	1.185069e-03	1.072804e-03	5.913468e-06	-1.167523e-03	4.142565e-05	-1.513157e-05
7.012740e+03	-6.752462e-05	1.548597e-03	-6.050535e-05	8.476866e-05	1.774940e-05	-1.841860e-05
7.025130e+03	-1.219165e-03	9.216433e-04	-2.439993e-05	1.246823e-03	8.506148e-06	-2.068621e-05
7.037520e+03	-1.465490e-03	-3.514285e-04	-1.916616e-05	1.476093e-03	-1.640408e-05	-9.879734e-06
7.049910e+03	-6.499697e-04	-1.391754e-03	1.649804e-05	6.880419e-04	-1.674406e-05	-3.900694e-05
7.062300e+03	6.188567e-04	-1.278573e-03	-6.965256e-06	-5.784754e-04	-2.409925e-05	-3.539303e-05
7.074690e+03	1.339453e-03	-3.472742e-04	6.436435e-06	-1.310269e-03	-1.278478e-05	-2.415258e-05
7.087080e+03	1.155313e-03	7.796738e-04	9.105837e-06	-1.150439e-03	1.625014e-05	-1.218538e-05
7.099470e+03	4.758319e-05	1.352956e-03	-8.535539e-06	-5.511767e-05	1.348662e-05	4.963613e-06
7.111860e+03	-1.018188e-03	8.906954e-04	6.895854e-06	1.000652e-03	4.357189e-05	2.220247e-05
7.124250e+03	-1.275074e-03	-1.778022e-04	-1.650391e-05	1.260220e-03	-1.662797e-05	1.238665e-05
7.136640e+03	-7.115225e-04	-1.116592e-03	-1.990050e-05	6.983060e-04	1.183409e-05	1.483855e-05
7.149030e+03	4.010223e-04	-1.191945e-03	4.999620e-06	-3.911257e-04	-4.916563e-06	-9.970623e-06
7.161420e+03	1.154319e-03	-4.313222e-04	-9.242539e-07	-1.136706e-03	1.760089e-05	-1.475920e-05
7.173810e+03	1.075932e-03	5.291153e-04	-8.797757e-06	-1.029219e-03	-2.699277e-06	-4.274038e-05
7.186200e+03	2.534800e-04	1.097247e-03	-7.230571e-08	-2.599000e-04	1.988285e-05	2.251935e-06
7.198590e+03	-6.936190e-04	8.937363e-04	-1.116831e-05	7.452609e-04	4.090164e-06	-5.301617e-05
7.210980e+03	-1.038612e-03	-1.815670e-05	-7.334996e-06	1.055426e-03	-1.025172e-06	-1.054110e-05
7.223370e+03	-6.476010e-04	-8.228171e-04	2.111039e-06	6.709770e-04	1.696515e-05	-2.089166e-05
7.235760e+03	2.425766e-04	-9.730322e-04	-1.704911e-05	-2.140442e-04	1.419587e-06	-2.616739e-05
7.248150e+03	8.887678e-04	-4.424773e-04	-1.255428e-05	-8.952005e-04	1.802471e-06	6.074151e-06
7.260540e+03	8.512808e-04	4.033939e-04	2.732531e-06	-8.394630e-04	-8.281358e-07	-1.309412e-05
7.272930e+03	2.699026e-04	9.269153e-04	-2.181145e-05	-2.877048e-04	5.165892e-07	1.370427e-05
7.285320e+03	-5.136047e-04	7.024397e-04	-9.157530e-07	4.921685e-04	1.274989e-05	2.094101e-05
7.297710e+03	-8.774339e-04	9.577410e-05	-2.775096e-05	8.601670e-04	9.692305e-06	1.418916e-05
7.310100e+03	-5.705800e-04	-6.029241e-04	-4.251088e-05	5.530524e-04	-5.639200e-06	1.651385e-05
7.322490e+03	8.456181e-05	-7.976164e-04	-1.586072e-05	-9.890383e-05	-2.639248e-05	1.347542e-05
7.334880e+03	6.647291e-04	-4.245023e-04	-2.809382e-06	-6.653717e-04	1.137132e-05	-2.749126e-06
7.347270e+03	7.745815e-04	2.778985e-04	1.020225e-05	-7.429189e-04	-2.162767e-05	-3.038038e-05
7.359660e+03	2.162712e-04	7.572006e-04	2.441437e-05	-1.765652e-04	1.449362e-05	-3.842786e-05
7.372050e+03	-3.758907e-04	6.185145e-04	6.504308e-07	4.046529e-04	2.678334e-05	-2.943889e-05
7.384440e+03	-6.693778e-04	1.100206e-04	-2.386525e-05	7.038428e-04	1.887189e-05	-3.972054e-05
7.396830e+03	-5.254077e-04	-4.653670e-04	-2.201452e-05	5.339813e-04	2.222756e-05	-1.134419e-05
7.409220e+03	9.578911e-06	-6.355137e-04	-1.526345e-05	-1.078639e-06	-7.163696e-06	-7.278156e-06
7.421610e+03	4.973790e-04	-3.482036e-04	-3.145798e-05	-5.061714e-04	1.036347e-05	9.461087e-06
7.434000e+03	5.613573e-04	1.845873e-04	-1.093532e-05	-5.822230e-04	-2.939751e-05	2.084574e-05
7.446390e+03	1.617342e-04	5.111714e-04	1.916586e-05	-1.765168e-04	-1.147981e-05	1.559552e-05
7.458780e+03	-3.456932e-04	5.333995e-04	8.301059e-06	3.519933e-04	-3.876356e-06	-2.901434e-06
7.471170e+03	-5.255372e-04	4.554823e-05	2.878069e-06	5.358569e-04	1.564367e-05	-1.053434e-05
7.483560e+03	-4.046095e-04	-3.882536e-04	3.485661e-06	4.198194e-04	2.715936e-05	-1.276652e-05
7.495950e+03	5.138958e-05	-5.509381e-04	-2.308367e-05	-3.116511e-05	8.701474e-06	-1.766682e-05
7.508340e+03	4.013366e-04	-3.134618e-04	4.269043e-06	-4.085275e-04	1.915049e-05	4.402806e-06
7.520730e+03	4.823642e-04	1.674185e-04	-3.431423e-05	-4.723554e-04	-1.461141e-06	-9.457394e-06
7.533120e+03	1.763936e-04	4.327623e-04	-5.717093e-06	-1.812449e-04	-3.220066e-06	4.592297e-06
7.545510e+03	-2.251438e-04	4.000387e-04	-3.537375e-06	2.396919e-04	-4.859403e-08	-1.339769e-05
7.557900e+03	-4.525085e-04	1.846492e-05	-1.114716e-05	4.451628e-04	3.874796e-06	7.265062e-06
7.570290e+03	-3.124286e-04	-3.098940e-04	-3.286394e-06	3.341679e-04	9.675613e-06	-1.607245e-05
7.582680e+03	3.933393e-05	-4.593451e-04	-1.477650e-06	-1.284218e-05	1.880160e-05	-2.571129e-05
7.595070e+03	3.971803e-04	-2.407552e-04	-2.272700e-05	-3.799870e-04	-6.628206e-06	-1.813021e-05
7.607460e+03	4.172066e-04	1.293586e-04	-8.658701e-06	-3.902192e-04	9.736696e-06	-2.849184e-05
7.619850e+03	1.912115e-04	3.082766e-04	-2.386553e-05	-1.657101e-04	1.425358e-05	-2.761186e-05
7.632240e+03	-1.264856e-04	3.751995e-04	-5.833282e-06	1.229858e-04	5.397768e-06	2.355366e-06
7.644630e+03	-3.000841e-04	1.032981e-04	4.669368e-06	3.192154e-04	-2.378224e-06	-1.673905e-05
7.657020e+03	-2.769297e-04	-2.008748e-04	3.037925e-06	2.549161e-04	1.109237e-05	2.373587e-05
7.669410e+03	2.938031e-06	-2.606664e-04	3.763550e-06	-1.208126e-05	-1.164811e-05	8.022659e-06
7.681800e+03	2.071388e-04	-1.702360e-04	1.598161e-05	-2.211584e-04	1.470269e-05	1.358713e-05
7.694190e+03	2.820000e-04	1.301250e-04	-2.575302e-07	-2.887921e-04	8.689165e-06	6.129976e-06
7.706580e+03	-2.088503e-05	2.768407e-04	-5.027984e-05	9.640573e-06	-6.782712e-07	1.066281e-05
7.718970e+03	-1.905492e-04	2.111080e-04	-4.990799e-06	1.615755e-04	8.682611e-06	1.998023e-05
7.731360e+03	-3.273820e-04	-9.788468e-06	-4.590653e-06	3.095077e-04	-1.167145e-05	1.706828e-05
7.743750e+03	-1.505522e-04	-1.639415e-04	-4.705113e-06	1.790003e-04	-2.420583e-05	-2.797215e-05
7.756140e+03	1.929737e-05	-2.203517e-04	1.511235e-05	-9.028477e-06	-2.313503e-05	-1.024967e-05
7.768530e+03	2.147158e-04	-1.258696e-04	-3.763410e-06	-1.883192e-04	-1.200683e-05	-2.656056e-05
7.780920e+03	2.254817e-04	1.010835e-04	1.494038e-05	-1.932254e-04	1.233774e-05	-3.208113e-05
7.793310e+03	2.658249e-05	2.066632e-04	1.625273e-05	-2.013546e-05	8.913228e-06	-5.154795e-06
7.805700e+03	-1.633941e-04	1.435373e-04	-4.101933e-05	1.403504e-04	3.041919e-05	2.288504e-05
7.818090e+03	-1.886478e-04	-2.453387e-05	-2.638429e-05	1.852997e-04	7.672810e-06	2.419216e-06
7.830480e+03	-9.387609e-05	-1.497947e-04	-1.806162e-05	8.985613e-05	-2.655436e-05	4.120543e-06
7.842870e+03	9.940136e-05	-2.074613e-04	2.669159e-05	-8.645664e-05	-1.999616e-05	-1.329162e-05
7.855260e+03	2.190843e-04	-7.680871e-05	7.479795e-06	-2.080642e-04	7.174174e-06	-1.130007e-05
7.867650e+03	1.713012e-04	1.502774e-04	-2.670383e-06	-1.504011e-04	-2.351679e-05	-2.036154e-05
7.880040e+03	2.625971e-05	1.819236e-04	1.486333e-05	-1.414168e-05	4.048669e-05	-1.289063e-05
7.892430e+03	-1.125985e-04	1.510957e-04	2.072059e-05	1.301136e-04	3.278478e-05	-1.475700e-05
7.904820e+03	-1.956325e-04	-1.342911e-05	-2.162731e-05	1.807332e-04	1.012144e-06	1.561632e-05
7.917210e+03	-6.851725e-05	-1.529597e-04	-1.990577e-05	7.998866e-05	8.664075e-06	-8.604945e-06
7.929600e+03	5.497793e-05	-9.201966e-05	-8.121263e-06	-3.842458e-05	-3.014757e-06	-1.774383e-05
7.941990e+03	1.580425e-04	-4.801647e-05	-3.671944e-06	-1.322440e-04	-1.034315e-06	-2.774511e-05
7.954380e+03	1.488741e-04	1.340204e-04	-9.725618e-06	-1.157607e-04	-1.743367e-05	-3.274064e-05
7.966770e+03	-2.303746e-05	1.420561e-04	2.432738e-05	6.894176e-05	5.334330e-06	-4.304826e-05
7.979160e+03	-5.281168e-05	6.805908e-05	-4.232970e-06	9.677883e-05	-3.278015e-06	-4.406699e-05
