1.338120e+03	1.231306e-02	1.165241e-01	-4.450599e-05	-1.219756e-02	-2.171069e-05	-6.579903e-05
1.350510e+03	-2.034194e-02	1.148421e-01	-1.188401e-05	2.033716e-02	-6.168344e-06	-4.821442e-05
1.362900e+03	-5.105032e-02	1.051247e-01	-1.914901e-05	5.089297e-02	-2.288727e-05	1.188570e-04
1.375290e+03	-7.841394e-02	8.744794e-02	-4.591412e-06	7.796597e-02	-4.434294e-05	4.134139e-04
1.387680e+03	-9.928100e-02	6.265454e-02	3.559366e-05	9.930141e-02	-5.229383e-05	5.647911e-04
1.400070e+03	-1.136430e-01	3.271594e-02	2.549499e-05	1.126100e-01	-4.651230e-05	6.613795e-04
1.412460e+03	-1.179966e-01	-2.091936e-04	-7.275802e-07	1.169964e-01	-3.194412e-05	6.448603e-04
1.424850e+03	-1.125737e-01	-3.277282e-02	2.678789e-05	1.122196e-01	-2.007390e-05	5.512755e-04
1.437240e+03	-9.953120e-02	-6.230524e-02	8.542450e-05	9.853768e-02	2.103698e-06	4.447043e-04
1.449630e+03	-7.816472e-02	-8.740942e-02	6.595861e-05	7.769144e-02	2.971277e-05	5.227003e-04
1.462020e+03	-5.102917e-02	-1.062753e-01	9.749971e-06	5.038204e-02	6.713573e-06	6.482030e-04
1.474410e+03	-1.953089e-02	-1.160375e-01	2.427834e-05	1.883122e-02	4.388185e-05	6.949855e-04
1.486800e+03	1.365659e-02	-1.165729e-01	1.527629e-05	-1.427966e-02	2.064659e-05	5.939066e-04
1.499190e+03	4.571968e-02	-1.085442e-01	3.028039e-05	-4.619750e-02	3.079351e-05	4.851189e-04
1.511580e+03	7.445532e-02	-9.130793e-02	3.058204e-05	-7.484664e-02	2.502219e-05	4.316169e-04
1.523970e+03	9.735841e-02	-6.697118e-02	9.765165e-06	-9.806846e-02	-1.028355e-05	5.209384e-04
1.536360e+03	1.129826e-01	-3.665528e-02	3.379971e-05	-1.139826e-01	5.759828e-05	6.109978e-04
1.548750e+03	1.187996e-01	-2.507743e-03	1.619576e-05	-1.197996e-01	3.109419e-05	5.953473e-04
1.561140e+03	1.150867e-01	3.224397e-02	1.497642e-05	-1.149744e-01	8.254862e-05	4.694220e-04
1.573530e+03	1.009452e-01	6.445612e-02	-1.375552e-05	-1.011920e-01	5.288021e-05	3.458571e-04
1.585920e+03	7.826068e-02	9.103577e-02	-6.993780e-05	-7.848636e-02	9.883445e-05	2.602283e-04
1.598310e+03	4.847092e-02	1.109253e-01	-7.840555e-05	-4.877093e-02	5.945582e-05	2.807799e-04
1.610700e+03	1.423256e-02	1.203113e-01	-1.150265e-04	-1.455928e-02	5.174596e-05	3.289141e-04
1.623090e+03	-2.219197e-02	1.207401e-01	-1.126208e-04	2.178746e-02	-2.108578e-05	3.738603e-04
1.635480e+03	-5.751867e-02	1.084841e-01	-5.971824e-05	5.719509e-02	-7.564776e-05	3.290984e-04
1.647870e+03	-8.799974e-02	8.679154e-02	-9.184806e-05	8.779472e-02	-6.465185e-05	1.946861e-04
1.660260e+03	-1.109567e-01	5.628427e-02	-4.359768e-05	1.109564e-01	-8.680263e-05	1.041615e-04
1.672650e+03	-1.238823e-01	1.975029e-02	6.460587e-06	1.238823e-01	-1.198646e-04	7.783566e-05
1.685040e+03	-1.246511e-01	-1.979699e-02	6.035064e-05	1.246511e-01	-7.612331e-05	1.736029e-04
1.697430e+03	-1.129917e-01	-5.833657e-02	5.022368e-05	1.129988e-01	-6.282554e-05	2.208900e-04
1.709820e+03	-8.916046e-02	-9.128359e-02	9.115667e-05	8.898511e-02	-1.881933e-05	1.087533e-04
1.722210e+03	-5.557202e-02	-1.163552e-01	7.315898e-05	5.537199e-02	-1.119064e-05	1.258395e-04
1.734600e+03	-1.554951e-02	-1.283091e-01	7.160539e-05	1.541597e-02	1.251194e-05	1.242125e-04
1.746990e+03	2.709500e-02	-1.271083e-01	3.179741e-05	-2.730056e-02	8.314125e-06	1.813041e-04
1.759380e+03	6.800914e-02	-1.125625e-01	3.183390e-05	-6.811135e-02	-2.733065e-05	1.807524e-04
1.771770e+03	1.022967e-01	-8.400142e-02	6.089531e-05	-1.023979e-01	7.148288e-05	2.462971e-04
1.784160e+03	1.260747e-01	-4.479162e-02	3.901406e-05	-1.260747e-01	5.559936e-05	3.185465e-04
1.796550e+03	1.348009e-01	1.383096e-03	2.124497e-05	-1.348009e-01	8.005185e-05	3.929998e-04
1.808940e+03	1.270175e-01	4.880464e-02	-9.953031e-08	-1.270175e-01	1.244342e-04	4.076225e-04
1.821330e+03	1.027092e-01	9.106243e-02	-4.066243e-05	-1.027042e-01	5.291064e-05	3.502068e-04
1.833720e+03	6.377888e-02	1.223785e-01	-1.279802e-04	-6.426772e-02	1.220107e-04	4.197133e-04
1.846110e+03	1.549386e-02	1.386103e-01	-1.723396e-04	-1.591364e-02	5.605720e-05	4.985392e-04
1.858500e+03	-3.728297e-02	1.356301e-01	-1.506168e-04	3.658766e-02	-4.492651e-05	6.790243e-04
1.870890e+03	-8.670393e-02	1.133815e-01	-1.341880e-04	8.587306e-02	-1.059128e-04	7.044289e-04
1.883280e+03	-1.239770e-01	7.246252e-02	2.889194e-06	1.239967e-01	-2.008288e-04	8.859550e-04
1.895670e+03	-1.440523e-01	1.855215e-02	5.897675e-05	1.432131e-01	-1.936389e-04	9.035019e-04
1.908060e+03	-1.406485e-01	-4.056027e-02	2.489820e-05	1.396485e-01	-1.670858e-04	7.763201e-04
1.920450e+03	-1.122045e-01	-9.425132e-02	1.638601e-04	1.112033e-01	-1.213631e-04	7.869999e-04
1.932840e+03	-6.334745e-02	-1.330344e-01	1.286632e-04	6.275325e-02	-5.739609e-05	6.200531e-04
1.945230e+03	-1.354880e-03	-1.457506e-01	1.721091e-04	9.341395e-04	6.828165e-07	4.598795e-04
1.957620e+03	6.146467e-02	-1.319257e-01	1.669950e-04	-6.176371e-02	7.639839e-05	2.512225e-04
1.970010e+03	1.127105e-01	-9.014524e-02	1.123941e-04	-1.127269e-01	8.811052e-05	1.859743e-04
1.982400e+03	1.390123e-01	-2.906341e-02	7.611145e-05	-1.390123e-01	2.794566e-04	-6.311712e-05
1.994790e+03	1.339996e-01	3.713386e-02	-2.458056e-05	-1.340204e-01	1.980795e-04	-2.168856e-04
2.007180e+03	9.728127e-02	9.214725e-02	-1.247826e-04	-9.617976e-02	1.592277e-04	-7.798739e-04
2.019570e+03	3.955327e-02	1.205371e-01	-2.728377e-04	-3.816907e-02	1.788671e-04	-1.409508e-03
2.031960e+03	-2.121599e-02	1.172883e-01	-2.348145e-04	2.272036e-02	-8.903543e-05	-1.528042e-03
2.044350e+03	-6.914502e-02	8.426265e-02	-2.623144e-04	7.103329e-02	-1.449928e-04	-1.888761e-03
2.056740e+03	-8.996899e-02	3.651935e-02	-2.196939e-05	9.184095e-02	-3.505654e-04	-1.889244e-03
2.069130e+03	-8.407682e-02	-9.644729e-03	1.506617e-04	8.622140e-02	-3.931204e-04	-2.142052e-03
2.081520e+03	-5.800945e-02	-4.021636e-02	2.315773e-04	6.063815e-02	-1.920829e-04	-2.616653e-03
2.093910e+03	-2.918725e-02	-4.817352e-02	2.695652e-04	3.148354e-02	-6.816240e-05	-2.214507e-03
2.106300e+03	-8.773232e-03	-4.380408e-02	1.080476e-04	1.134778e-02	1.151768e-04	-2.597016e-03
2.118690e+03	5.103697e-04	-3.628234e-02	7.322230e-05	1.834333e-03	6.638859e-05	-2.341720e-03
2.131080e+03	4.416889e-03	-3.482704e-02	2.139643e-05	-1.947262e-03	3.350762e-05	-2.459416e-03
2.143470e+03	1.358571e-02	-3.848356e-02	-2.435221e-05	-1.159265e-02	3.209526e-05	-2.053778e-03
2.155860e+03	3.077575e-02	-3.695563e-02	4.010191e-05	-2.884970e-02	-2.677669e-05	-1.936032e-03
2.168250e+03	4.944078e-02	-2.152760e-02	8.603943e-05	-4.746703e-02	1.994085e-05	-1.868335e-03
2.180640e+03	5.778284e-02	7.209253e-03	3.421181e-05	-5.668036e-02	1.913877e-04	-1.091396e-03
2.193030e+03	4.499045e-02	3.848692e-02	6.167163e-06	-4.368199e-02	5.692533e-05	-1.268586e-03
2.205420e+03	1.363093e-02	5.508584e-02	-1.048395e-04	-1.244493e-02	1.604558e-04	-1.243235e-03
2.217810e+03	-2.291013e-02	4.970515e-02	-1.567315e-04	2.418859e-02	5.915522e-05	-1.302348e-03
2.230200e+03	-4.608647e-02	1.924311e-02	-7.754709e-05	4.710633e-02	-1.435753e-04	-9.690443e-04
2.242590e+03	-4.434414e-02	-1.782635e-02	-3.198150e-05	4.515491e-02	-2.317083e-04	-7.947864e-04
2.254980e+03	-1.644621e-02	-4.538969e-02	4.475834e-05	1.724679e-02	-1.680085e-04	-7.486695e-04
2.267370e+03	2.299292e-02	-4.443111e-02	8.074066e-05	-2.248870e-02	1.090726e-05	-5.025909e-04
2.279760e+03	5.133448e-02	-1.529326e-02	1.379731e-04	-5.123781e-02	9.823158e-06	-9.112144e-05
2.292150e+03	5.101562e-02	2.688045e-02	7.010303e-05	-5.101660e-02	-2.827631e-05	-4.862973e-05
2.304540e+03	1.962410e-02	5.669872e-02	-1.267719e-05	-1.936175e-02	2.338645e-04	-2.215987e-04
2.316930e+03	-2.567773e-02	5.827690e-02	-1.412124e-04	2.627080e-02	1.490201e-04	-5.791676e-04
2.329320e+03	-5.904014e-02	2.394845e-02	-9.503697e-05	6.003757e-02	3.570631e-05	-1.029821e-03
2.341710e+03	-5.828747e-02	-2.450307e-02	-5.071741e-05	6.015602e-02	-1.511466e-04	-1.895886e-03
2.354100e+03	-2.247659e-02	-5.832471e-02	4.373140e-05	2.491205e-02	-1.731597e-04	-2.399577e-03
2.366490e+03	2.858951e-02	-5.570455e-02	1.870000e-04	-2.728968e-02	1.060000e-04	-1.370000e-03
2.378880e+03	5.884245e-02	-1.838922e-02	1.538727e-04	-5.699598e-02	4.201818e-05	-1.835272e-03
2.391270e+03	5.417327e-02	2.914279e-02	3.675463e-05	-5.264708e-02	7.007043e-05	-1.532660e-03
2.403660e+03	1.685289e-02	5.728771e-02	-7.070823e-05	-1.714766e-02	2.066958e-04	2.900675e-04
2.416050e+03	-3.002539e-02	5.397091e-02	-1.865031e-04	2.907617e-02	1.599295e-05	8.720482e-04
2.428440e+03	-5.848222e-02	1.705743e-02	-1.234500e-04	5.674003e-02	-4.522159e-05	1.700700e-03
2.440830e+03	-5.313426e-02	-2.770878e-02	-9.443809e-06	5.135904e-02	-1.302342e-04	1.748544e-03
2.453220e+03	-1.864685e-02	-5.559733e-02	1.419263e-04	1.782032e-02	7.992992e-07	8.747111e-04
2.465610e+03	2.608047e-02	-5.045583e-02	8.184270e-05	-2.644863e-02	-2.029472e-04	3.135893e-04
2.478000e+03	5.278287e-02	-1.422375e-02	1.039247e-04	-5.135447e-02	-2.540771e-05	-1.394263e-03
2.490390e+03	4.693671e-02	2.613064e-02	8.970669e-05	-4.511965e-02	2.949509e-04	-1.796641e-03
2.502780e+03	1.104381e-02	4.958230e-02	-3.939531e-05	-9.118614e-03	2.589811e-04	-1.950715e-03
2.515170e+03	-3.005022e-02	4.102307e-02	-1.878349e-04	3.250208e-02	-7.648903e-05	-2.497459e-03
2.527560e+03	-4.817679e-02	3.745254e-03	-1.217467e-04	4.947330e-02	-1.106502e-04	-1.187500e-03
2.539950e+03	-3.435435e-02	-3.454522e-02	-2.869807e-05	3.495596e-02	-2.242814e-04	-5.564350e-04
2.552340e+03	2.968547e-03	-4.679434e-02	7.135125e-05	-2.341560e-03	-1.656649e-04	-5.886516e-04
2.564730e+03	3.914927e-02	-2.874199e-02	9.915876e-05	-4.050648e-02	-1.301463e-04	1.357156e-03
2.577120e+03	4.591157e-02	9.946464e-03	1.342009e-04	-4.649910e-02	1.709342e-04	5.164396e-04
2.589510e+03	2.324511e-02	4.025507e-02	1.292315e-05	-2.419217e-02	3.745278e-04	9.610556e-04
2.601900e+03	-1.507928e-02	4.476302e-02	-1.539384e-04	1.476944e-02	1.932453e-04	3.391235e-04
2.614290e+03	-4.320362e-02	1.900189e-02	-1.228514e-04	4.312796e-02	1.640040e-04	2.822081e-05
2.626680e+03	-4.209751e-02	-1.847647e-02	-6.887669e-05	4.164638e-02	-2.390721e-04	4.413400e-04
2.639070e+03	-1.477072e-02	-4.353151e-02	1.924035e-05	1.439031e-02	-3.020679e-04	3.915324e-04
2.651460e+03	2.150653e-02	-3.941246e-02	1.621308e-04	-2.183111e-02	-1.918441e-04	2.928482e-04
2.663850e+03	4.320570e-02	-9.597460e-03	1.459933e-04	-4.340195e-02	3.804992e-05	2.629503e-04
2.676240e+03	3.520735e-02	2.562029e-02	7.823918e-05	-3.487253e-02	3.717185e-04	-3.386981e-04
2.688630e+03	4.196269e-03	4.252170e-02	-2.022561e-04	-3.863353e-03	-6.820213e-06	-3.278428e-04
2.701020e+03	-2.978462e-02	3.167897e-02	-1.379747e-04	3.037745e-02	1.466306e-04	-6.200516e-04
2.713410e+03	-4.240919e-02	-1.837832e-03	-1.909834e-04	4.307378e-02	-2.926410e-04	-6.407420e-04
2.725800e+03	-2.681215e-02	-3.405064e-02	-2.175677e-05	2.723803e-02	-4.807543e-04	-3.810537e-04
2.738190e+03	7.623811e-03	-4.239958e-02	2.257985e-04	-7.654109e-03	-2.122373e-04	3.708201e-05
2.750580e+03	3.686583e-02	-2.173248e-02	2.142190e-04	-3.745438e-02	-2.240393e-04	5.950325e-04
2.762970e+03	4.028542e-02	1.336131e-02	1.637778e-04	-4.042407e-02	1.177554e-05	1.974534e-04
2.775360e+03	1.653018e-02	3.785179e-02	-3.733206e-05	-1.696695e-02	6.246600e-05	4.690225e-04
2.787750e+03	-1.678394e-02	3.895317e-02	-9.149872e-05	1.602309e-02	5.095735e-04	7.773849e-04
2.800140e+03	-4.036417e-02	1.334246e-02	-2.782027e-04	4.036119e-02	-1.386427e-05	9.161241e-05
2.812530e+03	-3.760572e-02	-2.004945e-02	-1.534995e-04	3.770572e-02	-2.986060e-05	-1.113585e-04
2.824920e+03	-1.115815e-02	-4.152166e-02	1.757270e-05	1.114293e-02	-1.830938e-04	-2.835212e-05
2.837310e+03	2.233568e-02	-3.648034e-02	1.819215e-04	-2.223226e-02	-1.862556e-04	-1.409053e-04
2.849700e+03	4.091044e-02	-7.891640e-03	2.242604e-04	-4.087248e-02	-1.422732e-04	-4.628147e-05
2.862090e+03	3.405104e-02	2.484455e-02	1.519329e-04	-3.392943e-02	-7.592034e-05	-1.408077e-04
2.874480e+03	4.291918e-03	4.087874e-02	1.479270e-04	-3.545772e-03	6.475377e-04	-7.529244e-04
2.886870e+03	-2.647174e-02	3.029842e-02	-1.754362e-04	2.687370e-02	2.917333e-04	-3.762562e-04
2.899260e+03	-3.989922e-02	9.868715e-04	-1.530483e-04	4.049919e-02	3.207874e-04	-6.265546e-04
2.911650e+03	-2.673776e-02	-2.929963e-02	-1.364291e-04	2.677475e-02	-6.690598e-06	-1.980952e-05
2.924040e+03	2.767348e-03	-3.809731e-02	-7.597324e-05	-2.429786e-03	-3.046616e-04	-3.111838e-04
2.936430e+03	2.973580e-02	-2.356754e-02	5.145125e-05	-2.982907e-02	-3.656537e-04	1.520294e-04
2.948820e+03	3.531338e-02	6.460819e-03	2.621961e-04	-3.520390e-02	4.522184e-04	-1.474918e-04
2.961210e+03	1.831547e-02	2.991753e-02	1.558559e-05	-1.848994e-02	-6.403757e-05	1.691987e-04
2.973600e+03	-9.822319e-03	3.337949e-02	-3.045424e-05	9.648951e-03	-6.370026e-05	1.988775e-04
2.985990e+03	-3.061947e-02	1.421341e-02	-3.220615e-05	3.040186e-02	4.278314e-04	2.788455e-04
2.998380e+03	-3.124564e-02	-1.337216e-02	-1.651161e-04	3.141610e-02	4.790078e-05	-1.597760e-04
3.010770e+03	-1.090605e-02	-3.150700e-02	-1.107300e-04	1.116131e-02	2.877826e-05	-2.684832e-04
3.023160e+03	1.571920e-02	-2.906961e-02	-6.295601e-05	-1.564419e-02	-1.456714e-04	-5.498830e-05
3.035550e+03	3.135221e-02	-7.666688e-03	3.638816e-05	-3.127367e-02	-1.593253e-04	-8.705371e-05
3.047940e+03	2.640665e-02	1.818862e-02	6.116552e-05	-2.667131e-02	-1.355840e-04	1.903076e-04
3.060330e+03	3.328613e-03	3.101845e-02	5.952323e-05	-2.710400e-03	4.102454e-05	-5.814685e-04
3.072720e+03	-2.058131e-02	2.253876e-02	6.320924e-05	2.076490e-02	2.557679e-04	-2.197547e-04
3.085110e+03	-3.024432e-02	-1.461804e-04	-4.023833e-05	3.079590e-02	6.178535e-05	-4.854592e-04
3.097500e+03	-1.998059e-02	-2.350053e-02	-4.590152e-05	2.028958e-02	-1.049786e-04	-3.345072e-04
3.109890e+03	5.049862e-03	-2.994781e-02	-6.340247e-05	-5.429826e-03	-2.532177e-04	3.832903e-04
3.122280e+03	2.566512e-02	-1.662428e-02	7.799024e-05	-2.595358e-02	2.341564e-04	2.035810e-04
3.134670e+03	2.878026e-02	8.310955e-03	1.943636e-05	-2.876918e-02	2.918993e-05	2.095096e-05
3.147060e+03	1.319157e-02	2.730129e-02	2.033119e-05	-1.352892e-02	9.022673e-05	3.486148e-04
3.159450e+03	-1.208417e-02	2.865206e-02	-5.512617e-05	1.217905e-02	-1.868206e-04	-9.389292e-05
3.171840e+03	-2.890359e-02	9.198227e-03	-1.608450e-05	2.879490e-02	2.101902e-04	2.349720e-04
3.184230e+03	-2.703931e-02	-1.571276e-02	-2.892130e-05	2.694288e-02	7.117823e-05	9.532902e-05
3.196620e+03	-6.795812e-03	-3.102887e-02	-2.334218e-05	6.477989e-03	-9.158600e-05	3.040310e-04
3.209010e+03	1.750800e-02	-2.639163e-02	6.693916e-05	-1.756276e-02	2.115603e-04	7.720415e-05
3.221400e+03	3.096154e-02	-4.291450e-03	-1.120045e-05	-3.116231e-02	-1.144207e-04	2.189898e-04
3.233790e+03	2.415484e-02	1.994256e-02	5.605402e-06	-2.434247e-02	-3.085970e-05	1.353250e-04
3.246180e+03	1.210896e-03	3.082296e-02	4.123674e-05	-8.785757e-04	2.496650e-04	-3.302579e-04
3.258570e+03	-2.223339e-02	2.145242e-02	-8.256768e-05	2.264883e-02	-1.571419e-04	-4.679635e-04
3.270960e+03	-3.046719e-02	-3.000273e-03	2.859909e-05	3.095337e-02	1.529842e-04	-4.171201e-04
3.283350e+03	-1.808384e-02	-2.481283e-02	5.516168e-05	1.858720e-02	2.598693e-04	-4.858870e-04
3.295740e+03	6.724857e-03	-3.039915e-02	-3.688280e-05	-6.927118e-03	-1.180882e-04	2.041522e-04
3.308130e+03	2.689640e-02	-1.520997e-02	-8.447046e-06	-2.723579e-02	-7.305231e-05	4.047424e-04
3.320520e+03	2.891559e-02	1.089362e-02	7.028074e-05	-2.942589e-02	4.531429e-04	4.958321e-04
3.332910e+03	1.121370e-02	2.870264e-02	-1.366352e-04	-1.126273e-02	-3.109511e-04	9.697915e-05
3.345300e+03	-1.344150e-02	2.780904e-02	3.796859e-07	1.358277e-02	3.051884e-05	-1.590878e-04
3.357690e+03	-2.945823e-02	7.335741e-03	1.095238e-05	2.960836e-02	1.172400e-04	-1.324005e-04
3.370080e+03	-2.575790e-02	-1.590083e-02	1.042231e-04	2.629326e-02	2.192403e-04	-4.545377e-04
3.382470e+03	-5.010712e-03	-3.018554e-02	1.286964e-05	4.803726e-03	-2.548235e-04	1.944347e-04
3.394860e+03	1.881551e-02	-2.444745e-02	9.131194e-05	-1.913030e-02	1.006106e-04	2.868925e-04
3.407250e+03	3.018302e-02	-1.737803e-03	-4.094217e-05	-3.048453e-02	-1.514869e-04	2.316578e-04
3.419640e+03	2.174734e-02	2.175843e-02	-4.123202e-05	-2.208382e-02	2.054563e-04	4.313088e-04
3.432030e+03	-1.793999e-03	2.958067e-02	-1.561215e-04	2.058235e-03	-1.876670e-04	-2.742463e-04
3.444420e+03	-2.342349e-02	1.814835e-02	-4.081656e-06	2.363412e-02	2.975835e-04	-3.020882e-04
3.456810e+03	-2.836466e-02	-4.870897e-03	-3.763098e-05	2.849309e-02	-4.862857e-05	-1.448868e-04
3.469200e+03	-1.541188e-02	-2.553557e-02	5.712219e-05	1.558698e-02	-3.537104e-05	-1.538638e-04
3.481590e+03	8.304603e-03	-2.865077e-02	9.557811e-05	-8.359718e-03	5.955452e-05	7.582565e-05
3.493980e+03	2.731671e-02	-1.050074e-02	3.529350e-05	-2.783443e-02	-9.478531e-05	5.368958e-04
3.506370e+03	2.603584e-02	1.198327e-02	5.023602e-05	-2.620808e-02	2.319902e-04	1.914433e-04
3.518760e+03	8.164566e-03	2.713502e-02	-9.847148e-05	-8.112233e-03	-4.497568e-05	-4.372669e-05
3.531150e+03	-1.500014e-02	2.343070e-02	-7.456922e-05	1.508664e-02	1.150057e-04	-5.285851e-05
3.543540e+03	-2.701249e-02	4.407258e-03	-5.030279e-05	2.683725e-02	-2.741825e-05	2.897995e-04
3.555930e+03	-2.232041e-02	-1.739142e-02	2.730578e-05	2.293572e-02	1.483582e-05	-5.694387e-04
3.568320e+03	-1.734821e-03	-2.809311e-02	9.287964e-05	1.644778e-03	7.773102e-05	8.232840e-05
3.580710e+03	1.952544e-02	-2.019760e-02	6.215902e-05	-1.985250e-02	-1.683029e-04	2.464314e-04
3.593100e+03	2.665697e-02	1.011991e-03	1.132818e-04	-2.683499e-02	2.714311e-04	1.099281e-04
3.605490e+03	1.725935e-02	2.112888e-02	-5.538141e-05	-1.733012e-02	1.424738e-05	9.367282e-05
3.617880e+03	-4.718981e-03	2.680006e-02	-1.088442e-04	5.159513e-03	-6.197426e-05	-4.080523e-04
3.630270e+03	-2.255658e-02	1.381154e-02	-1.064099e-05	2.266292e-02	3.886153e-04	-1.345450e-04
3.642660e+03	-2.507963e-02	-7.801028e-03	-7.102979e-05	2.548079e-02	-1.562180e-04	-3.717906e-04
3.655050e+03	-1.075336e-02	-2.529528e-02	3.640893e-05	1.075660e-02	-1.739099e-05	-8.233491e-06
3.667440e+03	1.120752e-02	-2.394747e-02	9.325177e-05	-1.143795e-02	6.085716e-06	2.420412e-04
3.679830e+03	2.461920e-02	-7.940577e-03	5.174260e-05	-2.509925e-02	-9.769319e-05	5.103700e-04
3.692220e+03	2.184981e-02	1.335780e-02	1.167534e-04	-2.204582e-02	3.736583e-04	2.064896e-04
3.704610e+03	3.863464e-03	2.436362e-02	-1.190000e-04	-3.637578e-03	-1.863746e-04	-2.445455e-04
3.717000e+03	-1.543411e-02	1.852206e-02	-1.050071e-05	1.541943e-02	3.035203e-04	-8.696305e-06
3.729390e+03	-2.409795e-02	6.490573e-04	-1.271079e-04	2.421877e-02	-5.942745e-05	-1.655051e-04
3.741780e+03	-1.689274e-02	-1.792409e-02	-3.981828e-05	1.719014e-02	-1.437045e-04	-2.086451e-04
3.754170e+03	2.033803e-03	-2.369640e-02	5.197183e-05	-2.283726e-03	1.046281e-04	2.580473e-04
3.766560e+03	1.893833e-02	-1.481688e-02	5.163688e-05	-1.939408e-02	-6.765029e-05	4.935923e-04
3.778950e+03	2.317611e-02	4.717771e-03	1.068054e-04	-2.326765e-02	2.397395e-04	1.408390e-04
3.791340e+03	1.177593e-02	1.938065e-02	3.473620e-06	-1.197262e-02	7.027456e-05	1.728268e-04
3.803730e+03	-7.082481e-03	2.138817e-02	2.521400e-05	7.428711e-03	4.369872e-04	-3.313374e-04
3.816120e+03	-2.076689e-02	8.586534e-03	-1.064676e-04	2.135140e-02	-7.427099e-05	-4.327624e-04
3.828510e+03	-1.943355e-02	-9.629102e-03	-7.537175e-06	1.954638e-02	1.459592e-04	-5.914794e-05
3.840900e+03	-5.639247e-03	-2.072931e-02	-1.525934e-05	5.765983e-03	5.600113e-06	-1.005784e-04
3.853290e+03	1.185328e-02	-1.764509e-02	-4.436041e-05	-1.216767e-02	-3.750196e-04	3.091618e-04
3.865680e+03	1.987010e-02	-2.034308e-03	7.277879e-05	-1.996462e-02	5.696298e-05	5.772532e-05
3.878070e+03	1.459205e-02	1.326214e-02	7.402187e-05	-1.489834e-02	2.930120e-04	3.075596e-04
3.890460e+03	-1.016686e-03	1.889801e-02	3.265435e-05	1.138431e-03	3.017852e-04	-1.263663e-04
3.902850e+03	-1.460110e-02	1.199187e-02	-9.235161e-05	1.469082e-02	-2.357461e-04	-1.068691e-04
3.915240e+03	-1.798807e-02	-2.637188e-03	-9.114105e-06	1.810460e-02	1.897051e-05	-1.829404e-04
3.927630e+03	-9.861334e-03	-1.614967e-02	8.662821e-06	1.003414e-02	6.728734e-05	-1.476454e-04
3.940020e+03	5.170043e-03	-1.799291e-02	1.308153e-05	-5.562751e-03	-4.682384e-05	4.150015e-04
3.952410e+03	1.580091e-02	-7.415285e-03	7.964525e-05	-1.603710e-02	2.049213e-04	3.080292e-04
3.964800e+03	1.544447e-02	6.962520e-03	-1.074096e-05	-1.555254e-02	-9.221488e-05	1.257865e-04
3.977190e+03	4.233338e-03	1.617724e-02	4.579320e-05	-3.764632e-03	2.432668e-04	-4.836481e-04
3.989580e+03	-8.755758e-03	1.284741e-02	-8.859965e-06	8.607227e-03	1.594966e-04	1.269224e-04
4.001970e+03	-1.539393e-02	1.559585e-03	-6.944630e-05	1.545234e-02	-1.963360e-04	-1.048506e-04
4.014360e+03	-1.142939e-02	-1.098478e-02	4.008531e-06	1.172066e-02	-8.548951e-05	-2.070050e-04
4.026750e+03	1.144930e-03	-1.533792e-02	6.585113e-05	-1.441353e-03	1.089419e-04	2.859475e-04
4.039140e+03	1.191542e-02	-8.763101e-03	3.382832e-05	-1.192570e-02	3.601441e-05	5.885008e-05
4.051530e+03	1.379811e-02	2.593119e-03	9.126851e-05	-1.402657e-02	3.453741e-04	2.484255e-04
4.063920e+03	6.317356e-03	1.259889e-02	1.948249e-05	-6.223818e-03	3.304705e-04	-7.744419e-05
4.076310e+03	-5.349666e-03	1.263776e-02	-9.227610e-06	5.461441e-03	2.445507e-04	-1.112430e-04
4.088700e+03	-1.281278e-02	3.755044e-03	-5.933533e-05	1.297814e-02	-1.613705e-04	-2.378684e-04
4.101090e+03	-1.099863e-02	-7.202120e-03	9.111027e-05	1.120705e-02	2.261188e-04	-1.770071e-04
4.113480e+03	-1.914355e-03	-1.340634e-02	8.912529e-05	1.749967e-03	3.460660e-04	1.558712e-04
4.125870e+03	8.370029e-03	-9.584558e-03	-2.352300e-05	-8.576126e-03	-2.589263e-04	2.191330e-04
4.138260e+03	1.182157e-02	-7.507069e-05	7.990065e-05	-1.191420e-02	2.397909e-04	3.112543e-05
4.150650e+03	7.944728e-03	8.910966e-03	-4.805030e-06	-8.196642e-03	-3.022325e-05	1.709607e-04
4.163040e+03	-2.006315e-03	1.157522e-02	-2.835265e-05	2.175888e-03	-7.104825e-05	-1.685493e-04
4.175430e+03	-1.006785e-02	5.776556e-03	5.022515e-05	1.045170e-02	3.199167e-04	-3.939627e-04
4.187820e+03	-1.070808e-02	-4.134747e-03	-5.157366e-05	1.101671e-02	-9.845340e-05	-2.926148e-04
4.200210e+03	-3.774979e-03	-1.066803e-02	4.446485e-05	4.140830e-03	9.927223e-05	-3.759680e-04
4.212600e+03	5.955145e-03	-9.828708e-03	6.496604e-05	-6.164845e-03	2.673181e-04	1.840222e-04
4.224990e+03	1.124574e-02	-1.435255e-03	2.852016e-05	-1.177158e-02	2.606587e-05	4.981948e-04
4.237380e+03	7.615642e-03	7.068232e-03	1.511022e-05	-7.593353e-03	2.866043e-05	-1.786936e-06
4.249770e+03	-6.387549e-04	1.021558e-02	-1.638734e-05	6.912660e-04	4.548102e-05	-4.968410e-05
4.262160e+03	-8.360465e-03	6.070187e-03	-1.884359e-05	8.491366e-03	1.270875e-05	-1.383060e-04
4.274550e+03	-1.006666e-02	-2.394178e-03	-6.834012e-06	1.032243e-02	-1.379690e-05	-3.241770e-04
4.286940e+03	-3.394351e-03	-9.504392e-03	7.364242e-05	3.375062e-03	2.457728e-04	2.964196e-05
4.299330e+03	3.713159e-03	-9.403461e-03	-1.810803e-05	-3.941153e-03	-1.319237e-04	2.350265e-04
4.311720e+03	9.198682e-03	-3.521021e-03	4.344832e-05	-9.361716e-03	2.776330e-05	1.620061e-04
4.324110e+03	8.291451e-03	4.638039e-03	3.065153e-05	-8.333354e-03	1.134964e-04	4.966338e-05
4.336500e+03	1.576262e-03	8.396423e-03	-5.779647e-06	-1.437559e-03	8.634059e-05	-1.360133e-04
4.348890e+03	-5.441220e-03	7.254781e-03	-1.694117e-05	5.533731e-03	1.187475e-04	-1.263604e-04
4.361280e+03	-9.213347e-03	-3.197092e-04	-3.367002e-05	9.633337e-03	-1.020881e-05	-4.012031e-04
4.373670e+03	-5.676025e-03	-6.979232e-03	-3.877069e-05	5.890430e-03	-2.466307e-04	-2.026419e-04
4.386060e+03	1.765501e-03	-9.434203e-03	8.521231e-05	-1.958171e-03	1.705043e-04	1.899780e-04
4.398450e+03	7.910072e-03	-4.361942e-03	3.238139e-05	-7.903008e-03	1.049296e-04	3.352325e-06
4.410840e+03	8.171790e-03	2.679800e-03	1.234266e-06	-8.202939e-03	-4.878903e-05	2.130678e-05
4.423230e+03	3.205379e-03	8.162842e-03	-6.223963e-06	-3.328795e-03	1.087409e-05	1.099654e-04
4.435620e+03	-4.226178e-03	7.141690e-03	-9.345007e-06	4.320300e-03	7.988875e-05	-1.009348e-04
4.448010e+03	-8.015680e-03	1.721676e-03	-2.920776e-05	8.419215e-03	5.243533e-05	-3.534761e-04
4.460400e+03	-6.162271e-03	-5.564383e-03	1.004572e-05	6.168464e-03	1.484044e-04	-6.196273e-05
4.472790e+03	-1.939879e-04	-8.754692e-03	-2.169099e-05	6.067764e-05	-2.297924e-05	1.294433e-04
4.485180e+03	5.875234e-03	-5.488396e-03	-4.419394e-05	-6.015428e-03	-2.349582e-04	1.442100e-04
4.497570e+03	7.537565e-03	6.625918e-04	2.793492e-05	-7.729012e-03	2.581915e-05	1.988473e-04
4.509960e+03	4.109964e-03	6.542459e-03	1.810332e-05	-4.017340e-03	6.330270e-05	-7.636762e-05
4.522350e+03	-2.102709e-03	6.844746e-03	4.706023e-05	2.297675e-03	2.864969e-04	-1.917352e-04
4.534740e+03	-6.520915e-03	2.799945e-03	-5.260156e-05	6.663528e-03	-2.119843e-04	-1.886576e-04
4.547130e+03	-6.665382e-03	-3.608246e-03	2.416788e-05	6.860691e-03	1.183244e-04	-2.218064e-04
4.559520e+03	-1.213233e-03	-7.044093e-03	-3.492475e-05	8.702070e-04	-8.924567e-05	3.329292e-04
4.571910e+03	4.147725e-03	-5.776508e-03	-3.060806e-05	-4.195620e-03	-1.641972e-04	5.523204e-05
4.584300e+03	7.156452e-03	-6.595267e-04	-3.862346e-05	-7.494949e-03	-2.874509e-04	3.350080e-04
4.596690e+03	4.512077e-03	4.977970e-03	3.705993e-05	-4.436747e-03	-2.204102e-05	-7.246331e-05
4.609080e+03	-9.470174e-04	6.443447e-03	3.249630e-05	1.049036e-03	9.911819e-05	-9.742745e-05
4.621470e+03	-5.489702e-03	3.571099e-03	-1.638874e-06	5.610260e-03	1.899459e-06	-1.080488e-04
4.633860e+03	-6.259534e-03	-2.060549e-03	2.266187e-05	6.493752e-03	4.305376e-05	-2.254504e-04
4.646250e+03	-8.658630e-04	-6.513200e-03	-3.764480e-05	3.477505e-04	-2.506350e-05	5.239246e-04
4.658640e+03	2.594584e-03	-5.601831e-03	2.886315e-05	-2.580569e-03	1.646339e-04	-3.308311e-06
4.671030e+03	5.680524e-03	-2.218485e-03	-1.488822e-05	-5.847728e-03	-3.622010e-06	1.782792e-04
4.683420e+03	4.848887e-03	3.291182e-03	-1.961104e-05	-4.817272e-03	-6.540209e-05	-4.126004e-05
4.695810e+03	5.576301e-04	5.217962e-03	-1.133689e-05	-4.420255e-04	-9.378429e-05	-1.179349e-04
4.708200e+03	-3.629632e-03	3.838901e-03	3.655697e-05	3.719989e-03	1.858629e-04	-6.776799e-05
4.720590e+03	-5.463931e-03	-5.800278e-04	2.914503e-06	5.707440e-03	1.162678e-05	-2.458836e-04
4.732980e+03	-3.253532e-03	-4.638599e-03	3.407211e-05	3.303106e-03	1.074270e-04	-5.181523e-05
4.745370e+03	1.225920e-03	-5.306319e-03	1.081607e-06	-1.254896e-03	7.299994e-05	2.767712e-05
4.757760e+03	4.731801e-03	-2.483078e-03	-6.496298e-05	-4.788077e-03	-3.260140e-04	5.354791e-05
4.770150e+03	4.670482e-03	1.859805e-03	-1.393406e-07	-4.694860e-03	2.190609e-05	6.911522e-06
4.782540e+03	1.456644e-03	4.538229e-03	-1.919190e-05	-1.479249e-03	8.548420e-06	1.361796e-05
4.794930e+03	-2.967668e-03	4.077589e-03	-4.848435e-06	3.370361e-03	7.183673e-05	-3.227995e-04
4.807320e+03	-4.604667e-03	-2.517480e-04	-9.769047e-06	4.518032e-03	-4.187382e-05	9.437131e-05
4.819710e+03	-3.346356e-03	-3.299659e-03	2.363317e-05	3.547798e-03	-9.799997e-06	-1.795767e-04
4.832100e+03	1.756365e-04	-4.905211e-03	3.340115e-05	-1.066802e-04	4.997258e-05	-6.678045e-05
4.844490e+03	3.892084e-03	-2.840772e-03	-1.595990e-05	-4.210933e-03	-1.125606e-04	3.207932e-04
4.856880e+03	4.027693e-03	7.454288e-04	-1.250415e-05	-4.011110e-03	8.440940e-06	-1.166502e-05
4.869270e+03	2.081197e-03	3.423085e-03	-3.696334e-07	-2.109113e-03	1.140776e-04	2.173159e-05
4.881660e+03	-1.459201e-03	3.277593e-03	-3.967229e-05	1.596290e-03	-7.333912e-05	-1.305467e-04
4.894050e+03	-3.426901e-03	7.540742e-04	1.138271e-05	3.561156e-03	7.620175e-05	-1.218199e-04
4.906440e+03	-3.140134e-03	-2.117839e-03	1.395897e-06	3.449247e-03	-3.911292e-05	-2.819267e-04
4.918830e+03	-1.810370e-04	-4.500367e-03	2.900837e-05	-3.777327e-05	4.703339e-05	2.383964e-04
4.931220e+03	2.769824e-03	-2.516687e-03	8.391402e-06	-2.790323e-03	-7.439376e-05	2.498251e-05
4.943610e+03	3.533673e-03	-3.812554e-04	1.738654e-05	-3.688367e-03	8.505197e-05	1.559759e-04
4.956000e+03	1.825816e-03	2.544035e-03	-2.727766e-05	-1.614528e-03	-6.832844e-05	-1.909114e-04
4.968390e+03	-8.400817e-04	3.259781e-03	-6.912400e-06	1.025625e-03	9.492168e-05	-2.013788e-04
4.980780e+03	-2.891989e-03	8.834052e-04	-3.246891e-05	2.963322e-03	-8.662321e-05	-1.102496e-04
4.993170e+03	-2.839451e-03	-1.878734e-03	1.281607e-05	3.108436e-03	-2.806845e-05	-2.899790e-04
5.005560e+03	-1.287510e-04	-3.473976e-03	1.107229e-05	-4.332879e-05	-6.939624e-06	1.618410e-04
5.017950e+03	2.002566e-03	-2.375199e-03	1.514965e-05	-1.961561e-03	3.696073e-05	-3.893924e-05
5.030340e+03	2.828985e-03	-1.373330e-04	1.718652e-05	-2.894819e-03	1.215957e-04	4.279713e-05
5.042730e+03	1.690413e-03	2.146764e-03	-1.334512e-05	-1.675735e-03	-9.903628e-06	-7.139012e-06
5.055120e+03	-6.907776e-04	2.412979e-03	-1.029565e-05	8.358969e-04	9.804160e-05	-1.586191e-04
5.067510e+03	-2.348103e-03	6.802260e-04	-3.918182e-05	2.522472e-03	-2.835780e-05	-1.700000e-04
5.079900e+03	-2.069711e-03	-8.753411e-04	2.699568e-05	2.210918e-03	1.431040e-04	-1.448220e-04
5.092290e+03	-4.766585e-04	-2.664723e-03	-1.110807e-05	5.326211e-04	-6.205421e-06	-5.513068e-05
5.104680e+03	1.590919e-03	-2.255714e-03	-6.162668e-07	-1.548252e-03	3.325908e-05	-4.147954e-05
5.117070e+03	2.485943e-03	2.076402e-04	-2.313325e-05	-2.398658e-03	-5.384614e-05	-8.574750e-05
5.129460e+03	1.628160e-03	1.650328e-03	-8.330882e-06	-1.739054e-03	4.781450e-05	6.756723e-05
5.141850e+03	-5.145815e-04	2.234275e-03	-7.666008e-06	5.980652e-04	5.942188e-05	-8.532299e-05
5.154240e+03	-2.329025e-03	4.874057e-04	-1.763850e-05	2.514264e-03	-2.399511e-05	-1.951925e-04
5.166630e+03	-1.946882e-03	-1.293974e-03	-1.599651e-05	1.973563e-03	-2.334647e-05	-3.567335e-05
5.179020e+03	-3.411055e-04	-2.538978e-03	2.373505e-05	3.707217e-04	2.246415e-04	-2.372212e-05
5.191410e+03	1.735748e-03	-2.114975e-03	3.974061e-06	-1.899749e-03	1.279551e-04	1.619327e-04
5.203800e+03	2.388695e-03	-1.285640e-04	9.250018e-06	-2.424679e-03	2.335367e-05	3.224948e-05
5.216190e+03	1.650628e-03	1.820400e-03	6.570998e-06	-1.729526e-03	-2.056979e-06	8.571296e-05
5.228580e+03	-4.851671e-04	1.952812e-03	1.817753e-05	6.450487e-04	5.877719e-05	-1.609668e-04
5.240970e+03	-1.802187e-03	6.553897e-04	1.099355e-05	1.904310e-03	1.496612e-04	-1.260513e-04
5.253360e+03	-1.975216e-03	-1.327729e-03	-2.301714e-05	2.143313e-03	-7.319063e-05	-1.573937e-04
5.265750e+03	-3.664086e-04	-2.262663e-03	-1.906250e-06	3.814667e-04	-3.274822e-05	-1.523018e-05
5.278140e+03	1.264511e-03	-2.005033e-03	4.670774e-06	-1.202856e-03	3.232301e-05	-7.013180e-05
5.290530e+03	2.345253e-03	-5.004249e-04	-1.294165e-05	-2.491318e-03	-1.084305e-04	1.424736e-04
5.302920e+03	1.759237e-03	1.075836e-03	9.447202e-06	-2.069189e-03	-1.284583e-05	3.036267e-04
5.315310e+03	-3.191006e-04	1.961116e-03	2.866223e-05	4.951541e-04	1.077419e-05	-1.776458e-04
5.327700e+03	-1.800795e-03	1.090556e-03	-2.647422e-05	1.978057e-03	-1.294235e-04	-1.762459e-04
5.340090e+03	-1.989164e-03	-1.314358e-03	1.989379e-05	2.043183e-03	1.772314e-04	-6.188768e-05
5.352480e+03	-3.089347e-04	-2.066131e-03	-2.837642e-06	2.497174e-04	7.232986e-05	5.638286e-05
5.364870e+03	1.306094e-03	-1.747895e-03	-1.852967e-05	-1.277450e-03	-1.527939e-04	-2.465173e-05
5.377260e+03	2.174164e-03	-3.743626e-04	-5.677395e-06	-2.167016e-03	-3.127894e-05	-2.361828e-05
5.389650e+03	1.605781e-03	1.374340e-03	-3.308103e-06	-1.584905e-03	-1.335391e-05	-3.430493e-05
5.402040e+03	-6.068202e-05	1.532990e-03	9.877105e-06	1.255991e-04	7.521836e-05	-7.338509e-05
5.414430e+03	-1.265022e-03	9.652394e-04	-1.969095e-05	1.309553e-03	7.506730e-06	-5.072500e-05
5.426820e+03	-1.874225e-03	-7.727067e-04	3.540471e-06	2.134541e-03	1.090504e-04	-2.843960e-04
5.439210e+03	-3.277575e-04	-1.802055e-03	-1.448007e-05	2.463237e-04	6.952920e-07	1.130710e-04
5.451600e+03	8.448968e-04	-1.829179e-03	7.479418e-07	-8.094173e-04	-2.223833e-05	-3.577087e-05
5.463990e+03	1.999996e-03	-7.474862e-04	1.959962e-05	-2.159995e-03	8.278039e-05	1.639981e-04
5.476380e+03	1.527362e-03	1.574111e-03	6.219746e-06	-1.357053e-03	8.108579e-05	-1.825467e-04
5.488770e+03	1.582839e-04	1.530923e-03	-2.600000e-05	-1.205578e-04	-5.169453e-05	-3.011968e-05
5.501160e+03	-1.236724e-03	7.857077e-04	-2.997909e-06	1.297158e-03	1.053815e-04	-7.182819e-05
5.513550e+03	-1.495239e-03	-5.181588e-04	-3.921054e-05	1.520764e-03	-3.855738e-05	-3.320814e-05
5.525940e+03	-8.716995e-04	-1.746794e-03	-4.466893e-06	9.177091e-04	7.133383e-05	-6.856295e-05
5.538330e+03	6.215155e-04	-1.575515e-03	-7.854188e-06	-4.869416e-04	-6.526802e-05	-1.125850e-04
5.550720e+03	1.733973e-03	-5.598970e-04	-8.887382e-07	-1.872646e-03	-8.929540e-05	1.390973e-04
5.563110e+03	1.277437e-03	9.472874e-04	-1.820572e-06	-1.277207e-03	1.646180e-05	-3.565480e-06
5.575500e+03	7.028021e-05	1.070213e-03	-1.436177e-05	-1.318991e-04	-9.560502e-05	6.383659e-05
5.587890e+03	-1.235941e-03	6.441829e-04	6.989083e-06	1.418867e-03	7.540533e-05	-1.825117e-04
5.600280e+03	-1.328216e-03	-4.495236e-04	-1.423727e-05	1.429616e-03	-7.113160e-05	-1.260927e-04
5.612670e+03	-1.712894e-04	-2.164680e-03	-1.786943e-06	-5.076596e-05	5.094365e-05	2.569706e-04
5.625060e+03	7.452000e-04	-1.959910e-03	5.228670e-06	-8.176812e-04	9.338499e-05	7.446383e-05
5.637450e+03	1.488340e-03	-6.497922e-04	-1.802563e-05	-1.411246e-03	-1.248587e-04	-7.099106e-05
5.649840e+03	1.228516e-03	5.156937e-04	6.628051e-06	-1.185363e-03	-5.184242e-05	-4.956589e-05
5.662230e+03	2.386131e-04	1.318241e-03	5.835719e-06	-1.908648e-04	5.220341e-05	-5.218214e-05
5.674620e+03	-9.399902e-04	7.355882e-04	-8.332690e-06	1.035551e-03	1.303340e-05	-9.421298e-05
5.687010e+03	-1.258076e-03	-5.132567e-04	4.795591e-06	1.357662e-03	6.255586e-05	-9.743409e-05
5.699400e+03	-5.587995e-04	-1.668953e-03	-1.372685e-05	5.641612e-04	-4.835809e-06	-1.481892e-06
5.711790e+03	6.434909e-04	-1.409470e-03	-7.409212e-06	-5.617847e-04	4.196678e-05	-9.849579e-05
5.724180e+03	1.259525e-03	-6.098028e-04	1.039466e-05	-1.094972e-03	8.712483e-05	-1.600573e-04
5.736570e+03	1.340000e-03	2.500000e-04	-1.820000e-05	-1.480000e-03	-1.030000e-05	1.400000e-04
5.748960e+03	9.687490e-05	1.326510e-03	-1.004538e-05	4.865284e-05	-1.126237e-04	-1.414271e-04
5.761350e+03	-9.906808e-04	5.775230e-04	-6.868731e-06	1.095624e-03	1.156974e-05	-1.033266e-04
5.773740e+03	-1.087030e-03	-5.090779e-04	6.649045e-06	1.101683e-03	3.271537e-05	-1.659710e-05
5.786130e+03	-7.382872e-04	-1.223205e-03	-7.867486e-06	9.946113e-04	-1.216140e-05	-2.468570e-04
5.798520e+03	4.918965e-04	-1.597595e-03	4.879299e-06	-4.051330e-04	8.435766e-05	-8.220167e-05
5.810910e+03	1.359656e-03	-8.301764e-04	-9.756099e-06	-1.445943e-03	3.968230e-06	1.002194e-04
5.823300e+03	1.189566e-03	6.395036e-04	-2.533801e-06	-1.142837e-03	-2.620159e-05	-4.684505e-05
5.835690e+03	2.121165e-04	9.760062e-04	1.218780e-05	-1.447232e-04	8.083758e-05	-7.005569e-05
5.848080e+03	-8.302142e-04	8.911126e-04	8.757496e-06	1.019144e-03	2.584468e-05	-1.944021e-04
5.860470e+03	-1.149930e-03	-3.912549e-04	4.530388e-06	1.221047e-03	7.445906e-05	-7.266577e-05
5.872860e+03	-5.842331e-04	-1.480439e-03	-1.663347e-05	5.496885e-04	-3.999515e-05	2.397483e-05
5.885250e+03	4.138555e-04	-1.257083e-03	8.634599e-06	-3.155558e-04	-1.642478e-05	-8.772330e-05
5.897640e+03	1.276828e-03	-6.491163e-04	-6.269672e-06	-1.304857e-03	9.651044e-06	2.475468e-05
5.910030e+03	9.984643e-04	3.327604e-04	-7.720027e-06	-9.126280e-04	9.519870e-06	-9.765396e-05
5.922420e+03	3.402814e-04	8.031089e-04	-3.976858e-06	-2.908876e-04	1.692280e-06	-3.432728e-05
5.934810e+03	-6.972887e-04	3.539510e-04	1.607252e-05	7.308663e-04	6.382151e-05	-5.375553e-05
5.947200e+03	-1.103102e-03	-1.129006e-04	-3.922692e-06	1.374323e-03	-3.052324e-05	-2.747516e-04
5.959590e+03	-5.990772e-04	-1.536110e-03	2.472298e-06	7.049346e-04	-4.008565e-05	-9.325892e-05
5.971980e+03	5.806110e-04	-1.269411e-03	-3.458308e-06	-5.564763e-04	8.589980e-05	-2.429761e-05
5.984370e+03	1.054206e-03	-3.707980e-04	-4.162975e-06	-9.186091e-04	8.515401e-05	-1.441692e-04
