1.300950e+03	9.469405e-02	7.618626e-02	-3.030021e-05	-9.481110e-02	3.253187e-05	6.386378e-05
1.313340e+03	6.867194e-02	1.001744e-01	-4.422933e-05	-6.865669e-02	8.998643e-05	-4.978896e-06
1.325730e+03	3.957261e-02	1.143345e-01	-5.656846e-05	-3.967035e-02	4.971213e-05	7.858602e-05
1.338120e+03	7.104748e-03	1.207427e-01	-9.284416e-05	-7.091697e-03	7.205987e-05	1.073638e-05
1.350510e+03	-2.648991e-02	1.182264e-01	-7.505132e-05	2.625859e-02	-2.198179e-05	2.093114e-04
1.362900e+03	-5.721849e-02	1.063365e-01	-1.200049e-04	5.703602e-02	-2.910435e-05	1.339208e-04
1.375290e+03	-8.421708e-02	8.647715e-02	-4.722481e-05	8.401708e-02	-5.860830e-05	2.261922e-04
1.387680e+03	-1.044694e-01	6.032449e-02	-1.748179e-06	1.044765e-01	-7.192015e-05	3.588581e-04
1.400070e+03	-1.176920e-01	2.906340e-02	-6.742082e-05	1.168107e-01	-4.174789e-05	4.683435e-04
1.412460e+03	-1.208631e-01	-4.351894e-03	1.887581e-06	1.208700e-01	-5.624363e-05	3.945893e-04
1.424850e+03	-1.149750e-01	-3.785921e-02	-4.686012e-05	1.142935e-01	-4.494327e-05	5.563621e-04
1.437240e+03	-1.000095e-01	-6.827618e-02	3.097126e-06	9.964416e-02	-3.482420e-05	6.119818e-04
1.449630e+03	-7.726730e-02	-9.243823e-02	-4.658968e-05	7.684732e-02	-1.437899e-05	4.028476e-04
1.462020e+03	-4.860147e-02	-1.102470e-01	-2.565641e-05	4.811003e-02	-8.818773e-05	4.480469e-04
1.474410e+03	-1.648697e-02	-1.190333e-01	-4.600494e-05	1.588684e-02	-1.069291e-04	6.069548e-04
1.486800e+03	1.700278e-02	-1.197268e-01	-1.386707e-05	-1.759591e-02	-3.786730e-05	5.884347e-04
1.499190e+03	4.927918e-02	-1.101980e-01	1.334625e-05	-4.977624e-02	-1.253944e-04	4.991390e-04
1.511580e+03	7.869286e-02	-9.201170e-02	1.769385e-05	-7.924372e-02	-1.377187e-04	6.003805e-04
1.523970e+03	1.012101e-01	-6.705897e-02	9.994067e-05	-1.021024e-01	2.188250e-05	6.310108e-04
1.536360e+03	1.165732e-01	-3.548724e-02	5.841499e-05	-1.166755e-01	-6.844084e-05	5.400548e-04
1.548750e+03	1.219670e-01	-1.118775e-03	4.473015e-05	-1.229690e-01	9.499034e-05	6.262327e-04
1.561140e+03	1.170386e-01	3.416163e-02	3.832553e-05	-1.180345e-01	-1.549824e-05	5.743623e-04
1.573530e+03	1.028052e-01	6.621885e-02	4.151892e-05	-1.038318e-01	8.595014e-05	4.344681e-04
1.585920e+03	7.998965e-02	9.344920e-02	6.328867e-06	-8.048965e-02	2.626485e-05	5.003826e-04
1.598310e+03	4.990984e-02	1.132233e-01	-2.612891e-06	-5.046292e-02	-2.048987e-05	5.609119e-04
1.610700e+03	1.500860e-02	1.231275e-01	-5.485114e-05	-1.539521e-02	4.414820e-05	4.019751e-04
1.623090e+03	-2.157711e-02	1.228475e-01	-2.138874e-05	2.109773e-02	-7.281782e-06	4.886999e-04
1.635480e+03	-5.673253e-02	1.111866e-01	-1.765126e-06	5.652427e-02	2.117455e-05	1.962674e-04
1.647870e+03	-8.766404e-02	9.042253e-02	-4.688494e-05	8.736393e-02	-1.462494e-05	3.005395e-04
1.660260e+03	-1.111520e-01	6.039191e-02	-1.604988e-05	1.111597e-01	-4.203052e-05	3.672000e-04
1.672650e+03	-1.250468e-01	2.407208e-02	-8.293441e-06	1.250468e-01	-6.197523e-05	2.559181e-04
1.685040e+03	-1.275242e-01	-1.545816e-02	-2.679457e-06	1.275242e-01	-8.228049e-05	1.903036e-04
1.697430e+03	-1.166761e-01	-5.390040e-02	1.068488e-04	1.167347e-01	-4.504059e-05	7.996091e-05
1.709820e+03	-9.490861e-02	-8.791883e-02	5.364748e-05	9.462781e-02	-6.374650e-05	6.553150e-05
1.722210e+03	-6.320193e-02	-1.137439e-01	5.770496e-05	6.319150e-02	-8.592552e-05	-1.460678e-05
1.734600e+03	-2.374605e-02	-1.280708e-01	9.963803e-05	2.364549e-02	-3.826060e-05	9.184791e-06
1.746990e+03	1.781038e-02	-1.296902e-01	7.050478e-05	-1.761002e-02	3.060221e-06	-1.830163e-04
1.759380e+03	5.898753e-02	-1.184816e-01	4.286330e-05	-5.873066e-02	-4.730395e-05	-2.266662e-04
1.771770e+03	9.455530e-02	-9.340738e-02	1.177120e-04	-9.456867e-02	5.089991e-05	-8.439295e-05
1.784160e+03	1.208004e-01	-5.766547e-02	1.036477e-04	-1.204353e-01	4.049886e-06	-1.851960e-04
1.796550e+03	1.335489e-01	-1.476660e-02	8.123895e-05	-1.337559e-01	6.693811e-05	-3.658199e-04
1.808940e+03	1.313728e-01	3.134369e-02	4.027013e-05	-1.313182e-01	4.346221e-05	-3.550123e-04
1.821330e+03	1.140569e-01	7.420195e-02	2.278105e-05	-1.141042e-01	1.441210e-04	-1.324726e-04
1.833720e+03	8.218031e-02	1.094103e-01	-3.351811e-05	-8.178811e-02	6.588119e-05	-3.844448e-04
1.846110e+03	4.031347e-02	1.311891e-01	-1.447242e-04	-4.000460e-02	1.572468e-04	-2.708919e-04
1.858500e+03	-7.568634e-03	1.376328e-01	-1.255422e-04	7.910478e-03	8.219659e-05	-3.511615e-04
1.870890e+03	-5.524729e-02	1.263884e-01	-2.054562e-04	5.576553e-02	4.308934e-05	-5.094036e-04
1.883280e+03	-9.695632e-02	1.001290e-01	-1.604106e-04	9.726885e-02	-1.794923e-05	-3.307520e-04
1.895670e+03	-1.278146e-01	5.903335e-02	-2.299857e-04	1.278146e-01	-6.775589e-05	-2.220579e-04
1.908060e+03	-1.403992e-01	1.008620e-02	-7.106411e-05	1.403992e-01	-1.224022e-04	-1.073179e-04
1.920450e+03	-1.343541e-01	-4.239981e-02	-1.084396e-04	1.354770e-01	-1.521883e-04	-4.369337e-04
1.932840e+03	-1.106370e-01	-8.873898e-02	3.391386e-05	1.109968e-01	-1.543458e-04	-4.157785e-04
1.945230e+03	-7.077316e-02	-1.237051e-01	7.673592e-05	7.107875e-02	-1.694200e-04	-2.729078e-04
1.957620e+03	-2.054311e-02	-1.419670e-01	3.330601e-05	2.074081e-02	-1.988377e-04	-1.315739e-04
1.970010e+03	3.417051e-02	-1.392006e-01	-1.331145e-05	-3.385442e-02	-3.299567e-04	-2.972453e-04
1.982400e+03	8.381723e-02	-1.170983e-01	2.145807e-04	-8.336065e-02	-5.367595e-05	-4.095883e-04
1.994790e+03	1.226704e-01	-7.734810e-02	1.988803e-04	-1.226943e-01	-8.025513e-05	-2.576337e-04
2.007180e+03	1.439568e-01	-2.501300e-02	2.441835e-04	-1.439568e-01	1.634408e-04	-1.340073e-05
2.019570e+03	1.427029e-01	3.205592e-02	1.569428e-04	-1.427029e-01	1.823854e-04	-5.370935e-05
2.031960e+03	1.191064e-01	8.489787e-02	-4.735564e-06	-1.191066e-01	3.518915e-04	-1.765823e-04
2.044350e+03	7.721288e-02	1.237454e-01	-6.457289e-05	-7.699272e-02	2.064765e-04	-2.013853e-04
2.056740e+03	2.331572e-02	1.453367e-01	-1.316110e-04	-2.326769e-02	9.630362e-05	-6.367347e-05
2.069130e+03	-3.585974e-02	1.430706e-01	-3.727549e-04	3.571224e-02	2.006590e-04	1.344770e-04
2.081520e+03	-8.944859e-02	1.176471e-01	-1.961002e-04	8.945185e-02	-6.161130e-05	5.764458e-05
2.093910e+03	-1.295926e-01	7.213934e-02	-3.409760e-04	1.295926e-01	-1.256048e-04	-2.060703e-05
2.106300e+03	-1.482597e-01	1.488087e-02	-2.561588e-04	1.482597e-01	-1.942708e-04	1.350855e-04
2.118690e+03	-1.426116e-01	-4.649228e-02	9.543306e-05	1.423474e-01	-1.972572e-04	2.473990e-04
2.131080e+03	-1.111854e-01	-1.009348e-01	-1.070371e-05	1.112724e-01	-2.249162e-04	2.870239e-04
2.143470e+03	-6.059448e-02	-1.375621e-01	2.452988e-05	6.033263e-02	-2.580861e-04	1.880126e-04
2.155860e+03	1.170879e-03	-1.499784e-01	1.814965e-04	-1.331858e-03	-1.466531e-04	1.547950e-04
2.168250e+03	6.364383e-02	-1.376109e-01	2.470265e-04	-6.395056e-02	-1.173961e-04	3.519102e-04
2.180640e+03	1.160626e-01	-9.958813e-02	2.788189e-04	-1.160217e-01	8.096125e-05	2.969290e-04
2.193030e+03	1.476541e-01	-4.053448e-02	2.091068e-04	-1.481676e-01	-3.519708e-05	4.731736e-04
2.205420e+03	1.511706e-01	2.633418e-02	1.410559e-04	-1.517054e-01	4.794372e-04	3.146694e-04
2.217810e+03	1.261107e-01	8.908247e-02	1.952229e-05	-1.264024e-01	1.598905e-04	2.783229e-04
2.230200e+03	7.530006e-02	1.363392e-01	-2.084659e-04	-7.580715e-02	3.866042e-04	4.927331e-04
2.242590e+03	8.032167e-03	1.559969e-01	-3.690095e-04	-8.726253e-03	2.819127e-04	6.960203e-04
2.254980e+03	-6.283383e-02	1.444993e-01	-2.335715e-04	6.215450e-02	-9.518607e-05	6.713142e-04
2.267370e+03	-1.222484e-01	1.017471e-01	-5.244952e-04	1.217109e-01	-1.043184e-04	5.453817e-04
2.279760e+03	-1.564092e-01	3.551280e-02	-1.738735e-04	1.553827e-01	-3.278425e-04	5.532776e-04
2.292150e+03	-1.562155e-01	-4.171369e-02	-2.179920e-04	1.552155e-01	-4.210873e-04	7.621512e-04
2.304540e+03	-1.204503e-01	-1.113594e-01	9.395829e-05	1.194503e-01	-3.542128e-04	1.058328e-03
2.316930e+03	-5.137382e-02	-1.555027e-01	4.032636e-04	5.066526e-02	-1.719791e-04	6.723587e-04
2.329320e+03	3.207326e-02	-1.628902e-01	3.483012e-04	-3.329845e-02	-1.149192e-04	8.747577e-04
2.341710e+03	1.093205e-01	-1.283793e-01	3.235604e-04	-1.109787e-01	-2.706853e-05	1.421141e-03
2.354100e+03	1.611506e-01	-5.328987e-02	2.809673e-04	-1.630041e-01	1.907381e-04	1.474343e-03
2.366490e+03	1.664620e-01	4.153694e-02	1.271242e-04	-1.681592e-01	5.619254e-04	1.731730e-03
2.378880e+03	1.182746e-01	1.278217e-01	-2.302532e-04	-1.202790e-01	6.331788e-04	1.816203e-03
2.391270e+03	2.553672e-02	1.733851e-01	-5.952777e-04	-2.742326e-02	5.056742e-04	1.855079e-03
2.403660e+03	-8.247882e-02	1.585855e-01	-5.674387e-04	8.016105e-02	-1.278141e-04	2.326361e-03
2.416050e+03	-1.638100e-01	7.208358e-02	-3.382950e-04	1.618100e-01	-4.777766e-04	2.299248e-03
2.428440e+03	-1.688533e-01	-5.223659e-02	-1.671700e-04	1.672435e-01	-6.209929e-04	1.791685e-03
2.440830e+03	-8.399438e-02	-1.487583e-01	5.768947e-04	8.299374e-02	-3.430528e-04	1.009947e-03
2.453220e+03	4.486437e-02	-1.538718e-01	4.870609e-04	-4.449587e-02	-1.113829e-04	-3.775705e-04
2.465610e+03	1.344689e-01	-6.140546e-02	3.760801e-04	-1.324403e-01	3.479636e-04	-2.024356e-03
2.478000e+03	1.153550e-01	5.948733e-02	-2.105895e-05	-1.114018e-01	5.228150e-04	-3.312597e-03
2.490390e+03	1.197776e-02	1.038676e-01	-4.259670e-04	-7.767920e-03	2.824331e-04	-4.163573e-03
2.502780e+03	-6.003782e-02	4.377312e-02	-3.801858e-04	6.484518e-02	-5.961531e-06	-4.874479e-03
2.515170e+03	-3.785611e-02	-2.801379e-02	-1.335000e-04	4.353564e-02	-2.958308e-04	-5.723807e-03
2.527560e+03	1.913191e-02	-2.418219e-02	-3.441119e-04	-1.274922e-02	-1.627478e-04	-6.338023e-03
2.539950e+03	1.263561e-02	2.054444e-02	3.443615e-04	-7.657493e-03	-1.156290e-04	-4.992124e-03
2.552340e+03	-3.096313e-02	1.300120e-02	5.111773e-04	3.520477e-02	2.257599e-05	-4.217216e-03
2.564730e+03	-2.553315e-02	-3.781200e-02	-4.107229e-04	3.164563e-02	-7.115788e-05	-6.074334e-03
2.577120e+03	3.524247e-02	-5.193726e-02	-2.128577e-04	-3.073720e-02	2.724761e-05	-4.537556e-03
2.589510e+03	7.268473e-02	1.056417e-02	7.323878e-05	-7.093319e-02	-6.498653e-05	-1.728321e-03
2.601900e+03	2.513435e-02	7.888949e-02	-1.259819e-04	-2.817027e-02	2.341159e-04	3.069928e-03
2.614290e+03	-6.486922e-02	6.837185e-02	1.662998e-05	5.773020e-02	1.765968e-05	7.153977e-03
2.626680e+03	-1.024175e-01	-1.939336e-02	-1.397797e-04	9.387642e-02	-1.159648e-04	8.301480e-03
2.639070e+03	-4.120828e-02	-1.012308e-01	3.290260e-04	3.439390e-02	2.319246e-04	6.781147e-03
2.651460e+03	6.869095e-02	-9.022867e-02	1.875814e-04	-7.141565e-02	1.049866e-04	2.682571e-03
2.663850e+03	1.172020e-01	1.397508e-02	-7.898547e-06	-1.157613e-01	3.862835e-04	-1.672413e-03
2.676240e+03	4.788087e-02	1.102497e-01	-5.086503e-04	-4.280773e-02	-2.784339e-05	-5.110145e-03
2.688630e+03	-7.206662e-02	9.217309e-02	-3.264861e-04	7.861395e-02	-1.112237e-04	-6.500047e-03
2.701020e+03	-1.094940e-01	-2.623055e-02	2.831954e-05	1.148316e-01	-4.547216e-04	-5.727456e-03
2.713410e+03	-2.036800e-02	-1.064665e-01	6.832471e-04	2.274435e-02	-2.582784e-04	-2.335216e-03
2.725800e+03	7.989278e-02	-5.975286e-02	3.321381e-04	-8.073076e-02	5.146510e-04	8.991490e-04
2.738190e+03	8.250256e-02	4.380675e-02	-4.357786e-04	-8.411519e-02	5.855823e-04	1.610669e-03
2.750580e+03	-1.109823e-03	9.219876e-02	-6.926768e-04	-6.583491e-04	1.042442e-04	1.766667e-03
2.762970e+03	-8.123794e-02	3.770094e-02	-3.948485e-04	8.046249e-02	-3.741819e-04	8.749111e-04
2.775360e+03	-6.850526e-02	-5.341001e-02	2.122346e-04	6.838958e-02	-4.191666e-04	8.396823e-05
2.787750e+03	1.391006e-02	-8.265387e-02	4.776265e-04	-1.463185e-02	1.788498e-04	6.976133e-04
2.800140e+03	7.799621e-02	-2.767973e-02	2.497239e-04	-7.858033e-02	4.375000e-04	6.655585e-04
2.812530e+03	6.111339e-02	5.264608e-02	-4.176200e-04	-6.202898e-02	6.448214e-04	8.175521e-04
2.824920e+03	-1.487291e-02	7.519178e-02	-4.980805e-04	1.460372e-02	6.948796e-05	2.817971e-04
2.837310e+03	-6.970727e-02	2.070885e-02	-4.757240e-04	6.951263e-02	-3.366066e-04	2.941484e-04
2.849700e+03	-4.398448e-02	-4.972624e-02	2.898928e-04	4.485764e-02	-4.127017e-04	-8.421194e-04
2.862090e+03	2.570980e-02	-5.580479e-02	2.970360e-04	-2.498568e-02	7.039629e-06	-6.566117e-04
2.874480e+03	5.839913e-02	3.051932e-03	-1.022582e-04	-5.709932e-02	4.763485e-04	-1.288807e-03
2.886870e+03	1.684176e-02	5.501422e-02	-1.107086e-04	-1.568916e-02	4.364703e-04	-1.150892e-03
2.899260e+03	-4.597582e-02	3.436537e-02	-7.604470e-04	4.709823e-02	-1.589211e-04	-1.091199e-03
2.911650e+03	-5.108217e-02	-3.188577e-02	-1.639127e-04	5.228086e-02	-4.194699e-04	-1.066357e-03
2.924040e+03	1.071077e-02	-6.344940e-02	3.514193e-04	-9.605934e-03	-5.022964e-04	-1.116962e-03
2.936430e+03	6.653234e-02	-1.783616e-02	5.984095e-04	-6.516313e-02	-8.372602e-05	-1.307238e-03
2.948820e+03	4.666741e-02	5.350249e-02	3.913167e-04	-4.621622e-02	4.638221e-04	-4.783319e-04
2.961210e+03	-2.745138e-02	6.777008e-02	-1.394601e-05	2.697092e-02	4.805280e-04	4.251308e-04
2.973600e+03	-7.417357e-02	7.297824e-03	-3.707533e-04	7.291582e-02	1.187094e-04	1.231143e-03
2.985990e+03	-4.127992e-02	-6.238870e-02	-3.815597e-04	3.980906e-02	-1.901242e-04	1.419899e-03
2.998380e+03	3.660228e-02	-6.480869e-02	-3.485711e-06	-3.810055e-02	-1.091401e-04	1.439273e-03
3.010770e+03	7.424418e-02	3.798506e-03	6.233445e-05	-7.475353e-02	-1.365538e-04	5.867046e-04
3.023160e+03	2.992868e-02	6.881873e-02	2.041421e-04	-2.991112e-02	-9.246691e-06	-2.326488e-05
3.035550e+03	-4.774882e-02	5.721524e-02	6.499524e-05	4.835959e-02	-2.915911e-05	-5.497301e-04
3.047940e+03	-7.258303e-02	-1.762462e-02	2.397780e-04	7.394589e-02	3.335137e-05	-1.330000e-03
3.060330e+03	-1.559936e-02	-7.293332e-02	2.875112e-04	1.730006e-02	1.871361e-04	-1.749951e-03
3.072720e+03	5.837487e-02	-4.789718e-02	-1.429027e-05	-5.702421e-02	2.604681e-04	-1.357874e-03
3.085110e+03	6.954028e-02	2.989541e-02	-1.734210e-04	-6.857293e-02	8.172417e-05	-9.215979e-04
3.097500e+03	5.987900e-03	7.388278e-02	-2.850455e-04	-5.641037e-03	-1.327938e-04	-3.382511e-04
3.109890e+03	-6.159560e-02	3.992362e-02	-5.491315e-05	6.111277e-02	-2.768105e-04	4.748180e-04
3.122280e+03	-6.395419e-02	-3.341346e-02	2.712198e-04	6.292951e-02	-1.539858e-04	1.122554e-03
3.134670e+03	-2.041476e-03	-6.965834e-02	1.113005e-04	6.613174e-04	3.564142e-05	1.363785e-03
3.147060e+03	5.880275e-02	-3.440507e-02	-2.707787e-05	-6.002524e-02	3.128468e-04	1.160502e-03
3.159450e+03	5.669408e-02	3.460685e-02	-3.461137e-04	-5.775950e-02	1.865922e-04	1.041357e-03
3.171840e+03	-3.119369e-03	6.648407e-02	-4.015206e-04	2.647226e-03	-2.627974e-04	4.802923e-04
3.184230e+03	-5.837261e-02	2.917060e-02	-4.350306e-05	5.859622e-02	-3.897210e-04	-1.956499e-04
3.196620e+03	-5.100190e-02	-3.821896e-02	3.340473e-04	5.178793e-02	-2.248671e-04	-8.023332e-04
3.209010e+03	1.052559e-02	-6.247200e-02	1.959599e-04	-9.497594e-03	-1.676689e-05	-1.026527e-03
3.221400e+03	5.831667e-02	-1.329583e-02	2.709733e-05	-5.717182e-02	3.049844e-04	-1.083163e-03
3.233790e+03	4.368914e-02	4.371772e-02	-4.462937e-04	-4.272532e-02	1.989983e-04	-1.003328e-03
3.246180e+03	-1.812204e-02	5.692220e-02	-3.813036e-04	1.881556e-02	-2.340269e-04	-7.311253e-04
3.258570e+03	-5.748567e-02	8.906818e-03	-1.484025e-04	5.774654e-02	-4.736083e-04	-2.676988e-04
3.270960e+03	-3.315469e-02	-4.603029e-02	3.270978e-04	3.305500e-02	-2.925951e-04	1.438392e-04
3.283350e+03	2.548554e-02	-4.922538e-02	5.045542e-04	-2.589297e-02	9.386596e-05	4.257849e-04
3.295740e+03	5.447010e-02	4.282479e-04	9.840035e-05	-5.496523e-02	4.572270e-04	4.246117e-04
3.308130e+03	2.310048e-02	4.890355e-02	-2.521821e-04	-2.375993e-02	2.894704e-04	6.502310e-04
3.320520e+03	-3.268396e-02	4.243096e-02	-6.281923e-04	3.212331e-02	-1.352857e-04	5.102748e-04
3.332910e+03	-5.182386e-02	-9.925271e-03	-1.835302e-04	5.146058e-02	-3.684234e-04	2.959242e-04
3.345300e+03	-1.365552e-02	-4.966016e-02	3.352884e-04	1.375509e-02	-2.755674e-04	-1.081176e-04
3.357690e+03	3.791042e-02	-3.331943e-02	3.636284e-04	-3.762225e-02	1.231585e-04	-3.504770e-04
3.370080e+03	4.573211e-02	1.973638e-02	5.293064e-05	-4.524058e-02	3.356281e-04	-4.782161e-04
3.382470e+03	1.893679e-03	4.878024e-02	-1.949733e-04	-1.197692e-03	2.646601e-04	-6.937960e-04
3.394860e+03	-4.255365e-02	2.206670e-02	-3.301039e-04	4.332375e-02	-8.343038e-05	-7.551672e-04
3.407250e+03	-3.714763e-02	-2.907203e-02	-3.328988e-04	3.804751e-02	-3.560169e-04	-8.262959e-04
3.419640e+03	1.006552e-02	-4.650269e-02	1.276922e-04	-9.712556e-03	-2.209473e-04	-3.549258e-04
3.432030e+03	4.654132e-02	-1.162696e-02	2.760515e-04	-4.644144e-02	-8.787926e-05	-7.495932e-05
3.444420e+03	3.145453e-02	3.650913e-02	1.090819e-04	-3.151068e-02	2.227978e-04	4.258160e-05
3.456810e+03	-1.846900e-02	4.477058e-02	-2.236898e-04	1.820546e-02	1.684923e-04	2.686724e-04
3.469200e+03	-4.838275e-02	3.920432e-03	-1.317325e-04	4.798348e-02	1.758117e-05	3.601892e-04
3.481590e+03	-2.527345e-02	-4.097444e-02	-1.219147e-06	2.509427e-02	-1.046323e-04	1.775430e-04
3.493980e+03	2.527161e-02	-4.111964e-02	1.872654e-05	-2.537675e-02	-1.140279e-04	1.133104e-04
3.506370e+03	4.798153e-02	3.928633e-03	3.251895e-05	-4.788144e-02	1.487102e-05	-6.430848e-05
3.518760e+03	1.790982e-02	4.466231e-02	-1.002070e-05	-1.761173e-02	-1.778936e-05	-3.332681e-04
3.531150e+03	-3.215590e-02	3.578721e-02	1.060783e-04	3.264325e-02	-7.163346e-05	-4.713653e-04
3.543540e+03	-4.588907e-02	-1.348746e-02	1.544369e-05	4.639930e-02	6.931075e-05	-5.542804e-04
3.555930e+03	-8.463920e-03	-4.721744e-02	-4.656566e-06	8.872190e-03	3.527257e-05	-4.560649e-04
3.568320e+03	3.946312e-02	-2.893228e-02	-1.621172e-05	-3.899718e-02	-2.774718e-05	-5.385080e-04
3.580710e+03	4.378730e-02	2.203133e-02	-3.542178e-05	-4.339177e-02	1.378082e-04	-3.493989e-04
3.593100e+03	2.161506e-04	4.847302e-02	-4.133792e-05	-1.521130e-04	-5.194056e-05	-6.622026e-05
3.605490e+03	-4.400752e-02	2.318799e-02	6.617637e-05	4.378892e-02	-1.342242e-04	1.986551e-04
3.617880e+03	-4.081797e-02	-2.792190e-02	2.169313e-04	4.071797e-02	-7.665138e-06	9.522766e-05
3.630270e+03	6.015776e-03	-4.834946e-02	2.033561e-05	-6.181255e-03	1.599773e-04	1.935887e-04
3.642660e+03	4.560948e-02	-1.718947e-02	-6.973622e-05	-4.579580e-02	1.270410e-04	1.239752e-04
3.655050e+03	3.644866e-02	3.276811e-02	-2.331760e-04	-3.639449e-02	-3.161281e-05	7.026606e-06
3.667440e+03	-1.198012e-02	4.664984e-02	-5.793301e-05	1.205276e-02	-1.328895e-04	-7.054698e-05
3.679830e+03	-4.626121e-02	1.078578e-02	2.046789e-04	4.660131e-02	-2.186373e-04	-3.434663e-04
3.692220e+03	-3.020748e-02	-3.618934e-02	1.514031e-04	3.061827e-02	-3.891356e-05	-3.824462e-04
3.704610e+03	1.808283e-02	-4.320929e-02	9.106692e-05	-1.787666e-02	1.816464e-04	-2.124214e-04
3.717000e+03	4.618801e-02	-3.171290e-03	-7.583228e-05	-4.578937e-02	2.114884e-04	-4.354896e-04
3.729390e+03	2.437379e-02	3.983128e-02	-3.213187e-04	-2.397565e-02	2.387799e-05	-3.333773e-04
3.741780e+03	-2.298086e-02	3.951170e-02	-2.499857e-04	2.336574e-02	-1.727343e-04	-3.973709e-04
3.754170e+03	-4.489229e-02	-2.683338e-03	1.228704e-04	4.504671e-02	-2.955092e-04	-1.322294e-04
3.766560e+03	-1.874743e-02	-4.096006e-02	2.281761e-04	1.864120e-02	6.454823e-06	7.791172e-05
3.778950e+03	2.759027e-02	-3.494409e-02	4.608050e-05	-2.752708e-02	1.241301e-04	-4.296440e-05
3.791340e+03	4.311730e-02	8.018693e-03	-1.523575e-04	-4.314173e-02	2.431257e-04	6.008644e-05
3.803730e+03	1.274598e-02	4.147513e-02	-3.202707e-04	-1.285204e-02	-6.871429e-05	1.019896e-04
3.816120e+03	-3.035248e-02	3.039239e-02	-2.086993e-04	3.030325e-02	-2.439535e-04	6.437667e-05
3.828510e+03	-4.025959e-02	-1.310385e-02	1.463012e-04	4.027158e-02	-2.371017e-04	-1.590973e-05
3.840900e+03	-6.654354e-03	-4.083850e-02	2.830054e-04	6.822212e-03	3.108604e-05	-1.690258e-04
3.853290e+03	3.361121e-02	-2.432621e-02	8.231758e-05	-3.322592e-02	2.354150e-04	-3.788789e-04
3.865680e+03	3.658455e-02	1.872299e-02	-1.819784e-04	-3.618380e-02	2.849628e-04	-3.822289e-04
3.878070e+03	7.250808e-05	4.020109e-02	-2.343196e-04	2.213962e-04	-1.770678e-05	-2.972040e-04
3.890460e+03	-3.552916e-02	1.826124e-02	-1.095479e-04	3.592837e-02	-1.794225e-04	-3.837957e-04
3.902850e+03	-3.181496e-02	-2.329805e-02	1.518941e-04	3.193149e-02	-1.653113e-04	-1.220004e-04
3.915240e+03	6.374785e-03	-3.841729e-02	2.617927e-04	-6.174372e-03	2.634558e-05	-1.796739e-04
3.927630e+03	3.711883e-02	-1.191656e-02	8.101899e-06	-3.711891e-02	2.009993e-04	4.779768e-05
3.940020e+03	2.725354e-02	2.755620e-02	-1.865356e-04	-2.730416e-02	1.852967e-04	6.603456e-05
3.952410e+03	-1.194756e-02	3.633974e-02	-1.338326e-04	1.184382e-02	-3.525522e-05	1.192333e-04
3.964800e+03	-3.693178e-02	5.879330e-03	-2.213445e-05	3.693217e-02	-2.068073e-04	-1.108573e-05
3.977190e+03	-2.179408e-02	-3.019015e-02	6.676326e-05	2.178216e-02	-1.575748e-04	-2.476217e-05
3.989580e+03	1.716032e-02	-3.264327e-02	1.791511e-04	-1.714868e-02	1.578523e-05	-2.570996e-05
4.001970e+03	3.650941e-02	1.099756e-03	5.051772e-05	-3.624081e-02	8.452589e-05	-2.335734e-04
4.014360e+03	1.539312e-02	3.286200e-02	-3.149170e-04	-1.539271e-02	1.299650e-04	-9.447189e-06
4.026750e+03	-2.203704e-02	2.834896e-02	-7.148186e-05	2.233539e-02	-5.416248e-05	-2.375659e-04
4.039140e+03	-3.469273e-02	-7.489179e-03	9.801853e-05	3.490122e-02	-1.466951e-04	-1.909031e-04
4.051530e+03	-8.662116e-03	-3.420860e-02	1.193265e-04	8.914372e-03	-8.485942e-05	-2.168948e-04
4.063920e+03	2.780248e-02	-2.338518e-02	6.544830e-05	-2.759103e-02	1.140368e-04	-1.167344e-04
4.076310e+03	3.267484e-02	1.374941e-02	-9.376667e-05	-3.252123e-02	1.453961e-04	-1.706212e-04
4.088700e+03	2.183927e-03	3.477867e-02	-1.046075e-04	-2.225296e-03	-2.654178e-05	5.204905e-05
4.101090e+03	-2.994525e-02	1.733894e-02	-3.510858e-06	2.978239e-02	-1.597760e-04	1.224975e-04
4.113480e+03	-2.863414e-02	-1.865511e-02	1.150125e-04	2.859357e-02	-9.359087e-05	-9.684793e-06
4.125870e+03	4.176425e-03	-3.379575e-02	1.468984e-04	-4.227810e-03	8.440773e-05	5.289161e-05
4.138260e+03	3.191882e-02	-1.108887e-02	-1.687656e-05	-3.183495e-02	1.560898e-04	-8.833664e-05
4.150650e+03	2.389385e-02	2.369880e-02	-2.394432e-04	-2.370719e-02	1.513241e-04	-2.478968e-04
4.163040e+03	-1.048635e-02	3.184922e-02	-1.358479e-04	1.068234e-02	-9.191033e-05	-2.000566e-04
4.175430e+03	-3.287028e-02	4.538231e-03	8.370282e-05	3.307652e-02	-1.378876e-04	-2.304987e-04
4.187820e+03	-1.805112e-02	-2.734332e-02	1.839653e-04	1.835081e-02	-4.887832e-05	-2.822741e-04
4.200210e+03	1.685544e-02	-2.810817e-02	1.223557e-04	-1.663341e-02	2.044173e-04	-2.245708e-04
4.212600e+03	3.273162e-02	2.760035e-03	-8.981615e-05	-3.253130e-02	2.752904e-04	-1.911636e-04
4.224990e+03	1.201995e-02	3.067881e-02	-1.171703e-04	-1.191350e-02	3.029784e-05	-1.060822e-04
4.237380e+03	-2.190414e-02	2.419612e-02	-2.539997e-04	2.190417e-02	-1.009930e-04	-2.251109e-05
4.249770e+03	-3.098497e-02	-9.029041e-03	5.054079e-05	3.101684e-02	-1.452910e-04	-6.849655e-05
4.262160e+03	-5.420266e-03	-3.192196e-02	1.505473e-04	5.303127e-03	1.555982e-05	1.213150e-04
4.274550e+03	2.595383e-02	-1.887813e-02	1.071681e-04	-2.590757e-02	1.788668e-04	-3.124541e-05
4.286940e+03	2.823906e-02	1.513244e-02	-1.132659e-04	-2.823149e-02	7.971771e-05	2.588300e-05
4.299330e+03	-9.897990e-04	3.195639e-02	-8.248023e-05	9.753746e-04	9.345026e-06	1.690538e-05
4.311720e+03	-2.903583e-02	1.313985e-02	-7.145481e-05	2.915912e-02	-1.413531e-04	-1.039388e-04
4.324110e+03	-2.429905e-02	-2.027735e-02	1.273991e-05	2.439966e-02	-1.279767e-04	-1.301013e-04
4.336500e+03	7.800083e-03	-3.081459e-02	7.450030e-05	-7.488125e-03	4.268708e-05	-3.046453e-04
4.348890e+03	3.146610e-02	-6.615856e-03	2.679355e-05	-3.105449e-02	8.797684e-05	-2.969574e-04
4.361280e+03	1.974275e-02	2.487449e-02	-1.608289e-04	-1.961724e-02	3.275443e-05	-1.909564e-04
4.373670e+03	-1.356470e-02	2.871315e-02	-2.740545e-05	1.367570e-02	-8.749960e-05	-1.043846e-04
4.386060e+03	-3.157582e-02	4.058757e-04	-6.948638e-05	3.167595e-02	-1.296903e-04	-6.630410e-05
4.398450e+03	-1.416443e-02	-2.818914e-02	1.800855e-04	1.421379e-02	-3.871479e-05	-6.119112e-05
4.410840e+03	1.898924e-02	-2.528131e-02	1.105549e-04	-1.909681e-02	1.703362e-04	9.884751e-06
4.423230e+03	3.110791e-02	5.917373e-03	-4.604647e-05	-3.100646e-02	1.248644e-04	-3.537178e-05
4.435620e+03	8.772533e-03	3.073785e-02	-1.096248e-04	-8.673482e-03	4.334230e-05	-9.271107e-05
4.448010e+03	-2.313712e-02	2.112725e-02	3.970875e-05	2.323784e-02	-1.109534e-04	-8.723955e-05
4.460400e+03	-2.910397e-02	-1.139938e-02	1.076265e-04	2.926084e-02	-1.214862e-04	-1.088553e-04
4.472790e+03	-2.423903e-03	-3.105555e-02	2.090473e-04	2.584205e-03	3.886736e-05	-1.525060e-04
4.485180e+03	2.696130e-02	-1.571799e-02	-1.663748e-05	-2.676130e-02	1.141054e-04	-2.042463e-04
4.497570e+03	2.613271e-02	1.696245e-02	-7.248109e-06	-2.593271e-02	7.670908e-05	-1.355767e-04
4.509960e+03	-3.696695e-03	3.095708e-02	-1.456032e-04	3.795661e-03	-1.427988e-04	-1.030908e-04
4.522350e+03	-2.904452e-02	1.036324e-02	-6.185560e-05	2.916470e-02	-1.539880e-04	-1.336194e-04
4.534740e+03	-2.192977e-02	-2.117989e-02	1.392447e-04	2.203367e-02	-7.311307e-05	-1.026966e-04
4.547130e+03	9.520347e-03	-2.908837e-02	1.268457e-04	-9.404425e-03	5.766128e-05	-1.047270e-04
4.559520e+03	3.005371e-02	-4.157374e-03	-4.043038e-05	-2.996938e-02	6.355761e-05	-1.004281e-04
4.571910e+03	1.731255e-02	2.508946e-02	-4.534501e-05	-1.721543e-02	-5.929754e-05	-1.591010e-04
4.584300e+03	-1.460772e-02	2.640155e-02	-1.094188e-04	1.465910e-02	-7.506320e-05	-4.843673e-05
4.596690e+03	-2.978791e-02	-1.321913e-03	4.803099e-05	2.978785e-02	-8.760779e-05	-2.151493e-05
4.609080e+03	-1.217110e-02	-2.710318e-02	1.880849e-04	1.226056e-02	1.135802e-05	-3.621747e-05
4.621470e+03	1.909149e-02	-2.245071e-02	5.579626e-05	-1.888907e-02	1.087674e-04	-1.561869e-04
4.633860e+03	2.868815e-02	7.105292e-03	1.026659e-06	-2.846587e-02	1.174782e-04	-2.244628e-04
4.646250e+03	6.337217e-03	2.849693e-02	-1.975042e-04	-6.275854e-03	-8.573860e-06	-1.043180e-04
4.658640e+03	-2.261098e-02	1.795920e-02	-1.184387e-04	2.270390e-02	-7.207760e-05	-1.100328e-04
4.671030e+03	-2.585818e-02	-1.215170e-02	5.482889e-05	2.607301e-02	-7.731487e-05	-1.887271e-04
4.683420e+03	-1.688512e-04	-2.804968e-02	1.144298e-04	3.352967e-04	1.114469e-05	-1.729229e-04
4.695810e+03	2.528298e-02	-1.260427e-02	-4.325758e-06	-2.508653e-02	1.421766e-04	-2.096763e-04
4.708200e+03	2.231342e-02	1.699601e-02	-8.017724e-05	-2.217443e-02	1.364522e-04	-1.134959e-04
4.720590e+03	-5.329177e-03	2.704952e-02	-1.492635e-04	5.388867e-03	-2.550591e-05	-6.646709e-05
4.732980e+03	-2.640402e-02	7.155692e-03	2.037501e-06	2.650402e-02	-1.429490e-04	-7.234476e-05
4.745370e+03	-1.777971e-02	-2.057191e-02	1.035894e-04	1.785181e-02	-5.640404e-05	-6.576561e-05
4.757760e+03	1.067084e-02	-2.488874e-02	1.778820e-05	-1.054183e-02	2.839638e-05	-1.185911e-04
4.770150e+03	2.660980e-02	-1.467805e-03	-4.839814e-05	-2.650999e-02	1.165292e-04	-1.355281e-04
4.782540e+03	1.300567e-02	2.326385e-02	-9.140000e-05	-1.280955e-02	9.382540e-05	-1.130000e-04
4.794930e+03	-1.499330e-02	2.168611e-02	-6.128480e-05	1.505891e-02	-1.060403e-04	-1.249866e-04
4.807320e+03	-2.545856e-02	-3.971770e-03	9.099418e-05	2.559753e-02	-1.117434e-04	-1.419359e-04
4.819710e+03	-7.248810e-03	-2.449391e-02	1.713973e-04	7.421606e-03	1.968102e-05	-1.737832e-04
4.832100e+03	1.901767e-02	-1.707358e-02	4.408244e-05	-1.880625e-02	7.303199e-05	-1.841619e-04
4.844490e+03	2.350181e-02	9.658764e-03	-5.681101e-05	-2.339922e-02	3.728585e-05	-7.563625e-05
4.856880e+03	1.989101e-03	2.515272e-02	-1.278767e-04	-1.866501e-03	-2.195598e-05	-1.472826e-04
4.869270e+03	-2.139607e-02	1.252559e-02	-8.167650e-06	2.149607e-02	-6.842191e-05	-7.548604e-05
4.881660e+03	-2.011708e-02	-1.388658e-02	4.851927e-05	2.016721e-02	-1.016952e-04	-7.556534e-05
4.894050e+03	4.109466e-03	-2.372495e-02	6.689963e-05	-3.882727e-03	-4.013514e-05	-2.257734e-04
4.906440e+03	2.314096e-02	-6.721697e-03	-7.455849e-05	-2.300299e-02	1.266816e-04	-1.533833e-04
4.918830e+03	1.581379e-02	1.797732e-02	-1.281025e-04	-1.580400e-02	2.279875e-05	-1.568753e-05
4.931220e+03	-9.047726e-03	2.204866e-02	-1.016705e-04	9.105270e-03	-8.203051e-05	-5.599735e-05
4.943610e+03	-2.326573e-02	1.316617e-03	-2.825865e-05	2.336639e-02	-1.543761e-04	-5.898032e-05
4.956000e+03	-1.103283e-02	-2.037989e-02	3.055508e-05	1.123378e-02	-2.022499e-05	-1.180426e-04
4.968390e+03	1.360412e-02	-1.862348e-02	4.018889e-05	-1.351656e-02	4.527894e-05	-1.300453e-04
4.980780e+03	2.235939e-02	4.433095e-03	-3.302554e-05	-2.225125e-02	1.202345e-04	-1.453650e-04
4.993170e+03	5.850498e-03	2.201598e-02	-7.049226e-05	-5.704600e-03	-1.107943e-05	-1.455646e-04
5.005560e+03	-1.705647e-02	1.455952e-02	1.949745e-05	1.725420e-02	-5.914609e-05	-1.624622e-04
5.017950e+03	-2.033526e-02	-9.106942e-03	-8.552570e-06	2.043526e-02	-8.062727e-05	-1.402409e-04
5.030340e+03	-2.448361e-04	-2.194612e-02	3.534061e-05	4.093497e-04	-2.741540e-05	-1.636361e-04
5.042730e+03	1.964094e-02	-9.676617e-03	2.391276e-05	-1.952353e-02	1.674303e-05	-1.375270e-04
5.055120e+03	1.712607e-02	1.365195e-02	-7.534425e-05	-1.706509e-02	4.253446e-05	-8.490131e-05
5.067510e+03	-4.695840e-03	2.120116e-02	-5.874918e-05	4.776291e-03	-4.179809e-05	-7.612565e-05
5.079900e+03	-2.089643e-02	4.819529e-03	-1.128453e-05	2.096448e-02	-8.758409e-05	-1.020993e-04
5.092290e+03	-1.301183e-02	-1.669124e-02	8.077391e-05	1.311178e-02	-3.389597e-05	-9.390038e-05
5.104680e+03	9.369479e-03	-1.885469e-02	8.735845e-05	-9.257448e-03	4.628331e-05	-1.262266e-04
5.117070e+03	2.087808e-02	5.067302e-04	-6.235621e-05	-2.077826e-02	6.236614e-05	-1.410318e-04
5.129460e+03	8.682520e-03	1.910513e-02	-1.072538e-04	-8.573683e-03	6.995486e-06	-1.338960e-04
5.141850e+03	-1.329317e-02	1.572423e-02	-3.088616e-05	1.347239e-02	-8.942392e-05	-1.609630e-04
5.154240e+03	-1.962346e-02	-5.296238e-03	4.578174e-05	1.983362e-02	-7.045645e-05	-1.900622e-04
5.166630e+03	-3.471349e-03	-1.993195e-02	4.607720e-05	3.651209e-03	-3.815106e-05	-1.704606e-04
5.179020e+03	1.644536e-02	-1.165963e-02	1.761268e-06	-1.634165e-02	6.067832e-05	-1.454454e-04
5.191410e+03	1.771710e-02	9.901839e-03	-7.443883e-05	-1.755111e-02	8.952490e-05	-1.924827e-04
5.203800e+03	-1.307242e-03	1.999983e-02	-9.545087e-05	1.437546e-03	-8.384830e-05	-1.289996e-04
5.216190e+03	-1.856726e-02	7.484113e-03	-5.145985e-06	1.867074e-02	-7.232631e-05	-9.852241e-05
5.228580e+03	-1.442759e-02	-1.326036e-02	5.156890e-05	1.452574e-02	-4.076260e-05	-1.443843e-04
5.240970e+03	6.007791e-03	-1.871704e-02	8.244808e-05	-5.863775e-03	4.454303e-05	-1.373707e-04
5.253360e+03	1.946560e-02	-2.599324e-03	-3.568576e-05	-1.936560e-02	9.339831e-05	-8.244797e-05
5.265750e+03	1.083719e-02	1.625758e-02	-4.957291e-05	-1.074149e-02	4.768598e-05	-1.311894e-04
5.278140e+03	-9.925843e-03	1.665859e-02	-7.617885e-05	1.001851e-02	-5.719094e-05	-1.010566e-04
5.290530e+03	-1.887400e-02	-1.649385e-03	1.202347e-05	1.907421e-02	-1.079312e-04	-1.724506e-04
5.302920e+03	-6.588753e-03	-1.778029e-02	1.073958e-04	6.700556e-03	-8.254538e-06	-1.112185e-04
5.315310e+03	1.310457e-02	-1.339530e-02	4.178053e-05	-1.290455e-02	7.236218e-05	-1.950311e-04
5.327700e+03	1.792620e-02	6.008450e-03	-7.564086e-05	-1.776068e-02	4.813503e-05	-1.720062e-04
5.340090e+03	2.337585e-03	1.836979e-02	-8.287959e-05	-2.250260e-03	-4.512958e-05	-9.032399e-05
5.352480e+03	-1.534052e-02	1.000340e-02	-4.644694e-05	1.543876e-02	-5.678086e-05	-7.779427e-05
5.364870e+03	-1.524986e-02	-9.377515e-03	1.256067e-04	1.538447e-02	-3.219787e-05	-1.018055e-04
5.377260e+03	2.063936e-03	-1.766037e-02	1.068247e-04	-1.881249e-03	4.815467e-05	-1.769813e-04
5.389650e+03	1.671399e-02	-5.776138e-03	-2.473379e-05	-1.652140e-02	1.499518e-04	-1.111709e-04
5.402040e+03	1.252010e-02	1.248370e-02	-1.252760e-04	-1.241778e-02	-2.658820e-05	-1.502040e-04
5.414430e+03	-5.622583e-03	1.625064e-02	-1.015907e-04	5.756949e-03	-4.804941e-05	-1.437778e-04
5.426820e+03	-1.682904e-02	1.877872e-03	9.523118e-06	1.702904e-02	-7.067585e-05	-1.775678e-04
5.439210e+03	-8.873807e-03	-1.413653e-02	1.214489e-04	9.001575e-03	-2.772705e-05	-1.253920e-04
5.451600e+03	9.224241e-03	-1.375857e-02	2.324816e-05	-9.010612e-03	5.111473e-05	-1.839431e-04
5.463990e+03	1.639923e-02	2.159227e-03	-7.059424e-05	-1.629916e-02	6.201467e-05	-1.645621e-04
5.476380e+03	5.194512e-03	1.541164e-02	-1.599012e-04	-5.086353e-03	2.614503e-05	-1.075299e-04
5.488770e+03	-1.132601e-02	1.124435e-02	-6.229868e-05	1.153141e-02	-7.589339e-05	-1.512013e-04
5.501160e+03	-1.475768e-02	-5.295287e-03	5.252538e-05	1.485756e-02	-1.000235e-04	-1.399988e-04
5.513550e+03	-1.367933e-03	-1.520958e-02	5.124791e-05	1.566576e-03	-2.895935e-05	-1.948968e-04
5.525940e+03	1.297011e-02	-7.661683e-03	2.913901e-05	-1.277484e-02	1.364321e-04	-1.751602e-04
5.538330e+03	1.253735e-02	8.374976e-03	-9.193308e-05	-1.243991e-02	1.801260e-05	-1.451778e-04
5.550720e+03	-2.025845e-03	1.469865e-02	-1.121296e-04	2.087530e-03	-4.314749e-05	-5.375653e-05
5.563110e+03	-1.350483e-02	4.604696e-03	-3.129636e-05	1.364653e-02	-1.092021e-04	-1.382421e-04
5.575500e+03	-9.635825e-03	-1.025138e-02	2.251592e-05	9.723979e-03	-4.574540e-05	-9.620440e-05
5.587890e+03	4.963579e-03	-1.284836e-02	6.461545e-05	-4.770358e-03	2.906592e-05	-1.963574e-04
5.600280e+03	1.350822e-02	-1.009589e-03	-5.151334e-05	-1.340898e-02	4.320670e-05	-1.486737e-04
5.612670e+03	6.844455e-03	1.143512e-02	-1.420000e-04	-6.744707e-03	-1.423330e-05	-9.503505e-05
5.625060e+03	-7.602231e-03	1.017138e-02	-1.175178e-05	7.586697e-03	-4.359286e-05	3.588244e-05
5.637450e+03	-1.232306e-02	-1.812866e-03	3.801070e-05	1.247531e-02	-3.615012e-05	-1.230020e-04
5.649840e+03	-3.477859e-03	-1.163665e-02	3.853413e-05	3.606148e-03	-1.051675e-06	-1.220224e-04
5.662230e+03	8.993768e-03	-7.919272e-03	2.236429e-05	-8.769572e-03	5.958571e-05	-2.083146e-04
5.674620e+03	1.086705e-02	4.502531e-03	-6.068360e-05	-1.066484e-02	3.978863e-05	-1.979751e-04
5.687010e+03	6.156346e-04	1.138976e-02	2.959602e-05	-5.224261e-04	-2.213114e-05	-9.275636e-05
5.699400e+03	-9.701597e-03	5.385004e-03	-7.382893e-06	9.714076e-03	-1.829868e-05	-5.646454e-05
5.711790e+03	-8.504155e-03	-6.245837e-03	9.167585e-05	8.611869e-03	-1.186892e-05	-1.080900e-04
5.724180e+03	2.147721e-03	-1.007100e-02	-1.622987e-05	-2.033875e-03	5.591939e-05	-1.102292e-04
5.736570e+03	9.876195e-03	-2.392322e-03	-9.848051e-05	-9.787567e-03	3.320077e-05	-8.784954e-05
5.748960e+03	6.161270e-03	7.784816e-03	-6.918101e-05	-6.057747e-03	2.058499e-05	-1.070687e-04
5.761350e+03	-4.197714e-03	8.649599e-03	-1.195940e-05	4.300383e-03	-2.519089e-05	-1.029816e-04
5.773740e+03	-9.145228e-03	-2.593560e-04	4.746563e-06	9.237664e-03	-9.595309e-06	-9.752266e-05
5.786130e+03	-3.489947e-03	-8.174318e-03	9.596947e-05	3.610895e-03	1.656215e-05	-1.269769e-04
5.798520e+03	5.887439e-03	-6.451986e-03	8.390142e-05	-5.736490e-03	7.549606e-05	-1.459895e-04
5.810910e+03	8.074600e-03	2.513761e-03	4.208330e-05	-8.003760e-03	2.735874e-05	-6.398464e-05
5.823300e+03	1.212262e-03	8.169301e-03	-2.202509e-05	-1.154348e-03	-4.803848e-05	-6.364298e-05
5.835690e+03	-6.626028e-03	4.482374e-03	3.370494e-05	6.733658e-03	-5.781620e-05	-1.030678e-04
5.848080e+03	-6.367872e-03	-3.973399e-03	-3.917841e-05	6.531299e-03	-2.510868e-06	-1.654042e-04
5.860470e+03	1.087872e-03	-7.266608e-03	7.339666e-06	-9.294923e-04	5.666072e-05	-1.571392e-04
5.872860e+03	6.907809e-03	-1.888873e-03	1.151530e-05	-6.751300e-03	8.737176e-05	-1.503282e-04
5.885250e+03	4.784209e-03	5.412443e-03	-7.562852e-05	-4.660655e-03	-2.579589e-05	-1.257805e-04
5.897640e+03	-2.778732e-03	6.355706e-03	-3.243500e-05	2.860495e-03	-4.198603e-06	-8.706714e-05
5.910030e+03	-6.584198e-03	1.171398e-04	5.573703e-05	6.655129e-03	-7.953699e-05	-6.869944e-05
5.922420e+03	-2.581054e-03	-5.818962e-03	4.872015e-05	2.717237e-03	2.407629e-05	-1.374275e-04
5.934810e+03	4.248547e-03	-4.564130e-03	1.354637e-06	-4.098133e-03	2.096410e-06	-1.530000e-04
5.947200e+03	5.976365e-03	1.890301e-03	-5.727894e-05	-5.848718e-03	3.857246e-05	-1.268438e-04
5.959590e+03	9.306999e-04	6.083054e-03	-5.320835e-05	-7.612660e-04	-2.545489e-05	-1.719000e-04
5.971980e+03	-4.855127e-03	3.355451e-03	3.879171e-05	4.955310e-03	-3.639262e-05	-1.014016e-04
5.984370e+03	-4.644977e-03	-2.977584e-03	4.988268e-05	4.799811e-03	-1.322858e-05	-1.417232e-04
5.996760e+03	8.048785e-04	-5.304708e-03	5.967051e-05	-6.537421e-04	2.356561e-05	-1.552629e-04
6.009150e+03	5.205671e-03	-1.405513e-03	-2.817967e-05	-5.074901e-03	1.662660e-06	-1.278189e-04
6.021540e+03	3.477064e-03	4.000666e-03	-7.539914e-06	-3.328575e-03	-1.329976e-05	-1.504532e-04
6.033930e+03	-1.990021e-03	4.573371e-03	-2.833340e-05	2.094308e-03	-4.850366e-07	-1.035187e-04
6.046320e+03	-4.768822e-03	3.118359e-05	-8.333111e-06	4.868698e-03	-1.807891e-05	-9.505072e-05
6.058710e+03	-1.748276e-03	-4.231259e-03	6.089151e-05	1.861673e-03	-8.828899e-06	-1.180363e-04
6.071100e+03	3.254969e-03	-3.337432e-03	-2.233744e-05	-3.036658e-03	3.392020e-05	-2.066190e-04
6.083490e+03	4.339093e-03	1.445035e-03	-4.366369e-05	-4.131285e-03	1.383508e-06	-1.934899e-04
6.095880e+03	3.792075e-04	4.383586e-03	7.235666e-06	-3.336479e-04	-2.653829e-05	-5.847531e-05
6.108270e+03	-3.629452e-03	2.261043e-03	-9.966209e-06	3.735236e-03	-7.603899e-06	-9.189482e-05
6.120660e+03	-3.321598e-03	-2.257038e-03	2.987785e-05	3.381899e-03	1.815762e-05	-6.966437e-05
6.133050e+03	8.549897e-04	-3.664857e-03	-3.406328e-05	-7.525141e-04	-3.226618e-06	-1.030044e-04
6.145440e+03	3.792073e-03	-6.355093e-04	-4.061940e-05	-3.675369e-03	9.301534e-06	-1.105772e-04
6.157830e+03	2.238973e-03	3.252629e-03	-6.538966e-05	-2.129664e-03	6.882043e-06	-1.108468e-04
6.170220e+03	-1.786884e-03	3.272944e-03	6.519008e-06	1.842143e-03	-2.241174e-05	-6.033491e-05
6.182610e+03	-3.517918e-03	-3.148416e-04	-3.586478e-05	3.636930e-03	-1.199047e-05	-1.128644e-04
6.195000e+03	-1.057038e-03	-3.201356e-03	1.192306e-05	1.166597e-03	-3.058613e-05	-1.096842e-04
6.207390e+03	2.460509e-03	-2.196426e-03	-4.879919e-05	-2.370225e-03	4.895913e-06	-9.918909e-05
6.219780e+03	2.956014e-03	1.465717e-03	5.239733e-06	-2.878980e-03	-1.267706e-05	-7.284478e-05
6.232170e+03	-1.115121e-05	3.250484e-03	7.378428e-05	6.196733e-05	1.672379e-07	-5.603722e-05
6.244560e+03	-2.774976e-03	1.417221e-03	-2.975825e-05	2.881213e-03	3.986954e-05	-9.674243e-05
6.256950e+03	-2.111796e-03	-1.870059e-03	1.232553e-05	2.268516e-03	3.134813e-05	-1.519066e-04
6.269340e+03	1.007620e-03	-2.658407e-03	-6.833060e-05	-8.331794e-04	7.063661e-06	-1.782356e-04
6.281730e+03	2.825304e-03	-1.652810e-04	-3.647065e-05	-2.698119e-03	-4.136823e-06	-1.453063e-04
6.294120e+03	1.350445e-03	2.669499e-03	-1.502944e-05	-1.230160e-03	-5.266666e-05	-1.202978e-04
6.306510e+03	-1.756490e-03	2.232856e-03	-4.131114e-05	1.788113e-03	-3.374947e-05	-3.326838e-05
6.318900e+03	-2.438054e-03	-6.505199e-04	-6.277213e-05	2.533020e-03	-8.608194e-06	-9.169660e-05
6.331290e+03	-2.577488e-04	-2.488026e-03	3.942814e-05	3.557795e-04	2.293611e-05	-9.784652e-05
6.343680e+03	2.362694e-03	-1.056972e-03	1.858191e-05	-2.210915e-03	4.157174e-05	-1.522778e-04
6.356070e+03	2.154563e-03	1.556400e-03	-2.769007e-05	-2.044421e-03	-1.936771e-05	-1.125901e-04
6.368460e+03	-4.125552e-04	2.474926e-03	-3.331218e-05	5.570765e-04	-4.944898e-06	-1.399591e-04
6.380850e+03	-2.439863e-03	5.562716e-04	6.959800e-05	2.529615e-03	2.494185e-05	-8.048811e-05
6.393240e+03	-1.303939e-03	-1.886832e-03	5.711033e-05	1.431074e-03	2.359230e-05	-1.240251e-04
6.405630e+03	1.285637e-03	-1.875696e-03	1.431458e-05	-1.215601e-03	2.513595e-05	-7.713511e-05
6.418020e+03	2.294830e-03	4.963960e-04	-1.228216e-05	-2.216919e-03	1.395261e-05	-7.981080e-05
6.430410e+03	6.585406e-04	2.443460e-03	-1.173620e-05	-5.917868e-04	9.764523e-07	-6.969283e-05
6.442800e+03	-1.675427e-03	1.619381e-03	-4.467373e-06	1.774847e-03	-2.617926e-05	-1.068398e-04
6.455190e+03	-1.955295e-03	-9.740821e-04	5.780903e-05	2.093555e-03	-3.709414e-05	-1.369444e-04
6.467580e+03	2.550743e-04	-2.269259e-03	-3.689733e-05	-1.016069e-04	1.197590e-05	-1.540556e-04
6.479970e+03	2.228981e-03	-6.729137e-04	-8.172358e-05	-2.089016e-03	-4.479201e-06	-1.208011e-04
6.492360e+03	1.658070e-03	1.617414e-03	-1.527474e-05	-1.535572e-03	4.658890e-05	-1.275320e-04
6.504750e+03	-8.569718e-04	2.173811e-03	-8.210891e-05	9.303420e-04	-3.368906e-05	-7.279013e-05
6.517140e+03	-2.259305e-03	1.222223e-04	1.872807e-05	2.359286e-03	-2.413082e-05	-9.277727e-05
6.529530e+03	-9.557278e-04	-1.889119e-03	3.252465e-05	1.071103e-03	-1.946496e-05	-1.196306e-04
6.541920e+03	1.475765e-03	-1.614852e-03	-1.669349e-05	-1.357932e-03	-9.478018e-08	-1.240273e-04
6.554310e+03	2.286362e-03	6.743113e-04	2.393892e-05	-2.124600e-03	5.730241e-06	-1.549834e-04
6.566700e+03	4.225322e-04	2.119157e-03	1.507440e-05	-3.332078e-04	-2.815534e-05	-8.835839e-05
6.579090e+03	-1.713505e-03	1.294981e-03	-1.413927e-05	1.784836e-03	1.487680e-05	-7.211909e-05
6.591480e+03	-1.704000e-03	-1.001481e-03	7.089045e-05	1.839056e-03	-3.214039e-05	-1.366329e-04
6.603870e+03	3.299108e-04	-1.979337e-03	-4.116247e-06	-2.072164e-04	-4.481097e-06	-1.229026e-04
6.616260e+03	1.991759e-03	-5.368942e-04	-5.596866e-05	-1.857474e-03	3.022231e-05	-1.310056e-04
6.628650e+03	1.333718e-03	1.532503e-03	-1.001793e-04	-1.232854e-03	-1.851357e-05	-9.731848e-05
6.641040e+03	-6.746936e-04	1.811831e-03	-4.087586e-05	7.704988e-04	7.723063e-06	-9.861781e-05
6.653430e+03	-1.777233e-03	8.787424e-05	1.469201e-05	1.865890e-03	-8.912887e-06	-8.671954e-05
6.665820e+03	-6.644590e-04	-1.551896e-03	-5.694553e-05	7.562281e-04	1.019949e-05	-9.229636e-05
6.678210e+03	1.301175e-03	-1.270495e-03	5.640459e-06	-1.203183e-03	-3.155221e-06	-1.038455e-04
6.690600e+03	1.715943e-03	5.732304e-04	2.365117e-05	-1.622388e-03	1.617072e-06	-8.667884e-05
6.702990e+03	1.799239e-04	1.708784e-03	-8.587478e-05	-1.185102e-04	-1.566640e-05	-6.442642e-05
6.715380e+03	-1.348644e-03	7.939047e-04	-4.447963e-05	1.428380e-03	-9.459803e-05	-8.023558e-05
6.727770e+03	-1.219440e-03	-9.022423e-04	-1.514645e-06	1.321147e-03	-3.188933e-05	-1.090816e-04
6.740160e+03	4.007457e-04	-1.372969e-03	-9.698596e-06	-3.120944e-04	-9.582473e-06	-8.855451e-05
6.752550e+03	1.647548e-03	-2.322697e-04	3.187684e-05	-1.528113e-03	2.375428e-05	-1.165451e-04
6.764940e+03	1.061585e-03	1.316857e-03	1.470467e-05	-9.406035e-04	2.595328e-05	-1.231093e-04
6.777330e+03	-6.035303e-04	1.376405e-03	7.081709e-05	7.322754e-04	-2.860520e-05	-1.316133e-04
6.789720e+03	-1.298606e-03	-4.669433e-05	1.578274e-05	1.410000e-03	-1.508042e-05	-1.210285e-04
6.802110e+03	-3.627224e-04	-1.166175e-03	5.071642e-05	4.799111e-04	1.506376e-06	-1.162869e-04
6.814500e+03	1.061001e-03	-6.233920e-04	-5.383931e-06	-9.448679e-04	-1.049244e-05	-1.032915e-04
6.826890e+03	1.186686e-03	6.752179e-04	-4.737180e-05	-1.087360e-03	2.219563e-05	-1.008396e-04
6.839280e+03	3.265565e-05	1.343477e-03	-1.765078e-05	7.484046e-05	1.813006e-05	-1.056907e-04
6.851670e+03	-9.726428e-04	4.639833e-04	3.505566e-06	1.110000e-03	4.009147e-05	-1.357492e-04
6.864060e+03	-7.167406e-04	-6.842404e-04	1.816573e-05	8.168743e-04	-7.719335e-06	-9.520909e-05
6.876450e+03	6.551840e-04	-8.519033e-04	-1.461032e-05	-5.142085e-04	-2.312381e-05	-1.380438e-04
6.888840e+03	1.265515e-03	1.380033e-04	4.505104e-05	-1.147803e-03	-1.153926e-05	-1.163070e-04
6.901230e+03	5.858922e-04	1.111513e-03	6.662579e-05	-4.634688e-04	-5.101687e-05	-1.244168e-04
6.913620e+03	-5.729240e-04	8.784413e-04	2.992646e-06	6.947966e-04	-1.395976e-05	-1.209210e-04
6.926010e+03	-8.104294e-04	-1.841438e-04	-2.894518e-05	9.639054e-04	-2.244405e-05	-1.517542e-04
6.938400e+03	1.819249e-05	-8.627475e-04	3.111349e-05	1.268648e-04	-3.172117e-05	-1.440449e-04
6.950790e+03	9.648255e-04	-3.915827e-04	7.669493e-05	-8.356913e-04	1.480657e-05	-1.316034e-04
6.963180e+03	7.119958e-04	6.578218e-04	-3.225900e-06	-6.279437e-04	-1.735677e-05	-8.389990e-05
6.975570e+03	-1.871331e-04	9.289882e-04	-1.870872e-05	2.817382e-04	-4.358909e-05	-9.218805e-05
6.987960e+03	-8.436691e-04	1.256334e-04	-1.325588e-05	9.013122e-04	-6.168086e-06	-5.682541e-05
