1.300950e+03	8.211441e-02	1.052214e-01	1.155661e-05	-8.190278e-02	5.702779e-06	6.326926e-06
1.313340e+03	3.582824e-02	1.223506e-01	9.344756e-06	-3.581213e-02	-3.520636e-06	-6.818161e-05
1.325730e+03	4.031807e-03	1.270000e-01	-2.210824e-05	-4.201662e-03	3.252434e-05	1.594888e-04
1.338120e+03	-3.144425e-02	1.236894e-01	-2.203828e-05	3.145138e-02	7.954908e-06	-4.194948e-06
1.350510e+03	-6.401131e-02	1.093617e-01	3.618227e-07	6.400806e-02	1.045455e-05	-4.553420e-06
1.362900e+03	-9.235253e-02	8.739759e-02	3.824277e-05	9.229099e-02	-4.817684e-05	9.243647e-05
1.375290e+03	-1.129346e-01	5.880679e-02	-3.842683e-05	1.130257e-01	-2.595432e-05	3.062699e-04
1.387680e+03	-1.250931e-01	2.503207e-02	9.625823e-05	1.240672e-01	-2.300922e-05	4.273333e-04
1.400070e+03	-1.267700e-01	-1.093393e-02	6.702393e-05	1.262235e-01	3.652763e-06	5.367017e-04
1.412460e+03	-1.184734e-01	-4.570803e-02	-3.910239e-07	1.184763e-01	-2.825734e-06	5.977136e-04
1.424850e+03	-1.011883e-01	-7.670095e-02	6.813244e-06	1.010331e-01	1.980162e-05	6.450823e-04
1.437240e+03	-7.555254e-02	-1.017080e-01	1.989123e-05	7.500233e-02	5.902529e-06	5.445391e-04
1.449630e+03	-4.440369e-02	-1.176457e-01	-9.585833e-05	4.390402e-02	-2.733489e-05	4.291816e-04
1.462020e+03	-9.869654e-03	-1.252762e-01	2.116937e-05	9.322461e-03	2.564335e-05	5.216923e-04
1.474410e+03	2.504972e-02	-1.237709e-01	-1.409829e-05	-2.582990e-02	-2.595323e-05	7.124898e-04
1.486800e+03	5.926003e-02	-1.117406e-01	1.390617e-05	-6.006184e-02	-1.756059e-05	8.264911e-04
1.499190e+03	8.826412e-02	-9.095902e-02	1.827544e-05	-8.897508e-02	-5.548612e-05	7.655385e-04
1.511580e+03	1.103943e-01	-6.228551e-02	4.172913e-05	-1.113881e-01	-3.531472e-05	8.066541e-04
1.523970e+03	1.242918e-01	-2.812753e-02	6.529372e-05	-1.252918e-01	3.373749e-07	8.092929e-04
1.536360e+03	1.270000e-01	8.436576e-03	6.326377e-05	-1.274550e-01	9.274425e-05	7.442212e-04
1.548750e+03	1.202360e-01	4.498182e-02	3.885500e-05	-1.202719e-01	3.910021e-05	5.803286e-04
1.561140e+03	1.018728e-01	7.789087e-02	1.965614e-05	-1.027856e-01	6.010861e-05	6.370203e-04
1.573530e+03	7.515442e-02	1.046204e-01	-3.411636e-05	-7.592627e-02	1.347710e-04	7.041871e-04
1.585920e+03	4.210884e-02	1.222633e-01	-3.209364e-05	-4.287414e-02	8.928466e-05	7.402529e-04
1.598310e+03	4.049516e-03	1.296127e-01	-5.952979e-05	-4.667897e-03	7.830499e-05	6.133608e-04
1.610700e+03	-3.449305e-02	1.260848e-01	-1.099856e-04	3.389200e-02	5.676936e-05	5.850313e-04
1.623090e+03	-7.102512e-02	1.108300e-01	-5.798323e-05	7.055673e-02	1.408833e-05	5.437550e-04
1.635480e+03	-1.014671e-01	8.506922e-02	-9.276332e-05	1.004679e-01	1.122149e-05	4.358681e-04
1.647870e+03	-1.226384e-01	5.080652e-02	-8.433586e-06	1.226874e-01	-7.851355e-05	3.192423e-04
1.660260e+03	-1.337997e-01	1.033216e-02	-7.566933e-05	1.331394e-01	-4.351126e-05	3.433419e-04
1.672650e+03	-1.315873e-01	-3.199060e-02	-3.216834e-05	1.305873e-01	-4.970793e-05	2.767103e-04
1.685040e+03	-1.156819e-01	-7.208515e-02	-9.278681e-06	1.148841e-01	-6.240701e-05	2.471089e-04
1.697430e+03	-8.691304e-02	-1.054092e-01	-7.039040e-06	8.689332e-02	-4.950516e-05	6.149937e-05
1.709820e+03	-4.910967e-02	-1.286258e-01	-5.729982e-05	4.900955e-02	-9.591243e-05	7.129942e-05
1.722210e+03	-5.076086e-03	-1.376602e-01	-9.605391e-06	5.012879e-03	-1.091796e-04	5.825829e-05
1.734600e+03	4.085746e-02	-1.334710e-01	6.687428e-05	-4.077455e-02	-4.573364e-05	-1.127439e-04
1.746990e+03	8.308601e-02	-1.130017e-01	5.050309e-05	-8.291657e-02	-1.218957e-04	-1.744199e-04
1.759380e+03	1.176258e-01	-7.979310e-02	1.505480e-04	-1.176329e-01	-3.689432e-05	-5.089927e-05
1.771770e+03	1.389568e-01	-3.530056e-02	1.120048e-04	-1.389568e-01	4.539219e-05	-1.363875e-04
1.784160e+03	1.432704e-01	1.496684e-02	1.347979e-04	-1.432704e-01	4.086798e-05	-2.194913e-04
1.796550e+03	1.300727e-01	6.444252e-02	7.077342e-05	-1.300727e-01	1.427040e-04	-2.861811e-04
1.808940e+03	1.000605e-01	1.070291e-01	5.684276e-06	-1.000243e-01	1.778480e-04	-3.226198e-04
1.821330e+03	5.579740e-02	1.362982e-01	-3.326835e-05	-5.542808e-02	1.005316e-04	-3.496241e-04
1.833720e+03	2.962830e-03	1.479430e-01	-2.267940e-04	-2.585439e-03	2.117436e-04	-3.781328e-04
1.846110e+03	-5.178377e-02	1.407054e-01	-1.396479e-04	5.212112e-02	5.750037e-06	-3.542127e-04
1.858500e+03	-1.010218e-01	1.113187e-01	-1.509205e-04	1.011180e-01	-3.215279e-05	-3.674218e-04
1.870890e+03	-1.366893e-01	6.635741e-02	-1.727807e-04	1.367861e-01	-1.035516e-04	-2.309327e-04
1.883280e+03	-1.517253e-01	9.566088e-03	-2.334509e-05	1.520866e-01	-1.606558e-04	-2.236490e-04
1.895670e+03	-1.454938e-01	-5.037086e-02	7.483697e-05	1.454938e-01	-1.274076e-04	-1.435680e-04
1.908060e+03	-1.153355e-01	-1.040452e-01	1.190883e-05	1.153577e-01	-1.294526e-04	-1.315668e-05
1.920450e+03	-6.552201e-02	-1.424331e-01	1.074229e-04	6.555077e-02	-9.311544e-05	-2.816875e-05
1.932840e+03	-3.897213e-03	-1.569784e-01	9.771215e-05	4.000697e-03	-9.184709e-05	-9.392975e-05
1.945230e+03	6.016796e-02	-1.469322e-01	1.296001e-04	-6.021737e-02	-7.450651e-05	5.491755e-05
1.957620e+03	1.159602e-01	-1.093787e-01	1.940038e-04	-1.159809e-01	1.057927e-04	1.723412e-04
1.970010e+03	1.523878e-01	-5.260058e-02	1.551592e-04	-1.523878e-01	9.702756e-05	2.527856e-04
1.982400e+03	1.601274e-01	1.691030e-02	9.918432e-05	-1.601274e-01	2.437868e-04	4.147625e-04
1.994790e+03	1.403308e-01	8.484592e-02	-1.322470e-05	-1.403391e-01	3.149306e-04	6.008673e-04
2.007180e+03	8.959321e-02	1.383074e-01	-8.786775e-05	-9.064576e-02	1.825353e-04	6.232653e-04
2.019570e+03	1.969695e-02	1.661147e-01	-3.617061e-04	-2.068178e-02	2.732304e-04	9.891465e-04
2.031960e+03	-5.722654e-02	1.586517e-01	-2.105633e-04	5.615038e-02	-7.278881e-05	1.156735e-03
2.044350e+03	-1.249181e-01	1.158556e-01	-2.836827e-04	1.240689e-01	-1.405261e-04	1.342699e-03
2.056740e+03	-1.682851e-01	4.384636e-02	-8.391626e-05	1.662994e-01	-3.076150e-04	1.697773e-03
2.069130e+03	-1.704055e-01	-4.252863e-02	2.482115e-05	1.684055e-01	-3.224686e-04	1.943920e-03
2.081520e+03	-1.259254e-01	-1.227583e-01	1.814172e-04	1.239306e-01	-2.321395e-04	2.016596e-03
2.093910e+03	-4.452463e-02	-1.709578e-01	1.715439e-04	4.239748e-02	-2.168308e-04	2.154419e-03
2.106300e+03	5.168413e-02	-1.690478e-01	2.296389e-04	-5.372163e-02	-1.025000e-04	2.096493e-03
2.118690e+03	1.360180e-01	-1.141374e-01	3.087985e-04	-1.378599e-01	1.921492e-04	1.820537e-03
2.131080e+03	1.747928e-01	-1.151951e-02	1.854410e-04	-1.757876e-01	4.222758e-04	1.505739e-03
2.143470e+03	1.442607e-01	9.866665e-02	-2.940959e-05	-1.452835e-01	4.607572e-04	9.981394e-04
2.155860e+03	4.493505e-02	1.613927e-01	-3.257958e-04	-4.501083e-02	3.695786e-04	1.118374e-04
2.168250e+03	-7.184025e-02	1.409737e-01	-5.505163e-04	7.324740e-02	7.569894e-05	-1.275548e-03
2.180640e+03	-1.371162e-01	4.524581e-02	-3.215125e-04	1.401293e-01	-4.159816e-04	-2.322600e-03
2.193030e+03	-1.109380e-01	-6.177657e-02	6.596461e-05	1.140268e-01	-5.548336e-04	-3.074528e-03
2.205420e+03	-1.975995e-02	-1.049713e-01	4.003094e-04	2.359590e-02	-2.586650e-04	-3.820986e-03
2.217810e+03	5.475763e-02	-6.358676e-02	3.597394e-04	-5.117523e-02	1.158393e-04	-3.580060e-03
2.230200e+03	5.916753e-02	3.942149e-03	7.916383e-05	-5.526774e-02	2.460806e-04	-3.819868e-03
2.242590e+03	1.925505e-02	2.880823e-02	-1.589596e-04	-1.569445e-02	2.110459e-04	-3.526149e-03
2.254980e+03	-1.811887e-03	1.224985e-02	-2.510388e-04	5.206992e-03	-4.488443e-05	-3.268844e-03
2.267370e+03	5.645789e-03	4.564424e-03	-1.683485e-04	-1.666980e-03	-1.214577e-04	-3.928981e-03
2.279760e+03	3.240723e-03	1.702536e-02	-5.143961e-05	1.098326e-03	-2.361151e-04	-4.318822e-03
2.292150e+03	-1.837399e-02	1.397895e-02	2.256082e-04	2.353036e-02	-1.354488e-04	-5.215522e-03
2.304540e+03	-2.376949e-02	-1.490067e-02	3.079876e-04	2.966683e-02	3.132223e-06	-5.893698e-03
2.316930e+03	1.384199e-03	-3.529002e-02	1.306734e-04	3.599272e-03	2.214704e-04	-4.989180e-03
2.329320e+03	3.368658e-02	-2.391625e-02	-3.925458e-05	-3.087225e-02	2.274071e-04	-2.755210e-03
2.341710e+03	4.209726e-02	1.144802e-02	-2.345335e-04	-4.244055e-02	1.522453e-04	6.362258e-04
2.354100e+03	1.942207e-02	4.341732e-02	-3.369327e-04	-2.320393e-02	-2.664137e-05	3.773924e-03
2.366490e+03	-2.129852e-02	4.909543e-02	-1.864043e-04	1.498528e-02	-1.657907e-04	6.339048e-03
2.378880e+03	-5.409966e-02	2.398090e-02	2.541770e-06	4.656557e-02	-1.942683e-04	7.473326e-03
2.391270e+03	-5.996640e-02	-1.873736e-02	1.406274e-04	5.299749e-02	-1.366582e-04	6.924560e-03
2.403660e+03	-3.230318e-02	-5.643451e-02	2.312400e-04	2.691907e-02	9.193529e-07	5.352769e-03
2.416050e+03	1.764291e-02	-6.328761e-02	1.822105e-04	-2.072064e-02	1.002439e-04	3.071609e-03
2.428440e+03	6.089073e-02	-3.120377e-02	7.334062e-05	-6.167255e-02	2.039715e-04	8.462347e-04
2.440830e+03	6.662881e-02	2.600966e-02	-1.313654e-04	-6.549057e-02	2.536797e-04	-1.056438e-03
2.453220e+03	2.122142e-02	6.697747e-02	-2.191342e-04	-1.875475e-02	5.695168e-05	-2.483931e-03
2.465610e+03	-4.017355e-02	5.400752e-02	-1.958233e-04	4.324410e-02	-2.021715e-04	-3.127243e-03
2.478000e+03	-6.268335e-02	-5.291202e-03	5.292175e-05	6.598720e-02	-2.423261e-04	-3.289388e-03
2.490390e+03	-2.322272e-02	-5.479195e-02	2.279659e-04	2.637710e-02	-1.374859e-04	-3.148526e-03
2.502780e+03	3.646612e-02	-4.324163e-02	1.527422e-04	-3.385401e-02	1.153767e-04	-2.676580e-03
2.515170e+03	5.249487e-02	1.386311e-02	-7.262246e-07	-5.045562e-02	2.237384e-04	-2.059977e-03
2.527560e+03	8.489730e-03	5.108723e-02	-2.232795e-04	-6.909091e-03	-1.735393e-05	-1.594673e-03
2.539950e+03	-4.230920e-02	2.874402e-02	-1.080408e-04	4.366204e-02	-1.736148e-04	-1.358202e-03
2.552340e+03	-4.444058e-02	-2.481050e-02	1.397256e-04	4.573145e-02	-1.803715e-04	-1.288299e-03
2.564730e+03	-3.565017e-04	-5.137759e-02	2.262422e-04	1.492098e-03	-6.050322e-05	-1.138978e-03
2.577120e+03	4.340640e-02	-2.724817e-02	1.394641e-04	-4.294653e-02	1.911065e-04	-4.836619e-04
2.589510e+03	4.549569e-02	2.158403e-02	-8.620181e-05	-4.630804e-02	2.064368e-04	7.021059e-04
2.601900e+03	5.190514e-03	4.836501e-02	-2.376457e-04	-7.465301e-03	5.376667e-05	2.330046e-03
2.614290e+03	-3.920645e-02	3.232311e-02	-2.036762e-04	3.552718e-02	-1.319172e-04	3.640367e-03
2.626680e+03	-4.928913e-02	-1.427598e-02	2.292866e-05	4.499555e-02	-1.601794e-04	4.309598e-03
2.639070e+03	-1.492996e-02	-4.718087e-02	1.798541e-04	1.116508e-02	-8.346420e-05	3.774453e-03
2.651460e+03	3.274271e-02	-3.655205e-02	1.982038e-04	-3.510666e-02	8.583550e-05	2.288014e-03
2.663850e+03	4.832252e-02	1.087951e-02	2.628075e-05	-4.865318e-02	2.461989e-04	1.911734e-04
2.676240e+03	1.534166e-02	4.898644e-02	-1.800412e-04	-1.362149e-02	1.426803e-04	-1.729171e-03
2.688630e+03	-3.586205e-02	3.534314e-02	-2.725577e-04	3.866696e-02	-7.252621e-05	-2.859792e-03
2.701020e+03	-4.646144e-02	-1.894041e-02	-7.335681e-05	4.956042e-02	-2.433843e-04	-3.088822e-03
2.713410e+03	-1.731672e-03	-5.190953e-02	1.878956e-04	4.083690e-03	-2.098057e-04	-2.343348e-03
2.725800e+03	4.778108e-02	-2.415702e-02	2.028246e-04	-4.612473e-02	4.750466e-05	-1.618982e-03
2.738190e+03	4.285848e-02	3.327967e-02	6.498809e-05	-4.191365e-02	1.908494e-04	-9.175896e-04
2.750580e+03	-1.116295e-02	5.403792e-02	-7.209644e-05	1.178088e-02	3.560126e-05	-6.520918e-04
2.762970e+03	-5.572712e-02	1.610057e-02	-1.376519e-04	5.649591e-02	-5.956610e-05	-7.357561e-04
2.775360e+03	-4.339304e-02	-4.202292e-02	-4.897486e-05	4.443135e-02	-1.728105e-04	-9.853344e-04
2.787750e+03	1.269945e-02	-6.129905e-02	5.041379e-05	-1.170073e-02	-9.869583e-05	-1.039206e-03
2.800140e+03	5.986312e-02	-2.576490e-02	1.258495e-04	-5.916932e-02	-4.636563e-05	-6.709538e-04
2.812530e+03	5.707964e-02	3.395002e-02	2.693432e-05	-5.737794e-02	8.783965e-05	2.527246e-04
2.824920e+03	6.630802e-03	6.658616e-02	-6.090337e-05	-8.110594e-03	1.082788e-04	1.457959e-03
2.837310e+03	-5.017606e-02	4.681553e-02	-8.998891e-05	4.761798e-02	9.765212e-06	2.520078e-03
2.849700e+03	-6.876594e-02	-9.666066e-03	2.452627e-05	6.566584e-02	-5.052528e-05	3.090866e-03
2.862090e+03	-3.419249e-02	-5.854155e-02	4.966874e-05	3.135381e-02	-4.940989e-05	2.854673e-03
2.874480e+03	2.594200e-02	-6.054644e-02	7.591618e-05	-2.791429e-02	3.180880e-05	1.991727e-03
2.886870e+03	6.272514e-02	-1.288808e-02	2.712422e-05	-6.335827e-02	6.982542e-05	7.440703e-04
2.899260e+03	4.461607e-02	4.328347e-02	-7.198078e-05	-4.410965e-02	5.453912e-05	-5.297864e-04
2.911650e+03	-1.176289e-02	5.753614e-02	-1.328711e-04	1.310279e-02	2.096741e-06	-1.376047e-03
2.924040e+03	-5.233870e-02	1.792726e-02	-3.526748e-05	5.398477e-02	-1.201780e-04	-1.670250e-03
2.936430e+03	-3.847435e-02	-3.617723e-02	-6.264557e-06	3.996410e-02	-1.432614e-04	-1.539488e-03
2.948820e+03	1.445824e-02	-4.846106e-02	1.007526e-04	-1.325293e-02	7.397646e-05	-1.244799e-03
2.961210e+03	4.774934e-02	-8.513580e-03	-5.098223e-06	-4.674810e-02	9.591453e-05	-9.934916e-04
2.973600e+03	2.725560e-02	3.716429e-02	-7.140933e-05	-2.627118e-02	-4.031217e-05	-9.358190e-04
2.985990e+03	-2.051119e-02	3.872829e-02	-2.971620e-05	2.141077e-02	-3.830550e-05	-9.152556e-04
2.998380e+03	-4.155832e-02	-1.700265e-03	4.354154e-05	4.264914e-02	-1.126571e-04	-1.045572e-03
3.010770e+03	-1.690106e-02	-3.812209e-02	6.998867e-05	1.787120e-02	-7.274112e-06	-9.862213e-04
3.023160e+03	2.486022e-02	-3.265071e-02	3.042414e-05	-2.412680e-02	4.149357e-05	-6.736603e-04
3.035550e+03	3.933242e-02	5.704516e-03	-1.124716e-04	-3.921199e-02	5.793015e-05	-4.000828e-05
3.047940e+03	1.445438e-02	3.666366e-02	-1.034448e-04	-1.532402e-02	2.973128e-05	8.649363e-04
3.060330e+03	-2.460197e-02	3.141756e-02	-4.343371e-05	2.307638e-02	-8.576438e-05	1.520864e-03
3.072720e+03	-3.995161e-02	-3.989483e-03	6.845067e-05	3.795017e-02	-7.458040e-05	2.008238e-03
3.085110e+03	-1.768120e-02	-3.516773e-02	1.075335e-04	1.573226e-02	-6.126469e-06	1.929589e-03
3.097500e+03	2.013691e-02	-3.191305e-02	9.139295e-05	-2.155534e-02	1.202071e-04	1.421446e-03
3.109890e+03	3.672617e-02	1.693411e-03	-3.352113e-05	-3.736820e-02	1.739681e-04	6.142737e-04
3.122280e+03	1.664306e-02	3.299983e-02	-2.238593e-04	-1.647620e-02	3.901998e-05	-1.711328e-04
3.134670e+03	-2.045187e-02	2.980538e-02	-9.303464e-05	2.119589e-02	-1.082252e-04	-7.772562e-04
3.147060e+03	-3.525637e-02	-4.880123e-03	6.156320e-06	3.625598e-02	-1.762555e-04	-1.013916e-03
3.159450e+03	-1.073342e-02	-3.403535e-02	1.249121e-04	1.165972e-02	-3.032143e-05	-9.461418e-04
3.171840e+03	2.672712e-02	-2.349480e-02	1.639614e-04	-2.592882e-02	9.742695e-05	-7.852242e-04
3.184230e+03	3.386819e-02	1.218345e-02	-1.430108e-04	-3.307108e-02	1.655343e-04	-7.988062e-04
3.196620e+03	3.707370e-03	3.549240e-02	-1.356402e-04	-3.086709e-03	-6.431588e-06	-6.219737e-04
3.209010e+03	-3.020527e-02	1.885728e-02	-7.390237e-05	3.090452e-02	-1.104197e-04	-6.902342e-04
3.221400e+03	-3.078265e-02	-1.891251e-02	6.011012e-05	3.139737e-02	-1.463420e-04	-6.339908e-04
3.233790e+03	2.565591e-03	-3.635173e-02	8.573289e-05	-1.853994e-03	5.057546e-05	-7.063698e-04
3.246180e+03	3.393069e-02	-1.598669e-02	-3.919001e-05	-3.345767e-02	1.837211e-04	-4.373548e-04
3.258570e+03	3.093118e-02	2.112092e-02	-1.054903e-04	-3.086330e-02	1.338569e-04	-5.808190e-05
3.270960e+03	-2.820282e-03	3.717188e-02	-1.908851e-04	2.436393e-03	-1.167852e-05	3.872612e-04
3.283350e+03	-3.404763e-02	1.730948e-02	-4.621200e-05	3.317460e-02	-1.489074e-04	9.161544e-04
3.295740e+03	-3.292953e-02	-1.922122e-02	1.567542e-04	3.172659e-02	-1.537963e-04	1.181320e-03
3.308130e+03	-1.333222e-03	-3.688187e-02	1.348218e-04	8.167001e-05	-4.289006e-05	1.261575e-03
3.320520e+03	3.050569e-02	-2.014361e-02	6.743616e-05	-3.148774e-02	1.629677e-04	9.968182e-04
3.332910e+03	3.253319e-02	1.559699e-02	-1.048025e-04	-3.315674e-02	1.828991e-04	6.174514e-04
3.345300e+03	3.306686e-03	3.493798e-02	-1.695061e-04	-3.484297e-03	1.070206e-05	1.762371e-04
3.357690e+03	-2.800062e-02	2.003861e-02	-1.066139e-04	2.829926e-02	-1.033465e-04	-2.880870e-04
3.370080e+03	-3.004887e-02	-1.468389e-02	-2.336972e-05	3.054831e-02	-1.679927e-04	-5.498315e-04
3.382470e+03	-7.247941e-04	-3.253823e-02	1.280861e-04	1.307861e-03	-1.616063e-05	-5.904272e-04
3.394860e+03	2.826343e-02	-1.537428e-02	4.465803e-05	-2.764812e-02	1.173408e-04	-5.980351e-04
3.407250e+03	2.575404e-02	1.752544e-02	-6.119107e-05	-2.525404e-02	1.120577e-04	-5.098345e-04
3.419640e+03	-4.142290e-03	2.966938e-02	-1.445726e-04	4.724359e-03	1.749812e-05	-5.725437e-04
3.432030e+03	-2.796958e-02	9.015895e-03	-8.110689e-05	2.858763e-02	-1.035378e-04	-5.737340e-04
3.444420e+03	-2.003956e-02	-2.098083e-02	8.522369e-05	2.061598e-02	-1.144634e-04	-6.037938e-04
3.456810e+03	9.700321e-03	-2.713860e-02	8.716158e-05	-9.186631e-03	1.823305e-05	-4.763900e-04
3.469200e+03	2.818133e-02	-4.041613e-03	5.694700e-05	-2.769348e-02	1.163168e-04	-4.997854e-04
3.481590e+03	1.656957e-02	2.278328e-02	-6.063756e-05	-1.632364e-02	8.717454e-05	-2.459135e-04
3.493980e+03	-1.199150e-02	2.509259e-02	-7.574925e-05	1.184705e-02	7.661489e-07	1.074864e-04
3.506370e+03	-2.736320e-02	1.665873e-03	-2.455048e-05	2.695624e-02	-4.095725e-05	4.219856e-04
3.518760e+03	-1.524700e-02	-2.281433e-02	4.472158e-06	1.454814e-02	-1.372672e-05	6.957835e-04
3.531150e+03	1.188402e-02	-2.382782e-02	4.714555e-05	-1.268160e-02	2.816768e-05	7.729909e-04
3.543540e+03	2.550000e-02	-1.244745e-03	-1.915794e-05	-2.626697e-02	4.433864e-05	7.642240e-04
3.555930e+03	1.346907e-02	2.178145e-02	-6.362206e-05	-1.406661e-02	-2.433603e-05	5.637426e-04
3.568320e+03	-1.219234e-02	2.206983e-02	-6.498367e-05	1.188885e-02	-1.261628e-05	3.521088e-04
3.580710e+03	-2.444066e-02	-4.584856e-05	1.343285e-05	2.443308e-02	-1.096979e-04	1.196877e-05
3.593100e+03	-1.105681e-02	-2.129985e-02	7.290820e-05	1.117132e-02	1.715008e-05	-1.225154e-04
3.605490e+03	1.355266e-02	-1.903209e-02	-9.268127e-06	-1.326535e-02	2.741554e-05	-2.772929e-04
3.617880e+03	2.247611e-02	3.334716e-03	-4.341506e-05	-2.217611e-02	2.827355e-05	-3.394030e-04
3.630270e+03	6.832931e-03	2.131772e-02	-6.331728e-05	-6.456067e-03	1.286262e-05	-3.768123e-04
3.642660e+03	-1.571457e-02	1.483824e-02	4.050798e-05	1.611337e-02	-6.000775e-05	-4.563390e-04
3.655050e+03	-1.964061e-02	-7.825725e-03	1.087728e-04	2.005067e-02	-2.390913e-05	-4.189919e-04
3.667440e+03	-1.208467e-03	-2.077481e-02	1.833960e-05	1.690569e-03	3.856352e-05	-4.797257e-04
3.679830e+03	1.827430e-02	-1.019733e-02	2.754925e-05	-1.776827e-02	1.078084e-04	-4.213730e-04
3.692220e+03	1.711175e-02	1.149085e-02	-9.404649e-05	-1.672102e-02	-5.638516e-06	-3.791508e-04
3.704610e+03	-2.861424e-03	2.014648e-02	-4.919022e-05	3.191979e-03	-8.068149e-05	-3.399601e-04
3.717000e+03	-1.875510e-02	6.183042e-03	7.708032e-05	1.904992e-02	-1.209757e-04	-2.606767e-04
3.729390e+03	-1.424146e-02	-1.406218e-02	9.600970e-05	1.416007e-02	2.246569e-06	8.015618e-05
3.741780e+03	5.765415e-03	-1.889491e-02	1.153067e-04	-5.993357e-03	8.332917e-05	2.180690e-04
3.754170e+03	1.906111e-02	-3.737240e-03	-6.591578e-05	-1.943081e-02	8.975239e-05	3.747032e-04
3.766560e+03	1.208240e-02	1.501834e-02	-1.565964e-04	-1.258152e-02	4.624429e-05	4.775804e-04
3.778950e+03	-7.402188e-03	1.780997e-02	-8.632501e-05	6.957027e-03	-1.021853e-04	4.363484e-04
3.791340e+03	-1.898160e-02	2.031682e-03	1.338906e-05	1.858171e-02	-1.628210e-04	4.151361e-04
3.803730e+03	-1.049725e-02	-1.544141e-02	1.679885e-04	1.019034e-02	-2.335332e-05	3.078189e-04
3.816120e+03	8.652875e-03	-1.608487e-02	7.160658e-05	-8.779094e-03	7.251322e-05	1.145799e-04
3.828510e+03	1.762327e-02	3.715015e-04	-3.478831e-05	-1.762354e-02	1.296215e-04	2.380789e-05
3.840900e+03	7.720393e-03	1.582327e-02	-1.376603e-04	-7.560399e-03	5.223798e-05	-1.567686e-04
3.853290e+03	-1.053726e-02	1.346482e-02	-5.732060e-05	1.077087e-02	-9.270449e-05	-2.198161e-04
3.865680e+03	-1.644333e-02	-3.655196e-03	-5.313124e-06	1.672466e-02	-1.070374e-04	-2.878455e-04
3.878070e+03	-3.544821e-03	-1.598467e-02	6.925377e-05	3.866703e-03	-2.557008e-05	-3.189331e-04
3.890460e+03	1.285601e-02	-1.014958e-02	6.286138e-05	-1.251874e-02	4.709837e-05	-3.500778e-04
3.902850e+03	1.443418e-02	7.070282e-03	-4.297241e-05	-1.411640e-02	8.166334e-05	-3.607227e-04
3.915240e+03	-3.312583e-04	1.532105e-02	-8.977397e-05	6.426072e-04	7.483069e-06	-3.117572e-04
3.927630e+03	-1.390471e-02	6.026268e-03	-2.649740e-05	1.426450e-02	-6.384141e-05	-3.255397e-04
3.940020e+03	-1.121498e-02	-9.895777e-03	1.905498e-05	1.143927e-02	-6.514712e-05	-2.411631e-04
3.952410e+03	4.022664e-03	-1.433133e-02	4.437165e-06	-3.808959e-03	1.275686e-05	-2.010111e-04
3.964800e+03	1.429892e-02	-2.777074e-03	1.742891e-05	-1.422615e-02	2.173810e-05	-4.808886e-05
3.977190e+03	8.670909e-03	1.156780e-02	-9.884405e-05	-8.745631e-03	5.895976e-05	9.896902e-05
3.989580e+03	-6.261863e-03	1.273485e-02	-4.522028e-05	6.075632e-03	-2.879770e-05	1.901299e-04
4.001970e+03	-1.380000e-02	2.589807e-04	2.111320e-05	1.350000e-02	-1.763270e-05	2.894899e-04
4.014360e+03	-6.516807e-03	-1.218904e-02	2.908663e-05	6.289422e-03	1.043932e-05	2.258193e-04
4.026750e+03	7.410457e-03	-1.095762e-02	2.526131e-05	-7.717654e-03	7.283272e-05	3.026353e-04
4.039140e+03	1.273694e-02	1.847408e-03	4.178506e-05	-1.313141e-02	-2.045982e-05	3.453801e-04
4.051530e+03	4.013810e-03	1.195796e-02	-2.735527e-05	-4.148674e-03	1.805055e-05	1.336053e-04
4.063920e+03	-8.833337e-03	8.870118e-03	1.717171e-05	8.742700e-03	-7.202054e-05	8.310843e-05
4.076310e+03	-1.144918e-02	-3.905083e-03	-2.047599e-05	1.155789e-02	1.752784e-05	-5.826371e-05
4.088700e+03	-1.459686e-03	-1.160000e-02	1.007747e-05	1.580664e-03	-4.470462e-05	-1.214835e-04
4.101090e+03	9.676184e-03	-6.165891e-03	-4.801546e-06	-9.520223e-03	4.391361e-05	-1.534447e-04
4.113480e+03	9.509887e-03	5.841406e-03	-3.903263e-05	-9.278172e-03	-3.132486e-05	-2.476371e-04
4.125870e+03	-1.275631e-03	1.067038e-02	-3.869053e-05	1.557665e-03	7.905965e-06	-2.780319e-04
4.138260e+03	-1.002331e-02	3.105566e-03	-2.310200e-05	1.023133e-02	-4.323668e-05	-2.347917e-04
4.150650e+03	-6.758462e-03	-7.739929e-03	-1.060421e-05	7.019228e-03	1.687095e-05	-2.573520e-04
4.163040e+03	4.131784e-03	-9.060751e-03	-2.180201e-05	-3.912175e-03	5.318312e-06	-2.196348e-04
4.175430e+03	9.752119e-03	-1.822624e-04	-4.791236e-05	-9.573661e-03	4.451490e-06	-1.705375e-04
4.187820e+03	4.185730e-03	8.459953e-03	-4.549814e-05	-4.051167e-03	1.131590e-05	-1.301185e-04
4.200210e+03	-5.810253e-03	7.156941e-03	1.385357e-05	5.970241e-03	8.399433e-06	-1.557412e-04
4.212600e+03	-8.650564e-03	-2.191830e-03	5.836440e-05	8.732781e-03	2.638776e-05	-9.602511e-05
4.224990e+03	-1.756114e-03	-8.729936e-03	-1.083553e-05	1.687384e-03	4.657440e-05	6.807968e-05
4.237380e+03	6.812627e-03	-5.269934e-03	-5.763445e-05	-6.970810e-03	-3.378278e-06	1.311428e-04
4.249770e+03	7.336873e-03	3.649500e-03	-4.067313e-05	-7.468676e-03	3.771338e-05	1.205654e-04
4.262160e+03	1.856642e-05	8.120458e-03	-2.775798e-05	-1.343184e-04	-5.016339e-05	1.166297e-04
4.274550e+03	-7.229225e-03	3.498618e-03	-3.372231e-05	7.112976e-03	-5.944511e-05	1.200624e-04
4.286940e+03	-6.051583e-03	-4.713868e-03	5.242167e-06	5.861839e-03	3.029917e-05	1.889633e-04
4.299330e+03	1.455131e-03	-7.186428e-03	3.322350e-05	-1.585944e-03	6.134807e-05	1.264232e-04
4.311720e+03	6.652379e-03	-1.971414e-03	5.034820e-05	-6.784979e-03	6.159410e-05	1.382116e-04
4.324110e+03	4.408849e-03	5.140820e-03	-5.055271e-05	-4.421436e-03	-4.166624e-05	6.159812e-06
4.336500e+03	-2.556210e-03	5.978739e-03	-4.373910e-05	2.562255e-03	-1.390674e-05	-3.826226e-06
4.348890e+03	-6.094883e-03	2.767642e-04	2.799151e-05	6.159437e-03	-2.753622e-06	-6.297926e-05
4.361280e+03	-2.852601e-03	-5.279631e-03	-2.770597e-05	2.945390e-03	-8.221557e-06	-9.877547e-05
4.373670e+03	3.471099e-03	-4.621828e-03	-2.105593e-05	-3.352285e-03	2.014682e-05	-1.252678e-04
4.386060e+03	5.403290e-03	1.072754e-03	1.185425e-05	-5.256799e-03	1.371948e-05	-1.382376e-04
4.398450e+03	1.331869e-03	5.062324e-03	-9.085929e-05	-1.189799e-03	-5.476269e-05	-1.522063e-04
4.410840e+03	-3.747834e-03	2.980033e-03	2.629584e-05	3.893508e-03	-2.589101e-05	-1.242529e-04
4.423230e+03	-4.018229e-03	-2.150788e-03	5.407835e-05	4.176607e-03	-1.442721e-05	-1.742083e-04
4.435620e+03	2.362855e-04	-4.559898e-03	-8.898192e-05	-1.546977e-04	8.619458e-06	-8.151058e-05
4.448010e+03	4.049217e-03	-1.612114e-03	-6.369204e-05	-3.876090e-03	1.758013e-05	-1.738249e-04
4.460400e+03	2.796261e-03	2.780403e-03	-5.076847e-05	-2.743403e-03	9.001059e-06	-5.603048e-05
4.472790e+03	-1.350290e-03	3.481518e-03	-3.613331e-05	1.354254e-03	-1.892736e-06	-1.479122e-05
4.485180e+03	-3.547669e-03	2.617471e-04	8.725938e-05	3.674569e-03	-1.444166e-05	-1.155232e-04
4.497570e+03	-1.863852e-03	-3.070323e-03	-4.209918e-05	1.865083e-03	-2.769866e-06	-1.184026e-05
4.509960e+03	1.912105e-03	-2.788936e-03	2.872306e-05	-1.860887e-03	4.065025e-05	-4.805700e-05
4.522350e+03	3.033597e-03	2.710284e-04	3.233618e-05	-3.055689e-03	-9.245418e-06	2.311062e-05
4.534740e+03	9.996800e-04	2.745513e-03	-1.303986e-04	-1.004069e-03	1.349691e-05	8.240334e-06
4.547130e+03	-2.039018e-03	2.009903e-03	-8.303134e-05	1.933543e-03	8.146845e-06	9.082038e-05
4.559520e+03	-2.523687e-03	-8.995206e-04	-4.924308e-05	2.466769e-03	1.567790e-05	6.127202e-05
4.571910e+03	-3.703488e-04	-2.527630e-03	-4.238805e-05	3.362814e-04	6.162925e-05	3.258000e-05
4.584300e+03	1.984652e-03	-1.428661e-03	1.020001e-05	-1.962538e-03	-1.136278e-05	-2.711044e-05
4.596690e+03	1.819204e-03	1.082801e-03	-5.077297e-05	-1.897063e-03	4.607475e-05	7.275896e-05
4.609080e+03	-4.037024e-05	2.046654e-03	1.724694e-05	1.092859e-05	-4.457425e-05	2.804134e-05
4.621470e+03	-1.889826e-03	8.573560e-04	-4.151779e-06	1.782733e-03	-1.726734e-06	1.097450e-04
4.633860e+03	-1.243661e-03	-1.224893e-03	-9.107425e-06	1.274201e-03	1.128291e-05	-3.244144e-05
4.646250e+03	4.792096e-04	-1.752287e-03	-9.291620e-07	-3.978820e-04	7.215445e-06	-7.702354e-05
4.658640e+03	1.563482e-03	-4.091965e-04	7.217960e-06	-1.469693e-03	1.508622e-05	-9.586262e-05
4.671030e+03	9.334744e-04	1.219275e-03	-1.389675e-05	-9.704730e-04	-1.293457e-05	3.189261e-05
4.683420e+03	-7.104091e-04	1.253566e-03	-2.709842e-05	7.769206e-04	1.432110e-05	-6.558395e-05
4.695810e+03	-1.385480e-03	7.215016e-05	1.623858e-05	1.494991e-03	-4.809884e-06	-1.058477e-04
4.708200e+03	-5.882112e-04	-1.269285e-03	-1.780017e-05	7.472496e-04	-2.239790e-05	-1.590000e-04
4.720590e+03	8.549494e-04	-1.104434e-03	-3.260516e-05	-7.571723e-04	2.787971e-05	-9.779020e-05
4.732980e+03	1.297103e-03	1.948237e-04	-2.452260e-05	-1.205026e-03	-4.845782e-05	-9.691006e-05
4.745370e+03	2.386664e-04	1.199890e-03	1.082181e-05	-9.100447e-05	3.551627e-05	-1.469967e-04
4.757760e+03	-7.509459e-04	7.141586e-04	-1.044738e-05	7.368918e-04	-1.307154e-04	1.431110e-05
4.770150e+03	-9.997530e-04	-5.134437e-04	2.356973e-05	1.072808e-03	8.301916e-05	-7.734683e-05
4.782540e+03	2.297691e-04	-1.249993e-03	-4.899527e-05	-3.299338e-04	-2.314841e-05	9.838234e-05
4.794930e+03	1.152003e-03	-5.969064e-04	-3.991093e-05	-1.178771e-03	-4.894848e-05	2.965039e-05
4.807320e+03	8.055090e-04	5.959756e-04	-8.799532e-05	-7.228405e-04	-6.867907e-05	-8.165651e-05
4.819710e+03	-2.624364e-04	9.280234e-04	-6.129756e-05	2.903619e-04	-2.249978e-05	-2.810104e-05
4.832100e+03	-7.716942e-04	2.095331e-04	3.854363e-06	8.422191e-04	-8.480203e-07	-7.052490e-05
4.844490e+03	-5.405096e-04	-7.185422e-04	1.419051e-04	5.685987e-04	9.654855e-05	-3.475679e-05
4.856880e+03	3.476535e-04	-8.622221e-04	-8.803751e-05	-4.365932e-04	-3.887553e-05	8.851710e-05
4.869270e+03	1.017590e-03	2.361966e-04	-5.837719e-06	-9.295201e-04	-2.298562e-05	-8.146636e-05
4.881660e+03	3.277261e-04	8.086765e-04	4.860199e-05	-3.112075e-04	-3.933739e-06	-1.624972e-05
4.894050e+03	-5.531375e-04	4.188617e-04	-5.416738e-05	5.641112e-04	9.140396e-06	7.419741e-07
4.906440e+03	-6.108850e-04	-4.820141e-04	6.567805e-05	5.985734e-04	-3.569364e-06	1.363366e-05
4.918830e+03	1.365569e-04	-8.892151e-04	-3.876833e-05	-1.448349e-04	-9.296156e-06	7.757208e-06
4.931220e+03	6.809271e-04	-6.861873e-05	-1.143961e-04	-6.832560e-04	4.587768e-05	1.459638e-06
4.943610e+03	5.527767e-04	4.973611e-04	3.709257e-05	-4.935741e-04	-5.509875e-05	-5.650113e-05
4.956000e+03	-2.188472e-04	2.985793e-04	1.046530e-04	3.573397e-04	-5.326669e-05	-1.327145e-04
4.968390e+03	-7.575283e-04	-1.536444e-04	-5.577592e-05	7.189566e-04	1.828536e-05	3.843494e-05
4.980780e+03	-6.117385e-05	-6.183852e-04	-1.155603e-04	-5.087486e-06	6.064746e-05	6.360285e-05
