1.511580e+03	-5.791682e-02	-8.477994e-02	8.553121e-05	5.767111e-02	-1.677044e-05	2.139254e-04
1.523970e+03	-3.305139e-02	-9.496155e-02	-1.666298e-05	3.299435e-02	-2.259193e-05	2.791244e-05
1.536360e+03	-6.921964e-03	-9.971493e-02	-2.305352e-05	6.965125e-03	-4.394197e-05	-4.056735e-05
1.548750e+03	1.987235e-02	-9.818357e-02	-1.819471e-05	-1.996745e-02	-6.530356e-05	4.195767e-05
1.561140e+03	4.494659e-02	-8.975715e-02	-1.580367e-06	-4.506538e-02	-4.313247e-05	1.326224e-04
1.573530e+03	6.716149e-02	-7.460036e-02	3.053983e-05	-6.735867e-02	-1.587995e-05	2.158407e-04
1.585920e+03	8.456407e-02	-5.428822e-02	2.241217e-05	-8.483427e-02	-4.622887e-05	2.703496e-04
1.598310e+03	9.612779e-02	-2.972088e-02	3.792271e-05	-9.667400e-02	-1.299018e-05	4.618916e-04
1.610700e+03	9.998547e-02	-2.654583e-03	4.925519e-05	-1.008253e-01	3.426098e-05	4.579254e-04
1.623090e+03	9.743196e-02	2.428705e-02	4.287259e-05	-9.755454e-02	2.625701e-05	3.130730e-04
1.635480e+03	8.722671e-02	4.923986e-02	2.329784e-05	-8.733057e-02	4.222500e-05	1.644315e-04
1.647870e+03	7.094905e-02	7.080743e-02	1.157705e-05	-7.126467e-02	5.291114e-05	2.813590e-04
1.660260e+03	4.948766e-02	8.748731e-02	-1.907707e-05	-4.984089e-02	4.504702e-05	4.113304e-04
1.672650e+03	2.419911e-02	9.763680e-02	-3.204640e-05	-2.460354e-02	4.066334e-05	3.912639e-04
1.685040e+03	-2.760376e-03	1.009490e-01	-2.218115e-05	2.411351e-03	2.839896e-05	3.472414e-04
1.697430e+03	-2.961252e-02	9.624680e-02	-7.791348e-05	2.925216e-02	1.709698e-05	3.333608e-04
1.709820e+03	-5.456186e-02	8.491222e-02	-7.610629e-05	5.418219e-02	-2.963709e-07	3.290123e-04
1.722210e+03	-7.555385e-02	6.728346e-02	3.096548e-05	7.525419e-02	-4.467434e-05	3.459965e-04
1.734600e+03	-9.136397e-02	4.440653e-02	-3.440639e-05	9.098673e-02	-2.088074e-05	3.435389e-04
1.746990e+03	-1.007066e-01	1.767807e-02	-2.565055e-05	9.990679e-02	-2.754156e-05	4.022296e-04
1.759380e+03	-1.012862e-01	-1.054948e-02	3.849613e-05	1.010000e-01	-2.736593e-05	4.346828e-04
1.771770e+03	-9.528011e-02	-3.839099e-02	-2.449860e-05	9.485141e-02	-3.900167e-05	4.450128e-04
1.784160e+03	-8.085300e-02	-6.343232e-02	1.304918e-05	8.048466e-02	-3.501124e-05	3.660750e-04
1.796550e+03	-5.999408e-02	-8.360728e-02	2.623747e-05	5.969877e-02	-4.219234e-05	2.727416e-04
1.808940e+03	-3.442929e-02	-9.728751e-02	-9.023361e-06	3.412929e-02	-6.225362e-05	2.945702e-04
1.821330e+03	-5.976286e-03	-1.030000e-01	5.257839e-05	5.695644e-03	-1.910390e-05	2.889220e-04
1.833720e+03	2.372819e-02	-1.014109e-01	4.422631e-05	-2.397343e-02	-4.217323e-05	2.799797e-04
1.846110e+03	5.192005e-02	-9.078366e-02	6.233399e-05	-5.221429e-02	-1.229205e-05	3.589872e-04
1.858500e+03	7.620803e-02	-7.228872e-02	6.176495e-05	-7.660630e-02	-4.774873e-05	3.521167e-04
1.870890e+03	9.458012e-02	-4.731901e-02	7.468557e-05	-9.476247e-02	5.717376e-06	2.437464e-04
1.883280e+03	1.051075e-01	-1.770300e-02	8.219503e-05	-1.051026e-01	5.422480e-05	2.434798e-04
1.895670e+03	1.060000e-01	1.427616e-02	6.896960e-05	-1.060000e-01	1.012375e-04	2.559848e-04
1.908060e+03	9.759183e-02	4.538749e-02	3.178019e-05	-9.781649e-02	1.244613e-04	1.749318e-04
1.920450e+03	7.975378e-02	7.303013e-02	-1.561907e-05	-7.990468e-02	1.356656e-04	9.025762e-05
1.932840e+03	5.428175e-02	9.428012e-02	-2.962266e-05	-5.438532e-02	7.840229e-05	7.042797e-05
1.945230e+03	2.325124e-02	1.065962e-01	-1.645697e-04	-2.324561e-02	1.608584e-04	-3.938139e-06
1.957620e+03	-1.054840e-02	1.093788e-01	-5.915700e-05	1.060205e-02	-2.704370e-07	-4.250296e-05
1.970010e+03	-4.437677e-02	1.013708e-01	-1.489492e-04	4.447917e-02	2.782677e-05	-6.319045e-05
1.982400e+03	-7.424260e-02	8.313227e-02	-7.661770e-05	7.434304e-02	-5.288190e-05	-9.999342e-05
1.994790e+03	-9.760710e-02	5.576806e-02	-1.348722e-04	9.760235e-02	-6.564293e-05	2.690767e-05
2.007180e+03	-1.113540e-01	2.173195e-02	-5.208054e-05	1.113540e-01	-8.714341e-05	-5.525906e-05
2.019570e+03	-1.130000e-01	-1.566987e-02	-1.307150e-05	1.130000e-01	-9.155917e-05	-7.463496e-05
2.031960e+03	-1.027299e-01	-5.212580e-02	3.448874e-05	1.027514e-01	-8.696438e-05	-1.338200e-04
2.044350e+03	-7.965193e-02	-8.344224e-02	7.042347e-06	7.981395e-02	-1.081721e-04	-1.938986e-04
2.056740e+03	-4.771608e-02	-1.055570e-01	3.236078e-05	4.798453e-02	-9.334244e-05	-2.343301e-04
2.069130e+03	-9.793998e-03	-1.160000e-01	5.504276e-05	9.995812e-03	-8.093707e-05	-1.862298e-04
2.081520e+03	3.080671e-02	-1.142607e-01	9.062527e-05	-3.053740e-02	-6.373009e-05	-2.217266e-04
2.093910e+03	6.841849e-02	-9.710670e-02	9.518812e-05	-6.821233e-02	-6.777306e-05	-1.925104e-04
2.106300e+03	9.816355e-02	-6.786332e-02	1.433023e-04	-9.806458e-02	-5.420499e-05	-1.828025e-04
2.118690e+03	1.164285e-01	-2.941028e-02	1.696967e-04	-1.160642e-01	1.250882e-04	-1.053376e-04
2.131080e+03	1.196554e-01	1.401682e-02	9.092802e-05	-1.191389e-01	1.538525e-04	-5.320613e-05
2.143470e+03	1.080557e-01	5.647315e-02	7.746210e-05	-1.080609e-01	1.801863e-04	-1.558746e-05
2.155860e+03	8.095323e-02	9.209870e-02	-1.369544e-05	-8.104444e-02	2.057046e-04	3.201356e-05
2.168250e+03	4.191454e-02	1.164683e-01	-9.459345e-05	-4.195937e-02	2.056654e-04	3.010934e-05
2.180640e+03	-3.778232e-03	1.239028e-01	-1.688334e-04	3.654364e-03	9.729825e-05	1.160098e-04
2.193030e+03	-5.033866e-02	1.152869e-01	-3.194370e-04	5.013205e-02	9.948762e-05	2.789420e-04
2.205420e+03	-9.100272e-02	8.806811e-02	-1.687359e-04	9.028975e-02	-1.096506e-04	3.689921e-04
2.217810e+03	-1.188809e-01	4.701673e-02	-1.221937e-04	1.188748e-01	-1.632090e-04	5.542165e-04
2.230200e+03	-1.289814e-01	-2.867557e-03	-3.217843e-05	1.279814e-01	-2.158777e-04	6.796363e-04
2.242590e+03	-1.184387e-01	-5.377594e-02	-7.195036e-05	1.174410e-01	-2.226886e-04	7.674195e-04
2.254980e+03	-8.764504e-02	-9.760528e-02	9.311493e-05	8.658119e-02	-1.815184e-04	1.035214e-03
2.267370e+03	-4.065539e-02	-1.264018e-01	1.993844e-04	3.955678e-02	-7.531536e-05	1.060098e-03
2.279760e+03	1.516971e-02	-1.323465e-01	1.093066e-04	-1.635300e-02	-1.575646e-04	1.200026e-03
2.292150e+03	7.023240e-02	-1.142399e-01	2.096419e-04	-7.138436e-02	-3.746150e-05	1.147859e-03
2.304540e+03	1.148057e-01	-7.186538e-02	2.207448e-04	-1.158095e-01	1.849249e-04	1.224484e-03
2.316930e+03	1.339754e-01	-1.300836e-02	1.591760e-04	-1.349754e-01	1.458229e-04	1.187823e-03
2.329320e+03	1.261450e-01	5.204827e-02	1.069992e-04	-1.271450e-01	2.954458e-04	1.035934e-03
2.341710e+03	8.706836e-02	1.055270e-01	-1.151341e-04	-8.795490e-02	4.004262e-04	8.687877e-04
2.354100e+03	2.527783e-02	1.346830e-01	-2.300421e-04	-2.568712e-02	3.034048e-04	4.127769e-04
2.366490e+03	-4.373563e-02	1.275438e-01	-3.653493e-04	4.357229e-02	5.941224e-05	1.431277e-04
2.378880e+03	-9.999480e-02	8.526497e-02	-3.313089e-04	1.004442e-01	-2.025979e-04	-3.153674e-04
2.391270e+03	-1.259994e-01	1.824142e-02	-1.010028e-04	1.259995e-01	-3.102479e-04	-6.516642e-04
2.403660e+03	-1.084963e-01	-5.043449e-02	1.962152e-04	1.104529e-01	-3.512986e-04	-1.214711e-03
2.416050e+03	-5.891280e-02	-9.539124e-02	7.597495e-05	6.021653e-02	-2.446799e-04	-1.331908e-03
2.428440e+03	4.010541e-03	-1.003432e-01	4.357658e-04	-2.515872e-03	-1.718588e-04	-1.502314e-03
2.440830e+03	5.370983e-02	-7.126790e-02	2.178393e-04	-5.169494e-02	1.540000e-04	-1.994387e-03
2.453220e+03	7.100547e-02	-2.412604e-02	-1.674017e-04	-6.881686e-02	2.957272e-04	-2.192017e-03
2.465610e+03	5.817534e-02	1.426586e-02	2.639448e-04	-5.563514e-02	2.219464e-04	-2.471339e-03
2.478000e+03	3.251248e-02	3.004679e-02	-2.156215e-04	-2.947433e-02	1.271035e-04	-2.951001e-03
2.490390e+03	1.019869e-02	2.615245e-02	-3.007375e-04	-8.358999e-03	-1.299956e-05	-1.851203e-03
2.502780e+03	8.760463e-03	1.518225e-02	-2.941857e-04	-6.142090e-03	-1.427586e-04	-2.627038e-03
2.515170e+03	1.109196e-02	1.821996e-02	-2.236342e-04	-9.650000e-03	-1.833467e-05	-1.408561e-03
2.527560e+03	8.930839e-03	2.941942e-02	-1.790841e-04	-7.111980e-03	7.536227e-05	-1.900426e-03
2.539950e+03	-1.064408e-02	4.024906e-02	-2.822754e-04	1.220240e-02	9.853043e-05	-1.586315e-03
2.552340e+03	-3.760226e-02	2.979942e-02	-1.559467e-04	3.922419e-02	5.940405e-05	-1.468823e-03
2.564730e+03	-5.453154e-02	1.186303e-03	3.629934e-05	5.591881e-02	-1.989998e-04	-1.435734e-03
2.577120e+03	-4.558419e-02	-3.747047e-02	3.032349e-05	4.705652e-02	-3.391046e-04	-1.448869e-03
2.589510e+03	-1.018115e-02	-6.015498e-02	1.299295e-05	1.090722e-02	-3.297009e-04	-6.876318e-04
2.601900e+03	3.530632e-02	-5.273982e-02	1.167345e-04	-3.414640e-02	-1.137799e-04	-1.161285e-03
2.614290e+03	6.111754e-02	-1.431248e-02	1.322013e-04	-6.082422e-02	1.842425e-04	-3.094201e-04
2.626680e+03	5.381382e-02	3.272775e-02	-3.874416e-04	-5.411523e-02	4.373576e-04	4.228253e-04
2.639070e+03	1.452397e-02	6.272591e-02	4.040285e-05	-1.543246e-02	4.106187e-04	8.397106e-04
2.651460e+03	-3.825691e-02	5.709723e-02	-5.564347e-04	3.615368e-02	7.292455e-05	2.109964e-03
2.663850e+03	-7.183997e-02	1.346286e-02	-2.836840e-04	6.991516e-02	-2.956283e-04	1.906978e-03
2.676240e+03	-6.250245e-02	-4.437612e-02	-2.668237e-05	6.103681e-02	-4.825520e-04	1.452674e-03
2.688630e+03	-9.396195e-03	-7.694226e-02	-3.757322e-05	9.410298e-03	-3.951532e-04	9.741530e-05
2.701020e+03	5.195416e-02	-6.231327e-02	1.409871e-03	-5.115445e-02	3.035207e-05	-7.437455e-04
2.713410e+03	8.047007e-02	-1.532572e-03	1.976608e-04	-7.866125e-02	4.920964e-04	-1.829706e-03
2.725800e+03	5.585355e-02	5.989787e-02	-3.393845e-05	-5.184724e-02	7.212374e-04	-4.018862e-03
2.738190e+03	-8.232439e-03	7.725054e-02	-3.165808e-04	1.246113e-02	5.222174e-04	-4.254525e-03
2.750580e+03	-6.223371e-02	4.002043e-02	-7.969058e-04	6.566052e-02	-1.098940e-04	-3.462884e-03
2.762970e+03	-6.868648e-02	-2.214449e-02	-3.773164e-04	6.961864e-02	-5.939209e-04	-7.212919e-04
2.775360e+03	-2.803701e-02	-6.395537e-02	1.649159e-04	2.749580e-02	-6.652879e-04	5.435279e-04
2.787750e+03	2.602045e-02	-6.101851e-02	6.554771e-04	-2.752337e-02	-2.944876e-04	1.419564e-03
2.800140e+03	5.892298e-02	-2.105185e-02	6.308919e-04	-6.030478e-02	2.297905e-04	1.523859e-03
2.812530e+03	5.209079e-02	2.838495e-02	1.965967e-04	-5.379503e-02	6.034289e-04	1.639871e-03
2.824920e+03	1.315170e-02	5.568641e-02	-2.713144e-04	-1.427874e-02	5.740002e-04	1.165480e-03
2.837310e+03	-3.210939e-02	4.555790e-02	-6.223755e-04	3.106754e-02	1.902950e-04	1.020082e-03
2.849700e+03	-5.302586e-02	6.354027e-03	-4.458326e-04	5.231351e-02	-2.747951e-04	7.493024e-04
2.862090e+03	-3.624748e-02	-3.583890e-02	-2.207452e-04	3.582853e-02	-5.945053e-04	4.879731e-04
2.874480e+03	2.836390e-03	-5.099131e-02	3.275389e-04	-5.319259e-03	-5.466426e-04	2.359408e-03
2.886870e+03	4.375341e-02	-2.718661e-02	4.962774e-04	-4.412700e-02	-2.718857e-04	4.208439e-04
2.899260e+03	4.697361e-02	1.807476e-02	4.424144e-04	-4.670554e-02	2.283483e-04	-2.278658e-04
2.911650e+03	1.543224e-02	4.842053e-02	2.804428e-04	-1.440474e-02	6.300327e-04	-1.069827e-03
2.924040e+03	-2.474521e-02	4.046689e-02	-1.891764e-04	2.777081e-02	5.913567e-04	-2.883612e-03
2.936430e+03	-4.675388e-02	4.371999e-03	-8.039300e-04	4.894280e-02	2.435570e-04	-2.106729e-03
2.948820e+03	-2.998303e-02	-3.573759e-02	-8.316783e-04	3.188845e-02	-1.905205e-04	-1.837690e-03
2.961210e+03	8.949492e-03	-4.590923e-02	-3.238574e-04	-8.118459e-03	-5.098234e-04	-8.110624e-04
2.973600e+03	4.130946e-02	-2.315323e-02	3.939000e-04	-4.091274e-02	-4.835888e-04	-3.415580e-04
2.985990e+03	4.291425e-02	1.800097e-02	6.229597e-04	-4.329939e-02	-1.170162e-04	3.699453e-04
2.998380e+03	1.254539e-02	4.379221e-02	-1.060241e-04	-1.434580e-02	1.401923e-04	1.829233e-03
3.010770e+03	-2.455007e-02	3.974596e-02	5.075907e-04	2.275424e-02	3.784460e-04	1.738671e-03
3.023160e+03	-4.462889e-02	7.683899e-03	-3.059907e-04	4.270000e-02	2.785242e-04	1.927373e-03
3.035550e+03	-3.448492e-02	-2.848466e-02	-6.720266e-04	3.293311e-02	2.944561e-05	1.504281e-03
3.047940e+03	-4.905607e-04	-4.247901e-02	-2.410654e-04	-6.914628e-04	-1.922431e-04	1.138034e-03
3.060330e+03	3.276693e-02	-2.818742e-02	1.754996e-04	-3.365301e-02	-1.845041e-04	8.693836e-04
3.072720e+03	4.079783e-02	9.108883e-03	2.349069e-04	-4.149881e-02	-1.855108e-04	6.798360e-04
3.085110e+03	2.055660e-02	3.777428e-02	4.217291e-04	-2.031694e-02	-3.209596e-05	-4.731862e-04
3.097500e+03	-1.425956e-02	3.923256e-02	4.259810e-05	1.528548e-02	6.601124e-05	-1.026792e-03
3.109890e+03	-3.743890e-02	1.234087e-02	-1.052738e-04	3.825489e-02	8.171903e-05	-9.501674e-04
3.122280e+03	-3.185466e-02	-2.146714e-02	-9.643450e-05	3.262223e-02	6.206461e-05	-7.313328e-04
3.134670e+03	-1.515445e-03	-3.665927e-02	-4.723214e-04	2.815556e-03	-6.859939e-06	-1.215421e-03
3.147060e+03	2.482742e-02	-2.525570e-02	2.518188e-04	-2.471977e-02	4.290313e-05	-1.665444e-04
3.159450e+03	3.451003e-02	3.297052e-03	-1.501463e-04	-3.392381e-02	7.079834e-06	-6.418088e-04
3.171840e+03	1.255141e-02	3.074229e-02	-2.254040e-04	-1.312626e-02	1.891925e-05	6.068306e-04
3.184230e+03	-1.144494e-02	2.955278e-02	2.114090e-05	1.104317e-02	-5.996980e-05	4.109815e-04
3.196620e+03	-3.068980e-02	9.430081e-03	-3.547491e-04	2.969031e-02	-1.164258e-04	1.049368e-03
3.209010e+03	-2.442050e-02	-1.820116e-02	2.808418e-04	2.384357e-02	-1.311841e-04	5.308893e-04
3.221400e+03	-1.436727e-03	-2.901051e-02	-2.936203e-05	6.053577e-04	-5.573384e-05	8.005141e-04
3.233790e+03	2.332769e-02	-1.812322e-02	-1.141430e-04	-2.363964e-02	-5.952303e-05	2.711473e-04
3.246180e+03	2.856415e-02	9.359377e-03	5.069926e-05	-2.854293e-02	1.031054e-04	-2.563880e-04
3.258570e+03	1.069155e-02	2.902767e-02	-1.346885e-04	-1.059261e-02	9.525397e-05	-1.243800e-04
3.270960e+03	-1.703713e-02	2.782369e-02	-2.798458e-05	1.742252e-02	4.043191e-05	-3.483278e-04
3.283350e+03	-3.359959e-02	2.469057e-03	-1.200998e-04	3.349956e-02	1.846905e-05	1.283717e-04
3.295740e+03	-2.210483e-02	-2.568526e-02	-1.800798e-04	2.263090e-02	-7.206041e-05	-5.839066e-04
3.308130e+03	6.532423e-03	-3.451372e-02	8.200257e-06	-5.824263e-03	-5.610940e-05	-7.343194e-04
3.320520e+03	3.101092e-02	-1.894280e-02	3.108788e-04	-3.050142e-02	3.354784e-05	-5.852037e-04
3.332910e+03	3.540757e-02	1.241606e-02	-2.382614e-04	-3.440353e-02	4.346600e-05	-9.758861e-04
3.345300e+03	1.300112e-02	3.511183e-02	1.401012e-05	-1.259121e-02	8.570191e-05	-3.912571e-04
3.357690e+03	-1.819922e-02	3.249067e-02	-1.447853e-04	1.784412e-02	-9.989996e-06	3.797126e-04
3.370080e+03	-3.538980e-02	6.894407e-03	1.671408e-04	3.479508e-02	-3.961230e-05	6.087442e-04
3.382470e+03	-2.853387e-02	-2.286884e-02	2.208832e-04	2.791929e-02	-6.801665e-05	6.329035e-04
3.394860e+03	-1.671852e-03	-3.541918e-02	4.686201e-05	9.089652e-04	6.312202e-06	7.608938e-04
3.407250e+03	2.621761e-02	-2.508353e-02	1.261209e-04	-2.704879e-02	1.165437e-04	8.639987e-04
3.419640e+03	3.616588e-02	5.071673e-03	2.177120e-04	-3.617251e-02	2.152165e-04	9.855512e-06
3.432030e+03	2.055959e-02	3.189622e-02	-6.053443e-04	-2.009666e-02	1.663965e-04	-4.308957e-04
3.444420e+03	-1.080011e-02	3.555503e-02	1.119960e-04	1.092690e-02	6.267341e-05	-1.334691e-04
3.456810e+03	-3.260769e-02	1.315089e-02	-3.471402e-04	3.311178e-02	-1.643705e-04	-4.020271e-04
3.469200e+03	-2.959482e-02	-1.687248e-02	9.930356e-05	2.999116e-02	-2.341511e-04	-3.956795e-04
3.481590e+03	-4.895532e-03	-3.247531e-02	-1.155701e-05	5.495537e-03	-1.924332e-04	-5.564117e-04
3.493980e+03	2.181520e-02	-2.538420e-02	4.758260e-04	-2.164803e-02	-2.529315e-05	-7.575890e-05
3.506370e+03	3.187048e-02	2.025599e-03	5.677118e-04	-3.157693e-02	2.034012e-04	-2.070459e-04
3.518760e+03	2.051650e-02	2.593140e-02	-8.362417e-05	-1.953186e-02	2.298591e-04	-8.435328e-04
3.531150e+03	-8.966439e-03	3.214936e-02	-2.935681e-04	8.343029e-03	1.068368e-04	5.865125e-04
3.543540e+03	-2.934644e-02	1.320104e-02	-4.868074e-04	2.861151e-02	-8.107475e-05	6.298625e-04
3.555930e+03	-2.785141e-02	-1.319685e-02	-6.801702e-05	2.735616e-02	-2.114731e-04	5.207709e-04
3.568320e+03	-7.170439e-03	-2.831395e-02	3.147063e-04	6.859187e-03	-2.113778e-04	3.452913e-04
3.580710e+03	1.637698e-02	-2.248997e-02	1.524094e-04	-1.708260e-02	-7.110244e-05	7.347570e-04
3.593100e+03	2.819356e-02	-4.684514e-04	-2.580354e-05	-2.779274e-02	8.845786e-05	-3.793924e-04
3.605490e+03	1.857671e-02	2.277972e-02	4.249490e-04	-1.806766e-02	2.304686e-04	-4.836832e-04
3.617880e+03	-6.200393e-03	2.789874e-02	-2.709989e-04	6.289103e-03	1.916632e-04	-8.840598e-05
3.630270e+03	-2.605211e-02	1.287869e-02	-4.005871e-04	2.581029e-02	-6.318377e-06	2.026613e-04
3.642660e+03	-2.487866e-02	-1.136740e-02	-5.044098e-05	2.515124e-02	-1.593959e-04	-3.656411e-04
3.655050e+03	-7.581851e-03	-2.635171e-02	-1.756424e-04	7.276106e-03	-1.932259e-04	2.477623e-04
3.667440e+03	1.628715e-02	-2.112218e-02	-1.292720e-04	-1.582494e-02	-1.523507e-04	-4.993920e-04
3.679830e+03	2.549791e-02	-2.241732e-04	-3.180957e-05	-2.487573e-02	5.414606e-05	-6.024017e-04
3.692220e+03	1.686106e-02	1.838543e-02	5.097535e-04	-1.644703e-02	1.686747e-04	-4.424150e-04
3.704610e+03	-4.342843e-03	2.479912e-02	-1.949778e-04	4.341987e-03	1.288170e-04	-5.370775e-06
3.717000e+03	-2.177111e-02	1.143704e-02	-4.640914e-04	2.141939e-02	-1.633597e-05	4.582843e-04
3.729390e+03	-2.290611e-02	-9.435374e-03	-1.657165e-04	2.197055e-02	-1.737307e-04	8.763236e-04
3.741780e+03	-5.745380e-03	-2.259795e-02	4.263301e-04	5.600511e-03	-2.324606e-04	1.521010e-04
3.754170e+03	1.488932e-02	-1.825775e-02	5.740705e-05	-1.448655e-02	-1.136808e-04	-4.181836e-04
3.766560e+03	2.199301e-02	-8.552610e-04	3.123428e-04	-2.176374e-02	-2.190077e-05	-1.672497e-04
3.778950e+03	1.487512e-02	1.853643e-02	3.925570e-04	-1.429740e-02	1.569423e-04	-5.851470e-04
3.791340e+03	-5.041892e-03	2.138879e-02	1.622793e-05	5.399850e-03	1.136850e-04	-3.326400e-04
3.803730e+03	-2.043947e-02	9.136452e-03	-4.045950e-04	2.024557e-02	4.382482e-05	2.151999e-04
3.816120e+03	-1.832637e-02	-1.048187e-02	-5.981867e-05	1.865849e-02	-1.625540e-04	-2.814568e-04
3.828510e+03	-3.917813e-03	-2.131850e-02	3.278042e-04	3.450081e-03	-1.815109e-04	4.705941e-04
3.840900e+03	1.557087e-02	-1.607838e-02	-5.943426e-05	-1.539777e-02	-1.402118e-04	-2.097144e-04
3.853290e+03	2.224748e-02	2.996752e-03	1.498024e-04	-2.183102e-02	-2.074387e-05	-5.019840e-04
3.865680e+03	1.194793e-02	1.939271e-02	4.681239e-04	-1.161055e-02	1.280091e-04	-2.751138e-04
3.878070e+03	-6.920926e-03	2.006353e-02	-4.001613e-04	7.028106e-03	1.408607e-04	-9.999376e-05
3.890460e+03	-2.037259e-02	7.404346e-03	-1.260915e-04	1.989953e-02	4.097039e-05	4.881055e-04
3.902850e+03	-1.813135e-02	-1.167255e-02	5.823583e-04	1.761695e-02	-6.953353e-05	4.890115e-04
3.915240e+03	-1.242763e-03	-2.024060e-02	1.259745e-04	1.133324e-03	-1.628699e-04	1.276559e-04
3.927630e+03	1.566011e-02	-1.316745e-02	-2.986574e-04	-1.556705e-02	-1.774280e-04	-7.172675e-05
3.940020e+03	1.999960e-02	5.544959e-03	-1.017794e-04	-1.969977e-02	-6.304052e-05	-2.512872e-04
3.952410e+03	8.154947e-03	2.011927e-02	-9.160323e-05	-8.036836e-03	1.601107e-05	-3.107251e-05
3.964800e+03	-1.089034e-02	1.822388e-02	2.227910e-04	1.045548e-02	1.152225e-04	2.428913e-04
3.977190e+03	-1.939974e-02	3.518583e-03	-4.636152e-05	1.969865e-02	8.138578e-05	-3.103351e-04
3.989580e+03	-1.449122e-02	-1.516699e-02	3.888704e-05	1.416813e-02	1.435517e-05	2.460219e-04
4.001970e+03	3.173388e-03	-2.058364e-02	-3.024189e-04	-3.300225e-03	-3.980469e-05	9.671193e-05
4.014360e+03	1.958036e-02	-9.735734e-03	5.982505e-05	-1.892764e-02	-6.698343e-05	-7.724549e-04
4.026750e+03	1.870126e-02	8.813170e-03	-4.449720e-04	-1.860259e-02	-3.072705e-05	-1.238246e-04
4.039140e+03	5.473799e-03	2.159378e-02	4.419714e-04	-5.096331e-03	-4.681843e-05	-3.375210e-04
4.051530e+03	-1.380138e-02	1.623403e-02	-3.943118e-04	1.337212e-02	-1.510741e-07	4.611725e-04
4.063920e+03	-2.119998e-02	-1.814494e-03	5.730163e-05	2.059998e-02	-2.339988e-05	5.860606e-04
4.076310e+03	-1.160006e-02	-1.649073e-02	-1.748550e-04	1.160236e-02	-4.471879e-05	5.832815e-06
4.088700e+03	6.095954e-03	-1.964703e-02	4.621603e-04	-6.101798e-03	-1.992157e-05	4.563280e-05
4.101090e+03	1.984007e-02	-5.996816e-03	-1.001108e-04	-1.941403e-02	-3.011689e-05	-4.028563e-04
4.113480e+03	1.731948e-02	1.107429e-02	-3.245351e-04	-1.720669e-02	3.514046e-06	-1.392250e-04
4.125870e+03	6.326488e-04	2.157590e-02	4.977066e-04	-9.595983e-04	-6.659394e-05	1.699256e-04
4.138260e+03	-1.759777e-02	1.355686e-02	-5.622089e-04	1.718689e-02	-2.459952e-05	4.989178e-04
4.150650e+03	-2.099851e-02	-4.842247e-03	-9.528444e-05	2.080000e-02	-8.340289e-05	2.547046e-04
4.163040e+03	-8.641205e-03	-2.118043e-02	-1.050063e-04	8.538704e-03	-3.601409e-05	6.667722e-05
4.175430e+03	1.128013e-02	-2.018133e-02	1.859065e-04	-1.107754e-02	3.060627e-05	-1.770008e-04
4.187820e+03	2.229316e-02	-3.528816e-03	7.512100e-04	-2.199403e-02	6.306817e-05	-2.177344e-04
4.200210e+03	1.714584e-02	1.655055e-02	-2.395899e-04	-1.662725e-02	7.444217e-05	-5.215135e-04
4.212600e+03	-1.663204e-03	2.222213e-02	1.408107e-04	1.835545e-03	-2.524347e-05	-1.628027e-04
4.224990e+03	-1.902240e-02	1.231893e-02	-3.112051e-04	1.860606e-02	-6.133920e-05	3.823616e-04
4.237380e+03	-2.214677e-02	-7.836241e-03	2.682087e-04	2.125651e-02	-1.199569e-04	8.935716e-04
4.249770e+03	-7.249189e-03	-2.139928e-02	1.075209e-04	7.021000e-03	-6.038548e-05	3.245788e-04
4.262160e+03	1.193900e-02	-1.670321e-02	1.569769e-04	-1.194204e-02	-1.695759e-05	8.527869e-05
4.274550e+03	2.187957e-02	-8.176407e-04	4.378093e-05	-2.137951e-02	1.051702e-04	-4.717886e-04
4.286940e+03	1.465016e-02	1.557081e-02	-8.647304e-05	-1.420522e-02	9.814345e-05	-4.217595e-04
4.299330e+03	-5.335951e-03	2.133326e-02	1.169455e-04	4.905885e-03	1.055120e-05	3.983305e-04
4.311720e+03	-1.979879e-02	9.137897e-03	-3.341844e-04	1.933708e-02	-8.109337e-05	4.460102e-04
4.324110e+03	-1.915378e-02	-9.610489e-03	-1.111491e-05	1.885912e-02	-1.936593e-04	3.454708e-04
4.336500e+03	-4.460650e-03	-2.021531e-02	-1.536459e-04	3.906303e-03	-1.097272e-04	5.317900e-04
4.348890e+03	1.457633e-02	-1.580896e-02	2.548537e-04	-1.437148e-02	-1.145128e-05	-2.712515e-04
4.361280e+03	2.217482e-02	1.994117e-03	5.368028e-04	-2.119452e-02	1.210568e-04	-9.985226e-04
4.373670e+03	1.034811e-02	1.856458e-02	-1.549329e-04	-1.046037e-02	1.139570e-04	1.391883e-04
4.386060e+03	-7.896907e-03	1.842240e-02	-4.367171e-04	7.334355e-03	3.068075e-05	4.163415e-04
4.398450e+03	-1.740525e-02	6.448961e-03	3.087665e-04	1.757229e-02	-4.567022e-05	-2.226033e-04
4.410840e+03	-1.437832e-02	-1.110753e-02	-3.488937e-04	1.456380e-02	-1.040159e-04	-2.124172e-04
4.423230e+03	-4.614538e-04	-1.791270e-02	7.107663e-04	3.197335e-04	-1.228424e-04	1.211525e-04
4.435620e+03	1.498052e-02	-9.988494e-03	-4.239534e-04	-1.447945e-02	-6.095330e-05	-5.391515e-04
4.448010e+03	1.685133e-02	5.129547e-03	7.473907e-04	-1.659638e-02	3.211280e-05	-3.057708e-04
4.460400e+03	5.787117e-03	1.648349e-02	1.196274e-04	-5.603903e-03	1.268066e-04	-1.639023e-04
4.472790e+03	-1.127953e-02	1.415692e-02	-4.650788e-04	1.042620e-02	3.323506e-05	7.489940e-04
4.485180e+03	-1.630921e-02	8.458397e-04	2.696528e-04	1.609006e-02	-7.315274e-05	2.066855e-04
4.497570e+03	-8.923135e-03	-1.444869e-02	-2.062798e-04	8.934298e-03	-9.188951e-05	-2.085806e-05
4.509960e+03	5.133121e-03	-1.465126e-02	-1.078217e-04	-5.397595e-03	-1.120249e-04	2.572166e-04
4.522350e+03	1.542395e-02	-4.680613e-03	3.182921e-04	-1.526695e-02	-1.067852e-05	-1.005398e-04
4.534740e+03	1.315479e-02	9.115477e-03	-3.400858e-04	-1.296589e-02	4.438857e-05	-2.028714e-04
4.547130e+03	2.155331e-05	1.683325e-02	-1.033939e-04	-5.672341e-05	5.496749e-05	3.634528e-05
4.559520e+03	-1.320231e-02	8.527003e-03	-3.326207e-04	1.262762e-02	2.909039e-05	6.021425e-04
4.571910e+03	-1.437326e-02	-3.810674e-03	5.015228e-05	1.408371e-02	-1.915921e-05	2.820786e-04
4.584300e+03	-4.116170e-03	-1.329899e-02	-3.820609e-04	4.249591e-03	-5.227129e-05	-1.237481e-04
4.596690e+03	9.523799e-03	-1.125877e-02	9.015477e-04	-8.894913e-03	-5.848560e-05	-6.165612e-04
4.609080e+03	1.428629e-02	7.472254e-04	-1.112184e-04	-1.364603e-02	-1.081014e-05	-5.656186e-04
4.621470e+03	7.497622e-03	1.198623e-02	-3.554326e-04	-7.559597e-03	-1.790583e-06	2.278685e-05
4.633860e+03	-6.307865e-03	1.314183e-02	4.763960e-05	5.598227e-03	1.783535e-05	7.049117e-04
4.646250e+03	-1.393786e-02	4.009311e-03	-1.899015e-04	1.358495e-02	2.495730e-05	3.903123e-04
4.658640e+03	-1.094748e-02	-8.762284e-03	8.970545e-05	1.068924e-02	-1.533218e-05	3.419883e-04
4.671030e+03	2.867085e-03	-1.426322e-02	-3.340656e-04	-2.165419e-03	-1.354606e-05	-7.597734e-04
4.683420e+03	1.040315e-02	-7.551559e-03	8.486831e-04	-1.105825e-02	-2.349619e-05	6.256694e-04
4.695810e+03	1.399370e-02	5.452656e-03	-1.345733e-04	-1.325515e-02	4.053445e-05	-7.891920e-04
4.708200e+03	3.182378e-03	1.394569e-02	2.065111e-05	-3.178265e-03	-9.786682e-06	7.220687e-06
4.720590e+03	-8.701942e-03	9.442455e-03	-4.661480e-04	8.394602e-03	1.396476e-05	2.974537e-04
4.732980e+03	-1.243240e-02	3.779247e-04	-1.899922e-04	1.220000e-02	-4.952748e-05	1.569551e-04
4.745370e+03	-6.274115e-03	-1.041880e-02	-3.195179e-04	6.359449e-03	-1.985098e-05	-1.015945e-04
4.757760e+03	4.116231e-03	-1.114108e-02	3.000845e-04	-4.281628e-03	-1.005209e-05	1.249272e-04
4.770150e+03	1.318432e-02	-2.781377e-03	3.494213e-04	-1.219207e-02	2.281661e-05	-1.010888e-03
4.782540e+03	8.864406e-03	8.694750e-03	-4.898697e-04	-8.186143e-03	5.078636e-05	-6.161000e-04
4.794930e+03	-3.035662e-03	1.248193e-02	2.056865e-04	2.440105e-03	-2.725233e-05	4.470478e-04
4.807320e+03	-1.008905e-02	5.165052e-03	-4.167228e-04	1.036610e-02	-1.261819e-05	-2.722686e-04
4.819710e+03	-1.275274e-02	-5.698479e-03	8.473887e-05	1.162655e-02	-4.115319e-05	1.040236e-03
4.832100e+03	-1.567143e-03	-1.248218e-02	5.748776e-04	1.454387e-03	-1.602432e-05	1.391039e-04
4.844490e+03	1.013326e-02	-8.227336e-03	2.954760e-04	-9.634493e-03	5.103793e-05	-3.504001e-04
4.856880e+03	1.169620e-02	2.939387e-03	-8.358664e-04	-1.177254e-02	4.180622e-05	9.275806e-05
4.869270e+03	5.975730e-03	1.170238e-02	8.939917e-04	-5.515623e-03	-1.449969e-05	-4.599370e-04
4.881660e+03	-5.723794e-03	1.078779e-02	-2.539247e-04	5.756166e-03	-1.298383e-05	-3.187060e-05
4.894050e+03	-1.170403e-02	1.754007e-03	-3.156242e-04	1.136890e-02	-8.553366e-05	4.006455e-04
4.906440e+03	-7.527932e-03	-7.699637e-03	8.523510e-05	7.605272e-03	-5.481197e-05	-4.725014e-05
4.918830e+03	1.013554e-03	-1.104810e-02	5.455704e-04	-1.531555e-03	-3.522775e-05	5.106262e-04
4.931220e+03	1.173932e-02	-3.571591e-03	-2.205823e-04	-1.074740e-02	3.690952e-05	-9.812287e-04
4.943610e+03	9.159954e-03	6.062741e-03	3.500005e-04	-8.934818e-03	3.341719e-05	-3.062213e-04
4.956000e+03	-2.387856e-04	1.101851e-02	1.162728e-04	-5.864708e-05	4.370610e-05	2.624720e-04
4.968390e+03	-9.031033e-03	7.103311e-03	3.474576e-04	8.844956e-03	-9.537996e-06	2.402527e-04
4.980780e+03	-1.114185e-02	-3.968147e-03	-5.520013e-04	1.084827e-02	-9.159875e-05	1.797595e-04
4.993170e+03	-3.163833e-03	-1.026671e-02	6.553760e-04	3.330688e-03	-8.889984e-05	-1.733437e-04
5.005560e+03	5.601519e-03	-8.926182e-03	-6.569079e-04	-6.124770e-03	-2.353137e-05	5.219824e-04
5.017950e+03	1.128319e-02	-2.425807e-04	-3.739229e-06	-1.119080e-02	-1.571565e-06	-1.445687e-05
5.030340e+03	7.315055e-03	9.495229e-03	3.282452e-04	-6.959523e-03	5.365234e-05	-2.927820e-04
5.042730e+03	-3.682285e-03	1.224160e-02	-6.963908e-04	3.585277e-03	3.287114e-05	1.006735e-04
5.055120e+03	-1.135486e-02	2.587193e-03	-4.299863e-04	1.097756e-02	-5.756625e-05	4.579094e-04
5.067510e+03	-9.159863e-03	-6.449689e-03	1.042917e-04	8.690368e-03	-7.924242e-05	4.921179e-04
5.079900e+03	1.378002e-03	-1.027089e-02	-3.491708e-04	-9.399629e-04	-5.868759e-05	-3.712024e-04
5.092290e+03	8.481766e-03	-4.430806e-03	-4.989443e-04	-8.400349e-03	-6.649704e-05	-7.673007e-05
5.104680e+03	1.004880e-02	4.750924e-03	-6.289498e-05	-9.396608e-03	-1.156311e-05	-6.497645e-04
5.117070e+03	2.749740e-03	1.058500e-02	-3.993972e-05	-2.281205e-03	3.910128e-05	-4.438650e-04
5.129460e+03	-9.277238e-03	8.466850e-03	1.948826e-05	8.258653e-03	2.953174e-05	1.095385e-03
5.141850e+03	-1.148924e-02	-1.547115e-03	3.080044e-04	1.089178e-02	-3.420223e-05	6.083450e-04
5.154240e+03	-3.650847e-03	-9.264553e-03	-3.702361e-05	4.157118e-03	-3.655367e-05	-4.531492e-04
5.166630e+03	4.651963e-03	-1.065662e-02	-1.016284e-05	-4.867610e-03	-6.501741e-05	1.855904e-04
5.179020e+03	1.139946e-02	-1.885334e-03	5.142240e-04	-1.119913e-02	-3.623832e-05	-2.010214e-04
5.191410e+03	7.453089e-03	1.113197e-02	-1.700436e-04	-7.508829e-03	3.092291e-05	5.734981e-05
5.203800e+03	-1.814431e-03	1.058617e-02	-4.237543e-04	2.042057e-03	-1.090982e-05	-1.758968e-04
5.216190e+03	-1.028962e-02	4.892841e-03	5.609533e-04	9.991050e-03	-2.841668e-05	2.472338e-04
5.228580e+03	-9.563528e-03	-4.577287e-03	-3.525360e-04	9.372261e-03	-2.950106e-05	1.658001e-04
5.240970e+03	-1.733477e-03	-1.054406e-02	4.962665e-07	1.302613e-03	-6.203261e-05	3.967201e-04
5.253360e+03	8.711428e-03	-7.071054e-03	-2.420953e-05	-8.338158e-03	-3.704067e-05	-4.066911e-04
5.265750e+03	1.254790e-02	3.625887e-03	-8.851435e-04	-1.125619e-02	-3.260862e-05	-1.360078e-03
5.278140e+03	3.824014e-03	1.038812e-02	1.971804e-04	-3.497942e-03	-1.896128e-05	-3.176060e-04
5.290530e+03	-7.594335e-03	9.588798e-03	-4.949880e-04	6.909132e-03	-2.281399e-05	5.832383e-04
5.302920e+03	-1.130548e-02	5.725179e-04	6.326754e-04	1.096733e-02	-1.498861e-05	2.444149e-04
5.315310e+03	-7.442278e-03	-8.945921e-03	5.835835e-04	6.993495e-03	-3.956060e-06	4.530952e-04
5.327700e+03	3.899798e-03	-1.068646e-02	-5.438738e-04	-3.663868e-03	-4.053440e-05	-2.370239e-04
5.340090e+03	1.194150e-02	-3.819398e-03	5.458675e-05	-1.135543e-02	-1.762922e-05	-5.395334e-04
5.352480e+03	9.963974e-03	7.844375e-03	5.712902e-04	-9.648497e-03	6.280457e-05	-2.769363e-04
5.364870e+03	1.315584e-03	1.228744e-02	1.740154e-04	-6.809543e-04	1.944758e-05	-6.701964e-04
5.377260e+03	-9.254529e-03	7.873133e-03	-3.724889e-04	9.258759e-03	-1.460296e-05	1.480705e-04
5.389650e+03	-1.270484e-02	-3.707167e-03	9.741744e-05	1.165826e-02	-5.443759e-05	1.002761e-03
5.402040e+03	-3.595540e-03	-1.140627e-02	6.782958e-04	3.295797e-03	-5.219974e-06	2.982751e-04
5.414430e+03	7.639207e-03	-9.067894e-03	-4.781821e-05	-7.291884e-03	1.552544e-05	-3.495954e-04
5.426820e+03	1.233591e-02	1.178074e-03	-9.465327e-05	-1.125698e-02	9.616861e-06	-1.026379e-03
5.439210e+03	6.407307e-03	1.069324e-02	1.412437e-04	-5.823113e-03	2.318740e-05	-5.577114e-04
5.451600e+03	-4.695994e-03	1.137583e-02	-4.476122e-04	4.630792e-03	-7.993498e-07	5.253116e-05
5.463990e+03	-1.194849e-02	2.133607e-03	5.037639e-04	1.154156e-02	-4.161575e-05	5.152553e-04
5.476380e+03	-9.969261e-03	-7.655160e-03	-2.852630e-04	9.288995e-03	-3.521096e-05	5.730900e-04
5.488770e+03	1.329464e-03	-1.098807e-02	-3.438301e-04	-1.108032e-03	-7.478568e-05	-2.225396e-04
5.501160e+03	1.051457e-02	-5.463937e-03	6.652383e-04	-1.011457e-02	1.123257e-05	-3.830134e-04
5.513550e+03	1.220324e-02	4.600017e-03	-4.448293e-04	-1.138142e-02	4.697594e-05	-1.053732e-03
5.525940e+03	2.739565e-03	1.236014e-02	6.583748e-05	-2.681058e-03	1.800380e-06	-9.605382e-05
5.538330e+03	-8.898585e-03	1.073895e-02	-6.321946e-04	8.291126e-03	4.691354e-06	6.005190e-04
5.550720e+03	-1.238866e-02	-1.674845e-03	5.423702e-04	1.178532e-02	-6.190312e-05	6.408032e-04
5.563110e+03	-6.666241e-03	-1.016488e-02	-1.197906e-04	6.046418e-03	-4.403329e-05	5.974577e-04
5.575500e+03	5.745362e-03	-9.894255e-03	-1.271589e-04	-5.174266e-03	-6.257688e-05	-5.530992e-04
5.587890e+03	1.159805e-02	-2.956599e-03	1.261733e-04	-1.109997e-02	-1.349933e-05	-4.417035e-04
5.600280e+03	8.655413e-03	9.499109e-03	1.269169e-04	-8.027341e-03	5.744431e-05	-6.002915e-04
5.612670e+03	-1.887040e-03	1.159212e-02	-1.579302e-04	2.052137e-03	8.565652e-06	-1.220317e-04
5.625060e+03	-1.195483e-02	6.780118e-03	3.855408e-04	1.100862e-02	-1.025712e-05	1.050864e-03
5.637450e+03	-1.197060e-02	-6.259520e-03	-1.395286e-04	1.090858e-02	-3.087067e-05	1.122893e-03
5.649840e+03	-1.957261e-03	-1.129431e-02	-2.643670e-04	1.928003e-03	-5.445491e-05	3.161859e-05
5.662230e+03	8.962842e-03	-8.676283e-03	2.563461e-04	-8.479948e-03	-1.540926e-05	-5.011307e-04
5.674620e+03	1.153230e-02	3.259515e-03	-1.036858e-04	-1.103034e-02	2.454364e-05	-4.103357e-04
5.687010e+03	5.784188e-03	1.043240e-02	-4.453615e-04	-5.444791e-03	-5.163298e-06	-3.086202e-04
5.699400e+03	-6.732323e-03	1.046975e-02	3.898715e-04	5.863468e-03	-4.225425e-06	8.760949e-04
5.711790e+03	-1.126617e-02	2.617622e-03	4.662937e-04	1.099611e-02	1.267465e-05	1.579884e-04
5.724180e+03	-9.179393e-03	-8.034692e-03	-5.999822e-04	8.476452e-03	-8.183197e-05	7.735707e-04
5.736570e+03	2.405138e-03	-1.165135e-02	5.064132e-04	-2.219444e-03	-2.842931e-05	-1.833651e-04
5.748960e+03	1.136466e-02	-3.906908e-03	4.500584e-04	-1.058443e-02	3.548114e-06	-8.064131e-04
5.761350e+03	9.940083e-03	6.167202e-03	-4.325853e-04	-9.465409e-03	1.483669e-05	-4.567630e-04
5.773740e+03	1.779596e-03	1.277442e-02	-5.069155e-05	-1.058506e-03	-5.641157e-05	-6.708388e-04
5.786130e+03	-1.044735e-02	5.994741e-03	9.784190e-04	9.438922e-03	1.509873e-05	1.009498e-03
5.798520e+03	-1.160385e-02	-2.014914e-03	-2.653258e-04	1.103855e-02	-3.188384e-05	5.318388e-04
5.810910e+03	-4.865003e-03	-1.095021e-02	2.133310e-04	4.544824e-03	-7.258382e-05	3.302377e-04
5.823300e+03	7.108823e-03	-9.773258e-03	1.014908e-03	-6.363461e-03	1.106845e-05	-7.332365e-04
5.835690e+03	1.085595e-02	-2.860124e-04	-2.628165e-04	-1.075467e-02	3.263167e-05	-1.416002e-04
5.848080e+03	7.829658e-03	9.359379e-03	-8.056416e-05	-7.342117e-03	1.754214e-05	-2.812198e-04
5.860470e+03	-2.192439e-03	1.137336e-02	9.906381e-06	2.320105e-03	-9.840588e-06	-1.098476e-04
5.872860e+03	-1.157177e-02	4.309848e-03	4.850801e-04	1.077080e-02	-1.699686e-05	8.138361e-04
5.885250e+03	-9.628892e-03	-5.878314e-03	-2.721609e-04	9.337006e-03	-4.627803e-05	5.124668e-04
5.897640e+03	-8.115063e-04	-1.129327e-02	3.695963e-04	7.195028e-04	-5.762329e-05	9.378025e-05
5.910030e+03	9.374442e-03	-6.588131e-03	7.706778e-04	-8.707729e-03	5.974703e-05	-6.690963e-04
5.922420e+03	1.125143e-02	4.225802e-03	-3.002233e-04	-1.030739e-02	1.158222e-05	-8.709074e-04
5.934810e+03	3.681618e-03	1.093772e-02	-3.309757e-04	-3.268058e-03	6.071528e-06	-4.165541e-04
5.947200e+03	-6.647191e-03	1.038154e-02	2.449527e-05	6.587118e-03	8.825748e-06	4.790123e-06
5.959590e+03	-1.199330e-02	-7.065368e-04	-2.987573e-04	1.118527e-02	-7.577928e-05	8.101839e-04
5.971980e+03	-6.035791e-03	-9.167109e-03	2.298607e-04	6.004524e-03	-3.918921e-05	-9.064816e-06
5.984370e+03	3.395582e-03	-1.026026e-02	-3.365928e-04	-3.292885e-03	-3.329448e-05	-1.271451e-04
5.996760e+03	1.139964e-02	-2.306627e-03	-3.895608e-05	-1.049990e-02	-1.618537e-05	-9.277087e-04
6.009150e+03	9.191199e-03	7.699871e-03	-2.334745e-05	-8.639457e-03	1.047988e-05	-7.235399e-04
6.021540e+03	-3.949411e-04	1.040000e-02	-2.820336e-06	2.677068e-04	1.064101e-05	1.146418e-04
6.033930e+03	-8.553175e-03	8.687109e-03	3.303226e-04	8.333352e-03	1.195104e-05	2.421001e-04
6.046320e+03	-1.244399e-02	-3.189725e-03	5.617822e-04	1.087792e-02	-4.270373e-07	1.541191e-03
6.058710e+03	-3.387479e-03	-9.960516e-03	-5.148506e-04	3.078675e-03	-5.585999e-05	3.323803e-04
6.071100e+03	7.119238e-03	-7.434655e-03	4.685673e-05	-6.496225e-03	-4.162817e-05	-6.634042e-04
6.083490e+03	1.108802e-02	-8.501893e-05	7.993113e-04	-1.028757e-02	7.996762e-05	-8.089953e-04
6.095880e+03	5.535059e-03	9.262821e-03	1.793993e-05	-5.197088e-03	2.679289e-05	-3.048728e-04
6.108270e+03	-4.335805e-03	1.076197e-02	-6.159629e-05	4.223553e-03	-4.786987e-06	8.561016e-05
6.120660e+03	-1.029111e-02	2.179937e-03	3.536164e-05	9.749382e-03	-2.860168e-05	5.702023e-04
6.133050e+03	-8.867741e-03	-7.490927e-03	-1.100539e-04	8.004856e-03	-6.341477e-05	9.494658e-04
6.145440e+03	9.372029e-04	-8.853745e-03	-7.859555e-04	-8.307841e-04	-7.424281e-05	-7.447018e-05
6.157830e+03	8.720850e-03	-6.133073e-03	5.142824e-04	-8.395637e-03	1.392014e-05	-2.234290e-04
6.170220e+03	1.003577e-02	5.691528e-03	-4.232968e-04	-9.333051e-03	6.141164e-06	-7.509970e-04
6.182610e+03	2.128266e-03	9.954888e-03	1.665520e-04	-2.103540e-03	7.083037e-06	-9.253307e-06
6.195000e+03	-6.901627e-03	8.760860e-03	-8.587016e-05	6.395814e-03	1.619571e-05	4.932627e-04
6.207390e+03	-9.855988e-03	-4.174230e-04	-3.615092e-05	9.439025e-03	-5.862241e-05	5.286713e-04
6.219780e+03	-7.223605e-03	-8.628461e-03	4.578240e-04	5.874141e-03	-5.055445e-06	1.298027e-03
6.232170e+03	4.608102e-03	-8.427633e-03	-2.737123e-04	-4.083008e-03	-2.136554e-05	-5.360079e-04
6.244560e+03	9.430268e-03	-1.415468e-03	2.230028e-04	-8.815694e-03	-2.395505e-05	-5.772836e-04
6.256950e+03	8.166145e-03	6.897049e-03	3.195330e-04	-7.251408e-03	4.651648e-05	-8.784938e-04
6.269340e+03	-9.326854e-04	1.036760e-02	-5.522095e-04	1.149385e-03	-7.156592e-06	-2.394186e-04
6.281730e+03	-9.011521e-03	5.355004e-03	-2.179473e-04	8.489598e-03	-5.110517e-05	5.039983e-04
6.294120e+03	-8.897477e-03	-4.185153e-03	4.856852e-04	8.431128e-03	-1.021784e-05	4.730862e-04
6.306510e+03	-2.883762e-03	-7.759051e-03	4.974456e-04	2.273483e-03	7.229981e-06	5.967452e-04
6.318900e+03	6.310623e-03	-6.102146e-03	-4.870137e-04	-5.941063e-03	-4.981131e-05	-3.854763e-04
6.331290e+03	9.821015e-03	1.858127e-03	5.222941e-04	-8.899491e-03	2.457907e-05	-9.225932e-04
6.343680e+03	4.242760e-03	8.764851e-03	-7.093519e-04	-3.977990e-03	-3.607246e-05	-2.561565e-04
6.356070e+03	-7.223218e-03	7.554426e-03	1.229600e-04	5.322838e-03	-2.645518e-05	1.844403e-03
6.368460e+03	-6.804955e-03	1.697847e-03	1.307064e-04	7.011538e-03	-2.442682e-05	-2.635557e-04
6.380850e+03	-7.979410e-03	-5.872888e-03	2.669223e-04	6.836726e-03	-2.831882e-05	1.125356e-03
6.393240e+03	1.959628e-03	-6.725414e-03	-2.120161e-04	-1.514513e-03	-8.516282e-05	-4.653999e-04
6.405630e+03	8.516546e-03	-3.382244e-03	-6.079440e-04	-7.578912e-03	-8.082484e-05	-9.459727e-04
6.418020e+03	7.348221e-03	4.780414e-03	5.553507e-04	-6.886486e-03	1.149398e-05	-5.452406e-04
6.430410e+03	2.297725e-03	8.503662e-03	-6.927479e-04	-1.553412e-03	-3.279045e-05	-7.441600e-04
6.442800e+03	-6.649293e-03	6.271746e-03	5.597665e-06	6.162798e-03	-3.932148e-05	4.944338e-04
6.455190e+03	-7.526630e-03	-1.529069e-03	6.462706e-05	7.254220e-03	-8.175632e-06	2.374790e-04
6.467580e+03	-3.297369e-03	-5.718708e-03	1.021704e-04	3.197575e-03	-5.202577e-05	2.709171e-04
6.479970e+03	7.989565e-04	-7.261296e-03	-4.192397e-04	-2.224947e-03	-5.910457e-05	1.204858e-03
6.492360e+03	7.437804e-03	1.972008e-04	-5.402926e-04	-7.103119e-03	-5.803428e-05	-3.814082e-04
6.504750e+03	3.827299e-03	5.018470e-03	-2.459043e-04	-3.832412e-03	-3.954955e-05	6.293682e-05
6.517140e+03	-1.652444e-03	8.285586e-03	6.023995e-04	1.526415e-03	2.265090e-05	1.003993e-04
6.529530e+03	-5.778468e-03	4.032132e-03	-4.161398e-04	5.854054e-03	-2.253279e-05	-5.925517e-05
6.541920e+03	-4.719591e-03	-3.147273e-03	5.862305e-04	5.093895e-03	-2.664580e-05	-2.304798e-04
6.554310e+03	-1.365309e-03	-6.262224e-03	-4.465482e-04	8.709632e-04	-5.483736e-05	3.243425e-04
6.566700e+03	4.016144e-03	-3.540040e-03	7.449581e-04	-4.279254e-03	9.505401e-06	2.711734e-04
6.579090e+03	7.218923e-03	2.243090e-03	1.245001e-04	-6.335392e-03	3.524773e-05	-8.734968e-04
6.591480e+03	2.518352e-03	6.296836e-03	-3.391475e-05	-2.289204e-03	-1.364575e-05	-2.478330e-04
6.603870e+03	-4.011330e-03	7.065617e-03	1.226111e-05	3.730880e-03	-1.630263e-05	2.662381e-04
6.616260e+03	-6.284806e-03	-9.729148e-04	-1.029322e-04	5.974717e-03	-2.853912e-05	3.080164e-04
6.628650e+03	-4.080678e-03	-3.615542e-03	-2.811149e-04	3.811671e-03	-4.894256e-05	2.945383e-04
6.641040e+03	2.124039e-03	-6.570578e-03	6.231189e-04	-1.896343e-03	1.059671e-05	-1.948641e-04
6.653430e+03	4.088478e-03	-8.777306e-04	-8.138002e-04	-4.577629e-03	-5.341593e-05	5.121021e-04
6.665820e+03	4.761767e-03	4.618541e-03	1.317525e-04	-4.442956e-03	-3.043831e-05	-3.037703e-04
6.678210e+03	8.188303e-04	5.428699e-03	1.107779e-05	-4.473260e-04	8.058110e-07	-3.133439e-04
6.690600e+03	-6.518791e-03	3.916650e-03	-6.702664e-04	5.269873e-03	-6.557316e-05	1.248680e-03
6.702990e+03	-3.337649e-03	-2.356180e-03	-4.635407e-04	3.942975e-03	-8.773306e-05	-4.249673e-04
6.715380e+03	-1.872775e-03	-3.856497e-03	-1.861123e-04	1.559487e-03	-4.939517e-05	1.597814e-04
6.727770e+03	2.683994e-03	-4.376595e-03	8.687832e-04	-2.855614e-03	4.111107e-05	1.632836e-04
6.740160e+03	5.517437e-03	8.239922e-04	-2.832878e-04	-4.998853e-03	-2.123095e-05	-4.200749e-04
6.752550e+03	4.265040e-03	5.805905e-03	2.924310e-04	-3.224265e-03	-2.169859e-05	-9.378723e-04
6.764940e+03	-3.356519e-03	4.125679e-03	1.536434e-04	2.688381e-03	2.492217e-05	8.077884e-04
6.777330e+03	-4.955244e-03	1.417108e-03	-9.010356e-04	4.678099e-03	-7.944103e-05	3.002048e-04
6.789720e+03	-4.073838e-03	-3.146718e-03	5.971230e-04	3.706448e-03	-2.071953e-05	3.624002e-04
6.802110e+03	8.478934e-04	-3.730612e-03	-2.410930e-04	-7.111322e-04	-1.522217e-05	-1.098832e-04
6.814500e+03	3.676849e-03	-1.788047e-03	-2.249023e-04	-3.694872e-03	-4.832418e-05	8.232039e-06
6.826890e+03	4.690728e-03	2.404892e-03	-5.103980e-04	-4.121570e-03	-4.696747e-05	-5.689500e-04
6.839280e+03	3.555654e-04	5.800267e-03	1.004347e-03	-4.578591e-04	6.970114e-05	5.868132e-05
6.851670e+03	-2.591271e-03	3.258790e-03	-1.719466e-03	2.685400e-03	-5.917577e-05	-8.963996e-05
6.864060e+03	-4.167361e-03	-9.216267e-04	6.101850e-04	3.765512e-03	-3.892365e-05	3.840844e-04
6.876450e+03	-1.906221e-03	-3.108535e-03	2.556753e-04	1.707131e-03	-7.998658e-06	2.094699e-04
6.888840e+03	2.393972e-03	-3.687540e-03	-1.483664e-03	-2.155963e-03	-1.149171e-04	-2.376398e-04
6.901230e+03	3.276103e-03	-4.727219e-04	1.843896e-04	-3.418701e-03	-4.400926e-05	1.481754e-04
6.913620e+03	3.498120e-03	3.587250e-03	-2.301292e-04	-2.932771e-03	-6.954982e-06	-5.682476e-04
6.926010e+03	-1.564217e-03	5.511723e-03	-1.674610e-04	1.302380e-03	-3.186729e-05	3.528648e-04
6.938400e+03	-4.712958e-03	1.421220e-03	6.617334e-04	3.957517e-03	2.766242e-05	7.793630e-04
6.950790e+03	-2.480349e-03	-1.268963e-03	-1.458182e-04	2.558848e-03	-5.546994e-06	-6.344193e-05
6.963180e+03	4.991166e-04	-2.412604e-03	-2.823107e-04	-1.519603e-04	-8.218524e-05	-3.504297e-04
6.975570e+03	3.662565e-03	-2.021240e-03	-4.911056e-04	-3.101043e-03	-6.318938e-05	-5.593625e-04
6.987960e+03	3.488251e-03	1.366643e-03	7.744104e-05	-3.079856e-03	-2.737368e-05	-4.099682e-04
7.000350e+03	6.580685e-04	3.382674e-03	1.189810e-04	-7.366945e-04	-2.332903e-06	6.069780e-05
7.012740e+03	-2.062153e-03	3.569024e-03	-7.709435e-04	1.894251e-03	-3.836389e-05	1.678499e-04
7.025130e+03	-2.864614e-03	2.123849e-04	-3.189235e-04	2.629914e-03	-6.292876e-05	2.374526e-04
7.037520e+03	-2.003545e-03	-2.054279e-03	-1.632039e-05	1.636081e-03	2.144364e-06	3.587504e-04
7.049910e+03	2.193848e-03	-2.320236e-03	4.836689e-04	-1.689739e-03	1.767785e-05	-5.040345e-04
7.062300e+03	2.420380e-03	4.130668e-04	-3.159439e-04	-2.429352e-03	-4.820883e-05	3.412609e-05
7.074690e+03	1.865683e-03	2.011978e-03	6.132706e-04	-1.814147e-03	-2.056428e-06	-5.270123e-05
7.087080e+03	-6.578667e-04	4.252428e-03	2.952515e-04	4.578555e-04	1.042223e-05	2.009580e-04
7.099470e+03	-3.164627e-03	8.610236e-04	-2.163625e-04	2.591353e-03	-1.710547e-05	5.760487e-04
7.111860e+03	-2.329611e-03	-5.512469e-05	-7.457401e-05	2.137420e-03	-2.174517e-05	2.068619e-04
7.124250e+03	1.221931e-03	-2.195576e-03	-2.634456e-04	-4.662795e-04	6.829476e-06	-7.600976e-04
7.136640e+03	2.383957e-03	-1.024152e-03	7.354091e-04	-1.996668e-03	5.106500e-05	-3.843575e-04
7.149030e+03	1.583798e-03	7.637028e-04	-2.661526e-05	-1.723867e-03	-5.200570e-06	1.475521e-04
7.161420e+03	2.427580e-03	2.496663e-03	1.267164e-04	-1.650903e-03	-1.945312e-05	-7.652405e-04
7.173810e+03	-2.027666e-03	3.737521e-03	-6.533911e-04	1.578937e-03	-3.964200e-05	4.497275e-04
7.186200e+03	-7.422810e-04	8.003565e-04	-5.017780e-04	1.197959e-03	-6.269904e-05	-4.316916e-04
7.198590e+03	-1.948908e-03	-1.503639e-03	6.382975e-04	1.408296e-03	5.889245e-06	5.798396e-04
7.210980e+03	1.238755e-04	-5.084178e-04	-6.194298e-04	-4.332444e-04	-3.380334e-05	2.703532e-04
7.223370e+03	2.276727e-03	5.532090e-04	7.311094e-04	-1.897462e-03	7.983833e-06	-3.774154e-04
7.235760e+03	1.339487e-03	1.758850e-03	1.294918e-04	-1.235703e-03	-5.130407e-06	-1.403266e-04
7.248150e+03	-1.320339e-03	2.091859e-03	-1.011915e-04	7.339375e-04	-4.356389e-05	5.898293e-04
7.260540e+03	-8.202139e-04	1.128323e-03	4.694113e-04	1.029579e-03	9.524228e-07	-2.135494e-04
7.272930e+03	-2.272918e-03	-2.285508e-04	2.130587e-04	1.679194e-03	-9.397579e-06	5.840780e-04
7.285320e+03	1.339470e-04	-1.262193e-03	-5.778666e-04	-6.122317e-05	-2.903098e-05	-8.838415e-05
7.297710e+03	2.631128e-03	-9.505962e-04	2.401283e-04	-1.920463e-03	-2.573275e-05	-7.145970e-04
7.310100e+03	9.396267e-04	1.698473e-03	-6.491004e-04	-1.078207e-03	-2.172312e-05	1.263962e-04
7.322490e+03	1.038902e-03	2.546454e-03	6.007955e-04	-7.397714e-04	-8.663199e-06	-2.749301e-04
7.334880e+03	-1.730796e-03	3.731783e-04	-8.053979e-04	1.109453e-03	-4.857048e-05	6.146271e-04
7.347270e+03	3.835856e-04	1.039726e-03	-9.816827e-04	2.001453e-04	-1.235119e-04	-5.821836e-04
7.359660e+03	5.655232e-05	-1.038077e-04	-2.225802e-04	1.158147e-04	-4.157457e-05	-1.726232e-04
7.372050e+03	-1.128126e-04	-1.239874e-03	-2.548520e-05	-2.607282e-04	3.712257e-06	3.714923e-04
7.384440e+03	2.585905e-03	1.171783e-03	1.052899e-03	-1.827597e-03	3.715881e-05	-7.561528e-04
7.396830e+03	-9.815585e-04	1.896196e-03	-4.889395e-04	3.229449e-04	1.011250e-05	6.549351e-04
7.409220e+03	6.261200e-04	5.010452e-04	-3.150967e-04	-2.258276e-04	-4.787996e-05	-3.976647e-04
7.421610e+03	-1.939373e-03	7.783089e-04	9.666524e-04	1.376180e-03	1.557360e-05	5.617685e-04
7.434000e+03	-1.786360e-04	-8.951276e-04	6.615243e-04	3.212365e-04	3.461926e-05	-1.424069e-04
7.446390e+03	7.855028e-04	7.128860e-05	-4.048036e-04	-5.466062e-04	-5.446990e-06	-2.122193e-04
7.458780e+03	9.280094e-04	-4.048411e-04	2.972358e-04	-9.580658e-04	-1.692363e-05	8.770770e-06
7.471170e+03	4.637138e-04	8.299148e-04	-1.125139e-04	-7.157817e-04	2.245209e-05	2.521126e-04
7.483560e+03	-6.097014e-04	1.343603e-03	1.637151e-06	2.178836e-04	-1.960783e-05	3.929176e-04
7.495950e+03	-3.248252e-04	8.980447e-04	1.341149e-05	3.845990e-04	2.009425e-06	-6.083404e-05
7.508340e+03	2.833857e-04	1.234436e-03	1.643862e-04	1.465495e-04	-3.086535e-06	-4.297933e-04
7.520730e+03	4.422401e-04	-1.266408e-04	3.549779e-05	-1.699103e-04	-7.012277e-06	-2.662433e-04
7.533120e+03	5.041730e-04	-2.193873e-04	-2.274132e-04	-5.678963e-04	-2.678375e-05	7.641872e-05
7.545510e+03	1.286052e-03	8.888814e-04	-2.393690e-04	-1.014034e-03	-8.644978e-06	-2.678065e-04
7.557900e+03	7.891324e-05	2.379671e-03	-2.086621e-04	-1.140597e-04	-3.892156e-05	4.622166e-05
7.570290e+03	-3.073582e-05	2.457373e-04	5.131701e-04	2.084827e-04	6.462480e-06	-1.648344e-04
7.582680e+03	-9.267105e-05	2.647910e-04	-2.134014e-04	2.450482e-04	-8.696413e-06	-1.517934e-04
7.595070e+03	-6.372459e-04	5.756829e-04	2.280058e-04	4.333833e-04	-3.319458e-05	2.037160e-04
7.607460e+03	-2.536068e-04	-8.032114e-05	-3.278168e-04	-6.135348e-05	2.859792e-05	3.141590e-04
7.619850e+03	7.649887e-04	3.218022e-04	3.593523e-04	-7.581238e-04	-1.596060e-05	-6.606024e-06
7.632240e+03	1.270162e-03	1.570052e-03	-2.587101e-04	-8.656744e-04	-1.761681e-05	-4.001823e-04
7.644630e+03	-9.623732e-05	3.301820e-04	2.093006e-04	6.350389e-05	-2.385932e-05	3.155681e-05
7.657020e+03	5.453407e-05	1.191829e-03	1.725386e-04	8.150872e-05	-1.845086e-05	-1.355917e-04
7.669410e+03	1.328245e-06	2.739514e-04	-4.531653e-04	8.914982e-05	-3.644975e-05	-9.226438e-05
7.681800e+03	7.927635e-04	1.894711e-05	4.462762e-04	-5.552438e-04	-2.290982e-05	-2.360643e-04
7.694190e+03	5.101659e-05	-3.413099e-04	1.244961e-04	-3.410062e-04	2.671817e-05	2.897980e-04
7.706580e+03	8.734620e-04	5.793730e-04	3.264213e-04	-7.597852e-04	-6.648015e-06	-1.430113e-04
7.718970e+03	3.864226e-04	1.132881e-03	-4.855226e-04	-2.300229e-04	-2.134577e-05	-1.308859e-04
7.731360e+03	-3.790453e-04	5.877503e-04	3.118764e-04	3.274659e-04	-4.116390e-05	4.604080e-05
7.743750e+03	7.677928e-04	1.389530e-03	-5.537589e-04	-2.309538e-04	-3.221061e-05	-5.368475e-04
7.756140e+03	2.460313e-05	-4.783080e-05	1.508028e-04	-3.046651e-05	-2.300125e-05	2.508829e-05
7.768530e+03	2.433011e-04	1.634101e-04	1.451878e-05	-3.680810e-04	-1.211749e-05	9.643387e-05
7.780920e+03	2.061650e-04	3.958396e-04	-3.968196e-04	-3.840879e-04	-4.626418e-05	1.779154e-04
7.793310e+03	9.430655e-04	5.018262e-04	1.054564e-03	-6.048423e-04	-5.354162e-06	-3.309768e-04
7.805700e+03	4.559901e-04	1.406969e-03	-2.988733e-04	-1.674049e-04	8.479272e-06	-2.888527e-04
7.818090e+03	-6.356426e-04	3.591471e-04	-9.894511e-05	4.780787e-04	-4.199790e-05	1.678437e-04
7.830480e+03	6.629361e-04	-7.073925e-05	1.072741e-04	-3.584033e-04	-3.527168e-06	-2.896108e-04
7.842870e+03	3.132113e-04	-2.916983e-04	-3.099772e-04	-3.913586e-04	-5.900216e-06	9.456325e-05
7.855260e+03	1.113137e-03	3.510444e-04	-9.121867e-05	-8.770701e-04	-1.954946e-05	-2.325302e-04
7.867650e+03	2.807008e-03	1.248597e-03	3.802724e-04	-1.658542e-03	-5.426439e-07	-1.149432e-03
7.880040e+03	-1.560922e-04	2.657475e-04	2.666122e-04	8.249340e-05	3.392370e-06	9.640801e-05
7.892430e+03	-2.475870e-04	5.289927e-04	-1.053923e-04	1.605785e-04	-2.705044e-05	8.458871e-05
7.904820e+03	4.771503e-04	-3.821852e-04	9.576910e-05	-2.404817e-04	-2.521869e-05	-2.365948e-04
7.917210e+03	1.449991e-03	3.280931e-04	1.559960e-04	-9.279956e-04	-1.309992e-05	-5.189951e-04
7.929600e+03	1.079490e-03	6.289491e-04	-1.066005e-04	-8.420872e-04	-5.119785e-06	-2.357668e-04
7.941990e+03	6.180738e-04	4.335218e-04	9.709549e-05	-5.542529e-04	-2.718144e-05	-6.098389e-05
7.954380e+03	6.671925e-05	1.322147e-03	-2.532110e-04	-1.526474e-04	-8.304538e-06	8.275013e-05
7.966770e+03	8.283524e-04	5.905071e-04	-5.441273e-04	-3.434766e-04	-1.272250e-05	-4.848896e-04
7.979160e+03	3.810126e-05	-9.632941e-05	-2.100158e-04	-1.475716e-05	-7.250592e-06	-2.304074e-05
