1.499190e+03	-6.390296e-02	5.427233e-02	2.760560e-05	6.376989e-02	-9.956635e-06	1.074101e-04
1.511580e+03	-7.631885e-02	3.343079e-02	3.126225e-06	7.623937e-02	-3.164189e-06	1.499614e-04
1.523970e+03	-8.255641e-02	1.407846e-02	2.416334e-06	8.225148e-02	7.810758e-06	3.603491e-04
1.536360e+03	-8.305960e-02	-7.414182e-03	1.077715e-05	8.285960e-02	-7.574924e-06	1.945790e-04
1.548750e+03	-7.840496e-02	-2.829983e-02	3.926924e-06	7.820496e-02	-2.370864e-06	1.814347e-04
1.561140e+03	-6.849569e-02	-4.728180e-02	2.817477e-05	6.830154e-02	2.339860e-06	1.994455e-04
1.573530e+03	-5.433627e-02	-6.311283e-02	-9.171886e-07	5.404550e-02	-1.004176e-05	2.848277e-04
1.585920e+03	-3.660680e-02	-7.492304e-02	-6.561575e-06	3.626056e-02	-1.962670e-05	3.402004e-04
1.598310e+03	-1.626243e-02	-8.192331e-02	1.231879e-05	1.589357e-02	1.016268e-06	3.727716e-04
1.610700e+03	5.025204e-03	-8.289004e-02	7.746206e-06	-5.454491e-03	-7.375470e-06	4.227730e-04
1.623090e+03	2.619067e-02	-7.898457e-02	3.103154e-06	-2.659400e-02	-1.727018e-05	4.019502e-04
1.635480e+03	4.547677e-02	-6.966533e-02	8.145744e-06	-4.577371e-02	-2.771229e-06	3.127222e-04
1.647870e+03	6.189577e-02	-5.579515e-02	2.322266e-05	-6.221031e-02	1.800879e-05	3.130079e-04
1.660260e+03	7.451471e-02	-3.799131e-02	1.773127e-05	-7.495220e-02	5.736183e-06	3.987221e-04
1.672650e+03	8.226335e-02	-1.737311e-02	2.786331e-05	-8.276617e-02	1.657367e-05	5.223360e-04
1.685040e+03	8.362794e-02	4.837907e-03	2.210863e-05	-8.409162e-02	2.199678e-05	4.776366e-04
1.697430e+03	7.991554e-02	2.688110e-02	1.565268e-05	-8.017400e-02	3.869735e-05	3.131898e-04
1.709820e+03	7.017288e-02	4.690553e-02	3.508550e-06	-7.044890e-02	1.200735e-05	2.196160e-04
1.722210e+03	5.557127e-02	6.378149e-02	-5.458919e-06	-5.587432e-02	4.621303e-05	2.238589e-04
1.734600e+03	3.687854e-02	7.649750e-02	-1.309107e-05	-3.707613e-02	1.359238e-05	2.149185e-04
1.746990e+03	1.534317e-02	8.372080e-02	-3.789026e-05	-1.554853e-02	4.315399e-05	2.153734e-04
1.759380e+03	-7.594887e-03	8.531504e-02	-3.564102e-05	7.328836e-03	2.127550e-05	2.627623e-04
1.771770e+03	-3.041625e-02	8.077077e-02	-4.583389e-05	3.010725e-02	2.113586e-05	3.146956e-04
1.784160e+03	-5.129189e-02	6.984066e-02	-3.476608e-05	5.103981e-02	5.706356e-06	2.644151e-04
1.796550e+03	-6.871478e-02	5.342901e-02	-3.210075e-05	6.860050e-02	8.349234e-07	1.636943e-04
1.808940e+03	-8.134548e-02	3.280543e-02	-3.964108e-05	8.114743e-02	-4.104865e-06	1.726420e-04
1.821330e+03	-8.772988e-02	9.203123e-03	2.677921e-05	8.762786e-02	-2.515828e-05	1.136378e-04
1.833720e+03	-8.726974e-02	-1.567826e-02	-1.886505e-05	8.716972e-02	-2.074339e-05	1.036750e-04
1.846110e+03	-7.980616e-02	-3.979776e-02	-3.272914e-05	7.971259e-02	-4.116471e-05	6.498991e-05
1.858500e+03	-6.537172e-02	-6.107499e-02	1.164823e-05	6.540089e-02	-3.039881e-05	-1.219964e-05
1.870890e+03	-4.537837e-02	-7.747180e-02	-6.712440e-06	4.548297e-02	-4.747212e-05	-1.191062e-04
1.883280e+03	-2.135458e-02	-8.783969e-02	-1.189894e-05	2.150592e-02	-4.747119e-05	-1.736522e-04
1.895670e+03	4.732392e-03	-8.988720e-02	2.450890e-05	-4.520757e-03	-2.393254e-05	-1.629068e-04
1.908060e+03	3.101774e-02	-8.591941e-02	3.367464e-05	-3.089307e-02	-1.058628e-05	-4.704738e-05
1.920450e+03	5.508789e-02	-7.356784e-02	8.932509e-06	-5.508741e-02	-6.897719e-05	-3.712468e-05
1.932840e+03	7.486442e-02	-5.444483e-02	4.543434e-05	-7.476384e-02	-2.551556e-06	-3.348491e-05
1.945230e+03	8.808682e-02	-2.958342e-02	6.226895e-05	-8.797195e-02	8.517208e-06	-1.459219e-04
1.957620e+03	9.295237e-02	-1.727742e-03	5.951200e-05	-9.275242e-02	-2.982708e-05	-1.816484e-04
1.970010e+03	9.050391e-02	2.687016e-02	5.712044e-05	-9.027959e-02	8.238407e-05	-2.238194e-04
1.982400e+03	7.807173e-02	5.326051e-02	3.754586e-05	-7.771013e-02	6.397547e-05	-3.051536e-04
1.994790e+03	5.827469e-02	7.491423e-02	-1.931364e-05	-5.793430e-02	1.047524e-04	-3.246232e-04
2.007180e+03	3.239108e-02	8.984307e-02	-2.580065e-05	-3.209278e-02	5.491958e-05	-2.748752e-04
2.019570e+03	3.026577e-03	9.563952e-02	-8.701798e-05	-2.737495e-03	6.177265e-05	-2.863018e-04
2.031960e+03	-2.713019e-02	9.204347e-02	-5.685187e-05	2.743202e-02	4.010803e-06	-3.202841e-04
2.044350e+03	-5.469190e-02	7.926030e-02	-7.763722e-05	5.508562e-02	-8.030606e-06	-3.228554e-04
2.056740e+03	-7.738675e-02	5.799472e-02	-5.325205e-05	7.765816e-02	-4.048975e-05	-2.369248e-04
2.069130e+03	-9.260663e-02	3.061331e-02	-5.624467e-05	9.277239e-02	-4.621438e-05	-1.549492e-04
2.081520e+03	-9.698533e-02	-8.950946e-04	-3.473011e-05	9.700918e-02	-5.057379e-05	-5.505628e-05
2.093910e+03	-9.270046e-02	-3.293125e-02	-1.832902e-05	9.276415e-02	-5.381485e-05	-5.729753e-05
2.106300e+03	-7.706850e-02	-6.136346e-02	4.099108e-05	7.708689e-02	-4.984470e-05	-6.857682e-05
2.118690e+03	-5.299672e-02	-8.333890e-02	1.511584e-05	5.308712e-02	-6.741582e-05	-1.401536e-04
2.131080e+03	-2.297231e-02	-9.610017e-02	3.364598e-06	2.317331e-02	-9.344298e-05	-1.768855e-04
2.143470e+03	9.872377e-03	-9.887513e-02	7.948889e-05	-9.730067e-03	-2.128889e-05	-1.368595e-04
2.155860e+03	4.204586e-02	-9.057736e-02	7.688939e-05	-4.197191e-02	-4.707382e-05	-9.683407e-05
2.168250e+03	7.000354e-02	-7.164006e-02	9.693663e-05	-7.005279e-02	-1.945604e-05	3.434791e-06
2.180640e+03	9.053492e-02	-4.415975e-02	1.040477e-04	-9.065275e-02	-1.046767e-05	8.084793e-05
2.193030e+03	1.002387e-01	-1.103296e-02	1.060000e-04	-1.002559e-01	3.284352e-05	1.459105e-04
2.205420e+03	9.808661e-02	2.385424e-02	9.337053e-05	-9.831377e-02	7.138475e-05	2.683106e-04
2.217810e+03	8.457070e-02	5.594097e-02	6.619244e-05	-8.477583e-02	1.677819e-04	2.078236e-04
2.230200e+03	6.075006e-02	8.180145e-02	-1.570673e-05	-6.105336e-02	1.838674e-04	3.045215e-04
2.242590e+03	2.894336e-02	9.798247e-02	-6.178947e-05	-2.924923e-02	1.601135e-04	3.124476e-04
2.254980e+03	-6.786609e-03	1.025071e-01	-1.308108e-04	6.415604e-03	1.303291e-04	3.648245e-04
2.267370e+03	-4.251866e-02	9.456059e-02	-1.681825e-04	4.216572e-02	7.121638e-05	3.704370e-04
2.279760e+03	-7.349234e-02	7.378260e-02	-1.405539e-04	7.313494e-02	-2.511412e-05	3.548330e-04
2.292150e+03	-9.568377e-02	4.315045e-02	-1.583377e-04	9.537311e-02	-6.858463e-05	3.882223e-04
2.304540e+03	-1.056876e-01	6.417988e-03	-1.119107e-04	1.047221e-01	-1.158230e-04	4.488102e-04
2.316930e+03	-1.014369e-01	-3.230117e-02	-8.168206e-05	1.004347e-01	-1.568100e-04	4.584901e-04
2.329320e+03	-8.327131e-02	-6.758110e-02	3.785276e-06	8.268594e-02	-1.430079e-04	6.057116e-04
2.341710e+03	-5.274175e-02	-9.424236e-02	2.438748e-05	5.203531e-02	-1.441570e-04	6.739479e-04
2.354100e+03	-1.384335e-02	-1.069461e-01	4.713252e-05	1.312169e-02	-1.501908e-04	7.120147e-04
2.366490e+03	2.840535e-02	-1.057521e-01	7.859994e-05	-2.924706e-02	-1.510886e-04	8.136834e-04
2.378880e+03	6.787695e-02	-8.767064e-02	1.754112e-04	-6.874818e-02	-3.164321e-05	9.527155e-04
2.391270e+03	9.780935e-02	-5.420340e-02	1.895918e-04	-9.970899e-02	-1.815101e-05	1.078499e-03
2.403660e+03	1.131984e-01	-1.006604e-02	2.099145e-04	-1.143018e-01	1.019766e-04	1.256689e-03
2.416050e+03	1.082683e-01	3.819979e-02	1.542796e-04	-1.092636e-01	1.963191e-04	1.313220e-03
2.428440e+03	8.307632e-02	8.150234e-02	6.845839e-05	-8.457273e-02	3.379737e-04	1.499959e-03
2.440830e+03	4.013683e-02	1.103949e-01	-1.002560e-04	-4.164036e-02	2.914011e-04	1.433560e-03
2.453220e+03	-1.366463e-02	1.184133e-01	-2.212340e-04	1.208376e-02	2.223449e-04	1.567669e-03
2.465610e+03	-6.775522e-02	1.010572e-01	-3.094621e-04	6.615507e-02	6.766647e-05	1.512879e-03
2.478000e+03	-1.096433e-01	5.544202e-02	-2.739817e-04	1.084233e-01	-1.424595e-04	1.343195e-03
2.490390e+03	-1.208625e-01	-8.805027e-03	-1.464176e-04	1.198628e-01	-2.836308e-04	1.014816e-03
2.502780e+03	-9.803389e-02	-7.125482e-02	-3.872219e-06	9.812793e-02	-3.217628e-04	3.187958e-04
2.515170e+03	-4.211548e-02	-1.121188e-01	1.583150e-04	4.244155e-02	-2.459460e-04	-3.334102e-04
2.527560e+03	2.737698e-02	-1.136331e-01	1.516264e-04	-2.607370e-02	-2.481882e-04	-1.316413e-03
2.539950e+03	8.415554e-02	-7.170417e-02	2.979429e-04	-8.212062e-02	1.534663e-05	-2.009817e-03
2.552340e+03	1.016557e-01	-6.936217e-03	2.570668e-04	-9.904642e-02	1.944457e-04	-2.590595e-03
2.564730e+03	5.664560e-02	7.481580e-02	-3.014173e-05	-5.129608e-02	3.840596e-04	-5.343990e-03
2.577120e+03	9.412726e-02	1.315698e-02	1.201160e-04	-1.003905e-01	6.150881e-04	6.121650e-03
2.589510e+03	-2.181130e-02	7.029972e-02	-4.165408e-04	2.389280e-02	2.994874e-04	-2.114762e-03
2.601900e+03	-4.907800e-02	2.943840e-02	-2.855590e-04	5.228009e-02	-2.352852e-04	-3.192612e-03
2.614290e+03	-4.401358e-02	-5.158427e-03	4.611761e-05	4.744394e-02	-3.901163e-04	-3.485775e-03
2.626680e+03	-2.542669e-02	-2.212536e-02	1.890827e-04	2.892907e-02	-2.617913e-04	-3.487490e-03
2.639070e+03	-9.836386e-03	-2.424666e-02	2.296788e-04	1.283035e-02	-1.020729e-04	-2.986604e-03
2.651460e+03	-1.592066e-03	-2.242567e-02	3.492382e-04	3.402034e-03	1.857570e-04	-1.808390e-03
2.663850e+03	4.381023e-03	-2.220428e-02	4.457859e-05	-3.998253e-03	2.477228e-04	-3.845827e-04
2.676240e+03	1.369533e-02	-2.173919e-02	-1.844866e-04	-1.484641e-02	1.949993e-04	1.159760e-03
2.688630e+03	2.552613e-02	-1.454412e-02	-2.740000e-04	-2.781092e-02	2.433440e-05	2.253407e-03
2.701020e+03	3.410000e-02	1.702853e-03	-2.287368e-04	-3.679942e-02	-1.587934e-04	2.639472e-03
2.713410e+03	3.165897e-02	2.429180e-02	-2.676563e-06	-3.396549e-02	-2.479108e-04	2.342760e-03
2.725800e+03	1.318212e-02	4.340570e-02	1.747620e-04	-1.482156e-02	-9.951301e-05	1.650259e-03
2.738190e+03	-1.624150e-02	4.736121e-02	2.057411e-04	1.560152e-02	2.388941e-05	6.562429e-04
2.750580e+03	-4.497059e-02	3.015387e-02	1.546305e-04	4.526050e-02	2.070331e-04	-3.357720e-04
2.762970e+03	-5.600807e-02	-4.096403e-03	3.765360e-05	5.707538e-02	2.106523e-04	-1.131233e-03
2.775360e+03	-4.336113e-02	-4.091431e-02	-1.195231e-04	4.512597e-02	1.348413e-04	-1.699133e-03
2.787750e+03	-8.676010e-03	-6.047992e-02	-1.261792e-04	1.046607e-02	-7.131950e-05	-1.789304e-03
2.800140e+03	3.280896e-02	-5.465524e-02	-1.707233e-05	-3.114175e-02	-1.677342e-04	-1.631076e-03
2.812530e+03	6.008649e-02	-2.305066e-02	1.324055e-04	-5.913251e-02	-1.522767e-04	-1.040487e-03
2.824920e+03	6.096400e-02	2.022593e-02	1.507338e-04	-6.063417e-02	5.178076e-05	-3.215323e-04
2.837310e+03	3.438993e-02	5.448640e-02	9.301384e-05	-3.482746e-02	1.323309e-04	4.174442e-04
2.849700e+03	-7.938964e-03	6.280432e-02	-8.603982e-05	6.984536e-03	1.430035e-04	9.579410e-04
2.862090e+03	-4.687502e-02	4.452195e-02	-2.651500e-04	4.559079e-02	7.495151e-05	1.285497e-03
2.874480e+03	-6.272860e-02	5.457058e-03	-2.073001e-04	6.134978e-02	-8.131578e-05	1.365222e-03
2.886870e+03	-5.288293e-02	-3.547297e-02	-1.777592e-04	5.189261e-02	-2.364046e-04	1.030487e-03
2.899260e+03	-1.827103e-02	-5.901938e-02	-5.753625e-06	1.781484e-02	-2.384861e-04	4.871732e-04
2.911650e+03	2.335373e-02	-5.676462e-02	1.106285e-04	-2.337881e-02	-2.456100e-04	-3.266421e-05
2.924040e+03	5.274317e-02	-2.828548e-02	2.752562e-04	-5.225277e-02	-7.993458e-05	-4.757070e-04
2.936430e+03	5.657432e-02	1.115991e-02	3.221525e-04	-5.597256e-02	9.020760e-05	-5.740647e-04
2.948820e+03	3.462356e-02	4.285225e-02	2.036478e-04	-3.410565e-02	4.007175e-04	-5.341396e-04
2.961210e+03	-1.993010e-04	5.113374e-02	-9.558409e-05	4.653090e-04	4.853793e-04	-2.668245e-04
2.973600e+03	-3.145355e-02	3.621075e-02	-3.321912e-04	3.138277e-02	3.245617e-04	2.924235e-05
2.985990e+03	-4.265142e-02	6.484055e-03	-5.304009e-04	4.254598e-02	-5.603411e-06	1.970926e-04
2.998380e+03	-3.262706e-02	-2.093543e-02	-4.107452e-04	3.241206e-02	-4.248829e-04	2.172358e-04
3.010770e+03	-9.045676e-03	-3.175550e-02	-6.413417e-06	8.952946e-03	-5.744833e-04	1.302881e-04
3.023160e+03	1.243494e-02	-2.467235e-02	3.610501e-04	-1.240911e-02	-5.151540e-04	-5.039301e-05
3.035550e+03	2.006107e-02	-7.485782e-03	6.266323e-04	-1.975950e-02	-1.619630e-04	-2.778406e-04
3.047940e+03	1.388192e-02	6.254450e-03	5.803397e-04	-1.335172e-02	3.056107e-04	-4.903786e-04
3.060330e+03	3.195116e-03	8.050033e-03	2.649715e-04	-2.595160e-03	6.123406e-04	-6.019319e-04
3.072720e+03	-9.096466e-04	1.262100e-03	-2.416411e-04	1.545519e-03	5.949502e-04	-6.447966e-04
3.085110e+03	3.696742e-03	-3.207455e-03	-5.498322e-04	-3.093963e-03	2.782937e-04	-5.936677e-04
3.097500e+03	1.139288e-02	1.075451e-03	-5.681131e-04	-1.096467e-02	-1.762323e-04	-4.802245e-04
3.109890e+03	1.117054e-02	1.321448e-02	-3.218049e-04	-1.086827e-02	-4.861333e-04	-3.456661e-04
3.122280e+03	-1.833623e-03	2.275418e-02	2.768806e-05	2.034495e-03	-5.867860e-04	-1.986655e-04
3.134670e+03	-2.103394e-02	1.878506e-02	3.711092e-04	2.104105e-02	-3.787811e-04	-1.459600e-05
3.147060e+03	-3.309443e-02	-1.285372e-03	5.169143e-04	3.289465e-02	-5.925024e-05	1.512511e-04
3.159450e+03	-2.660827e-02	-2.717366e-02	4.163093e-04	2.636433e-02	2.516193e-04	2.543405e-04
3.171840e+03	-1.008067e-03	-4.188978e-02	1.332749e-04	6.980997e-04	3.730360e-04	3.181501e-04
3.184230e+03	3.086496e-02	-3.435893e-02	-1.040295e-04	-3.117580e-02	3.586444e-04	2.884991e-04
3.196620e+03	4.892201e-02	-4.535290e-03	-2.516725e-04	-4.909207e-02	2.485801e-04	2.353988e-04
3.209010e+03	4.211333e-02	3.271919e-02	-3.545304e-04	-4.228055e-02	1.152101e-04	1.779994e-04
3.221400e+03	9.472831e-03	5.459652e-02	-3.597277e-04	-9.652557e-03	-9.450095e-05	1.118505e-04
3.233790e+03	-3.178089e-02	4.926732e-02	-2.239317e-04	3.167368e-02	-2.812147e-04	1.160000e-04
3.246180e+03	-5.775286e-02	1.608123e-02	-4.591479e-05	5.771728e-02	-3.363706e-04	3.430477e-05
3.258570e+03	-5.503848e-02	-2.815031e-02	1.913835e-04	5.501074e-02	-3.252231e-04	5.173149e-05
3.270960e+03	-2.316541e-02	-5.833532e-02	3.748996e-04	2.315595e-02	-2.081107e-04	2.675719e-05
3.283350e+03	2.266691e-02	-5.934766e-02	4.549454e-04	-2.276030e-02	5.204173e-05	7.988964e-05
3.295740e+03	5.721856e-02	-2.934432e-02	3.462297e-04	-5.732374e-02	3.362465e-04	1.579843e-04
3.308130e+03	6.179945e-02	1.680885e-02	7.668830e-05	-6.203171e-02	5.007830e-04	2.054686e-04
3.320520e+03	3.490420e-02	5.445926e-02	-2.625871e-04	-3.520596e-02	4.536097e-04	2.960150e-04
3.332910e+03	-9.946237e-03	6.316103e-02	-5.686878e-04	9.649201e-03	2.398669e-04	2.948548e-04
3.345300e+03	-4.981102e-02	3.993514e-02	-5.383528e-04	4.940428e-02	-2.284874e-04	3.271930e-04
3.357690e+03	-6.198705e-02	-3.402464e-03	-2.675237e-04	6.178646e-02	-5.569981e-04	2.713289e-04
3.370080e+03	-4.324501e-02	-4.354683e-02	1.465461e-04	4.286476e-02	-5.976741e-04	3.015274e-04
3.382470e+03	-2.087207e-03	-5.766754e-02	4.804618e-04	1.879056e-03	-3.762850e-04	2.387879e-04
3.394860e+03	3.700064e-02	-4.331212e-02	5.874473e-04	-3.720145e-02	-5.862166e-06	1.737862e-04
3.407250e+03	5.203455e-02	-5.817221e-03	3.846476e-04	-5.210000e-02	3.713729e-04	8.868138e-05
3.419640e+03	4.060548e-02	3.179758e-02	4.317793e-05	-4.061247e-02	5.740810e-04	-2.228956e-05
3.432030e+03	7.097419e-03	4.674105e-02	-3.493739e-04	-6.885369e-03	4.652700e-04	-1.983971e-04
3.444420e+03	-2.665837e-02	3.613217e-02	-5.294587e-04	2.691800e-02	1.152756e-04	-2.818058e-04
3.456810e+03	-4.007226e-02	6.068460e-03	-4.837317e-04	4.047226e-02	-2.511988e-04	-4.009758e-04
3.469200e+03	-2.943182e-02	-2.258512e-02	-1.573429e-04	2.983453e-02	-4.917608e-04	-3.799967e-04
3.481590e+03	-3.051302e-03	-3.273531e-02	2.018634e-04	3.397345e-03	-4.896352e-04	-3.446116e-04
3.493980e+03	1.982743e-02	-2.195130e-02	4.589604e-04	-1.960064e-02	-2.028756e-04	-2.304169e-04
3.506370e+03	2.493204e-02	5.118599e-04	4.702608e-04	-2.483201e-02	1.627486e-04	-9.152772e-05
3.518760e+03	1.403740e-02	1.726127e-02	2.313973e-04	-1.404680e-02	4.441526e-04	-4.503806e-05
3.531150e+03	-4.611405e-03	1.858212e-02	-1.184744e-04	4.575212e-03	4.487281e-04	2.713698e-05
3.543540e+03	-1.539852e-02	6.548882e-03	-3.679163e-04	1.539852e-02	2.122227e-04	1.173974e-05
3.555930e+03	-1.271403e-02	-8.541410e-03	-3.799752e-04	1.271798e-02	-6.449825e-05	9.958839e-06
3.568320e+03	7.488324e-04	-1.409620e-02	-1.698221e-04	-7.286589e-04	-2.927974e-04	-1.330769e-05
3.580710e+03	1.244641e-02	-6.604859e-03	7.120552e-05	-1.239764e-02	-3.241497e-04	-3.563467e-05
3.593100e+03	1.281209e-02	7.822606e-03	2.605974e-04	-1.271199e-02	-1.397888e-04	-9.847651e-05
3.605490e+03	1.210918e-03	1.608189e-02	2.342762e-04	-1.117322e-03	5.284236e-05	-9.241487e-05
3.617880e+03	-1.524354e-02	1.097573e-02	1.253134e-04	1.141488e-02	1.536953e-04	-1.366201e-04
3.630270e+03	-2.070548e-02	-5.901716e-03	-8.338280e-06	2.090548e-02	1.746346e-04	-1.921845e-04
3.642660e+03	-1.202474e-02	-2.053595e-02	-1.085255e-04	1.222623e-02	6.509408e-05	-2.007990e-04
3.655050e+03	7.619212e-03	-2.469942e-02	-1.079959e-04	-7.449585e-03	-5.117689e-05	-1.688838e-04
3.667440e+03	2.536368e-02	-1.253618e-02	-4.642274e-05	-2.526632e-02	-1.079762e-04	-1.294677e-04
3.679830e+03	2.781012e-02	1.041284e-02	4.190485e-05	-2.770989e-02	-2.697270e-05	-7.980637e-05
3.692220e+03	1.308529e-02	2.914487e-02	1.692804e-05	-1.309776e-02	-1.385480e-05	1.370064e-05
3.704610e+03	-1.298490e-02	3.088437e-02	-3.479241e-05	1.290173e-02	5.236871e-05	8.227430e-05
3.717000e+03	-3.240837e-02	1.375383e-02	-4.037842e-05	3.230837e-02	1.525403e-05	8.258323e-05
3.729390e+03	-3.375327e-02	-1.417501e-02	-6.434729e-05	3.370490e-02	-2.864991e-05	7.506030e-05
3.741780e+03	-1.465399e-02	-3.520748e-02	-2.887058e-05	1.455315e-02	-9.622595e-05	4.906104e-05
3.754170e+03	1.508101e-02	-3.646206e-02	3.756448e-05	-1.510548e-02	-9.866434e-05	4.696128e-05
3.766560e+03	3.776181e-02	-1.535754e-02	1.119036e-04	-3.776152e-02	-5.560798e-05	-3.540063e-06
3.778950e+03	3.869101e-02	1.558100e-02	9.432046e-05	-3.869064e-02	5.642019e-05	2.516001e-05
3.791340e+03	1.626030e-02	3.925415e-02	4.653308e-05	-1.627606e-02	1.328478e-04	2.175724e-05
3.803730e+03	-1.578465e-02	3.974560e-02	-7.501467e-05	1.568280e-02	1.426611e-04	1.006910e-04
3.816120e+03	-3.952057e-02	1.709582e-02	-1.491747e-04	3.942057e-02	8.225052e-05	9.858885e-05
3.828510e+03	-3.988440e-02	-1.591550e-02	-1.551715e-04	3.978440e-02	-6.282647e-05	9.522939e-05
3.840900e+03	-1.773456e-02	-3.899013e-02	-6.599175e-05	1.764898e-02	-1.669660e-04	7.937081e-05
3.853290e+03	1.523384e-02	-3.959546e-02	7.296919e-05	-1.533256e-02	-1.834565e-04	7.336364e-05
3.865680e+03	3.822010e-02	-1.781292e-02	1.791989e-04	-3.821872e-02	-9.809825e-05	3.249087e-05
3.878070e+03	3.896006e-02	1.445064e-02	1.910716e-04	-3.896006e-02	4.300845e-05	9.782339e-06
3.890460e+03	1.746679e-02	3.708316e-02	1.023226e-04	-1.746675e-02	1.788082e-04	4.169879e-05
3.902850e+03	-1.368672e-02	3.778387e-02	-6.678660e-05	1.362446e-02	1.994943e-04	4.636139e-05
3.915240e+03	-3.574320e-02	1.633352e-02	-1.780075e-04	3.564274e-02	1.008715e-04	8.328187e-05
3.927630e+03	-3.584687e-02	-1.302978e-02	-1.286836e-04	3.574726e-02	-5.127319e-05	1.105061e-04
3.940020e+03	-1.471411e-02	-3.340124e-02	-8.944376e-05	1.459772e-02	-1.471225e-04	1.258038e-04
3.952410e+03	1.262422e-02	-3.257564e-02	3.653542e-05	-1.280678e-02	-1.737172e-04	1.714240e-04
3.964800e+03	3.048366e-02	-1.263345e-02	1.227166e-04	-3.054812e-02	-8.410233e-05	8.417384e-05
3.977190e+03	2.861411e-02	1.260674e-02	1.569697e-04	-2.871433e-02	-2.795134e-06	2.413894e-05
3.989580e+03	1.019711e-02	2.736623e-02	6.400808e-05	-1.018269e-02	1.444709e-04	-4.822804e-06
4.001970e+03	-1.265629e-02	2.463397e-02	-1.738880e-05	1.264912e-02	1.062726e-04	-3.643589e-05
4.014360e+03	-2.422071e-02	7.323994e-03	-1.030593e-04	2.432104e-02	1.093249e-04	-8.925129e-05
4.026750e+03	-2.046871e-02	-1.276010e-02	-1.190602e-04	2.056871e-02	-5.433267e-06	-6.139366e-05
4.039140e+03	-4.063869e-03	-2.155198e-02	-4.306124e-05	4.163869e-03	-7.437851e-05	-1.066167e-04
4.051530e+03	1.297096e-02	-1.644066e-02	-5.697011e-06	-1.285548e-02	-9.345117e-05	-9.022361e-05
4.063920e+03	1.913782e-02	-1.050210e-03	5.160276e-05	-1.913787e-02	-2.659931e-05	-5.871032e-05
4.076310e+03	1.239390e-02	1.314860e-02	5.175920e-05	-1.237492e-02	6.881698e-06	-2.630483e-05
4.088700e+03	-1.753850e-03	1.659450e-02	4.874767e-07	1.733641e-03	5.494305e-05	2.136241e-05
4.101090e+03	-1.297732e-02	8.669331e-03	-1.137211e-05	1.297793e-02	3.486350e-05	5.497276e-05
4.113480e+03	-1.380341e-02	-4.274912e-03	-5.207399e-06	1.371335e-02	3.378891e-05	7.541964e-05
4.125870e+03	-5.211279e-03	-1.246721e-02	-1.465195e-05	5.114954e-03	-7.351994e-06	9.654213e-05
4.138260e+03	6.374269e-03	-1.116965e-02	-3.018157e-05	-6.462123e-03	-2.296656e-05	8.423397e-05
4.150650e+03	1.188355e-02	-1.922936e-03	1.904644e-05	-1.188356e-02	1.936728e-05	4.879514e-05
4.163040e+03	8.778471e-03	8.604918e-03	-2.272630e-05	-8.771695e-03	2.278641e-05	-4.218401e-06
4.175430e+03	-1.241604e-03	1.189857e-02	-8.795243e-05	1.262855e-03	3.388594e-05	-2.180429e-05
4.187820e+03	-1.053584e-02	6.458014e-03	-4.169612e-05	1.062513e-02	-5.874653e-05	-4.101831e-05
4.200210e+03	-1.182407e-02	-4.146181e-03	4.890633e-06	1.192285e-02	-5.954044e-05	-8.961065e-05
4.212600e+03	-4.466331e-03	-1.217144e-02	3.899191e-05	4.501420e-03	-6.686191e-05	-3.143580e-05
4.224990e+03	6.553983e-03	-1.173407e-02	7.147536e-05	-6.534421e-03	-6.198800e-06	-1.911050e-05
4.237380e+03	1.345299e-02	-2.920050e-03	6.481942e-05	-1.351596e-02	5.842304e-05	-2.055107e-06
4.249770e+03	1.161957e-02	8.660188e-03	-2.471132e-05	-1.171999e-02	8.155436e-05	7.752521e-05
4.262160e+03	1.608722e-03	1.450996e-02	-7.856687e-05	-1.659506e-03	6.184768e-05	5.792236e-05
4.274550e+03	-1.046938e-02	1.163270e-02	-1.066032e-04	1.037192e-02	3.506972e-06	8.648787e-05
4.286940e+03	-1.574204e-02	5.396945e-04	-1.195660e-04	1.564202e-02	-8.823773e-05	1.079409e-04
4.299330e+03	-1.173759e-02	-1.185837e-02	-1.276937e-05	1.164983e-02	-1.257914e-04	8.373254e-05
4.311720e+03	4.910847e-04	-1.684670e-02	1.113925e-04	-5.388560e-04	-1.109405e-04	5.062582e-05
4.324110e+03	1.309056e-02	-1.163677e-02	1.146409e-04	-1.317404e-02	-3.592586e-05	4.490141e-05
4.336500e+03	1.769865e-02	1.355462e-03	9.637663e-05	-1.779860e-02	1.161851e-04	1.274505e-05
4.348890e+03	1.153732e-02	1.408161e-02	4.228309e-06	-1.151570e-02	1.299477e-04	-2.290752e-05
4.361280e+03	-2.144831e-03	1.798176e-02	-1.390680e-04	2.156196e-03	1.144731e-04	-1.752383e-06
4.373670e+03	-1.477371e-02	1.117414e-02	-1.505468e-04	1.477331e-02	1.255963e-05	-2.133808e-06
4.386060e+03	-1.779520e-02	-2.925836e-03	-7.271254e-05	1.779520e-02	-9.758195e-05	7.810885e-06
4.398450e+03	-1.060685e-02	-1.506667e-02	-3.791230e-05	1.060271e-02	-1.777018e-04	2.773051e-05
4.410840e+03	3.649190e-03	-1.765468e-02	1.183472e-04	-3.682008e-03	-1.285841e-04	3.678317e-05
4.423230e+03	1.534529e-02	-9.979000e-03	1.580394e-04	-1.543257e-02	-1.305505e-05	5.274559e-05
4.435620e+03	1.742342e-02	4.319888e-03	1.131614e-04	-1.742190e-02	1.022247e-04	4.574526e-05
4.448010e+03	9.139898e-03	1.565213e-02	2.989356e-05	-9.230718e-03	1.482976e-04	8.189801e-05
4.460400e+03	-4.937181e-03	1.709145e-02	-1.063487e-04	4.879158e-03	1.422624e-04	6.528846e-05
4.472790e+03	-1.580516e-02	8.200733e-03	-1.362771e-04	1.569794e-02	-5.615694e-07	5.391215e-05
4.485180e+03	-1.660465e-02	-5.425491e-03	-1.582528e-04	1.660445e-02	-1.125315e-04	2.505789e-05
4.497570e+03	-7.330598e-03	-1.555461e-02	-4.137786e-06	7.339212e-03	-1.748254e-04	-5.696296e-06
4.509960e+03	5.902333e-03	-1.584669e-02	1.029726e-04	-5.895055e-03	-1.362614e-04	-8.357325e-06
4.522350e+03	1.520030e-02	-6.263911e-03	1.606692e-04	-1.520041e-02	-3.077185e-05	-3.687524e-05
4.534740e+03	1.468170e-02	6.443120e-03	1.105685e-04	-1.468207e-02	1.102519e-04	-4.748642e-05
4.547130e+03	5.052125e-03	1.456209e-02	-5.133571e-06	-5.027667e-03	1.524317e-04	-3.547562e-05
4.559520e+03	-6.761544e-03	1.320490e-02	-1.019704e-04	6.768571e-03	1.025738e-04	7.828021e-06
4.571910e+03	-1.364690e-02	3.873800e-03	-1.604816e-04	1.366989e-02	8.776735e-07	-5.245510e-06
4.584300e+03	-1.177051e-02	-7.106209e-03	-1.083785e-04	1.176988e-02	-1.237380e-04	2.244714e-05
4.596690e+03	-2.561112e-03	-1.260387e-02	1.809026e-05	2.535384e-03	-1.448916e-04	2.140409e-05
4.609080e+03	7.437906e-03	-1.014920e-02	1.095268e-04	-7.476402e-03	-8.741940e-05	3.874602e-05
4.621470e+03	1.152313e-02	-1.199804e-03	1.281088e-04	-1.159538e-02	1.805918e-05	4.019857e-05
4.633860e+03	8.465731e-03	7.684769e-03	1.052031e-04	-8.466327e-03	1.087783e-04	-8.735788e-06
4.646250e+03	-1.647013e-05	1.068220e-02	-4.510432e-05	-3.494955e-05	1.306352e-04	4.682785e-05
4.658640e+03	-7.934337e-03	6.928594e-03	-1.025530e-04	7.923010e-03	7.120929e-05	6.835992e-06
4.671030e+03	-9.816687e-03	-1.246322e-03	-1.277948e-04	9.821384e-03	-1.963577e-05	-2.253504e-06
4.683420e+03	-5.293223e-03	-8.028745e-03	-5.627854e-05	5.321641e-03	-1.009963e-04	-3.187663e-05
4.695810e+03	2.422133e-03	-8.897152e-03	3.187570e-05	-2.370037e-03	-1.420423e-04	-5.056890e-05
4.708200e+03	8.174605e-03	-3.684052e-03	9.580352e-05	-8.124613e-03	-5.461680e-05	-5.170585e-05
4.720590e+03	7.885587e-03	3.584270e-03	1.424745e-04	-7.851701e-03	3.985791e-05	-3.909860e-05
4.732980e+03	2.106749e-03	8.026410e-03	6.296295e-05	-2.078423e-03	1.100629e-04	-2.249136e-05
4.745370e+03	-4.586541e-03	6.646662e-03	-3.517561e-05	4.587784e-03	1.433774e-04	-5.075544e-06
4.757760e+03	-7.847112e-03	7.042465e-04	-1.500653e-04	7.824946e-03	6.765474e-05	2.551463e-05
4.770150e+03	-5.538842e-03	-5.479535e-03	-1.296287e-04	5.468736e-03	-3.626105e-05	5.980556e-05
4.782540e+03	6.239888e-04	-7.399889e-03	-6.453226e-05	-6.534965e-04	-1.098453e-04	2.755699e-05
4.794930e+03	6.162295e-03	-4.500093e-03	2.296003e-05	-6.181990e-03	-1.364956e-04	2.350637e-05
4.807320e+03	7.254516e-03	1.880007e-03	1.019445e-04	-7.269091e-03	-8.137076e-05	1.577996e-05
4.819710e+03	3.438695e-03	6.813113e-03	1.273066e-04	-3.440371e-03	2.233199e-05	3.194922e-06
4.832100e+03	-2.996246e-03	7.023858e-03	6.354199e-05	2.997153e-03	7.866769e-05	-1.440036e-06
4.844490e+03	-7.305864e-03	2.488665e-03	-3.704293e-05	7.298846e-03	1.294797e-04	4.282011e-06
4.856880e+03	-6.802526e-03	-3.981651e-03	-1.012057e-04	6.822442e-03	5.874860e-05	-1.860915e-05
4.869270e+03	-1.451199e-03	-7.708799e-03	-9.754337e-05	1.480629e-03	-6.257302e-06	-3.217345e-05
4.881660e+03	4.713403e-03	-6.366680e-03	-6.671217e-05	-4.669622e-03	-9.706613e-05	-4.375457e-05
4.894050e+03	7.888415e-03	-5.891748e-04	-1.373105e-05	-7.877351e-03	-9.566662e-05	-9.310108e-06
4.906440e+03	5.850198e-03	5.628828e-03	5.103256e-05	-5.829259e-03	-6.683115e-05	-1.847512e-05
4.918830e+03	-1.872543e-04	8.053746e-03	8.688822e-05	1.590936e-04	1.054955e-05	2.678751e-05
4.931220e+03	-6.171196e-03	5.357694e-03	4.280211e-05	6.132374e-03	3.826025e-05	3.520277e-05
4.943610e+03	-8.118587e-03	-8.711188e-04	-2.718487e-06	8.068408e-03	7.316321e-05	5.415983e-05
4.956000e+03	-4.850912e-03	-6.583019e-03	-3.643514e-05	4.776643e-03	4.865763e-05	7.218511e-05
4.968390e+03	1.536704e-03	-7.869571e-03	-5.155941e-05	-1.566514e-03	-9.042892e-06	2.975553e-05
4.980780e+03	6.792238e-03	-4.188212e-03	-5.623261e-05	-6.822238e-03	-3.555075e-05	2.435979e-05
4.993170e+03	7.457247e-03	2.063179e-03	1.097357e-06	-7.460274e-03	-5.615819e-05	-6.769860e-07
5.005560e+03	3.545922e-03	6.862757e-03	1.414560e-05	-3.538857e-03	-2.077886e-05	-7.207532e-06
5.017950e+03	-2.618401e-03	7.024586e-03	1.811469e-05	2.645379e-03	-1.122976e-05	-2.724887e-05
5.030340e+03	-6.787070e-03	2.843864e-03	3.264047e-05	6.823131e-03	5.109747e-06	-3.741480e-05
5.042730e+03	-6.513291e-03	-3.150032e-03	6.850047e-06	6.559223e-03	1.211258e-05	-4.170060e-05
5.055120e+03	-2.200098e-03	-6.665973e-03	-2.872404e-05	2.205071e-03	-1.070459e-05	-7.507868e-06
5.067510e+03	3.493337e-03	-6.038679e-03	-4.406580e-06	-3.495495e-03	-1.651025e-05	2.319834e-07
5.079900e+03	6.499349e-03	-1.586794e-03	-1.845944e-05	-6.485619e-03	-2.070371e-05	-1.631907e-05
5.092290e+03	5.536267e-03	3.741198e-03	1.825465e-05	-5.560283e-03	-1.265795e-05	3.558546e-05
5.104680e+03	1.002764e-03	6.335582e-03	-2.233726e-05	-1.032704e-03	-1.300355e-05	2.530038e-05
5.117070e+03	-3.952175e-03	4.928927e-03	1.711044e-05	3.881391e-03	1.279621e-06	6.148672e-05
5.129460e+03	-6.049954e-03	4.251549e-04	-1.189896e-05	6.009951e-03	-9.895986e-06	3.690308e-05
5.141850e+03	-4.216594e-03	-4.013269e-03	6.661865e-06	4.153208e-03	-8.231057e-07	5.755320e-05
5.154240e+03	1.202602e-04	-5.493518e-03	-1.343346e-05	-1.449015e-04	-4.367046e-07	2.503702e-05
5.166630e+03	4.074290e-03	-3.537471e-03	-1.543969e-05	-4.100764e-03	4.144352e-06	2.844853e-05
5.179020e+03	4.963537e-03	6.669663e-04	-1.087441e-05	-4.960000e-03	-9.113859e-06	-9.562287e-06
5.191410e+03	2.872864e-03	4.030779e-03	8.752122e-06	-2.805182e-03	-2.582868e-05	-6.147721e-05
5.203800e+03	-1.077639e-03	4.549637e-03	1.988766e-06	1.129409e-03	-5.788023e-06	-4.772945e-05
5.216190e+03	-3.955990e-03	2.165169e-03	8.833121e-06	4.024141e-03	-1.438287e-05	-6.944244e-05
5.228580e+03	-4.025981e-03	-1.521350e-03	1.878329e-05	4.070438e-03	3.138643e-06	-4.095874e-05
5.240970e+03	-1.601129e-03	-3.838227e-03	1.061858e-05	1.609042e-03	6.652461e-06	-2.860049e-06
5.253360e+03	1.849654e-03	-3.611326e-03	-8.854961e-06	-1.880169e-03	9.013037e-06	3.524301e-05
5.265750e+03	3.718740e-03	-9.472671e-04	-2.549952e-05	-3.788695e-03	1.177228e-05	6.816713e-05
5.278140e+03	3.051177e-03	2.137145e-03	9.063172e-07	-3.115297e-03	-1.671731e-06	6.293872e-05
5.290530e+03	3.821521e-04	3.572932e-03	-1.184306e-05	-4.666787e-04	-1.851291e-05	8.266087e-05
5.302920e+03	-2.343617e-03	2.653692e-03	1.776472e-05	2.307158e-03	-6.291338e-06	3.730944e-05
5.315310e+03	-3.355845e-03	-3.080357e-05	-5.551741e-07	3.354971e-03	1.269313e-05	-4.507836e-07
5.327700e+03	-2.181211e-03	-2.467997e-03	-4.870265e-06	2.174808e-03	-1.159504e-05	5.809914e-06
5.340090e+03	4.556707e-04	-3.047879e-03	5.081786e-06	-4.423096e-04	5.774395e-06	-1.255085e-05
5.352480e+03	2.540429e-03	-1.700471e-03	-1.916161e-05	-2.472259e-03	-2.482490e-06	-6.312669e-05
5.364870e+03	2.837109e-03	8.107336e-04	-5.085999e-06	-2.797341e-03	-5.569941e-06	-3.717219e-05
5.377260e+03	1.323970e-03	2.599480e-03	-1.812627e-05	-1.273949e-03	-2.613033e-05	-5.225207e-05
5.389650e+03	-1.153962e-03	2.614692e-03	-3.087747e-06	1.171993e-03	1.067905e-05	-2.015288e-05
5.402040e+03	-2.696742e-03	8.181360e-04	7.439167e-06	2.687391e-03	-2.396693e-05	1.293229e-05
5.414430e+03	-2.324216e-03	-1.398600e-03	3.400186e-06	2.293796e-03	-1.017065e-05	2.980816e-05
5.426820e+03	-5.308116e-04	-2.581856e-03	1.460708e-05	4.921981e-04	7.954804e-06	3.695776e-05
5.439210e+03	1.563815e-03	-2.107115e-03	-3.237684e-06	-1.628869e-03	8.950688e-06	6.525584e-05
5.451600e+03	2.439962e-03	-1.604705e-04	-1.305814e-05	-2.476904e-03	1.310373e-05	4.049200e-05
5.463990e+03	1.769518e-03	1.664434e-03	-1.097888e-05	-1.807868e-03	-4.220947e-07	4.557069e-05
5.476380e+03	-1.105539e-04	2.304137e-03	-2.509654e-05	9.637591e-05	-2.209852e-05	1.404446e-05
5.488770e+03	-1.751207e-03	1.494160e-03	-1.172601e-06	1.761324e-03	-1.808273e-05	-8.657770e-06
5.501160e+03	-2.142597e-03	-3.835919e-04	1.324479e-05	2.165207e-03	-2.864441e-05	-2.486365e-05
5.513550e+03	-1.091829e-03	-1.797590e-03	1.235366e-05	1.136341e-03	-9.501017e-06	-3.981747e-05
5.525940e+03	5.679686e-04	-2.003981e-03	3.045547e-05	-5.537332e-04	-1.437913e-06	-1.823290e-05
5.538330e+03	1.875385e-03	-8.728807e-04	3.651393e-06	-1.856090e-03	3.137152e-05	-1.945288e-05
5.550720e+03	1.823847e-03	8.041673e-04	-9.154806e-06	-1.813187e-03	1.281511e-05	-1.179290e-05
5.563110e+03	5.705372e-04	1.804499e-03	-1.300365e-05	-5.638522e-04	1.335775e-05	-3.903851e-06
5.575500e+03	-8.804455e-04	1.585397e-03	-3.606470e-05	8.745904e-04	-1.396125e-05	2.414801e-06
5.587890e+03	-1.671218e-03	3.430577e-04	-8.050335e-06	1.648819e-03	-3.686141e-05	1.634734e-05
5.600280e+03	-1.324948e-03	-9.550982e-04	1.195485e-06	1.264025e-03	-3.662799e-05	5.874971e-05
5.612670e+03	-1.374162e-04	-1.456461e-03	3.482507e-05	1.052826e-04	-1.088094e-05	3.466368e-05
5.625060e+03	9.856290e-04	-1.005372e-03	5.094105e-05	-1.048138e-03	-1.710682e-07	6.097884e-05
5.637450e+03	1.247458e-03	1.103898e-04	2.192343e-05	-1.301972e-03	3.176786e-05	4.711090e-05
5.649840e+03	7.372461e-04	9.888784e-04	-1.786774e-06	-7.539608e-04	6.778170e-06	1.635113e-05
5.662230e+03	-2.462977e-04	1.166105e-03	-4.140057e-05	2.615818e-04	3.413214e-05	-1.719334e-05
5.674620e+03	-1.001483e-03	4.874106e-04	-2.757410e-05	1.070013e-03	5.225994e-06	-6.612807e-05
5.687010e+03	-9.371981e-04	-4.230191e-04	-2.334075e-05	9.817508e-04	-4.593308e-05	-4.399408e-05
5.699400e+03	-2.327043e-04	-9.298331e-04	7.492070e-06	2.755108e-04	-3.731604e-05	-4.237869e-05
5.711790e+03	5.346159e-04	-7.238856e-04	3.186064e-05	-5.113125e-04	-1.139531e-05	-2.271268e-05
5.724180e+03	8.048928e-04	-1.523155e-05	3.359971e-05	-8.097225e-04	1.398880e-05	1.820965e-06
5.736570e+03	5.737315e-04	5.932544e-04	1.614306e-06	-6.062394e-04	1.862208e-05	2.803108e-05
5.748960e+03	-2.200783e-04	7.567649e-04	-1.609134e-05	1.955719e-04	2.540340e-05	2.603060e-05
5.761350e+03	-6.497516e-04	3.402133e-04	-1.496964e-05	6.232394e-04	1.201775e-05	2.652550e-05
5.773740e+03	-6.359916e-04	-3.254298e-04	-2.521772e-05	6.127388e-04	-7.671147e-06	2.285057e-05
5.786130e+03	-1.654749e-04	-6.646204e-04	-1.110832e-05	1.348547e-04	-4.228532e-05	3.060241e-05
5.798520e+03	4.521756e-04	-4.666867e-04	1.110456e-05	-4.743885e-04	-1.074990e-05	1.975222e-05
5.810910e+03	6.491039e-04	6.108570e-05	2.170450e-05	-6.548463e-04	-1.968077e-05	4.544584e-06
5.823300e+03	3.507591e-04	5.581885e-04	2.686495e-05	-3.484442e-04	2.205131e-05	-2.420532e-06
5.835690e+03	-2.256932e-04	6.736175e-04	-9.364959e-06	2.340953e-04	3.327337e-05	-8.307349e-06
5.848080e+03	-6.821599e-04	2.099720e-04	-3.261410e-05	6.963141e-04	1.221601e-05	-1.343094e-05
5.860470e+03	-5.959687e-04	-3.424490e-04	-1.102352e-05	6.183459e-04	6.423648e-06	-2.287913e-05
5.872860e+03	-9.373836e-05	-6.849473e-04	-2.975720e-05	1.196389e-04	-2.184041e-05	-2.456384e-05
5.885250e+03	5.188929e-04	-5.834231e-04	-7.793511e-06	-4.926458e-04	-5.907462e-05	-2.619161e-05
5.897640e+03	6.820541e-04	2.862084e-05	2.927268e-05	-6.855351e-04	-3.846823e-05	6.179443e-06
5.910030e+03	4.045491e-04	6.130442e-04	4.139436e-05	-4.311315e-04	1.890075e-05	2.686117e-05
5.922420e+03	-1.981807e-04	7.272837e-04	2.147526e-05	1.657036e-04	3.226949e-05	3.190537e-05
5.934810e+03	-6.749213e-04	3.524274e-04	-6.456756e-06	6.446361e-04	4.200655e-05	2.979603e-05
5.947200e+03	-7.645282e-04	-3.272807e-04	-2.941710e-05	7.330022e-04	2.557396e-05	3.082279e-05
5.959590e+03	-2.759252e-04	-7.661923e-04	-4.528281e-05	2.582979e-04	-3.105073e-05	1.783970e-05
5.971980e+03	4.120216e-04	-7.129600e-04	-3.252929e-05	-4.019977e-04	-2.972995e-05	-1.062812e-05
5.984370e+03	8.097909e-04	-2.008235e-04	1.121436e-05	-7.937121e-04	-4.752867e-05	-1.609749e-05
5.996760e+03	7.284405e-04	4.491766e-04	3.190293e-05	-7.209261e-04	-3.554207e-05	-1.054500e-05
6.009150e+03	1.290559e-04	8.165505e-04	3.816512e-05	-1.048030e-04	1.042822e-05	-2.357879e-05
6.021540e+03	-5.260900e-04	5.890110e-04	2.778146e-05	5.314011e-04	2.966400e-05	-6.010441e-06
6.033930e+03	-7.650392e-04	-2.099936e-05	3.144033e-06	7.771139e-04	3.383067e-05	-1.167169e-05
6.046320e+03	-5.296984e-04	-5.870494e-04	-3.223385e-05	5.215139e-04	3.185163e-05	5.854015e-06
6.058710e+03	1.071631e-04	-7.455344e-04	-4.736334e-05	-1.219608e-04	-2.759795e-06	1.481096e-05
6.071100e+03	6.691481e-04	-4.521288e-04	-2.785936e-05	-6.700394e-04	-3.161251e-05	1.340657e-06
6.083490e+03	7.739126e-04	1.605209e-04	1.940357e-06	-7.818435e-04	-3.482775e-05	7.999162e-06
6.095880e+03	2.593667e-04	6.649460e-04	1.685538e-05	-2.564498e-04	-1.923489e-05	8.495962e-08
6.108270e+03	-2.106751e-04	7.784977e-04	3.735845e-05	1.910798e-04	3.650857e-06	1.767394e-05
6.120660e+03	-6.719634e-04	3.186146e-04	7.653726e-06	6.497574e-04	4.598778e-05	2.070405e-05
6.133050e+03	-6.940151e-04	-2.381865e-04	-1.293464e-05	6.826521e-04	1.432034e-05	1.132575e-05
6.145440e+03	-2.006520e-04	-6.659316e-04	-1.611539e-05	1.985982e-04	1.260037e-05	2.858185e-06
6.157830e+03	2.725725e-04	-5.660800e-04	-2.795524e-05	-2.828272e-04	-1.835715e-06	1.204571e-05
6.170220e+03	6.312019e-04	-1.298824e-04	-2.271048e-05	-6.344677e-04	-2.403340e-05	2.895926e-06
6.182610e+03	5.322561e-04	3.566102e-04	6.411397e-06	-5.350248e-04	-2.669860e-05	1.992927e-06
6.195000e+03	1.209420e-04	6.300624e-04	2.370842e-05	-1.089178e-04	-2.317127e-05	-1.130309e-05
6.207390e+03	-3.587317e-04	5.064243e-04	1.235834e-05	3.712913e-04	1.256606e-05	-1.559052e-05
6.219780e+03	-5.859586e-04	6.423513e-05	1.469267e-05	6.104728e-04	2.099607e-05	-2.298549e-05
6.232170e+03	-4.375034e-04	-3.412583e-04	-1.844666e-05	4.452531e-04	3.005717e-05	-9.921120e-06
6.244560e+03	-1.998751e-05	-5.328220e-04	-4.219917e-05	2.773866e-05	1.641373e-05	-6.591434e-06
6.256950e+03	3.189287e-04	-3.400234e-04	-3.120001e-05	-3.489882e-04	-2.354999e-05	3.519785e-05
6.269340e+03	4.597659e-04	5.642490e-05	-1.408944e-05	-4.776787e-04	-3.785422e-05	1.426082e-05
6.281730e+03	2.509863e-04	3.217734e-04	3.850927e-06	-2.761108e-04	-2.568091e-05	2.569373e-05
6.294120e+03	-7.829961e-05	4.159092e-04	3.250557e-05	3.680828e-05	-2.931677e-05	4.017436e-05
6.306510e+03	-3.299385e-04	2.261094e-04	3.988273e-05	3.127996e-04	-1.293329e-06	1.737114e-05
6.318900e+03	-3.747136e-04	-9.365363e-05	2.590927e-05	3.670815e-04	2.584053e-05	8.199205e-06
6.331290e+03	-1.670074e-04	-2.285486e-04	-2.478795e-05	1.767204e-04	4.929080e-05	-9.145257e-06
6.343680e+03	1.041958e-04	-3.318148e-04	-3.333356e-05	-9.014787e-05	1.864926e-05	-1.261368e-05
6.356070e+03	2.467046e-04	-1.043480e-04	-3.160320e-05	-2.417435e-04	-1.469813e-05	-4.451105e-06
6.368460e+03	2.798014e-04	1.016291e-04	-3.037458e-05	-2.681075e-04	-2.720856e-05	-1.164090e-05
6.380850e+03	1.182455e-04	2.406766e-04	-4.471878e-06	-1.107952e-04	-3.994648e-05	-7.902873e-06
6.393240e+03	-9.045276e-05	2.233204e-04	2.606162e-05	8.913017e-05	-2.694741e-05	1.571981e-06
6.405630e+03	-1.760823e-04	1.181510e-04	2.962393e-05	1.717376e-04	-1.446802e-05	4.909074e-06
6.418020e+03	-1.929346e-04	-4.168488e-05	1.671335e-05	1.762861e-04	2.222491e-05	1.382717e-05
6.430410e+03	-1.074579e-04	-6.192237e-05	5.618317e-06	1.003840e-04	4.047286e-05	7.854362e-06
6.442800e+03	-1.805416e-05	-1.018117e-04	-3.069651e-05	-1.690108e-06	2.095762e-05	2.065465e-05
6.455190e+03	3.553231e-05	-4.447841e-05	-3.777405e-05	-6.609985e-05	7.284701e-07	3.029567e-05
6.467580e+03	4.711999e-06	-1.424466e-05	-4.427200e-05	-2.586146e-05	-3.502632e-05	2.151980e-05
6.479970e+03	9.110780e-06	-4.183931e-06	-4.972271e-06	-1.997605e-05	-3.162368e-05	1.045624e-05
6.492360e+03	-5.772910e-06	-8.092719e-06	3.229496e-05	-8.307772e-06	-3.571837e-05	1.467978e-05
6.504750e+03	-3.114870e-06	2.393602e-05	3.134069e-05	2.018554e-05	5.598123e-06	-1.834836e-05
6.517140e+03	3.939449e-05	2.492495e-05	6.470241e-06	-3.123805e-05	2.183343e-05	-8.153613e-06
6.529530e+03	-2.793169e-05	1.921114e-05	-1.005942e-05	2.953479e-05	2.540471e-05	-1.620810e-06
6.541920e+03	-6.383383e-05	2.681579e-05	-8.218393e-06	8.050120e-05	1.465972e-05	-1.649473e-05
6.554310e+03	-8.473721e-05	-5.941373e-05	-3.998727e-05	7.989690e-05	-8.044363e-06	4.305779e-06
6.566700e+03	-4.607729e-05	-1.365583e-04	-1.502981e-05	4.969065e-05	-2.425163e-05	-2.850633e-06
6.579090e+03	6.573690e-05	-1.234115e-04	1.639237e-06	-7.336011e-05	-3.423842e-05	7.785221e-06
6.591480e+03	1.450521e-04	-7.476079e-05	1.050320e-05	-1.570557e-04	-1.329739e-05	1.180277e-05
6.603870e+03	1.835875e-04	6.106568e-05	3.645214e-05	-1.956239e-04	-2.495195e-06	1.266174e-05
6.616260e+03	4.744644e-05	1.767466e-04	2.058268e-05	-7.148631e-05	3.511365e-05	2.403844e-05
6.628650e+03	-7.802601e-05	1.691973e-04	-2.558385e-05	7.524587e-05	2.873120e-05	3.364638e-06
6.641040e+03	-1.576949e-04	8.297706e-05	-2.407722e-05	1.510611e-04	8.655295e-06	5.925406e-06
6.653430e+03	-1.613819e-04	-8.805063e-05	-3.969687e-05	1.587751e-04	-1.405697e-05	4.592344e-06
6.665820e+03	-7.304057e-05	-2.024366e-04	-2.032388e-05	7.348539e-05	-2.857197e-05	-2.253051e-06
6.678210e+03	1.512135e-04	-1.828836e-04	1.513629e-05	-1.512528e-04	-4.234839e-05	-2.609666e-07
6.690600e+03	2.696150e-04	-2.810997e-05	2.325081e-05	-2.575504e-04	-5.315426e-06	-1.153703e-05
6.702990e+03	1.760753e-04	1.427557e-04	2.774707e-05	-1.803439e-04	-9.578563e-06	3.930771e-06
6.715380e+03	5.642897e-05	2.679070e-04	2.172033e-05	-5.455884e-05	8.526491e-06	-1.421785e-06
6.727770e+03	-1.435314e-04	2.395485e-04	-5.788017e-06	1.361476e-04	3.657982e-05	7.517615e-06
6.740160e+03	-2.488080e-04	5.534617e-05	-2.695543e-05	2.387957e-04	1.108425e-05	1.002105e-05
6.752550e+03	-2.014291e-04	-1.132647e-04	-3.416734e-05	1.972007e-04	-9.438334e-06	3.230588e-06
6.764940e+03	-5.744497e-05	-2.468043e-04	-2.324415e-05	4.863475e-05	-1.727134e-05	7.298374e-06
6.777330e+03	1.434689e-04	-1.830505e-04	-1.066308e-05	-1.526778e-04	-5.150277e-05	9.512309e-06
6.789720e+03	2.513419e-04	1.323040e-05	3.681834e-05	-2.486307e-04	-3.393830e-05	-2.005432e-06
6.802110e+03	1.493759e-04	1.265124e-04	1.680558e-05	-1.549564e-04	-5.097246e-06	5.956802e-06
6.814500e+03	5.136837e-05	2.751626e-04	3.207708e-05	-5.483952e-05	1.586095e-05	2.827809e-06
6.826890e+03	-1.917775e-04	1.875776e-04	-5.414761e-06	1.986844e-04	4.311310e-05	-7.151190e-06
6.839280e+03	-2.476971e-04	2.924857e-05	-2.801970e-05	2.489752e-04	2.799660e-06	-8.820407e-07
6.851670e+03	-2.027029e-04	-1.611599e-04	-1.365475e-05	1.984846e-04	-6.543871e-06	3.973580e-06
6.864060e+03	-2.324801e-05	-2.371145e-04	-1.545024e-05	6.638921e-06	-2.435123e-05	1.677288e-05
6.876450e+03	1.817562e-04	-1.503114e-04	3.537879e-05	-2.182432e-04	-2.869530e-05	3.628409e-05
6.888840e+03	1.802973e-04	8.273196e-06	2.146289e-05	-2.013055e-04	1.066248e-06	2.100745e-05
6.901230e+03	1.769910e-04	1.581797e-04	6.029823e-06	-1.899949e-04	1.150004e-05	1.381770e-05
6.913620e+03	-1.955578e-05	2.242950e-04	2.787878e-06	2.119362e-05	2.474303e-05	-1.596021e-06
6.926010e+03	-1.615473e-04	1.401160e-04	-1.091425e-05	1.723724e-04	2.182184e-05	-1.064746e-05
6.938400e+03	-1.811117e-04	-1.774322e-05	-2.354318e-05	2.058873e-04	8.138355e-06	-2.391058e-05
6.950790e+03	-1.607564e-04	-1.243764e-04	-1.284485e-05	1.950097e-04	-2.300084e-05	-3.431731e-05
6.963180e+03	2.487760e-05	-1.812944e-04	-1.172854e-05	-1.294201e-05	-1.558600e-05	-1.097966e-05
6.975570e+03	1.343152e-04	-6.610214e-05	4.468941e-06	-1.414673e-04	-1.816805e-05	7.130088e-06
