1.313340e+03	6.497236e-02	1.040029e-01	2.739028e-05	-6.548943e-02	-1.157387e-04	1.821478e-04
1.325730e+03	3.346724e-02	1.160107e-01	-2.310451e-05	-3.344761e-02	2.267399e-05	-1.315806e-05
1.338120e+03	8.833576e-04	1.199378e-01	-2.094150e-05	-8.345768e-04	-1.282651e-05	-4.082977e-05
1.350510e+03	-3.196206e-02	1.153621e-01	3.668190e-05	3.195440e-02	-3.561571e-05	4.277306e-05
1.362900e+03	-6.227036e-02	1.028485e-01	-3.123999e-05	6.208004e-02	1.201389e-06	2.198456e-04
1.375290e+03	-8.818430e-02	8.183677e-02	-2.067169e-06	8.784603e-02	-3.994604e-05	3.238126e-04
1.387680e+03	-1.074574e-01	5.478441e-02	7.822081e-05	1.064376e-01	-6.162197e-05	3.911699e-04
1.400070e+03	-1.190942e-01	2.311930e-02	-3.851925e-06	1.180942e-01	-2.626488e-05	6.706860e-04
1.412460e+03	-1.203309e-01	-1.040614e-02	3.290186e-05	1.193263e-01	-9.686514e-06	7.551368e-04
1.424850e+03	-1.118400e-01	-4.307853e-02	7.481223e-05	1.118447e-01	-1.049087e-07	5.214329e-04
1.437240e+03	-9.622966e-02	-7.169091e-02	6.256148e-05	9.540427e-02	2.680680e-05	4.169725e-04
1.449630e+03	-7.233235e-02	-9.544214e-02	-2.420840e-05	7.185704e-02	2.151656e-05	4.556788e-04
1.462020e+03	-4.395614e-02	-1.115150e-01	6.744590e-05	4.342417e-02	7.818827e-05	6.109957e-04
1.474410e+03	-1.133889e-02	-1.193779e-01	-1.858106e-05	1.056677e-02	1.898615e-05	7.117110e-04
1.486800e+03	2.215454e-02	-1.177691e-01	-2.458494e-05	-2.276460e-02	-2.800758e-05	6.839267e-04
1.499190e+03	5.420898e-02	-1.073512e-01	2.396189e-05	-5.482112e-02	4.263270e-05	6.445054e-04
1.511580e+03	8.200784e-02	-8.826453e-02	-5.422485e-06	-8.269028e-02	1.054455e-05	6.935304e-04
1.523970e+03	1.039946e-01	-6.159562e-02	1.079753e-05	-1.049677e-01	-8.380047e-05	6.903262e-04
1.536360e+03	1.172695e-01	-2.988672e-02	-2.673644e-06	-1.180624e-01	1.298183e-05	5.229659e-04
1.548750e+03	1.210000e-01	4.946683e-03	1.208725e-05	-1.210000e-01	6.455486e-05	5.125265e-04
1.561140e+03	1.151873e-01	3.950280e-02	-1.178030e-06	-1.160607e-01	1.697703e-05	6.676250e-04
1.573530e+03	9.997901e-02	7.154399e-02	-5.682213e-05	-1.009266e-01	1.059094e-04	7.044618e-04
1.585920e+03	7.483141e-02	9.784231e-02	-4.074844e-05	-7.541006e-02	2.637014e-05	5.618653e-04
1.598310e+03	4.330649e-02	1.160088e-01	-6.420497e-05	-4.382275e-02	3.863599e-05	4.608579e-04
1.610700e+03	7.714729e-03	1.233637e-01	-9.757631e-05	-8.018477e-03	4.817669e-05	3.399860e-04
1.623090e+03	-2.899293e-02	1.214562e-01	-6.281179e-05	2.858055e-02	-2.596979e-05	3.597464e-04
1.635480e+03	-6.410216e-02	1.081421e-01	-8.275092e-05	6.379727e-02	-5.222049e-05	3.016404e-04
1.647870e+03	-9.430248e-02	8.452000e-02	-7.341440e-05	9.407207e-02	-5.042006e-05	3.313521e-04
1.660260e+03	-1.166092e-01	5.216594e-02	6.190682e-05	1.166186e-01	-1.058265e-04	3.697218e-04
1.672650e+03	-1.279675e-01	1.395689e-02	-6.951227e-05	1.279675e-01	-7.884640e-05	2.081561e-04
1.685040e+03	-1.270869e-01	-2.660582e-02	1.156718e-04	1.270869e-01	-6.472368e-05	5.805356e-05
1.697430e+03	-1.126683e-01	-6.538913e-02	1.241644e-04	1.126683e-01	-5.673301e-06	1.296701e-05
1.709820e+03	-8.656256e-02	-9.803331e-02	1.599326e-05	8.656269e-02	-3.139999e-05	1.759854e-05
1.722210e+03	-5.072911e-02	-1.210761e-01	2.802280e-05	5.091258e-02	-1.500370e-05	-1.622847e-04
1.734600e+03	-9.562277e-03	-1.315216e-01	1.246349e-05	9.700736e-03	-2.756995e-05	-1.590404e-04
1.746990e+03	3.448716e-02	-1.287419e-01	1.176901e-04	-3.428931e-02	8.124273e-05	-1.795034e-04
1.759380e+03	7.528717e-02	-1.115032e-01	-4.001119e-06	-7.518806e-02	-5.763068e-05	-9.138810e-05
1.771770e+03	1.097718e-01	-8.033338e-02	6.720872e-05	-1.098626e-01	5.994661e-05	2.005850e-05
1.784160e+03	1.309004e-01	-3.894078e-02	6.074238e-05	-1.299733e-01	1.111083e-04	-2.709288e-04
1.796550e+03	1.365321e-01	8.159876e-03	2.867868e-05	-1.365321e-01	4.547927e-05	-2.511533e-04
1.808940e+03	1.268507e-01	5.531138e-02	-5.040906e-06	-1.268507e-01	1.517820e-04	-2.715880e-04
1.821330e+03	1.003281e-01	9.681482e-02	-2.540999e-05	-1.003012e-01	7.492282e-05	-2.678491e-04
1.833720e+03	5.996625e-02	1.268956e-01	-7.007577e-05	-5.964392e-02	5.917733e-05	-2.836620e-04
1.846110e+03	1.085277e-02	1.408051e-01	-1.462005e-04	-1.055277e-02	1.204151e-04	-3.015555e-04
1.858500e+03	-4.082716e-02	1.363400e-01	-2.060790e-04	4.109141e-02	2.297157e-05	-3.106225e-04
1.870890e+03	-8.779028e-02	1.126900e-01	-1.600273e-04	8.848790e-02	-6.854534e-05	-2.777711e-04
1.883280e+03	-1.240202e-01	7.276181e-02	-4.173868e-05	1.250548e-01	-1.483021e-04	-8.446547e-05
1.895670e+03	-1.433226e-01	2.095003e-02	-2.820929e-05	1.433050e-01	-1.433487e-04	-7.636401e-05
1.908060e+03	-1.415463e-01	-3.532131e-02	1.028569e-04	1.415463e-01	-1.272253e-04	2.412796e-05
1.920450e+03	-1.179232e-01	-8.718492e-02	-2.670796e-05	1.179232e-01	-1.473322e-04	-1.372285e-05
1.932840e+03	-7.604956e-02	-1.272268e-01	1.317949e-04	7.605804e-02	-6.741928e-05	-7.769319e-06
1.945230e+03	-2.079948e-02	-1.481462e-01	1.060601e-04	2.064600e-02	-6.001910e-05	2.243870e-04
1.957620e+03	3.946593e-02	-1.451825e-01	1.761109e-04	-3.975647e-02	6.494911e-05	2.298638e-04
1.970010e+03	9.422545e-02	-1.177774e-01	1.049336e-04	-9.489534e-02	-2.364686e-06	2.490251e-04
1.982400e+03	1.355804e-01	-6.985611e-02	1.399413e-04	-1.356734e-01	-3.629055e-05	2.142363e-04
1.994790e+03	1.529199e-01	-8.315835e-03	1.211401e-04	-1.529627e-01	2.723939e-04	4.840201e-04
2.007180e+03	1.441197e-01	5.744798e-02	2.103764e-05	-1.453149e-01	2.144839e-04	5.766286e-04
2.019570e+03	1.063154e-01	1.140126e-01	5.030052e-05	-1.073220e-01	6.005066e-06	6.819567e-04
2.031960e+03	4.796709e-02	1.500047e-01	-2.713956e-04	-4.877989e-02	3.778210e-04	8.509948e-04
2.044350e+03	-2.330322e-02	1.567923e-01	-1.948866e-04	2.211421e-02	3.628586e-05	1.175608e-03
2.056740e+03	-9.289511e-02	1.320107e-01	-3.588338e-04	9.157880e-02	-4.892470e-05	1.312511e-03
2.069130e+03	-1.443120e-01	7.684949e-02	-2.063776e-04	1.433900e-01	-2.203959e-04	1.606467e-03
2.081520e+03	-1.642191e-01	-6.228229e-04	-1.274809e-04	1.624331e-01	-2.991867e-04	1.730307e-03
2.093910e+03	-1.456074e-01	-8.290193e-02	1.165727e-04	1.436074e-01	-2.690809e-04	2.068953e-03
2.106300e+03	-8.537924e-02	-1.462194e-01	1.700776e-04	8.334173e-02	-2.328023e-04	2.090000e-03
2.118690e+03	2.067770e-03	-1.688691e-01	3.375499e-04	-4.167219e-03	-3.771462e-05	2.073785e-03
2.131080e+03	9.238136e-02	-1.423801e-01	2.215176e-04	-9.395880e-02	-2.573035e-05	1.806699e-03
2.143470e+03	1.573209e-01	-6.479402e-02	2.623480e-04	-1.583160e-01	2.026395e-04	1.469631e-03
2.155860e+03	1.617313e-01	4.250884e-02	1.532444e-04	-1.627591e-01	3.954840e-04	8.995208e-04
2.168250e+03	9.772255e-02	1.309969e-01	-1.613445e-04	-9.760196e-02	6.031820e-04	1.712617e-04
2.180640e+03	-1.021883e-02	1.542253e-01	-4.963713e-04	1.102057e-02	2.863179e-04	-7.737487e-04
2.193030e+03	-1.023654e-01	9.878195e-02	-5.457977e-04	1.052531e-01	-1.664430e-04	-2.018848e-03
2.205420e+03	-1.271824e-01	-2.149572e-03	-2.218374e-04	1.301783e-01	-4.656198e-04	-2.936300e-03
2.217810e+03	-7.210840e-02	-8.131341e-02	2.691383e-04	7.569524e-02	-4.804961e-04	-3.528517e-03
2.230200e+03	1.314910e-02	-8.779791e-02	4.761505e-04	-8.931744e-03	-1.189947e-04	-4.213896e-03
2.242590e+03	5.666280e-02	-3.377659e-02	2.577719e-04	-5.272211e-02	2.010140e-04	-3.930154e-03
2.254980e+03	3.977825e-02	1.479151e-02	1.560648e-04	-3.597127e-02	5.961484e-04	-3.814206e-03
2.267370e+03	7.867216e-03	1.752838e-02	-3.210430e-04	-4.083884e-03	-1.339613e-04	-3.776912e-03
2.279760e+03	5.791942e-03	2.510488e-03	-2.816712e-04	-2.131657e-03	-2.537295e-04	-3.677859e-03
2.292150e+03	1.609165e-02	1.064110e-02	-3.017287e-06	-1.188596e-02	-3.924147e-04	-4.215649e-03
2.304540e+03	2.042263e-03	3.118085e-02	4.754135e-05	2.926728e-03	-3.910493e-05	-4.953906e-03
2.316930e+03	-3.194280e-02	2.194634e-02	-3.351662e-06	3.776089e-02	1.373228e-04	-5.765787e-03
2.329320e+03	-4.322852e-02	-2.079641e-02	-1.048868e-04	4.844006e-02	1.460081e-04	-5.133762e-03
2.341710e+03	-1.061005e-02	-5.820686e-02	-2.217216e-04	1.325738e-02	4.314800e-05	-2.659259e-03
2.354100e+03	4.173134e-02	-5.054130e-02	3.847250e-05	-4.314151e-02	-1.444085e-04	1.449965e-03
2.366490e+03	6.958129e-02	-1.279227e-03	9.502695e-05	-7.481382e-02	-9.229631e-05	4.997738e-03
2.378880e+03	5.021248e-02	5.681213e-02	1.107658e-04	-5.766606e-02	7.018675e-05	7.376248e-03
2.391270e+03	-8.059286e-03	8.133728e-02	7.786589e-05	-1.087045e-04	2.388341e-04	8.125853e-03
2.403660e+03	-6.810572e-02	5.914335e-02	-8.455548e-05	6.168319e-02	1.953752e-04	6.436380e-03
2.416050e+03	-9.245594e-02	-5.081716e-03	-2.508585e-04	8.901073e-02	3.210434e-05	3.688101e-03
2.428440e+03	-6.066845e-02	-7.122920e-02	-2.061409e-04	6.033865e-02	-2.867235e-04	3.689661e-04
2.440830e+03	1.032028e-02	-9.306835e-02	-3.877786e-05	-8.712330e-03	-5.151481e-04	-1.598661e-03
2.453220e+03	7.738482e-02	-5.458796e-02	3.942673e-04	-7.487738e-02	-3.090990e-04	-2.513112e-03
2.465610e+03	8.805009e-02	2.451102e-02	4.966300e-04	-8.552804e-02	2.004923e-04	-2.519538e-03
2.478000e+03	3.061149e-02	8.048727e-02	2.227799e-04	-2.899532e-02	5.388262e-04	-1.667547e-03
2.490390e+03	-4.645865e-02	6.137675e-02	-1.989760e-04	4.699569e-02	5.420685e-04	-4.747565e-04
2.502780e+03	-6.801167e-02	-9.963423e-03	-4.699873e-04	6.811104e-02	2.476926e-04	-1.363418e-04
2.515170e+03	-1.496791e-02	-5.792676e-02	-4.079104e-04	1.524942e-02	-1.889775e-04	-2.823961e-04
2.527560e+03	4.742560e-02	-3.157433e-02	-2.200185e-04	-4.676573e-02	-4.685421e-04	-6.296572e-04
2.539950e+03	4.699169e-02	3.581372e-02	2.271634e-04	-4.539132e-02	-4.320000e-04	-1.560178e-03
2.552340e+03	-1.678487e-02	6.164161e-02	4.252809e-04	1.936453e-02	-8.292416e-05	-2.539869e-03
2.564730e+03	-7.007756e-02	1.311257e-02	3.690931e-04	7.310728e-02	2.285318e-04	-2.992024e-03
2.577120e+03	-5.066858e-02	-6.246112e-02	1.425352e-04	5.346352e-02	4.289569e-04	-2.743804e-03
2.589510e+03	2.768678e-02	-8.349996e-02	-2.166555e-04	-2.590423e-02	2.783721e-04	-1.724894e-03
2.601900e+03	8.782324e-02	-2.620083e-02	-3.573872e-04	-8.710566e-02	2.552686e-04	-7.975413e-04
2.614290e+03	7.490066e-02	5.812045e-02	-3.444736e-04	-7.510439e-02	-1.905603e-04	2.323636e-04
2.626680e+03	-1.538606e-03	9.610627e-02	-2.043886e-04	3.375658e-04	-2.778565e-04	1.225316e-03
2.639070e+03	-7.782877e-02	6.050590e-02	-8.886388e-05	7.595221e-02	-3.043467e-04	1.872949e-03
2.651460e+03	-9.749984e-02	-2.041244e-02	3.699130e-04	9.519992e-02	-2.455699e-04	2.286904e-03
2.663850e+03	-4.861426e-02	-8.769374e-02	5.025189e-04	4.592019e-02	-1.499583e-05	2.742124e-03
2.676240e+03	3.479226e-02	-9.276397e-02	4.076919e-04	-3.769384e-02	2.802633e-04	2.908238e-03
2.688630e+03	9.421347e-02	-3.099823e-02	1.469378e-04	-9.693319e-02	4.655244e-04	2.744146e-03
2.701020e+03	8.163051e-02	5.314741e-02	-2.796468e-04	-8.375556e-02	5.593497e-04	2.089655e-03
2.713410e+03	8.060039e-03	9.473425e-02	-6.899947e-04	-9.099607e-03	2.827589e-04	9.986476e-04
2.725800e+03	-6.780372e-02	6.060196e-02	-5.743077e-04	6.821580e-02	-3.670476e-04	-4.019127e-04
2.738190e+03	-8.170407e-02	-2.055422e-02	-6.596051e-05	8.313577e-02	-7.245550e-04	-1.475359e-03
2.750580e+03	-2.340429e-02	-7.499622e-02	4.500372e-04	2.530967e-02	-5.125582e-04	-1.901745e-03
2.762970e+03	4.916538e-02	-5.277939e-02	7.148527e-04	-4.766504e-02	4.749472e-05	-1.515772e-03
2.775360e+03	6.293381e-02	1.879224e-02	2.777917e-04	-6.186616e-02	7.268765e-04	-9.527046e-04
2.787750e+03	8.395055e-03	5.948299e-02	-2.020392e-04	-7.766792e-03	6.199823e-04	-6.419813e-04
2.800140e+03	-5.011275e-02	3.062467e-02	-5.561998e-04	5.061640e-02	2.035066e-04	-5.108435e-04
2.812530e+03	-4.765365e-02	-3.374408e-02	-5.410429e-04	4.843202e-02	-2.853085e-04	-8.409143e-04
2.824920e+03	1.165032e-02	-5.768300e-02	-1.482954e-04	-1.002449e-02	-4.715387e-04	-1.590028e-03
2.837310e+03	5.944565e-02	-1.738556e-02	1.684238e-04	-5.750704e-02	-4.419377e-04	-1.891117e-03
2.849700e+03	4.625975e-02	4.524980e-02	3.703726e-04	-4.446610e-02	-1.260943e-04	-1.787314e-03
2.862090e+03	-1.677049e-02	6.357863e-02	1.969474e-04	1.759865e-02	1.249667e-04	-8.411033e-04
2.874480e+03	-6.727680e-02	2.013092e-02	8.874318e-05	6.666144e-02	2.211246e-04	5.060372e-04
2.886870e+03	-5.569161e-02	-4.562015e-02	-3.321783e-05	5.386147e-02	1.435067e-04	1.761492e-03
2.899260e+03	5.649268e-03	-7.248684e-02	-8.063897e-05	-8.100058e-03	1.073282e-04	2.450525e-03
2.911650e+03	6.318630e-02	-3.632482e-02	-1.470044e-04	-6.578443e-02	8.873454e-06	2.589557e-03
2.924040e+03	6.618516e-02	3.299054e-02	-1.496422e-04	-6.825997e-02	-6.797064e-05	2.062253e-03
2.936430e+03	1.001365e-02	7.297298e-02	-1.408347e-04	-1.115493e-02	-2.022398e-04	1.120102e-03
2.948820e+03	-5.599349e-02	4.913745e-02	-6.320023e-05	5.588078e-02	-2.387981e-04	1.367622e-04
2.961210e+03	-7.111038e-02	-2.163347e-02	1.970647e-04	7.153696e-02	-2.889895e-04	-5.202045e-04
2.973600e+03	-1.684334e-02	-7.057917e-02	3.771876e-04	1.777833e-02	4.311926e-05	-8.904170e-04
2.985990e+03	5.377014e-02	-4.967285e-02	2.141467e-04	-5.271586e-02	2.692921e-04	-1.020047e-03
2.998380e+03	6.858318e-02	2.223922e-02	-1.566638e-04	-6.758103e-02	2.787150e-04	-1.020035e-03
3.010770e+03	1.341354e-02	6.838565e-02	-2.784127e-04	-1.242048e-02	6.980622e-05	-9.944146e-04
3.023160e+03	-5.440213e-02	4.322147e-02	-2.379567e-04	5.551761e-02	-3.551898e-04	-1.127426e-03
3.035550e+03	-6.262209e-02	-2.776341e-02	3.541184e-04	6.382209e-02	-2.494667e-04	-1.140196e-03
3.047940e+03	-5.095309e-03	-6.750897e-02	3.326455e-04	6.169088e-03	1.289445e-05	-1.077552e-03
3.060330e+03	5.828771e-02	-3.817294e-02	2.241273e-04	-5.749498e-02	3.185584e-04	-7.910051e-04
3.072720e+03	6.190968e-02	3.113596e-02	-3.181329e-04	-6.150383e-02	3.632049e-04	-4.212567e-04
3.085110e+03	5.665841e-03	6.952236e-02	-2.994240e-04	-5.719230e-03	-1.522011e-05	5.155503e-05
3.097500e+03	-5.669846e-02	4.137417e-02	-3.998101e-04	5.620650e-02	-3.144409e-04	5.548520e-04
3.109890e+03	-6.608896e-02	-2.475155e-02	1.223199e-04	6.517919e-02	-2.920385e-04	9.532665e-04
3.122280e+03	-1.567637e-02	-6.743239e-02	3.697018e-04	1.446372e-02	-1.772909e-04	1.190639e-03
3.134670e+03	4.738836e-02	-4.962805e-02	2.874116e-04	-4.878354e-02	1.631101e-04	1.329567e-03
3.147060e+03	6.644139e-02	1.307450e-02	-1.214750e-05	-6.754987e-02	3.334643e-04	1.136086e-03
3.159450e+03	2.373824e-02	6.180096e-02	-2.457512e-04	-2.465738e-02	3.093858e-04	8.808432e-04
3.171840e+03	-3.995752e-02	5.220156e-02	-3.824041e-04	3.937128e-02	5.375920e-05	5.919688e-04
3.184230e+03	-6.172186e-02	-7.455957e-03	-1.580390e-04	6.171355e-02	-2.908517e-04	1.273319e-05
3.196620e+03	-2.339496e-02	-5.715241e-02	1.050294e-04	2.378123e-02	-2.957971e-04	-3.356016e-04
3.209010e+03	3.789042e-02	-4.630176e-02	3.692705e-04	-3.718784e-02	-1.148543e-05	-6.691944e-04
3.221400e+03	5.719492e-02	1.208499e-02	3.001602e-04	-5.629492e-02	2.331824e-04	-8.738073e-04
3.233790e+03	1.445113e-02	5.586660e-02	-1.554568e-04	-1.349026e-02	2.763651e-04	-9.651118e-04
3.246180e+03	-4.267529e-02	3.694140e-02	-2.573005e-04	4.356489e-02	3.817319e-05	-8.630309e-04
3.258570e+03	-5.245490e-02	-2.190565e-02	-2.292874e-04	5.333159e-02	-1.096383e-04	-8.829773e-04
3.270960e+03	-4.153379e-03	-5.649292e-02	2.912916e-05	4.729813e-03	-1.962658e-04	-5.875894e-04
3.283350e+03	4.842852e-02	-3.108060e-02	2.069877e-04	-4.792967e-02	-1.499798e-04	-5.685837e-04
3.295740e+03	5.166201e-02	2.717180e-02	1.054040e-04	-5.128622e-02	1.291812e-04	-3.524521e-04
3.308130e+03	2.023407e-03	5.660000e-02	-1.093593e-06	-1.999947e-03	1.909748e-04	2.399140e-05
3.320520e+03	-4.977660e-02	3.175076e-02	-1.342902e-04	4.946126e-02	8.149387e-05	3.639193e-04
3.332910e+03	-5.315703e-02	-2.565846e-02	-8.435977e-05	5.246653e-02	-1.564438e-04	6.561691e-04
3.345300e+03	-6.899981e-03	-5.779935e-02	-5.093779e-05	5.912284e-03	-1.517997e-04	9.643451e-04
3.357690e+03	4.539612e-02	-3.604076e-02	9.213031e-05	-4.641112e-02	-1.036540e-04	1.033615e-03
3.370080e+03	5.305486e-02	1.948289e-02	1.061328e-06	-5.389502e-02	-8.253636e-06	8.839128e-04
3.382470e+03	1.121229e-02	5.555985e-02	4.031147e-05	-1.193827e-02	2.744036e-05	7.327405e-04
3.394860e+03	-4.078173e-02	3.737414e-02	6.189216e-05	4.048303e-02	6.798664e-05	3.711645e-04
3.407250e+03	-5.213394e-02	-1.605777e-02	1.326388e-06	5.219135e-02	4.031092e-05	-2.414890e-05
3.419640e+03	-1.036131e-02	-5.069722e-02	-3.471513e-05	1.073625e-02	4.645634e-05	-3.223472e-04
3.432030e+03	3.984365e-02	-3.280140e-02	-7.257865e-05	-3.931938e-02	1.054728e-05	-5.209363e-04
3.444420e+03	4.614787e-02	1.924918e-02	-8.228858e-05	-4.536361e-02	-1.007693e-04	-7.256976e-04
3.456810e+03	4.173265e-03	4.833381e-02	1.540679e-04	-3.439382e-03	-2.324156e-04	-7.435910e-04
3.469200e+03	-4.110067e-02	2.521948e-02	1.554038e-06	4.167818e-02	-7.075803e-05	-6.307201e-04
3.481590e+03	-4.015386e-02	-2.538977e-02	2.171020e-04	4.085777e-02	-9.436115e-05	-6.812904e-04
3.493980e+03	4.128154e-03	-4.699461e-02	6.551976e-05	-3.596359e-03	2.564989e-04	-5.351211e-04
3.506370e+03	4.308470e-02	-1.893662e-02	8.591735e-06	-4.276477e-02	9.009570e-05	-3.798525e-04
3.518760e+03	3.773458e-02	2.896476e-02	-2.177288e-04	-3.759243e-02	2.052185e-04	-1.333378e-04
3.531150e+03	-6.939767e-03	4.599666e-02	-2.724402e-04	6.841925e-03	-9.591936e-05	9.660756e-05
3.543540e+03	-4.490241e-02	1.764179e-02	-4.625233e-05	4.452890e-02	-4.005337e-04	3.620724e-04
3.555930e+03	-3.764651e-02	-2.885791e-02	2.614829e-04	3.715112e-02	-2.968578e-04	5.453041e-04
3.568320e+03	5.031190e-03	-4.659220e-02	3.493773e-04	-5.841580e-03	7.865415e-06	8.158595e-04
3.580710e+03	4.215656e-02	-1.939864e-02	2.112243e-04	-4.304136e-02	3.859273e-04	8.724387e-04
3.593100e+03	3.726085e-02	2.656998e-02	-1.261339e-04	-3.806265e-02	3.051756e-04	7.605854e-04
3.605490e+03	-4.096433e-03	4.549095e-02	-4.019897e-04	3.600396e-03	6.640135e-05	4.992591e-04
3.617880e+03	-4.042368e-02	1.890394e-02	-1.505152e-04	4.027098e-02	-1.694139e-04	2.523321e-04
3.630270e+03	-3.565177e-02	-2.595988e-02	-4.300176e-05	3.579250e-02	-3.060970e-04	-1.027481e-04
3.642660e+03	6.067110e-03	-4.211970e-02	2.583132e-04	-5.657187e-03	-1.615053e-04	-3.574114e-04
3.655050e+03	4.099456e-02	-1.429336e-02	1.716957e-04	-4.041389e-02	1.036659e-04	-6.199166e-04
3.667440e+03	3.113521e-02	2.891130e-02	-3.723831e-06	-3.042989e-02	2.799538e-04	-6.849884e-04
3.679830e+03	-1.074633e-02	4.073172e-02	-2.719641e-04	1.134734e-02	1.449404e-04	-5.887571e-04
3.692220e+03	-4.037207e-02	8.934601e-03	-2.108427e-04	4.097207e-02	-1.646473e-04	-6.167640e-04
3.704610e+03	-2.656939e-02	-3.186907e-02	3.375006e-05	2.714901e-02	-3.044849e-04	-5.501312e-04
3.717000e+03	1.499634e-02	-3.885523e-02	2.494420e-04	-1.461141e-02	-1.227089e-04	-3.876830e-04
3.729390e+03	4.004144e-02	-5.663345e-03	2.026023e-04	-3.983413e-02	5.733218e-05	-2.238306e-04
3.741780e+03	2.491762e-02	3.311195e-02	2.709386e-05	-2.496713e-02	1.600779e-04	5.637740e-05
3.754170e+03	-1.639104e-02	3.779927e-02	-1.473152e-04	1.615007e-02	1.564627e-04	2.497557e-04
3.766560e+03	-4.084121e-02	4.944595e-03	-2.077385e-04	4.043062e-02	1.287753e-05	4.738481e-04
3.778950e+03	-2.504252e-02	-3.273597e-02	-6.184351e-05	2.434555e-02	-1.567390e-04	7.160886e-04
3.791340e+03	1.498686e-02	-3.783024e-02	1.010364e-05	-1.568333e-02	-1.920725e-04	7.040713e-04
3.803730e+03	3.874324e-02	-5.704586e-03	7.038382e-05	-3.934324e-02	-6.931936e-05	5.802719e-04
3.816120e+03	2.444608e-02	3.158315e-02	2.010242e-05	-2.485920e-02	-9.108076e-07	3.550609e-04
3.828510e+03	-1.523446e-02	3.597231e-02	4.251780e-05	1.508531e-02	9.818283e-05	1.266835e-04
3.840900e+03	-3.824456e-02	4.132745e-03	-8.936621e-05	3.844195e-02	-1.451845e-06	-1.420147e-04
3.853290e+03	-2.181992e-02	-3.105648e-02	7.599098e-05	2.201901e-02	-5.983903e-05	-2.843371e-04
3.865680e+03	1.735551e-02	-3.346501e-02	2.645229e-05	-1.687038e-02	-3.540980e-06	-4.930509e-04
3.878070e+03	3.662602e-02	-1.060708e-04	4.782449e-06	-3.604636e-02	1.076756e-04	-5.136148e-04
3.890460e+03	1.717127e-02	3.207436e-02	-1.638564e-04	-1.667075e-02	-2.406390e-05	-5.213507e-04
3.902850e+03	-2.032335e-02	2.986987e-02	-1.249030e-04	2.080277e-02	-1.093498e-04	-4.329627e-04
3.915240e+03	-3.486328e-02	-4.387830e-03	1.707697e-04	3.520714e-02	-1.497713e-04	-3.420011e-04
3.927630e+03	-1.276442e-02	-3.390936e-02	1.917056e-04	1.306427e-02	8.768786e-05	-2.453119e-04
3.940020e+03	2.303378e-02	-2.734205e-02	1.277624e-04	-2.303280e-02	6.374898e-05	-4.861391e-05
3.952410e+03	3.495402e-02	6.844996e-03	-1.696402e-05	-3.496650e-02	1.808011e-04	2.445325e-05
3.964800e+03	1.097418e-02	3.340941e-02	-2.071324e-04	-1.113828e-02	5.822538e-05	1.740603e-04
3.977190e+03	-2.404643e-02	2.599932e-02	-1.053938e-04	2.368854e-02	-1.083417e-04	3.699503e-04
3.989580e+03	-3.381205e-02	-7.733543e-03	4.378107e-05	3.338192e-02	-1.990000e-04	4.003773e-04
4.001970e+03	-1.061665e-02	-3.336052e-02	1.942291e-04	9.985121e-03	-1.244861e-04	5.901484e-04
4.014360e+03	2.313296e-02	-2.536533e-02	2.722910e-04	-2.363863e-02	1.176728e-04	4.924466e-04
4.026750e+03	3.302498e-02	7.948076e-03	1.063526e-04	-3.332649e-02	2.369612e-04	3.516587e-04
4.039140e+03	8.975293e-03	3.228603e-02	-2.237911e-04	-9.074998e-03	1.084542e-04	8.978456e-05
4.051530e+03	-2.397683e-02	2.300388e-02	-1.773005e-04	2.385589e-02	4.048932e-06	5.005045e-05
4.063920e+03	-3.131958e-02	-9.826529e-03	3.105016e-05	3.152143e-02	-1.288540e-04	-1.799308e-04
4.076310e+03	-5.697528e-03	-3.110154e-02	1.192194e-04	5.992835e-03	-9.009657e-05	-3.065153e-04
4.088700e+03	2.510782e-02	-1.960264e-02	1.887613e-04	-2.479584e-02	8.526189e-05	-3.394357e-04
4.101090e+03	2.874858e-02	1.284610e-02	6.500369e-05	-2.825364e-02	1.730921e-04	-4.753524e-04
4.113480e+03	1.846181e-03	3.079768e-02	-1.496694e-06	-1.548894e-03	3.785032e-05	-3.040051e-04
4.125870e+03	-2.644985e-02	1.593309e-02	-1.418211e-04	2.668299e-02	-1.528740e-05	-2.708384e-04
4.138260e+03	-2.601621e-02	-1.575803e-02	5.070192e-05	2.612949e-02	-9.135039e-05	-1.947281e-04
4.150650e+03	1.280282e-03	-3.021233e-02	1.983289e-04	-1.197707e-03	2.312670e-05	-8.758042e-05
4.163040e+03	2.721582e-02	-1.332564e-02	1.141977e-04	-2.721422e-02	5.018455e-05	2.425149e-05
4.175430e+03	2.447885e-02	1.724311e-02	-3.207116e-05	-2.452131e-02	1.487440e-04	1.104563e-04
4.187820e+03	-3.198861e-03	2.948856e-02	-7.591250e-05	2.900970e-03	4.107010e-05	2.944999e-04
4.200210e+03	-2.702593e-02	1.182931e-02	-9.676227e-05	2.662322e-02	-2.480259e-05	4.167584e-04
4.212600e+03	-2.371634e-02	-1.755511e-02	2.922549e-05	2.331713e-02	-1.032204e-04	3.357524e-04
4.224990e+03	3.524185e-03	-2.821521e-02	6.534514e-05	-3.903604e-03	7.132088e-05	3.735406e-04
4.237380e+03	2.678090e-02	-1.049519e-02	1.045237e-04	-2.721150e-02	5.692417e-05	3.581320e-04
4.249770e+03	2.165310e-02	1.773433e-02	-1.850143e-05	-2.185225e-02	1.299839e-04	1.959782e-04
4.262160e+03	-5.027722e-03	2.729353e-02	-7.498690e-05	4.993678e-03	3.540433e-05	3.902559e-05
4.274550e+03	-2.576166e-02	8.116725e-03	5.443396e-06	2.582954e-02	-3.078313e-05	-7.234690e-05
4.286940e+03	-1.879666e-02	-1.884756e-02	4.832017e-05	1.907286e-02	9.985757e-05	-2.457058e-04
4.299330e+03	7.844084e-03	-2.535882e-02	1.568823e-04	-7.554159e-03	2.278715e-05	-2.813266e-04
4.311720e+03	2.597431e-02	-4.382365e-03	1.207660e-04	-2.567538e-02	1.226463e-04	-3.220786e-04
4.324110e+03	1.569318e-02	2.032339e-02	-3.329113e-05	-1.540644e-02	1.819450e-04	-3.202162e-04
4.336500e+03	-1.044879e-02	2.297402e-02	-1.013097e-04	1.064958e-02	-2.658320e-05	-2.102587e-04
4.348890e+03	-2.488285e-02	1.281181e-03	-7.226542e-05	2.498518e-02	-8.549521e-05	-3.587686e-05
4.361280e+03	-1.273339e-02	-2.097145e-02	1.209447e-04	1.279161e-02	-1.148481e-04	-7.068043e-05
4.373670e+03	1.253444e-02	-2.120599e-02	9.852113e-05	-1.249342e-02	2.682406e-05	-5.032271e-05
4.386060e+03	2.384048e-02	1.032464e-03	2.488435e-05	-2.402643e-02	5.005744e-05	1.230489e-04
4.398450e+03	1.060814e-02	2.151480e-02	2.515372e-05	-1.091227e-02	-2.037394e-05	2.836613e-04
4.410840e+03	-1.357956e-02	1.963677e-02	-1.168440e-04	1.339227e-02	6.428619e-05	2.321777e-04
4.423230e+03	-2.321061e-02	-2.222917e-03	5.460082e-05	2.290987e-02	-4.762335e-07	3.005727e-04
4.435620e+03	-9.290885e-03	-2.151123e-02	1.047858e-04	8.940676e-03	-4.783758e-06	3.652935e-04
4.448010e+03	1.395551e-02	-1.810928e-02	1.566616e-04	-1.425611e-02	1.455308e-04	2.410597e-04
4.460400e+03	2.223079e-02	3.752981e-03	6.721444e-05	-2.241586e-02	1.020574e-04	2.114975e-04
4.472790e+03	7.146541e-03	2.110770e-02	-1.131027e-05	-7.253130e-03	6.230804e-05	7.399438e-05
4.485180e+03	-1.480149e-02	1.605496e-02	-1.129227e-04	1.501066e-02	-3.789885e-05	-1.278354e-04
4.497570e+03	-2.091701e-02	-5.847320e-03	-8.030214e-05	2.102802e-02	-1.577885e-04	-1.115265e-04
4.509960e+03	-4.355228e-03	-2.054694e-02	2.578192e-05	4.493885e-03	-9.417088e-05	-1.511287e-04
4.522350e+03	1.644763e-02	-1.324377e-02	4.493277e-05	-1.614278e-02	-3.765641e-05	-2.822129e-04
4.534740e+03	1.929833e-02	8.251932e-03	8.532886e-05	-1.898933e-02	6.137454e-05	-3.204575e-04
4.547130e+03	1.679957e-03	1.992713e-02	-2.773411e-05	-1.454100e-03	-2.370392e-05	-2.231023e-04
4.559520e+03	-1.720186e-02	1.071925e-02	-7.148195e-05	1.741542e-02	-1.604140e-05	-1.580081e-04
4.571910e+03	-1.723451e-02	-9.917803e-03	8.238484e-05	1.743305e-02	-1.246520e-04	-1.403885e-04
4.584300e+03	6.748185e-04	-1.932861e-02	2.276192e-05	-6.577878e-04	-3.014793e-05	-1.029950e-05
4.596690e+03	1.766495e-02	-8.673665e-03	3.445116e-05	-1.765860e-02	7.814251e-05	5.509211e-05
4.609080e+03	1.544267e-02	1.118473e-02	3.745294e-05	-1.585119e-02	1.058294e-04	3.493245e-04
4.621470e+03	-2.294286e-03	1.881953e-02	-5.997661e-05	2.088228e-03	9.440032e-06	2.065846e-04
4.633860e+03	-1.789905e-02	7.034149e-03	-2.897422e-05	1.759768e-02	4.732914e-06	2.803248e-04
4.646250e+03	-1.448739e-02	-1.194706e-02	1.338280e-04	1.418336e-02	-1.392649e-05	3.217483e-04
4.658640e+03	3.413381e-03	-1.802705e-02	8.405801e-05	-3.682289e-03	-3.433943e-05	2.618493e-04
4.671030e+03	1.730717e-02	-5.236955e-03	1.517389e-05	-1.730195e-02	6.604492e-05	5.802885e-05
4.683420e+03	1.251850e-02	1.264866e-02	-5.847697e-05	-1.243043e-02	-4.231701e-06	-3.288763e-05
4.695810e+03	-5.321592e-03	1.699404e-02	-8.373420e-05	5.398399e-03	-1.475959e-05	-8.184321e-05
4.708200e+03	-1.691775e-02	2.985699e-03	-4.330809e-05	1.708617e-02	-3.397778e-05	-2.023138e-04
4.720590e+03	-1.022427e-02	-1.380011e-02	7.339632e-05	1.052460e-02	-9.184414e-05	-2.970771e-04
4.732980e+03	7.393811e-03	-1.552698e-02	8.999742e-05	-7.154562e-03	7.409887e-05	-2.355961e-04
4.745370e+03	1.658385e-02	-5.540584e-04	-3.586713e-06	-1.631628e-02	1.057738e-04	-2.275782e-04
4.757760e+03	8.085923e-03	1.457418e-02	-8.494052e-05	-8.077958e-03	6.748883e-05	-8.999827e-07
4.770150e+03	-8.963796e-03	1.391425e-02	-1.741872e-04	9.137854e-03	3.736443e-05	-2.049806e-04
4.782540e+03	-1.597264e-02	-1.496263e-03	-4.127968e-05	1.598243e-02	-9.411536e-05	-1.219039e-05
4.794930e+03	-6.335893e-03	-1.498920e-02	6.908946e-05	6.433944e-03	-1.359395e-04	-1.007737e-04
4.807320e+03	9.993537e-03	-1.238574e-02	8.084677e-05	-1.013393e-02	8.194315e-05	1.032915e-04
4.819710e+03	1.528095e-02	2.842832e-03	9.460453e-05	-1.533615e-02	4.882322e-05	5.406564e-05
4.832100e+03	4.561233e-03	1.498940e-02	-1.804080e-06	-4.821495e-03	1.199824e-04	2.609795e-04
4.844490e+03	-1.093155e-02	1.128142e-02	-1.005927e-04	1.078037e-02	3.731640e-05	1.620377e-04
4.856880e+03	-1.484913e-02	-4.197149e-03	-6.572324e-05	1.464890e-02	-1.065851e-04	2.165000e-04
4.869270e+03	-3.377160e-03	-1.497047e-02	-5.652237e-05	3.276344e-03	-5.434451e-06	1.020568e-04
4.881660e+03	1.135137e-02	-9.840254e-03	2.955456e-05	-1.144829e-02	3.608978e-05	9.606556e-05
4.894050e+03	1.365095e-02	5.445130e-03	2.701887e-05	-1.364335e-02	1.125026e-06	-1.604569e-05
4.906440e+03	1.328931e-03	1.459629e-02	-1.312702e-04	-1.239011e-03	5.728430e-05	-9.555127e-05
4.918830e+03	-1.191440e-02	7.900429e-03	-2.456947e-05	1.201677e-02	3.093849e-06	-1.369453e-04
4.931220e+03	-1.230841e-02	-6.937332e-03	-8.414360e-05	1.250945e-02	-4.474198e-05	-1.498489e-04
4.943610e+03	4.971879e-04	-1.396528e-02	3.988960e-05	-2.777235e-04	-5.010892e-05	-2.178452e-04
4.956000e+03	1.278023e-02	-4.347756e-03	-7.054818e-05	-1.275458e-02	-8.350393e-05	7.317815e-08
4.968390e+03	1.085382e-02	8.087574e-03	3.219049e-05	-1.065042e-02	7.913768e-05	-2.299019e-04
4.980780e+03	-2.311008e-03	1.319944e-02	-7.618268e-05	2.367003e-03	3.047060e-06	-5.750111e-05
4.993170e+03	-1.256554e-02	4.106122e-03	-5.385385e-06	1.262251e-02	4.100740e-06	-7.027875e-05
5.005560e+03	-9.341366e-03	-9.211671e-03	9.665519e-06	9.346191e-03	2.481414e-05	-2.435739e-06
5.017950e+03	3.554228e-03	-1.245488e-02	-1.560346e-05	-3.615295e-03	2.658406e-05	5.609283e-05
5.030340e+03	1.243759e-02	-2.590007e-03	-1.884364e-06	-1.253770e-02	1.456564e-05	1.512299e-04
5.042730e+03	8.076262e-03	9.805851e-03	-4.112676e-05	-8.217714e-03	-3.714254e-05	1.411655e-04
5.055120e+03	-4.829466e-03	1.171462e-02	-1.445424e-05	4.730473e-03	-2.474420e-05	9.253091e-05
5.067510e+03	-1.229514e-02	1.265801e-03	4.380403e-05	1.219577e-02	-3.869690e-05	1.262793e-04
5.079900e+03	-6.894360e-03	-1.014138e-02	1.093195e-04	6.797557e-03	6.884472e-05	9.267984e-05
5.092290e+03	5.613938e-03	-1.066955e-02	-2.005999e-05	-5.736649e-03	-5.351986e-06	1.192804e-04
5.104680e+03	1.179459e-02	4.792472e-05	8.296509e-05	-1.189459e-02	4.020607e-05	9.230871e-05
5.117070e+03	5.269047e-03	1.052468e-02	-8.346822e-05	-5.226102e-03	-4.410334e-05	-3.557168e-05
5.129460e+03	-6.818644e-03	9.331774e-03	6.933512e-06	6.937537e-03	-8.377895e-05	-1.070118e-04
5.141850e+03	-1.137201e-02	-1.747181e-03	3.757307e-05	1.147256e-02	-1.995551e-05	-8.781360e-05
5.154240e+03	-3.587768e-03	-1.076969e-02	5.111690e-05	3.715189e-03	-4.816430e-05	-1.308978e-04
5.166630e+03	7.820315e-03	-8.149194e-03	2.866765e-05	-7.645209e-03	8.250151e-05	-1.725955e-04
5.179020e+03	1.062847e-02	3.193890e-03	9.884468e-06	-1.052015e-02	9.196149e-05	-1.560366e-04
5.191410e+03	2.211054e-03	1.079961e-02	-1.549466e-04	-2.130983e-03	3.354494e-05	-7.840778e-05
5.203800e+03	-8.542508e-03	6.767557e-03	-6.264139e-06	8.620843e-03	-3.531308e-05	-4.489860e-05
5.216190e+03	-9.792010e-03	-4.302655e-03	-3.512817e-05	9.761391e-03	-1.121266e-04	3.645336e-06
5.228580e+03	-8.534722e-04	-1.046891e-02	6.271574e-05	7.384680e-04	-4.459184e-05	1.153414e-04
5.240970e+03	8.743614e-03	-5.525663e-03	9.873139e-05	-8.802072e-03	1.794465e-05	8.867174e-05
5.253360e+03	8.843945e-03	5.210809e-03	7.520433e-05	-8.940131e-03	3.880767e-05	9.998150e-05
5.265750e+03	-4.840981e-04	9.946663e-03	-3.105089e-05	3.063332e-04	3.065962e-05	1.715239e-04
5.278140e+03	-9.132817e-03	4.429143e-03	-4.752569e-05	8.999547e-03	2.618916e-06	1.173989e-04
5.290530e+03	-8.204862e-03	-5.907743e-03	2.634397e-05	7.984894e-03	-5.116367e-05	1.883065e-04
5.302920e+03	1.304647e-03	-9.552266e-03	-1.436482e-05	-1.480102e-03	-5.216281e-05	1.555375e-04
5.315310e+03	9.138348e-03	-3.189359e-03	-2.244167e-06	-9.148020e-03	9.100426e-05	8.832506e-06
5.327700e+03	6.878352e-03	6.559654e-03	2.901477e-05	-6.887456e-03	-3.550082e-05	2.212026e-05
5.340090e+03	-2.565713e-03	9.050274e-03	-4.902248e-05	2.665756e-03	-3.739747e-05	-1.026787e-04
5.352480e+03	-8.842509e-03	1.925178e-03	2.112525e-05	8.963569e-03	-1.706602e-05	-1.361584e-04
5.364870e+03	-5.745372e-03	-7.216522e-03	7.886927e-05	5.782525e-03	6.673977e-05	-2.831767e-05
5.377260e+03	3.703669e-03	-8.421909e-03	1.661915e-05	-3.562196e-03	2.049461e-05	-1.384236e-04
5.389650e+03	8.895492e-03	-6.619318e-04	4.638658e-05	-8.853396e-03	1.180815e-04	-4.070430e-05
5.402040e+03	4.702304e-03	7.557603e-03	-2.726375e-05	-4.616727e-03	-2.155452e-05	-7.859688e-05
5.414430e+03	-4.504074e-03	7.532552e-03	2.940559e-05	4.587883e-03	-9.069017e-05	-6.946465e-05
5.426820e+03	-8.514036e-03	-5.200047e-04	-5.003632e-05	8.573516e-03	-2.330290e-05	-5.873009e-05
5.439210e+03	-3.522112e-03	-7.673777e-03	3.754991e-05	3.479601e-03	-4.240513e-05	3.740820e-05
5.451600e+03	5.124167e-03	-6.510916e-03	4.007817e-05	-5.177953e-03	-7.810509e-05	5.292185e-05
5.463990e+03	8.056352e-03	1.408434e-03	-4.014402e-05	-8.104364e-03	7.107432e-05	5.555326e-05
5.476380e+03	2.232438e-03	7.847795e-03	1.487925e-05	-2.384764e-03	3.453621e-05	1.476501e-04
5.488770e+03	-5.647717e-03	5.749569e-03	-6.052645e-05	5.516598e-03	2.621324e-05	1.350204e-04
5.501160e+03	-7.604154e-03	-2.241852e-03	5.540734e-05	7.496701e-03	-1.232420e-05	1.152690e-04
5.513550e+03	-1.342095e-03	-7.589967e-03	-8.879674e-05	1.321945e-03	-6.369581e-05	2.450422e-05
5.525940e+03	5.893685e-03	-4.869937e-03	-2.792108e-05	-5.926113e-03	8.043236e-05	5.324045e-05
5.538330e+03	6.752366e-03	2.942309e-03	-2.006406e-06	-6.832325e-03	2.835829e-05	7.668551e-05
5.550720e+03	4.775195e-04	7.124587e-03	1.217621e-05	-4.464097e-04	5.861380e-05	-2.891041e-05
5.563110e+03	-6.036081e-03	3.664381e-03	-5.786839e-05	6.138329e-03	1.712848e-06	-1.040487e-04
5.575500e+03	-5.803333e-03	-3.780600e-03	-1.481900e-04	5.932460e-03	1.380784e-05	-1.297914e-04
5.587890e+03	1.342575e-03	-6.619616e-03	1.237846e-04	-1.214911e-03	6.401461e-05	-1.331931e-04
5.600280e+03	6.265970e-03	-2.617195e-03	7.163350e-06	-6.267019e-03	2.135953e-05	-2.370304e-06
5.612670e+03	5.181800e-03	4.211698e-03	-1.716547e-05	-5.080431e-03	8.239329e-05	-8.894452e-05
5.625060e+03	-1.422607e-03	6.348399e-03	6.243714e-06	1.391168e-03	-7.917923e-06	2.148030e-05
5.637450e+03	-6.195362e-03	1.647148e-03	2.611988e-05	6.192325e-03	-2.326433e-06	6.556423e-06
5.649840e+03	-4.216205e-03	-4.734927e-03	-5.788596e-05	4.210709e-03	-2.251935e-05	1.648321e-05
5.662230e+03	2.078482e-03	-5.787633e-03	1.052025e-04	-2.080576e-03	-2.153064e-05	2.135812e-06
5.674620e+03	5.864067e-03	-9.121509e-04	6.240909e-05	-5.910414e-03	9.092815e-05	2.529259e-05
5.687010e+03	3.378955e-03	4.901514e-03	-2.636424e-05	-3.420802e-03	3.596028e-05	4.613555e-05
5.699400e+03	-2.673473e-03	5.216159e-03	-2.242511e-05	2.569124e-03	3.904244e-05	1.067728e-04
5.711790e+03	-5.680315e-03	-2.526520e-05	1.519803e-05	5.634372e-03	-2.873290e-05	5.155140e-05
5.724180e+03	-2.699438e-03	-5.029526e-03	-3.117534e-05	2.599645e-03	-1.933721e-05	9.810569e-05
5.736570e+03	3.135180e-03	-4.631254e-03	2.715590e-06	-3.232753e-03	-3.150414e-05	9.534360e-05
5.748960e+03	5.290000e-03	7.220478e-04	-3.336266e-05	-5.388019e-03	5.160494e-05	9.606879e-05
5.761350e+03	1.813619e-03	4.882962e-03	5.245489e-05	-1.720015e-03	-2.580180e-05	-8.845803e-05
5.773740e+03	-3.426027e-03	3.773683e-03	-3.144119e-05	3.524501e-03	-3.007371e-05	-9.144517e-05
5.786130e+03	-5.010749e-03	-1.368651e-03	7.446499e-05	5.076924e-03	5.673405e-05	-8.033153e-05
5.798520e+03	-9.325540e-04	-4.882855e-03	1.950751e-06	9.815000e-04	2.569556e-05	-5.532495e-05
5.810910e+03	3.768992e-03	-3.042070e-03	-1.519844e-05	-3.687859e-03	1.097777e-04	-8.448052e-05
5.823300e+03	4.531996e-03	1.975838e-03	-7.487837e-06	-4.465163e-03	-4.633967e-05	-6.198487e-05
5.835690e+03	2.955254e-04	4.688268e-03	-3.327556e-05	-1.772171e-04	-2.706627e-05	-1.183336e-04
5.848080e+03	-3.992085e-03	2.391933e-03	2.125188e-05	3.927820e-03	-3.586899e-05	3.809712e-05
5.860470e+03	-3.791983e-03	-2.461166e-03	-7.073613e-07	3.800430e-03	-4.174764e-06	-1.022630e-05
5.872860e+03	3.413423e-04	-4.360484e-03	3.054718e-05	-4.168368e-04	4.619294e-05	7.282033e-05
5.885250e+03	3.974514e-03	-1.622555e-03	4.191785e-05	-4.008322e-03	5.159748e-06	4.852402e-05
5.897640e+03	3.255017e-03	2.731131e-03	-5.103260e-05	-3.411343e-03	-3.394347e-05	1.570865e-04
5.910030e+03	-9.476222e-04	4.008319e-03	-3.378843e-05	8.480000e-04	-3.271266e-06	9.623175e-05
5.922420e+03	-4.027602e-03	9.468401e-04	-4.834574e-05	3.964044e-03	5.299600e-05	6.481636e-05
5.934810e+03	-2.720799e-03	-2.996222e-03	-3.495129e-05	2.657848e-03	-1.586850e-05	6.824917e-05
5.947200e+03	1.276046e-03	-3.664471e-03	3.568832e-05	-1.322442e-03	3.017531e-05	4.321360e-05
5.959590e+03	3.734974e-03	-3.899887e-04	8.776374e-05	-3.701075e-03	4.860418e-05	-5.683354e-05
5.971980e+03	2.140957e-03	3.085857e-03	-5.448630e-05	-2.091542e-03	7.099704e-05	-5.372687e-05
5.984370e+03	-1.770020e-03	3.237230e-03	-5.164257e-05	1.836568e-03	7.254062e-05	-6.900067e-05
5.996760e+03	-3.492537e-03	-2.029267e-04	-4.626987e-05	3.534499e-03	-5.396806e-05	-2.213157e-05
6.009150e+03	-1.378097e-03	-3.119175e-03	3.299728e-05	1.457431e-03	-1.207660e-04	-7.721453e-05
6.021540e+03	2.158823e-03	-2.837204e-03	9.756288e-06	-2.173905e-03	-1.373647e-05	9.454027e-06
6.033930e+03	3.327822e-03	6.960027e-04	8.059669e-05	-3.282696e-03	7.825837e-05	-5.803705e-05
6.046320e+03	9.160285e-04	3.237283e-03	-1.706214e-05	-9.465512e-04	7.112079e-05	2.658667e-05
6.058710e+03	-2.456069e-03	2.281039e-03	-7.068240e-05	2.412416e-03	4.960551e-05	2.645320e-05
6.071100e+03	-3.118181e-03	-1.101348e-03	-5.646530e-05	3.116509e-03	-3.717194e-05	2.132331e-06
6.083490e+03	-4.481361e-04	-3.063990e-03	4.438620e-05	4.062941e-04	-8.825420e-05	4.035398e-05
6.095880e+03	2.521079e-03	-2.004802e-03	-6.088242e-05	-2.559578e-03	-7.095555e-05	3.646126e-05
6.108270e+03	2.772272e-03	1.402492e-03	7.154501e-05	-2.850057e-03	6.576036e-05	6.366122e-05
6.120660e+03	1.259648e-04	2.976679e-03	-5.139274e-05	-2.567602e-04	-3.834820e-05	1.246319e-04
6.133050e+03	-2.594005e-03	1.528169e-03	1.328934e-05	2.493734e-03	3.697476e-05	1.003311e-04
6.145440e+03	-2.572238e-03	-1.646091e-03	-6.998026e-05	2.477095e-03	-2.614841e-06	6.514270e-05
6.157830e+03	1.401231e-05	-2.891382e-03	-2.905666e-05	-1.247046e-04	3.942197e-05	1.058368e-04
6.170220e+03	2.500307e-03	-1.241516e-03	-1.700211e-05	-2.489161e-03	-2.132949e-05	-1.042754e-05
6.182610e+03	2.199453e-03	1.628800e-03	-9.635625e-06	-2.173506e-03	1.762120e-05	-2.932439e-05
6.195000e+03	-2.879706e-04	2.609105e-03	4.403110e-05	2.656607e-04	3.468470e-05	6.365660e-06
6.207390e+03	-2.478408e-03	8.831501e-04	7.419355e-06	2.608716e-03	-1.001785e-05	-1.261533e-04
6.219780e+03	-1.785381e-03	-1.683684e-03	7.426568e-05	1.780484e-03	3.915106e-05	3.263378e-06
6.232170e+03	6.145514e-04	-2.322502e-03	-2.568949e-05	-5.366785e-04	1.109839e-05	-7.073465e-05
6.244560e+03	2.319672e-03	-3.544493e-04	8.953043e-05	-2.267467e-03	-4.875358e-05	-4.705622e-05
6.256950e+03	1.392382e-03	1.782945e-03	3.158905e-05	-1.425578e-03	4.010299e-05	3.285585e-05
6.269340e+03	-1.038298e-03	1.991395e-03	-9.749609e-05	1.013215e-03	-3.442298e-05	2.680169e-05
6.281730e+03	-2.142419e-03	1.746560e-04	3.846121e-05	2.147241e-03	-9.608797e-06	3.588774e-06
6.294120e+03	-1.189758e-03	-1.845045e-03	1.424600e-05	1.205356e-03	1.338586e-05	-1.602526e-05
6.306510e+03	9.857628e-04	-1.815021e-03	4.761131e-05	-1.017649e-03	5.598406e-05	3.034445e-05
6.318900e+03	1.966135e-03	3.450395e-05	-7.997230e-06	-1.974948e-03	-2.995840e-06	7.451137e-06
6.331290e+03	8.836460e-04	1.746069e-03	5.891600e-05	-9.528399e-04	3.189179e-05	6.875424e-05
6.343680e+03	-1.191915e-03	1.558244e-03	3.024947e-05	1.072614e-03	-3.303704e-05	1.145386e-04
6.356070e+03	-1.879473e-03	-2.676808e-04	3.698015e-05	1.829851e-03	6.894943e-06	4.639336e-05
6.368460e+03	-5.294285e-04	-1.721646e-03	-4.716912e-05	4.988206e-04	-5.203633e-05	3.339733e-05
6.380850e+03	1.169663e-03	-1.245892e-03	3.853509e-05	-1.174460e-03	5.931561e-05	1.461915e-05
6.393240e+03	1.689717e-03	4.567923e-04	6.278026e-05	-1.760527e-03	4.236225e-05	6.529103e-05
6.405630e+03	4.131511e-04	1.695198e-03	-9.275503e-05	-3.110665e-04	3.279103e-06	-9.144931e-05
6.418020e+03	-1.258219e-03	1.068278e-03	4.550689e-05	1.241968e-03	-4.534933e-05	2.036837e-05
6.430410e+03	-1.495158e-03	-5.677907e-04	-3.044210e-05	1.591568e-03	-3.080500e-05	-9.667130e-05
6.442800e+03	-1.853939e-04	-1.568464e-03	-2.617984e-06	2.951050e-04	-4.082688e-05	-1.125348e-04
6.455190e+03	1.272954e-03	-9.283569e-04	6.709109e-05	-1.259581e-03	4.622905e-05	-4.402519e-06
6.467580e+03	1.316432e-03	6.677770e-04	3.619468e-05	-1.334764e-03	4.517344e-05	2.517275e-05
6.479970e+03	1.768294e-04	1.368604e-03	9.210734e-06	-9.534069e-05	-2.501093e-05	-7.699314e-05
6.492360e+03	-1.141700e-03	6.671144e-04	4.018445e-05	1.119766e-03	-6.078086e-05	2.024273e-05
6.504750e+03	-1.133711e-03	-7.257820e-04	2.842302e-05	1.106191e-03	-5.253433e-05	3.440739e-05
6.517140e+03	3.746790e-05	-1.284347e-03	3.478229e-05	-8.233937e-05	-4.605981e-06	4.484154e-05
6.529530e+03	1.064269e-03	-6.235081e-04	-3.433666e-05	-1.152934e-03	-2.936910e-05	8.170851e-05
6.541920e+03	9.684344e-04	7.329013e-04	3.567632e-05	-1.047912e-03	1.556991e-05	6.725425e-05
6.554310e+03	-1.745606e-04	1.198497e-03	5.227188e-05	9.147591e-05	3.013593e-05	8.110002e-05
6.566700e+03	-1.080346e-03	5.500816e-04	1.413356e-05	1.005697e-03	5.433744e-05	5.927327e-05
6.579090e+03	-9.859744e-04	-7.526936e-04	4.354699e-05	9.080310e-04	-3.239332e-05	8.291117e-05
6.591480e+03	2.247316e-05	-1.071288e-03	-7.042128e-05	-4.738142e-05	6.697695e-06	2.715272e-05
6.603870e+03	8.924279e-04	-2.569680e-04	5.130837e-05	-9.083609e-04	4.915899e-05	1.953025e-05
6.616260e+03	7.609391e-04	5.512296e-04	3.693975e-05	-7.619021e-04	-7.816805e-05	-8.494468e-07
6.628650e+03	-1.776895e-04	9.401453e-04	6.304242e-06	2.261186e-04	6.389370e-05	-4.642286e-05
6.641040e+03	-9.280952e-04	3.107937e-04	-2.290284e-05	9.113594e-04	4.969065e-05	1.721675e-05
6.653430e+03	-5.430883e-04	-6.295750e-04	1.073446e-04	5.326677e-04	-6.434054e-06	-4.832394e-06
6.665820e+03	3.250011e-04	-7.185435e-04	2.536539e-06	-2.775325e-04	1.201911e-05	-4.437629e-05
6.678210e+03	6.623550e-04	6.142460e-05	-6.719322e-05	-6.671452e-04	2.719679e-05	6.758438e-06
6.690600e+03	3.263303e-04	5.442268e-04	4.387171e-05	-3.616368e-04	-4.444834e-05	4.316644e-05
6.702990e+03	-3.288949e-04	6.277275e-04	-1.776669e-05	3.329623e-04	6.731252e-05	-9.735073e-07
6.715380e+03	-5.977315e-04	1.558564e-05	1.223990e-05	6.315666e-04	-2.419288e-05	-3.371277e-05
6.727770e+03	-2.619699e-04	-5.449267e-04	5.899298e-05	2.473832e-04	5.119124e-05	1.506117e-05
6.740160e+03	2.088950e-04	-5.827756e-04	6.000967e-05	-2.688416e-04	9.799576e-07	5.131334e-05
6.752550e+03	5.943323e-04	-2.057849e-05	6.328505e-05	-6.228081e-04	2.132720e-05	2.296785e-05
6.764940e+03	3.016316e-04	3.976384e-04	3.706782e-06	-3.291169e-04	-1.375091e-05	3.464839e-05
6.777330e+03	-2.132584e-04	4.452133e-04	-5.905712e-05	2.521566e-04	5.523278e-05	-3.224433e-05
6.789720e+03	-5.652443e-04	2.556859e-05	7.436107e-05	4.294964e-04	-5.633559e-05	1.350823e-04
6.802110e+03	-3.195249e-04	-3.990580e-04	2.075805e-05	2.600172e-04	-3.816485e-05	6.654995e-05
6.814500e+03	3.022475e-04	-3.805726e-04	-2.112922e-06	-2.610554e-04	2.020395e-05	-4.204612e-05
6.826890e+03	5.201133e-04	5.297336e-05	3.770681e-06	-5.093554e-04	4.900222e-06	-9.990337e-06
6.839280e+03	1.771575e-04	3.390069e-04	1.666973e-05	-1.610418e-04	2.375886e-05	-1.596173e-05
6.851670e+03	-1.515089e-04	2.217389e-04	-6.412100e-05	2.659475e-04	-2.413008e-06	-1.044551e-04
6.864060e+03	-3.396739e-04	-5.241839e-05	-4.242813e-05	3.696313e-04	1.384165e-05	-3.420083e-05
6.876450e+03	-9.354274e-05	-2.442234e-04	2.694616e-05	5.989331e-05	-1.819591e-06	3.451808e-05
6.888840e+03	1.556698e-04	-2.784801e-04	4.406509e-05	-9.168279e-05	-5.362426e-05	-5.471350e-05
6.901230e+03	2.610000e-04	8.136634e-05	-3.669952e-05	-2.388904e-04	1.946145e-05	-2.250321e-05
6.913620e+03	-4.711381e-05	2.353232e-04	3.317487e-05	3.239510e-05	-2.751092e-05	1.488290e-05
6.926010e+03	-1.480252e-04	1.318288e-04	3.338768e-05	1.360166e-04	5.482835e-05	1.225187e-05
6.938400e+03	-2.775112e-04	-1.780136e-04	4.265968e-06	2.882928e-04	-1.402941e-05	-6.384501e-06
6.950790e+03	3.606284e-05	-2.334844e-04	-1.649251e-05	-5.445859e-05	5.768177e-06	1.839546e-05
6.963180e+03	1.978604e-04	-1.523929e-04	1.248480e-06	-2.372792e-04	-4.314016e-06	3.753317e-05
6.975570e+03	1.863622e-04	2.068538e-04	-6.398241e-05	-2.418973e-04	5.890792e-05	5.568373e-05
6.987960e+03	-6.209778e-05	1.580517e-04	2.837478e-05	3.698846e-05	-5.609093e-05	2.410943e-05
7.000350e+03	-2.179361e-04	9.653113e-05	9.074944e-06	1.735765e-04	1.920771e-05	4.456976e-05
7.012740e+03	-2.350387e-04	-1.800966e-04	2.283197e-05	2.234853e-04	-1.105765e-05	1.889574e-05
7.025130e+03	3.411044e-05	-1.690031e-04	-2.727114e-08	-5.895484e-05	1.108092e-04	2.613026e-05
7.037520e+03	8.516503e-05	-1.401691e-04	2.068304e-05	-7.306570e-05	1.331397e-05	-7.883643e-06
7.049910e+03	1.507635e-04	2.811152e-05	6.826834e-05	-1.470670e-04	1.447631e-06	-3.971897e-06
7.062300e+03	-2.562600e-05	1.222750e-04	-1.630879e-05	-3.194234e-05	-1.811928e-05	5.358329e-05
7.074690e+03	-2.039965e-04	9.152733e-05	-3.498045e-05	2.189990e-04	-1.689928e-05	-1.463860e-05
7.087080e+03	-1.259869e-04	-3.456854e-05	-3.026067e-05	1.019593e-04	2.577089e-05	2.396291e-05
7.099470e+03	-8.286308e-05	-1.291336e-04	2.269039e-05	-5.511558e-06	9.758683e-06	8.790452e-05
7.111860e+03	2.363419e-04	-1.123979e-04	3.367943e-05	-2.389833e-04	1.097287e-04	6.397966e-06
7.124250e+03	1.076392e-04	1.320539e-04	-3.548063e-05	-9.773836e-05	-4.467177e-05	-1.031319e-05
7.136640e+03	-4.361103e-05	1.794688e-04	2.089115e-05	3.593084e-05	-3.785548e-05	4.683940e-06
7.149030e+03	-1.942085e-04	1.084866e-04	1.123292e-05	2.057185e-04	-2.600589e-05	-1.107959e-05
7.161420e+03	-1.129767e-04	-6.964152e-05	2.233597e-05	1.576019e-04	-2.345121e-05	-3.560757e-05
7.173810e+03	-7.592620e-05	-1.334425e-04	-4.193162e-06	1.001151e-04	-1.676471e-05	-2.516991e-05
7.186200e+03	1.282173e-04	-3.683503e-05	-7.097757e-06	-1.769128e-04	6.062004e-05	4.839551e-05
7.198590e+03	7.580340e-05	5.147545e-05	1.004530e-05	-3.082268e-05	-6.485734e-05	-5.391184e-05
7.210980e+03	1.408238e-05	1.638589e-04	-2.115743e-05	-1.084858e-05	1.518691e-05	-3.478578e-06
7.223370e+03	-8.781069e-05	1.056615e-04	-2.280455e-05	4.766428e-05	9.647515e-07	3.711495e-05
7.235760e+03	-8.313215e-05	-3.952250e-05	1.002733e-06	-2.735369e-06	-2.383025e-05	8.792745e-05
7.248150e+03	4.067649e-05	-1.364554e-04	1.649133e-06	-1.813850e-05	9.273890e-05	-2.157776e-05
7.260540e+03	2.526427e-05	-9.677580e-06	-4.423908e-06	-7.080772e-05	2.426120e-05	4.542121e-05
7.272930e+03	1.043762e-04	2.454230e-04	-1.013251e-04	-1.488547e-04	-1.233672e-05	4.493516e-05
7.285320e+03	-2.504506e-05	1.148030e-04	1.234986e-05	-1.949295e-05	3.854797e-05	4.683900e-05
7.297710e+03	-9.544046e-05	7.168974e-07	4.090570e-05	5.602152e-05	3.075258e-05	3.909068e-05
7.310100e+03	-1.548753e-04	7.273785e-05	-1.077478e-05	9.669608e-05	-8.598802e-05	5.410877e-05
7.322490e+03	1.071161e-05	1.666905e-05	-5.875740e-05	1.585711e-05	5.612812e-05	-2.656798e-05
