1.288560e+03	1.781386e-02	-9.607836e-02	-4.636388e-05	-1.727448e-02	4.839905e-05	2.593381e-04
1.300950e+03	4.317206e-02	-7.983981e-02	-3.103375e-06	-4.318153e-02	1.748308e-05	6.224706e-05
1.313340e+03	6.256411e-02	-6.640906e-02	-9.603224e-06	-6.293142e-02	-1.390412e-05	3.827616e-04
1.325730e+03	7.740371e-02	-4.808006e-02	1.939289e-06	-7.770793e-02	1.895978e-05	3.165545e-04
1.338120e+03	8.663374e-02	-2.572389e-02	8.463964e-06	-8.636452e-02	2.231116e-05	-2.090206e-04
1.350510e+03	9.009069e-02	-3.051707e-03	5.592262e-06	-9.000000e-02	4.201577e-05	-9.140914e-05
1.362900e+03	8.808365e-02	2.038667e-02	-3.862888e-06	-8.818452e-02	2.789979e-05	8.321249e-05
1.375290e+03	7.996357e-02	4.311068e-02	-1.583110e-05	-8.050602e-02	1.723931e-05	5.862694e-04
1.387680e+03	6.563140e-02	6.203470e-02	-2.217909e-05	-6.592178e-02	3.773341e-05	3.191936e-04
1.400070e+03	4.734344e-02	7.628220e-02	-4.185569e-05	-4.734612e-02	1.739747e-05	5.392753e-05
1.412460e+03	2.629149e-02	8.618491e-02	-5.275847e-05	-2.657446e-02	-2.015693e-05	3.265068e-04
1.424850e+03	3.001841e-03	9.032646e-02	-3.652737e-05	-3.573586e-03	-1.539461e-05	5.654712e-04
1.437240e+03	-2.050890e-02	8.843188e-02	-4.933729e-05	1.997730e-02	-1.475561e-05	5.847697e-04
1.449630e+03	-4.255213e-02	7.947264e-02	-2.908795e-05	4.235247e-02	-4.689869e-05	2.490093e-04
1.462020e+03	-6.181856e-02	6.621847e-02	1.438753e-05	6.149984e-02	-4.495582e-05	3.165269e-04
1.474410e+03	-7.708121e-02	4.767836e-02	1.112275e-06	7.678800e-02	-4.098300e-05	3.190995e-04
1.486800e+03	-8.763958e-02	2.619995e-02	3.357318e-05	8.710163e-02	-1.645122e-05	5.342310e-04
1.499190e+03	-9.206662e-02	2.178743e-03	7.484590e-05	9.126915e-02	-3.913793e-05	8.116247e-04
1.511580e+03	-8.890250e-02	-2.262389e-02	4.191584e-05	8.848383e-02	-1.736133e-05	4.126449e-04
1.523970e+03	-7.932476e-02	-4.465878e-02	6.610417e-05	7.918248e-02	1.720716e-05	1.359458e-04
1.536360e+03	-6.486526e-02	-6.435815e-02	1.404153e-05	6.466172e-02	2.446498e-05	1.921806e-04
1.548750e+03	-4.635744e-02	-7.983438e-02	4.738351e-05	4.585531e-02	2.580053e-05	4.765365e-04
1.561140e+03	-2.284041e-02	-8.988493e-02	-9.606269e-06	2.221846e-02	1.762811e-05	5.811764e-04
1.573530e+03	2.182307e-03	-9.245254e-02	-1.683387e-05	-2.506623e-03	2.344335e-05	3.173326e-04
1.585920e+03	2.715662e-02	-8.843077e-02	1.231476e-06	-2.717559e-02	9.228815e-06	3.253456e-05
1.598310e+03	5.044552e-02	-7.824371e-02	1.445658e-06	-5.041183e-02	3.847918e-05	4.386383e-06
1.610700e+03	7.043938e-02	-6.227389e-02	-2.171028e-05	-7.079204e-02	1.713590e-05	3.106355e-04
1.623090e+03	8.520912e-02	-4.069155e-02	-2.266517e-05	-8.561547e-02	5.078099e-05	3.303508e-04
1.635480e+03	9.422949e-02	-1.474500e-02	-1.660376e-05	-9.460175e-02	-3.994084e-05	3.344188e-04
1.647870e+03	9.443005e-02	1.257602e-02	-3.001082e-05	-9.453334e-02	3.295397e-05	8.681053e-05
1.660260e+03	8.769864e-02	3.850790e-02	-6.648181e-06	-8.754866e-02	4.683871e-06	-1.509771e-04
1.672650e+03	7.356782e-02	6.234682e-02	-6.386135e-05	-7.364911e-02	4.524542e-05	1.158710e-04
1.685040e+03	5.271930e-02	8.118689e-02	-2.203923e-05	-5.276107e-02	-1.207104e-05	6.913491e-05
1.697430e+03	2.762795e-02	9.297050e-02	-4.854228e-05	-2.737465e-02	-4.301153e-06	-2.302690e-04
1.709820e+03	-8.514061e-04	9.719147e-02	-6.742926e-05	1.196222e-03	7.367880e-07	-3.481230e-04
1.722210e+03	-2.884958e-02	9.333376e-02	-1.182394e-05	2.924057e-02	-5.741842e-05	-4.043465e-04
1.734600e+03	-5.548056e-02	8.145230e-02	-1.402077e-05	5.577513e-02	-5.220555e-05	-3.001214e-04
1.746990e+03	-7.735466e-02	6.141318e-02	6.100296e-05	7.763638e-02	-7.111071e-05	-2.985411e-04
1.759380e+03	-9.344984e-02	3.580639e-02	2.927713e-05	9.354443e-02	-1.324989e-05	-1.082059e-04
1.771770e+03	-9.954245e-02	6.251926e-03	8.689128e-05	9.976169e-02	-3.189735e-05	-4.652478e-04
1.784160e+03	-9.663429e-02	-2.465511e-02	1.035997e-04	9.730625e-02	1.383817e-05	-5.237971e-04
1.796550e+03	-8.523010e-02	-5.319040e-02	6.960521e-05	8.573816e-02	4.415256e-05	-4.443722e-04
1.808940e+03	-6.519561e-02	-7.694697e-02	-4.089187e-05	6.551209e-02	4.248702e-05	-3.243166e-04
1.821330e+03	-3.860642e-02	-9.360505e-02	1.029124e-05	3.900540e-02	7.260196e-05	-3.762436e-04
1.833720e+03	-7.880317e-03	-1.004634e-01	1.988231e-05	8.399616e-03	1.046479e-04	-5.256543e-04
1.846110e+03	2.354030e-02	-9.874753e-02	-2.700489e-05	-2.293914e-02	6.445219e-05	-5.847991e-04
1.858500e+03	5.306888e-02	-8.685568e-02	-5.207302e-05	-5.254584e-02	1.967141e-06	-5.390456e-04
1.870890e+03	7.761672e-02	-6.640070e-02	-6.560751e-05	-7.721367e-02	-8.380775e-06	-3.598646e-04
1.883280e+03	9.472521e-02	-3.905633e-02	-3.625000e-05	-9.445673e-02	-1.983001e-05	-3.067323e-04
1.895670e+03	1.029975e-01	-7.151797e-03	-5.197668e-05	-1.019981e-01	5.187005e-05	-2.390650e-04
1.908060e+03	9.903161e-02	2.541159e-02	2.490463e-05	-9.853299e-02	-5.309070e-05	-3.422240e-04
1.920450e+03	8.612670e-02	5.516671e-02	-3.303832e-05	-8.568953e-02	-3.235085e-05	-4.023133e-04
1.932840e+03	6.455299e-02	7.910173e-02	2.456464e-06	-6.434067e-02	-4.254561e-05	-1.963275e-04
1.945230e+03	3.602285e-02	9.580770e-02	-4.280402e-05	-3.601246e-02	2.503621e-05	5.527677e-05
1.957620e+03	4.089010e-03	1.018841e-01	-2.626149e-05	-4.093164e-03	-1.726013e-05	-1.194981e-05
1.970010e+03	-2.804642e-02	9.786432e-02	4.791962e-06	2.825032e-02	-2.609175e-05	-1.712132e-04
1.982400e+03	-5.700117e-02	8.402540e-02	1.902048e-05	5.726184e-02	-2.220443e-05	-2.523381e-04
1.994790e+03	-8.099876e-02	6.142429e-02	4.320000e-05	8.100164e-02	3.976662e-06	-1.994040e-05
2.007180e+03	-9.684341e-02	3.301250e-02	4.786217e-05	9.655012e-02	-3.327886e-05	2.289769e-04
2.019570e+03	-1.020000e-01	5.092463e-04	9.856964e-05	1.017911e-01	2.104661e-05	3.065328e-04
2.031960e+03	-9.643779e-02	-3.172039e-02	7.601709e-05	9.641185e-02	3.676923e-05	7.187688e-05
2.044350e+03	-8.101190e-02	-6.086302e-02	3.543517e-05	8.100775e-02	3.627567e-05	-6.954052e-05
2.056740e+03	-5.816734e-02	-8.325465e-02	-1.364387e-05	5.800346e-02	6.210825e-05	2.100963e-04
2.069130e+03	-2.897606e-02	-9.736817e-02	-9.101405e-06	2.859550e-02	7.489529e-05	3.518946e-04
2.081520e+03	3.576122e-03	-1.019537e-01	-4.944004e-05	-3.964903e-03	1.988035e-05	3.890504e-04
2.093910e+03	3.575595e-02	-9.501451e-02	-3.163814e-05	-3.596512e-02	3.015564e-05	2.397868e-04
2.106300e+03	6.436274e-02	-7.876224e-02	-5.226683e-05	-6.463525e-02	-4.186553e-05	2.549384e-04
2.118690e+03	8.608358e-02	-5.430788e-02	-2.196898e-05	-8.630095e-02	-1.883792e-05	2.134010e-04
2.131080e+03	9.935312e-02	-2.346292e-02	-1.888820e-05	-9.989857e-02	3.214763e-06	4.591434e-04
2.143470e+03	1.020000e-01	9.912200e-03	1.884643e-06	-1.022833e-01	-2.388209e-05	5.308465e-04
2.155860e+03	9.316498e-02	4.255832e-02	-6.269124e-06	-9.343070e-02	-2.780296e-06	2.016839e-04
2.168250e+03	7.446767e-02	7.027607e-02	2.367343e-06	-7.484716e-02	-1.371245e-05	3.585312e-04
2.180640e+03	4.765031e-02	9.133538e-02	-1.889287e-05	-4.795026e-02	2.516342e-05	2.429279e-04
2.193030e+03	1.553762e-02	1.026386e-01	-1.367936e-05	-1.582097e-02	-5.873254e-06	2.845695e-04
2.205420e+03	-1.911762e-02	1.018679e-01	1.426336e-05	1.883781e-02	-2.839407e-05	2.823514e-04
2.217810e+03	-5.165875e-02	9.025254e-02	3.323671e-05	5.148872e-02	-4.516120e-05	2.049069e-04
2.230200e+03	-7.915467e-02	6.786682e-02	-1.147061e-05	7.895445e-02	-3.088548e-05	1.110962e-04
2.242590e+03	-9.804865e-02	3.818675e-02	-1.200262e-06	9.784545e-02	-6.079386e-06	2.752471e-04
2.254980e+03	-1.056808e-01	2.921030e-03	2.641794e-05	1.050000e-01	-1.406032e-05	3.109823e-04
2.267370e+03	-1.006983e-01	-3.350422e-02	5.308675e-07	9.982615e-02	-9.155519e-06	1.106056e-04
2.279760e+03	-8.381523e-02	-6.589351e-02	1.731509e-04	8.352296e-02	1.157737e-05	2.156510e-04
2.292150e+03	-5.579035e-02	-9.087269e-02	5.148904e-05	5.572278e-02	3.825789e-05	8.484563e-05
2.304540e+03	-2.108721e-02	-1.054056e-01	-3.043901e-05	2.109875e-02	-1.674563e-05	-7.547483e-06
2.316930e+03	1.681260e-02	-1.067199e-01	1.485096e-05	-1.672048e-02	2.285230e-05	-3.925870e-05
2.329320e+03	5.318768e-02	-9.433034e-02	-2.008346e-06	-5.329086e-02	-2.633572e-06	2.592634e-05
2.341710e+03	8.352603e-02	-6.951907e-02	2.244539e-05	-8.349334e-02	2.716882e-05	-6.979483e-05
2.354100e+03	1.034644e-01	-3.561400e-02	1.103504e-05	-1.034644e-01	-3.844882e-05	7.380842e-05
2.366490e+03	1.099197e-01	4.374201e-03	4.779371e-05	-1.099197e-01	-1.303196e-05	-6.452938e-05
2.378880e+03	1.016546e-01	4.403250e-02	1.778315e-05	-1.016563e-01	2.447027e-05	-1.386946e-04
2.391270e+03	7.837464e-02	7.853041e-02	-1.635058e-05	-7.827622e-02	8.865690e-05	-5.103836e-05
2.403660e+03	4.453373e-02	1.021579e-01	-6.426715e-05	-4.436428e-02	1.139544e-05	-1.647088e-04
2.416050e+03	3.525098e-03	1.119608e-01	-1.351435e-04	-3.430824e-03	1.178278e-04	-8.576946e-05
2.428440e+03	-3.869901e-02	1.054774e-01	-5.208046e-05	3.889630e-02	-5.016521e-05	-1.710548e-04
2.440830e+03	-7.582260e-02	8.374617e-02	-5.801900e-05	7.605816e-02	-4.835612e-05	-2.289986e-04
2.453220e+03	-1.024648e-01	4.893954e-02	-8.258068e-06	1.025100e-01	-8.614821e-05	-1.507663e-04
2.465610e+03	-1.139438e-01	5.966782e-03	1.288800e-04	1.139438e-01	-8.055965e-05	-1.195090e-04
2.478000e+03	-1.082323e-01	-3.869379e-02	4.545532e-05	1.082323e-01	-6.495924e-05	-1.368086e-04
2.490390e+03	-8.456154e-02	-7.776706e-02	7.248351e-05	8.471736e-02	9.216682e-06	-1.464423e-04
2.502780e+03	-4.801463e-02	-1.050860e-01	5.484235e-05	4.811126e-02	3.374156e-05	-1.054937e-04
2.515170e+03	-2.961178e-03	-1.150000e-01	-1.249290e-05	2.953365e-03	-2.537565e-05	4.081682e-06
2.527560e+03	4.325804e-02	-1.078715e-01	2.498194e-05	-4.315758e-02	5.375416e-05	-1.089292e-04
2.539950e+03	8.300328e-02	-8.215454e-02	4.199869e-05	-8.300502e-02	8.529122e-05	-3.427060e-05
2.552340e+03	1.096933e-01	-4.229397e-02	1.416273e-06	-1.096933e-01	-1.405399e-05	-3.018154e-06
2.564730e+03	1.176668e-01	5.678611e-03	2.268839e-05	-1.176668e-01	1.138714e-04	1.412854e-04
2.577120e+03	1.055312e-01	5.311185e-02	-4.882529e-05	-1.055326e-01	1.363136e-04	7.987449e-05
2.589510e+03	7.498951e-02	9.222885e-02	-1.033007e-04	-7.509171e-02	1.615053e-04	1.750009e-04
2.601900e+03	3.011892e-02	1.157788e-01	-9.921110e-05	-3.022532e-02	1.172407e-05	4.377937e-05
2.614290e+03	-2.081370e-02	1.182477e-01	-1.546230e-04	2.079189e-02	-2.794817e-05	4.406912e-05
2.626680e+03	-6.859013e-02	9.910041e-02	-1.561519e-04	6.858439e-02	-1.076714e-04	2.270043e-06
2.639070e+03	-1.043868e-01	6.091063e-02	-1.257505e-04	1.044498e-01	-1.176386e-04	1.830000e-04
2.651460e+03	-1.213519e-01	1.094816e-02	1.089042e-04	1.210816e-01	-1.230000e-04	1.916869e-04
2.663850e+03	-1.152578e-01	-4.321526e-02	1.377166e-04	1.150170e-01	-8.774832e-05	2.450882e-04
2.676240e+03	-8.523681e-02	-8.968237e-02	9.631404e-05	8.486789e-02	-4.543933e-05	3.351143e-04
2.688630e+03	-3.753405e-02	-1.190452e-01	8.232698e-05	3.713090e-02	2.764409e-05	3.489780e-04
2.701020e+03	1.867327e-02	-1.226170e-01	9.280498e-05	-1.898028e-02	1.176672e-04	3.221744e-04
2.713410e+03	7.258237e-02	-1.024359e-01	2.675214e-05	-7.298913e-02	6.112703e-05	3.085494e-04
2.725800e+03	1.124550e-01	-5.917282e-02	-2.726944e-05	-1.124182e-01	6.199892e-05	5.548582e-04
2.738190e+03	1.279402e-01	-2.369805e-04	7.435677e-05	-1.289214e-01	1.374690e-04	6.406443e-04
2.750580e+03	1.143219e-01	6.072463e-02	-7.335051e-05	-1.142108e-01	1.930698e-04	5.408733e-04
2.762970e+03	7.217726e-02	1.089501e-01	-1.458989e-04	-7.274284e-02	4.390484e-05	5.713292e-04
2.775360e+03	1.078450e-02	1.310000e-01	-2.622395e-04	-1.159456e-02	1.475176e-04	7.435938e-04
2.787750e+03	-5.673750e-02	1.213165e-01	-1.818894e-04	5.575310e-02	-1.758244e-04	1.032581e-03
2.800140e+03	-1.125048e-01	7.687369e-02	-5.352441e-05	1.106435e-01	-2.529248e-04	1.066417e-03
2.812530e+03	-1.369060e-01	7.944837e-03	7.574692e-05	1.353015e-01	-2.760956e-04	1.154958e-03
2.824920e+03	-1.230379e-01	-6.759157e-02	2.000193e-04	1.211596e-01	-1.276130e-04	1.378331e-03
2.837310e+03	-6.505777e-02	-1.247251e-01	2.908815e-04	6.346363e-02	-3.289529e-05	1.618943e-03
2.849700e+03	1.845119e-02	-1.393342e-01	2.004558e-04	-2.024538e-02	1.316153e-04	1.807761e-03
2.862090e+03	9.923691e-02	-1.006871e-01	1.664344e-04	-1.011906e-01	2.651965e-04	1.619837e-03
2.874480e+03	1.394222e-01	-1.663178e-02	-1.786234e-05	-1.414222e-01	2.384831e-04	1.367767e-03
2.886870e+03	1.150269e-01	7.893606e-02	-6.811643e-05	-1.150913e-01	5.479512e-04	4.621383e-04
2.899260e+03	2.937353e-02	1.297083e-01	-3.139252e-04	-2.988127e-02	3.127090e-04	4.553098e-04
2.911650e+03	-7.168144e-02	1.040154e-01	-4.070000e-04	7.348099e-02	-2.379016e-04	-1.779532e-03
2.924040e+03	-1.129001e-01	1.685207e-02	-1.094412e-04	1.158813e-01	-6.494452e-04	-2.815626e-03
2.936430e+03	-7.102058e-02	-6.676772e-02	2.846801e-04	7.466421e-02	-2.934527e-04	-3.645818e-03
2.948820e+03	1.328546e-02	-7.842182e-02	5.315928e-04	-8.438196e-03	3.574403e-05	-4.906219e-03
2.961210e+03	5.483512e-02	-2.580159e-02	-6.343291e-05	-5.104645e-02	1.969838e-04	-3.806468e-03
2.973600e+03	3.681923e-02	2.015936e-02	-3.796097e-04	-3.381103e-02	1.874971e-04	-2.937319e-03
2.985990e+03	-3.173456e-03	2.215089e-02	-2.698774e-04	7.522493e-03	1.296506e-04	-4.251313e-03
2.998380e+03	-5.017094e-03	-7.918043e-03	-2.959468e-04	7.979353e-03	-1.760930e-04	-2.834738e-03
3.010770e+03	2.343709e-02	-9.493355e-03	1.049673e-04	-2.109920e-02	-1.589372e-04	-2.363799e-03
3.023160e+03	1.888082e-02	2.446997e-02	-4.651810e-05	-1.943994e-02	-1.433066e-04	5.103766e-04
3.035550e+03	-1.375907e-02	4.159740e-02	-9.573761e-05	1.454027e-02	-7.131250e-05	-8.361098e-04
3.047940e+03	-5.460804e-02	1.094893e-02	2.124011e-04	5.388904e-02	1.066966e-04	7.561331e-04
3.060330e+03	-4.405742e-02	-4.352396e-02	6.392300e-05	4.337680e-02	3.719304e-05	6.749828e-04
3.072720e+03	1.163232e-02	-6.729570e-02	6.770985e-05	-1.362348e-02	-1.692751e-05	1.949749e-03
3.085110e+03	6.841582e-02	-3.129211e-02	3.556579e-06	-7.023624e-02	1.032495e-04	1.843533e-03
3.097500e+03	6.867840e-02	4.269095e-02	-1.052279e-04	-7.033866e-02	1.420617e-04	1.522574e-03
3.109890e+03	3.580386e-03	8.709891e-02	-5.087847e-04	-4.170485e-03	-1.995867e-05	5.939901e-04
3.122280e+03	-7.192976e-02	5.327947e-02	-1.975285e-04	7.226358e-02	-1.265128e-04	-3.260090e-04
3.134670e+03	-8.616778e-02	-3.202139e-02	-7.232558e-05	8.710525e-02	-2.169753e-04	-9.050430e-04
3.147060e+03	-1.863842e-02	-8.935331e-02	1.205801e-04	2.059991e-02	-1.292197e-04	-1.934587e-03
3.159450e+03	6.705220e-02	-6.343532e-02	1.286565e-04	-6.569038e-02	3.625113e-05	-1.357163e-03
3.171840e+03	8.749057e-02	2.219084e-02	-1.930373e-05	-8.716238e-02	1.694226e-04	-1.646136e-04
3.184230e+03	2.477631e-02	8.239327e-02	-3.997088e-04	-2.516698e-02	1.516800e-04	4.578920e-04
3.196620e+03	-5.525805e-02	6.229811e-02	-3.379247e-04	5.465859e-02	-3.897786e-05	6.734628e-04
3.209010e+03	-7.763115e-02	-1.292078e-02	-2.221426e-04	7.676165e-02	-2.253195e-04	9.011726e-04
3.221400e+03	-2.405926e-02	-6.976077e-02	1.662569e-04	2.353477e-02	-1.950117e-04	5.223373e-04
3.233790e+03	4.369532e-02	-5.093509e-02	2.049416e-04	-4.353623e-02	-7.284703e-05	-1.646042e-04
3.246180e+03	5.850299e-02	1.151349e-02	1.713864e-04	-5.883108e-02	1.427970e-04	4.215555e-04
3.258570e+03	1.360844e-02	5.014976e-02	1.311752e-04	-1.446419e-02	2.698280e-04	7.559004e-04
3.270960e+03	-3.440869e-02	3.230146e-02	-3.962389e-04	3.522309e-02	4.412206e-05	-8.068922e-04
3.283350e+03	-3.915084e-02	-1.678571e-02	-3.711032e-05	3.959672e-02	-9.224742e-05	-4.037608e-04
3.295740e+03	1.136994e-03	-3.808677e-02	2.680002e-04	-1.586592e-03	-1.064207e-04	4.885326e-04
3.308130e+03	3.441590e-02	-7.364571e-03	2.382464e-04	-3.307087e-02	-3.539624e-05	-1.294022e-03
3.320520e+03	2.070346e-02	3.071036e-02	2.134376e-04	-1.794521e-02	-5.265704e-06	-2.648468e-03
3.332910e+03	-2.427961e-02	2.808106e-02	-1.071031e-05	2.617940e-02	8.728835e-05	-1.822015e-03
3.345300e+03	-3.711589e-02	-1.689791e-02	3.926355e-04	3.823387e-02	3.690081e-05	-1.103657e-03
3.357690e+03	-3.948876e-04	-4.507991e-02	-1.338572e-04	6.523186e-04	6.107682e-05	-3.208513e-04
3.370080e+03	4.685278e-02	-2.219128e-02	-7.289398e-05	-4.599422e-02	2.989646e-05	-7.356814e-04
3.382470e+03	4.258286e-02	3.111635e-02	-1.408965e-04	-4.375864e-02	-2.752824e-06	1.098766e-03
3.394860e+03	-7.891419e-03	5.618369e-02	-3.120039e-05	6.959680e-03	-5.052278e-05	8.684894e-04
3.407250e+03	-5.641226e-02	2.240009e-02	-2.368266e-04	5.547606e-02	-1.392392e-04	9.299531e-04
3.419640e+03	-4.870620e-02	-3.889739e-02	1.076545e-04	4.821629e-02	-4.124772e-05	5.451043e-04
3.432030e+03	1.039357e-02	-6.305595e-02	7.846472e-05	-1.085879e-02	7.665845e-05	4.650938e-04
3.444420e+03	6.065265e-02	-2.148239e-02	-1.302821e-04	-6.144540e-02	2.169544e-04	7.270433e-04
3.456810e+03	4.836090e-02	4.284813e-02	4.593791e-05	-4.841390e-02	1.707093e-04	-7.034108e-05
3.469200e+03	-1.374974e-02	6.371520e-02	-2.690991e-04	1.501593e-02	-2.092778e-05	-1.225257e-03
3.481590e+03	-6.192588e-02	1.566434e-02	-8.747553e-05	6.255131e-02	-1.925266e-04	-6.145792e-04
3.493980e+03	-4.168770e-02	-4.592348e-02	1.693571e-04	4.271270e-02	-1.858251e-04	-1.010127e-03
3.506370e+03	2.274488e-02	-5.892465e-02	3.449051e-04	-2.120198e-02	2.263632e-05	-1.509008e-03
3.518760e+03	5.720858e-02	-9.379893e-03	2.838657e-04	-5.760058e-02	2.122714e-04	3.687368e-04
3.531150e+03	3.496335e-02	4.532597e-02	-9.720995e-05	-3.497981e-02	1.916041e-04	4.424956e-05
3.543540e+03	-2.229660e-02	5.021049e-02	-2.698902e-04	2.218951e-02	3.599117e-05	1.127862e-04
3.555930e+03	-5.174126e-02	4.504574e-03	9.536810e-05	5.167537e-02	-1.413441e-04	-5.129644e-05
3.568320e+03	-2.830280e-02	-4.242236e-02	2.692560e-05	2.759833e-02	-1.885203e-04	7.161357e-04
3.580710e+03	2.250776e-02	-4.280124e-02	-4.829496e-05	-2.342918e-02	-2.860808e-05	9.626572e-04
3.593100e+03	4.484964e-02	9.017081e-04	2.973093e-04	-4.534967e-02	1.373291e-04	5.153130e-04
3.605490e+03	1.842600e-02	4.084185e-02	-1.181804e-04	-1.855820e-02	1.628293e-04	1.254434e-04
3.617880e+03	-2.575883e-02	3.322660e-02	4.747282e-06	2.670430e-02	4.490353e-05	-1.006711e-03
3.630270e+03	-3.967582e-02	-1.016120e-02	-4.327086e-05	4.007218e-02	-3.704959e-05	-4.946817e-04
3.642660e+03	-5.903703e-03	-3.779646e-02	2.064378e-04	7.000130e-03	-5.232400e-05	-1.089908e-03
3.655050e+03	3.220870e-02	-2.029961e-02	-3.366836e-05	-3.117976e-02	3.291354e-05	-9.556630e-04
3.667440e+03	3.053381e-02	1.965532e-02	2.751721e-04	-3.041515e-02	1.185031e-04	1.678466e-04
3.679830e+03	-4.590282e-03	3.617519e-02	-5.270059e-04	4.710549e-03	4.604332e-05	-1.468576e-04
3.692220e+03	-3.451930e-02	1.013055e-02	-2.549797e-04	3.450857e-02	-6.282741e-05	-1.435960e-05
3.704610e+03	-2.413566e-02	-2.598493e-02	-3.560722e-04	2.408321e-02	-2.445282e-05	1.241400e-04
3.717000e+03	1.266962e-02	-3.322103e-02	-1.896542e-04	-1.321013e-02	1.028043e-05	5.269532e-04
3.729390e+03	3.423318e-02	-4.005948e-03	-9.836205e-05	-3.518884e-02	9.943653e-05	8.994299e-04
3.741780e+03	1.835991e-02	3.066738e-02	-1.882729e-04	-1.855652e-02	1.101338e-04	2.130491e-04
3.754170e+03	-2.005670e-02	3.085376e-02	-1.389157e-04	2.001290e-02	1.647597e-05	2.707778e-05
3.766560e+03	-3.579611e-02	-4.813423e-03	1.096146e-05	3.603457e-02	-1.028274e-04	-2.945694e-04
3.778950e+03	-1.195828e-02	-3.490255e-02	6.108212e-04	1.207634e-02	-1.139777e-04	-1.055392e-04
3.791340e+03	2.756005e-02	-2.536328e-02	-1.682172e-04	-2.667365e-02	7.315601e-05	-8.111620e-04
3.803730e+03	3.398277e-02	1.266522e-02	7.519902e-05	-3.402620e-02	6.995355e-05	5.593776e-05
3.816120e+03	4.213234e-03	3.628992e-02	-2.926986e-04	-3.756205e-03	7.663368e-05	-4.384910e-04
3.828510e+03	-3.070879e-02	1.975406e-02	-5.580175e-05	3.140157e-02	-3.532870e-05	-6.369975e-04
3.840900e+03	-3.192139e-02	-2.019296e-02	6.055905e-05	3.180340e-02	-9.990746e-05	2.761382e-04
3.853290e+03	4.118680e-03	-3.643298e-02	-3.344066e-05	-4.095121e-03	-1.959383e-05	-2.951628e-08
3.865680e+03	3.405978e-02	-1.336318e-02	-1.258032e-05	-3.447122e-02	-1.369719e-05	4.424087e-04
3.878070e+03	2.724752e-02	2.582505e-02	2.865607e-04	-2.748438e-02	9.300024e-05	1.630662e-04
3.890460e+03	-9.119648e-03	3.520906e-02	2.654603e-04	9.365247e-03	2.728529e-05	-2.757909e-04
3.902850e+03	-3.552420e-02	7.272268e-03	-7.336384e-05	3.561221e-02	-4.299501e-06	-7.698014e-06
3.915240e+03	-2.227256e-02	-2.864903e-02	1.059828e-04	2.241999e-02	-2.811661e-05	-1.799855e-04
3.927630e+03	1.534562e-02	-3.282699e-02	7.742656e-05	-1.514428e-02	-3.557451e-05	-1.815407e-04
3.940020e+03	3.389663e-02	5.802215e-04	7.901143e-05	-3.447831e-02	6.219521e-05	5.587810e-04
3.952410e+03	1.564527e-02	3.081078e-02	-1.919844e-04	-1.563255e-02	8.242953e-05	-2.737277e-05
3.964800e+03	-2.026496e-02	2.818815e-02	8.285426e-05	2.074469e-02	-3.282893e-05	-4.632869e-04
3.977190e+03	-3.373555e-02	-6.090909e-03	2.097906e-05	3.387004e-02	-6.963257e-05	-1.560979e-04
3.989580e+03	-7.953779e-03	-3.207277e-02	1.319267e-04	8.299541e-03	-4.991869e-05	-3.867925e-04
4.001970e+03	2.520580e-02	-2.226423e-02	-1.767589e-04	-2.528035e-02	3.056384e-05	4.540909e-05
4.014360e+03	2.960309e-02	1.256233e-02	-1.792025e-04	-3.011268e-02	1.168590e-04	4.984761e-04
4.026750e+03	2.982849e-03	3.335570e-02	3.074539e-04	-2.561565e-03	-2.899814e-05	-4.110243e-04
4.039140e+03	-2.924995e-02	1.574604e-02	3.021367e-04	2.873548e-02	-1.096821e-04	4.923193e-04
4.051530e+03	-2.743009e-02	-1.889095e-02	-8.436283e-05	2.722415e-02	-1.131035e-04	1.586593e-04
4.063920e+03	4.231067e-03	-3.241041e-02	-9.126370e-05	-4.241048e-03	1.347946e-05	1.039236e-05
4.076310e+03	2.925053e-02	-9.534472e-03	-9.251850e-06	-2.959792e-02	1.292960e-04	2.977845e-04
4.088700e+03	2.217709e-02	2.251271e-02	-1.605412e-04	-2.214883e-02	8.288188e-05	3.641412e-05
4.101090e+03	-9.740120e-03	2.973440e-02	8.651265e-05	1.017748e-02	-4.465652e-05	-4.231078e-04
4.113480e+03	-3.034035e-02	3.047338e-03	-9.072387e-05	3.059677e-02	-7.765238e-05	-2.723061e-04
4.125870e+03	-1.470596e-02	-2.586697e-02	5.201354e-05	1.560222e-02	-5.087851e-05	-8.063911e-04
4.138260e+03	1.518798e-02	-2.497775e-02	1.513291e-04	-1.565134e-02	4.416663e-05	4.019286e-04
4.150650e+03	2.959413e-02	3.335243e-03	-6.732820e-05	-2.946525e-02	1.397287e-04	-1.259668e-04
4.163040e+03	1.023472e-02	2.798658e-02	-2.209938e-04	-1.015606e-02	7.803588e-05	-1.128364e-04
4.175430e+03	-1.947783e-02	2.192352e-02	-1.472232e-04	1.985763e-02	-6.249248e-05	-3.239678e-04
4.187820e+03	-2.763438e-02	-9.580529e-03	1.675026e-05	2.772121e-02	-8.505182e-05	-2.980887e-05
4.200210e+03	-3.683427e-03	-2.849785e-02	3.966113e-05	3.756537e-03	-8.110931e-06	-7.640087e-05
4.212600e+03	2.185909e-02	-1.559726e-02	-2.183087e-04	-2.280648e-02	1.040651e-04	9.588803e-04
4.224990e+03	2.411719e-02	1.360270e-02	4.002595e-05	-2.416730e-02	7.292909e-05	4.597202e-05
4.237380e+03	-1.697691e-03	2.744771e-02	3.638689e-05	1.981573e-03	-3.000296e-05	-2.851146e-04
4.249770e+03	-2.631256e-02	9.714164e-03	-1.217491e-04	2.633992e-02	-5.567124e-05	-4.391557e-05
4.262160e+03	-1.933473e-02	-1.854974e-02	7.469989e-05	1.979736e-02	-8.517893e-05	-4.686920e-04
4.274550e+03	8.488986e-03	-2.538494e-02	3.290692e-04	-8.179796e-03	-2.721972e-05	-3.043977e-04
4.286940e+03	2.646235e-02	-3.617699e-03	-1.396436e-04	-2.618719e-02	1.035090e-04	-3.446029e-04
4.299330e+03	1.501991e-02	2.119222e-02	-2.373809e-04	-1.463254e-02	9.674074e-05	-2.869825e-04
4.311720e+03	-1.288020e-02	2.258717e-02	-2.108218e-04	1.306528e-02	4.689063e-05	-2.096180e-04
4.324110e+03	-2.548604e-02	-2.611173e-03	5.134251e-05	2.549331e-02	-9.238304e-05	-3.207242e-05
4.336500e+03	-8.914101e-03	-2.345591e-02	2.482131e-04	8.893308e-03	-1.337487e-04	2.387488e-05
4.348890e+03	1.577839e-02	-1.804171e-02	7.848930e-05	-1.651766e-02	-4.528108e-05	7.338387e-04
4.361280e+03	2.365484e-02	7.428018e-03	6.278467e-05	-2.374017e-02	7.862899e-05	6.973517e-05
4.373670e+03	3.412450e-03	2.446738e-02	-1.371149e-04	-3.465255e-03	1.041015e-04	6.135689e-06
4.386060e+03	-1.975351e-02	1.409286e-02	1.311610e-04	1.999344e-02	-2.574785e-05	-2.154746e-04
4.398450e+03	-2.033904e-02	-1.301942e-02	1.348291e-04	2.075512e-02	-1.216259e-04	-4.586667e-04
4.410840e+03	2.269621e-03	-2.407001e-02	3.068417e-04	-2.068947e-03	-9.663493e-05	-2.087818e-04
4.423230e+03	2.218460e-02	-8.457346e-03	-2.613788e-04	-2.198067e-02	8.825013e-05	-2.892318e-04
4.435620e+03	1.582908e-02	1.642994e-02	-1.177921e-04	-1.596513e-02	7.496283e-05	1.146819e-04
4.448010e+03	-7.924431e-03	2.170759e-02	-2.321951e-04	7.931895e-03	5.473835e-05	-5.575034e-05
4.460400e+03	-2.272263e-02	2.340688e-03	7.283629e-05	2.273512e-02	-1.561930e-05	2.271203e-05
4.472790e+03	-1.253445e-02	-1.943858e-02	-3.122780e-04	1.213385e-02	3.332034e-05	3.641455e-04
4.485180e+03	1.186454e-02	-1.885276e-02	-2.937781e-05	-1.208607e-02	2.430784e-05	2.498424e-04
4.497570e+03	2.198772e-02	2.592937e-03	6.280118e-06	-2.181996e-02	4.035662e-05	-8.350431e-05
4.509960e+03	6.275333e-03	2.087965e-02	7.439416e-05	-6.413774e-03	1.592305e-05	1.378801e-04
4.522350e+03	-1.584117e-02	1.566938e-02	-6.662039e-05	1.573780e-02	-4.674255e-05	1.139660e-04
4.534740e+03	-2.010115e-02	-8.153897e-03	-4.397181e-04	2.014004e-02	6.153047e-05	-1.438136e-04
4.547130e+03	-1.029277e-03	-2.122126e-02	-2.489579e-04	1.348712e-03	6.915661e-05	-2.776681e-04
4.559520e+03	1.920888e-02	-1.084545e-02	8.985111e-05	-1.850681e-02	4.169567e-05	-5.521373e-04
4.571910e+03	1.562037e-02	1.267774e-02	8.870036e-05	-1.610172e-02	3.822968e-05	5.012576e-04
4.584300e+03	-3.718463e-03	2.042759e-02	2.150439e-04	3.981897e-03	-3.808609e-05	-2.832855e-04
4.596690e+03	-2.025687e-02	5.011153e-03	-1.613247e-04	2.030125e-02	2.022611e-05	-6.117427e-05
4.609080e+03	-1.263043e-02	-1.621731e-02	3.684779e-04	1.293663e-02	-8.347338e-05	-3.060313e-04
4.621470e+03	8.967002e-03	-1.896186e-02	1.549576e-04	-8.774343e-03	-1.966229e-05	-2.639285e-04
4.633860e+03	1.988364e-02	-3.443125e-04	5.031170e-05	-1.994674e-02	4.906869e-05	1.203841e-04
4.646250e+03	9.371936e-03	1.825748e-02	-2.590081e-04	-9.282121e-03	1.124886e-04	-1.184153e-04
4.658640e+03	-1.130764e-02	1.594364e-02	2.781924e-04	1.158388e-02	-5.925236e-05	-3.256435e-04
4.671030e+03	-1.875134e-02	-4.738856e-03	-3.931892e-05	1.923663e-02	-5.773047e-05	-3.681581e-04
4.683420e+03	-2.470782e-03	-1.768190e-02	-2.379606e-04	2.797119e-03	1.069493e-05	-3.642232e-04
4.695810e+03	1.489619e-02	-1.224218e-02	-4.634865e-04	-1.490093e-02	1.831312e-04	2.514355e-06
4.708200e+03	1.775165e-02	7.790848e-03	-4.419091e-04	-1.743102e-02	1.975976e-04	-3.659873e-04
4.720590e+03	1.537050e-04	1.863686e-02	-3.012079e-04	1.378083e-05	1.052763e-04	-1.470166e-04
4.732980e+03	-1.698912e-02	8.136714e-03	-1.627504e-04	1.707452e-02	1.694227e-05	-1.253190e-04
4.745370e+03	-1.493688e-02	-1.072056e-02	2.219549e-05	1.461711e-02	-7.595486e-06	3.059411e-04
4.757760e+03	4.016801e-03	-1.823361e-02	4.575538e-04	-3.983798e-03	-1.157084e-04	-2.345156e-05
4.770150e+03	1.786391e-02	-4.031032e-03	-9.879184e-05	-1.788986e-02	8.661217e-05	-5.191744e-05
4.782540e+03	1.134837e-02	1.481425e-02	-1.055717e-05	-1.173923e-02	1.325208e-05	3.115534e-04
4.794930e+03	-6.511232e-03	1.657591e-02	3.503169e-04	6.686817e-03	-1.395964e-04	-1.770891e-04
4.807320e+03	-1.690000e-02	2.647991e-04	-1.254158e-04	1.697182e-02	-5.373634e-05	-1.159076e-04
4.819710e+03	-7.526468e-03	-1.502400e-02	3.228593e-04	7.622704e-03	-1.059974e-04	-9.957638e-05
4.832100e+03	9.994599e-03	-1.327645e-02	2.039935e-04	-9.884303e-03	-5.676128e-05	-1.129091e-04
4.844490e+03	1.638477e-02	3.170207e-03	2.714961e-04	-1.603980e-02	-1.039956e-05	-3.310059e-04
4.856880e+03	4.320589e-03	1.599962e-02	-2.385170e-05	-4.216127e-03	2.293854e-05	-9.783269e-05
4.869270e+03	-1.172783e-02	1.015689e-02	-1.670690e-04	1.194051e-02	3.716126e-05	-2.346541e-04
4.881660e+03	-1.392913e-02	-6.508537e-03	2.218737e-06	1.404914e-02	-5.788900e-05	-1.231185e-04
4.894050e+03	-6.003588e-04	-1.497328e-02	6.117856e-04	4.595041e-04	-1.871170e-04	1.378900e-04
4.906440e+03	1.325701e-02	-6.808536e-03	3.711528e-04	-1.317153e-02	-7.697681e-05	-5.737905e-05
4.918830e+03	1.127217e-02	8.905629e-03	2.246924e-05	-1.135761e-02	1.718641e-05	1.123432e-04
4.931220e+03	-3.230861e-03	1.389744e-02	-1.871344e-04	3.108676e-03	6.361438e-05	1.345731e-04
4.943610e+03	-1.306921e-02	3.524475e-03	-6.770526e-06	1.327370e-02	-4.193217e-05	-2.204021e-04
4.956000e+03	-8.545386e-03	-9.877852e-03	-1.678372e-04	8.461264e-03	2.673932e-05	4.217316e-05
4.968390e+03	5.655396e-03	-1.269806e-02	-5.520914e-04	-5.223890e-03	2.416183e-04	-4.016465e-04
4.980780e+03	1.256866e-02	-2.442583e-04	2.412951e-04	-1.257771e-02	-1.745205e-05	-3.596241e-05
4.993170e+03	5.756533e-03	1.148106e-02	-2.116211e-04	-5.729471e-03	1.265719e-04	-3.501144e-05
5.005560e+03	-7.548328e-03	9.734309e-03	-5.192129e-05	7.581362e-03	-1.559531e-06	-2.737660e-05
5.017950e+03	-1.150589e-02	-2.541426e-03	-1.341097e-05	1.169099e-02	-3.601094e-05	-1.390226e-04
5.030340e+03	-3.134192e-03	-1.136541e-02	3.053270e-04	3.050252e-03	-1.140199e-04	7.650872e-05
5.042730e+03	8.844018e-03	-7.263969e-03	3.454579e-05	-8.711439e-03	8.052772e-06	-1.292084e-04
5.055120e+03	9.804075e-03	4.749600e-03	-1.196163e-04	-9.946527e-03	8.043571e-05	1.455150e-04
5.067510e+03	8.294027e-04	1.051800e-02	8.357226e-05	-5.619872e-04	-3.195639e-05	-2.786712e-04
5.079900e+03	-8.539216e-03	4.422311e-03	2.551672e-05	8.789691e-03	-2.327692e-05	-2.170699e-04
5.092290e+03	-7.961825e-03	-6.088198e-03	-2.552295e-04	7.968413e-03	4.324402e-05	-1.609061e-05
5.104680e+03	2.130463e-03	-9.554974e-03	-7.257636e-05	-1.938272e-03	3.622403e-05	-1.671167e-04
5.117070e+03	8.763335e-03	-2.248676e-03	-8.770565e-05	-8.774392e-03	6.594809e-05	1.158303e-05
5.129460e+03	6.217901e-03	6.813579e-03	-1.732967e-04	-5.858931e-03	9.811262e-05	-2.714326e-04
5.141850e+03	-3.242338e-03	7.515556e-03	-1.151003e-04	3.634113e-03	5.375687e-05	-3.815219e-04
5.154240e+03	-8.066126e-03	-1.214236e-04	-1.183559e-05	8.330002e-03	2.080031e-05	-2.411021e-04
5.166630e+03	-3.698840e-03	-7.121495e-03	-3.216155e-04	3.561441e-03	1.059464e-04	1.233487e-04
5.179020e+03	4.975376e-03	-6.220924e-03	1.139493e-04	-4.848148e-03	-4.451034e-05	-1.101152e-04
5.191410e+03	7.379214e-03	1.410970e-03	4.929435e-05	-7.173320e-03	-2.019137e-05	-2.038079e-04
5.203800e+03	1.953436e-03	6.493686e-03	-3.155824e-04	-1.579536e-03	1.176136e-04	-3.543554e-04
5.216190e+03	-5.457018e-03	4.154277e-03	-1.596888e-05	5.499527e-03	1.394819e-05	-4.523394e-05
5.228580e+03	-6.096097e-03	-2.920935e-03	-1.170446e-04	6.123555e-03	5.444813e-05	-3.405041e-05
5.240970e+03	-1.200570e-04	-6.144251e-03	-7.516157e-05	-3.796889e-05	5.399969e-05	1.828354e-04
5.253360e+03	5.578055e-03	-2.740303e-03	2.818746e-06	-5.387472e-03	9.279744e-06	-1.874259e-04
5.265750e+03	4.309935e-03	4.326126e-03	-1.699517e-04	-4.462429e-03	7.801340e-05	1.525889e-04
5.278140e+03	-1.116971e-03	5.407250e-03	-2.589681e-04	1.304216e-03	1.047929e-04	-1.812882e-04
5.290530e+03	-5.689372e-03	1.017055e-03	2.656455e-04	5.589541e-03	-1.024406e-04	1.008149e-04
5.302920e+03	-2.622989e-03	-4.226485e-03	-5.049807e-05	2.821916e-03	-2.242634e-05	-1.891744e-04
5.315310e+03	2.470596e-03	-4.537697e-03	7.417510e-05	-2.332399e-03	-3.676543e-05	-1.340852e-04
5.327700e+03	4.330809e-03	4.554776e-04	2.925236e-05	-4.395954e-03	-1.220568e-05	6.715155e-05
5.340090e+03	1.861116e-03	4.256165e-03	-1.540627e-04	-1.752941e-03	8.405337e-05	-1.037988e-04
5.352480e+03	-3.502425e-03	3.161882e-03	3.523314e-05	3.222365e-03	-7.012405e-06	2.355993e-04
5.364870e+03	-3.584787e-03	-1.456027e-03	5.789143e-05	3.754062e-03	-2.249894e-05	-1.451671e-04
5.377260e+03	-1.244837e-04	-3.760026e-03	4.464289e-05	1.761583e-04	-3.261549e-06	-5.247800e-05
5.389650e+03	3.416077e-03	-2.148856e-03	-1.719837e-04	-3.260100e-03	9.849081e-05	-1.560982e-04
5.402040e+03	3.127054e-03	1.709678e-03	2.361530e-05	-2.972960e-03	2.897088e-05	-1.516825e-04
5.414430e+03	-1.262193e-04	2.925691e-03	2.690510e-04	3.877056e-04	-1.364994e-04	-2.864180e-04
5.426820e+03	-3.317620e-03	4.646453e-04	-8.104859e-05	3.375186e-03	2.859159e-05	-1.002249e-04
5.439210e+03	-2.258914e-03	-2.676902e-03	-1.072581e-04	2.448174e-03	5.237085e-05	-1.807575e-04
5.451600e+03	1.278461e-03	-1.915039e-03	4.303605e-05	-1.372662e-03	2.406557e-05	9.884769e-05
5.463990e+03	3.104761e-03	2.650735e-04	2.222545e-05	-2.945750e-03	-1.939016e-06	-1.444737e-04
5.476380e+03	1.056099e-03	2.632806e-03	-1.502297e-04	-1.122847e-03	5.542981e-05	5.881783e-05
5.488770e+03	-1.723064e-03	2.077218e-03	-1.853188e-04	1.552858e-03	1.161739e-04	1.653316e-04
5.501160e+03	-2.566865e-03	-4.649898e-04	-2.652510e-04	2.275847e-03	1.376038e-04	2.918024e-04
5.513550e+03	-5.904032e-05	-2.068498e-03	-1.750576e-05	3.134383e-05	3.971789e-05	3.027866e-05
5.525940e+03	1.848175e-03	-9.719077e-04	-1.703883e-04	-1.741887e-03	1.055521e-04	-1.038086e-04
5.538330e+03	1.260008e-03	1.759963e-03	1.089917e-04	-1.578350e-03	-5.229910e-05	3.159568e-04
5.550720e+03	-1.292848e-04	1.622494e-03	-1.235011e-05	3.035492e-04	-2.880004e-05	-1.768400e-04
5.563110e+03	-1.820730e-03	2.162302e-04	-1.472826e-04	1.862749e-03	9.507233e-05	-4.206031e-05
5.575500e+03	-6.771920e-04	-1.092679e-03	-1.741704e-04	6.635270e-04	9.554583e-05	7.925551e-07
5.587890e+03	1.055524e-03	-1.305308e-03	3.295700e-05	-9.392970e-04	6.761948e-06	-1.226209e-04
5.600280e+03	1.806367e-03	7.409815e-05	-5.442137e-05	-1.531912e-03	2.774534e-05	-2.795973e-04
5.612670e+03	5.235781e-04	1.305443e-03	-2.002537e-04	-3.341229e-04	8.424487e-05	-2.102410e-04
5.625060e+03	-1.369647e-03	9.816573e-04	4.648475e-05	1.328274e-03	-6.537998e-05	1.459703e-05
5.637450e+03	-1.197578e-03	-8.504625e-04	1.195388e-04	1.232482e-03	-7.429108e-05	-2.616573e-05
5.649840e+03	2.723824e-04	-1.360678e-03	-2.955248e-05	-1.667862e-04	8.145555e-06	-1.247742e-04
5.662230e+03	1.478658e-03	-3.353233e-04	-1.076009e-05	-1.355742e-03	2.064030e-05	-1.234469e-04
5.674620e+03	6.003180e-04	8.112670e-04	5.004877e-05	-5.120603e-04	-3.174430e-05	-7.851611e-05
5.687010e+03	-6.841605e-04	6.267241e-04	-3.802293e-05	8.739280e-04	3.264266e-05	-2.012983e-04
5.699400e+03	-1.449888e-03	-1.499180e-04	1.103348e-04	1.389924e-03	-4.008413e-05	5.396440e-05
5.711790e+03	-1.375496e-04	-1.351678e-03	2.656881e-05	4.454940e-04	-1.570141e-05	-3.007911e-04
5.724180e+03	7.640233e-04	-7.020299e-04	-1.047035e-04	-6.971546e-04	6.872390e-05	-6.881911e-05
5.736570e+03	1.069231e-03	6.076664e-04	-1.519997e-04	-1.048338e-03	1.252160e-04	-2.432076e-05
5.748960e+03	-5.337722e-05	9.472313e-04	-1.145610e-05	6.567418e-05	3.125051e-05	-9.028533e-06
5.761350e+03	-5.528161e-04	-2.024489e-04	-1.651334e-05	9.158752e-04	-6.143094e-06	-3.545916e-04
5.773740e+03	-4.821059e-04	-8.307532e-04	1.473733e-05	6.732637e-04	-8.118583e-06	-1.917671e-04
5.786130e+03	2.179067e-04	-9.265000e-04	8.848747e-05	-7.474005e-05	-7.138419e-05	-1.251500e-04
5.798520e+03	8.946268e-04	-2.017946e-05	6.093477e-05	-8.818394e-04	-5.009115e-05	-2.551201e-05
5.810910e+03	-8.610415e-05	3.928918e-04	-2.067691e-05	1.775678e-04	3.305707e-05	-9.039588e-05
5.823300e+03	-7.252731e-04	8.226221e-04	1.615328e-05	6.399590e-04	2.046111e-05	1.027784e-04
5.835690e+03	-6.329002e-04	-1.954002e-04	-4.343215e-05	7.505108e-04	8.568682e-06	-1.172675e-04
5.848080e+03	-3.604602e-04	-9.418696e-04	1.135296e-04	5.246941e-04	-6.795959e-05	-1.670693e-04
5.860470e+03	6.307235e-04	-3.153623e-04	4.395001e-05	-5.602851e-04	-4.478047e-05	-8.034487e-05
5.872860e+03	5.152935e-04	-2.762096e-05	-6.269171e-05	-3.192535e-04	3.323511e-05	-1.852071e-04
5.885250e+03	-1.349610e-04	3.496900e-04	1.061943e-04	1.597001e-04	-3.364968e-05	-1.768126e-05
5.897640e+03	-4.363172e-04	-3.582363e-05	1.569777e-05	5.252266e-04	1.774269e-05	-9.581109e-05
5.910030e+03	1.446120e-05	-2.462080e-04	-1.245660e-04	3.824638e-05	7.347241e-05	-5.078030e-05
5.922420e+03	3.478029e-04	-8.791436e-04	1.927820e-05	2.667078e-05	-1.701995e-05	-3.511147e-04
5.934810e+03	5.076448e-04	-2.412108e-04	-3.522253e-05	-2.512476e-04	1.130215e-05	-2.427357e-04
5.947200e+03	1.243642e-04	4.267844e-04	-6.118370e-05	-1.717757e-04	1.803463e-05	3.905276e-05
5.959590e+03	-2.094279e-05	2.620619e-04	1.344279e-05	8.982005e-05	-3.547750e-07	-7.825063e-05
5.971980e+03	-1.248371e-04	-2.551382e-04	-3.127209e-05	3.268566e-04	3.034358e-05	-1.575167e-04
5.984370e+03	5.014479e-04	-3.826186e-04	2.155933e-06	-2.895486e-04	-1.044832e-05	-2.115996e-04
5.996760e+03	2.223576e-04	-1.068103e-04	4.038828e-06	-2.345909e-04	-9.571088e-06	-8.270520e-06
6.009150e+03	2.724426e-04	-1.073105e-04	-5.577813e-05	-1.978553e-04	2.546532e-05	-7.419673e-05
6.021540e+03	1.116241e-04	-3.802481e-04	2.841165e-05	1.724685e-04	-1.493175e-05	-2.980767e-04
6.033930e+03	1.213879e-04	3.762283e-05	-6.716936e-06	-1.081789e-04	1.982672e-05	-9.028686e-06
6.046320e+03	2.860153e-04	-1.996941e-04	1.063893e-04	-1.228091e-04	-6.291679e-05	-1.701360e-04
6.058710e+03	-2.129316e-04	1.583802e-04	-2.762337e-06	7.350437e-05	-3.389990e-05	1.399377e-04
6.071100e+03	-5.603318e-06	4.807374e-05	-2.746218e-05	4.574111e-05	1.669801e-05	-4.019676e-05
6.083490e+03	4.546816e-04	-8.031905e-04	3.349027e-05	9.748331e-05	-2.104880e-05	-5.438111e-04
6.095880e+03	1.002902e-04	-4.355045e-05	-2.563870e-05	-7.060763e-05	3.734035e-05	-2.811774e-05
6.108270e+03	2.644681e-04	-2.586803e-04	2.324434e-05	-8.490659e-05	3.652179e-06	-1.834545e-04
6.120660e+03	-2.189752e-05	6.865989e-05	-6.180548e-05	3.387970e-05	6.355945e-05	-1.207354e-05
6.133050e+03	-2.143709e-04	8.191447e-05	-5.019146e-05	2.175307e-04	3.316282e-05	9.487057e-08
6.145440e+03	-1.794242e-04	-1.519135e-04	-5.529461e-06	2.904555e-04	-1.610082e-05	-1.112836e-04
6.157830e+03	3.064498e-05	-2.659347e-04	-3.479101e-05	9.282699e-05	4.467298e-06	-1.229227e-04
6.170220e+03	-3.312623e-05	-1.164774e-04	-3.191317e-05	1.014084e-04	3.707542e-05	-7.323813e-05
6.182610e+03	1.168797e-04	-3.455349e-05	-1.921531e-05	1.183516e-05	4.016264e-05	-1.088872e-04
6.195000e+03	1.590315e-04	2.048171e-04	-6.669477e-05	-1.769418e-04	7.609188e-05	1.767677e-05
6.207390e+03	-1.795628e-04	1.035095e-04	-5.491455e-05	1.678047e-04	4.378944e-05	-2.211443e-06
6.219780e+03	3.962496e-05	-1.888892e-04	3.519234e-05	4.606188e-05	-4.764601e-05	-8.400900e-05
6.232170e+03	-1.316865e-04	-2.454790e-04	-2.387800e-06	2.649249e-04	-1.345454e-05	-1.284129e-04
6.244560e+03	-3.186107e-05	-1.120222e-04	-2.883607e-05	1.348458e-04	1.440180e-05	-8.148975e-05
6.256950e+03	-1.381230e-04	4.581919e-04	3.656435e-06	-3.962360e-05	5.369849e-06	1.939040e-04
6.269340e+03	1.660838e-04	6.891524e-05	-3.115305e-05	-1.148383e-04	3.361751e-05	-4.652299e-05
6.281730e+03	-3.590314e-05	-1.353512e-04	-9.189539e-06	9.604812e-05	1.796232e-05	-4.968064e-05
6.294120e+03	3.181131e-04	-3.553843e-04	7.940137e-07	-1.412052e-04	-1.655954e-05	-1.756956e-04
6.306510e+03	-1.083534e-04	1.914081e-04	2.413635e-05	-1.508049e-05	-3.817407e-05	1.354324e-04
6.318900e+03	-5.792282e-05	1.157092e-04	-2.703351e-05	6.959285e-05	4.737985e-05	-1.179561e-05
6.331290e+03	-8.398627e-06	-1.470164e-04	-2.133109e-05	2.111815e-04	4.090892e-05	-1.752810e-04
6.343680e+03	-2.305515e-04	-1.547317e-04	-5.407928e-07	1.925763e-04	2.141549e-05	1.877264e-05
6.356070e+03	1.688958e-04	-1.376141e-04	-4.164690e-05	-1.786093e-04	4.386257e-05	3.874201e-06
6.368460e+03	3.063844e-04	-2.072531e-04	5.854724e-06	-1.925154e-04	-1.011711e-05	-1.129687e-04
6.380850e+03	-2.314567e-04	3.448680e-04	-1.384676e-06	2.069596e-04	4.352244e-06	3.273055e-05
6.393240e+03	3.849835e-05	-4.862777e-05	-7.741740e-06	1.740190e-04	1.352138e-05	-2.096036e-04
6.405630e+03	-4.310620e-04	1.324873e-04	6.642147e-06	3.619362e-04	-3.118046e-07	7.498523e-05
6.418020e+03	6.584563e-05	-1.777166e-04	-2.408441e-05	-7.016676e-05	2.721109e-05	4.050574e-06
6.430410e+03	2.365970e-04	-4.460660e-04	-3.868554e-05	-8.188902e-05	2.863053e-05	-1.543328e-04
6.442800e+03	1.167053e-04	-3.331001e-04	3.317428e-05	6.926858e-05	-8.305925e-05	-1.892888e-04
6.455190e+03	3.695183e-04	-3.928551e-04	-1.935920e-05	4.450799e-05	-6.289028e-06	-4.144665e-04
6.467580e+03	-1.921993e-04	-1.127383e-04	6.029004e-06	3.031717e-04	1.276423e-05	-1.106626e-04
6.479970e+03	-1.889967e-04	-6.189727e-04	1.171279e-05	5.102643e-04	-7.767540e-06	-3.157986e-04
6.492360e+03	2.814660e-04	-4.863373e-04	-2.842526e-05	2.596503e-06	3.695714e-05	-2.747621e-04
6.504750e+03	8.220734e-05	-2.088818e-04	-1.044776e-05	5.672254e-05	-1.100586e-06	-1.629657e-04
6.517140e+03	4.563016e-04	-4.528791e-05	3.494254e-05	-2.545774e-04	-2.585526e-05	-2.042176e-04
6.529530e+03	-1.449474e-04	-1.270172e-04	-3.118322e-05	3.775246e-04	5.229870e-05	-2.313365e-04
6.541920e+03	4.762586e-05	-1.288879e-04	5.217225e-06	2.738373e-05	-8.455046e-06	-4.226732e-05
6.554310e+03	-1.863821e-04	-6.409671e-04	1.277721e-06	4.142786e-04	-7.992342e-06	-2.279333e-04
6.566700e+03	5.863808e-05	-2.141821e-04	-2.564910e-05	3.456701e-05	2.732030e-05	-9.335363e-05
6.579090e+03	3.609769e-04	1.226351e-04	-3.142893e-05	-3.838091e-04	2.038156e-05	2.450178e-05
6.591480e+03	2.638638e-04	-1.695793e-04	1.733630e-05	-6.636121e-05	-3.323150e-05	-1.939761e-04
6.603870e+03	-1.754383e-04	1.133335e-04	5.573143e-07	2.341883e-04	3.091826e-06	-3.778304e-05
6.616260e+03	-7.600491e-05	-2.796828e-04	-1.264831e-05	2.609290e-04	2.522324e-05	-1.954475e-04
6.628650e+03	-1.710600e-05	-1.060386e-05	-9.670865e-06	-6.222942e-05	1.231598e-05	7.748703e-05
6.641040e+03	-1.735067e-04	1.466390e-04	-1.468464e-05	1.684747e-04	2.361298e-05	2.008436e-05
6.653430e+03	1.662648e-04	1.132940e-04	-5.475665e-06	-7.063027e-05	1.860425e-05	-8.196442e-05
6.665820e+03	-2.563500e-04	3.169344e-04	-2.104998e-05	1.730028e-04	3.008284e-05	8.182705e-05
