1.325730e+03	3.760220e-02	-7.284364e-02	-2.590559e-05	-3.768890e-02	-8.949894e-05	5.457284e-05
1.338120e+03	5.455844e-02	-6.110607e-02	4.066987e-06	-5.441733e-02	-4.917128e-05	-7.397501e-05
1.350510e+03	6.799988e-02	-4.556742e-02	-5.889831e-06	-6.804426e-02	-3.175582e-05	8.679461e-05
1.362900e+03	7.764863e-02	-2.660686e-02	2.991892e-05	-7.790120e-02	-8.049516e-06	2.267555e-04
1.375290e+03	8.168883e-02	-6.430787e-03	4.203956e-05	-8.188883e-02	-4.822865e-05	2.486198e-04
1.387680e+03	8.020304e-02	1.526177e-02	2.417244e-05	-8.031465e-02	-4.324646e-06	8.889195e-05
1.400070e+03	7.422589e-02	3.474676e-02	2.753596e-05	-7.448081e-02	4.682369e-05	2.417307e-04
1.412460e+03	6.264832e-02	5.178485e-02	1.520894e-05	-6.274899e-02	4.865661e-06	6.683506e-06
1.424850e+03	4.747519e-02	6.681533e-02	4.085039e-06	-4.787915e-02	5.827895e-05	3.983387e-04
1.437240e+03	2.924483e-02	7.671451e-02	3.082337e-05	-2.988575e-02	-3.446086e-05	6.714782e-04
1.449630e+03	8.537992e-03	8.185129e-02	-1.276189e-05	-9.111567e-03	3.419424e-05	5.666134e-04
1.462020e+03	-1.247889e-02	8.121122e-02	-2.707500e-05	1.211620e-02	3.089351e-05	3.603967e-04
1.474410e+03	-3.244453e-02	7.490488e-02	-4.761258e-05	3.234651e-02	2.564058e-05	9.623850e-05
1.486800e+03	-5.084123e-02	6.527699e-02	-8.630329e-06	5.036482e-02	1.272772e-05	4.865598e-04
1.499190e+03	-6.653950e-02	4.949656e-02	-3.393559e-06	6.613132e-02	-1.950466e-06	4.548024e-04
1.511580e+03	-7.781301e-02	3.118939e-02	-2.904918e-05	7.716689e-02	-3.545548e-06	6.841680e-04
1.523970e+03	-8.242785e-02	9.813027e-03	-9.766040e-06	8.216377e-02	-3.153640e-05	3.063559e-04
1.536360e+03	-8.263714e-02	-1.190988e-02	5.989929e-05	8.228331e-02	-2.938081e-05	3.773099e-04
1.548750e+03	-7.723384e-02	-3.327771e-02	-1.572862e-05	7.663978e-02	-1.920426e-05	5.026173e-04
1.561140e+03	-6.582001e-02	-5.274636e-02	-2.186989e-05	6.541911e-02	-3.948554e-05	4.300000e-04
1.573530e+03	-4.924222e-02	-6.814637e-02	3.849935e-05	4.901909e-02	-1.170725e-05	2.122110e-04
1.585920e+03	-2.956733e-02	-7.881870e-02	-2.358465e-05	2.938218e-02	-2.395634e-05	1.511712e-04
1.598310e+03	-7.721585e-03	-8.427883e-02	3.562946e-05	7.740069e-03	1.050080e-05	5.846694e-06
1.610700e+03	1.506867e-02	-8.420997e-02	2.859008e-06	-1.534858e-02	-2.275450e-05	2.760096e-04
1.623090e+03	3.772069e-02	-7.701862e-02	4.871780e-05	-3.793283e-02	2.893290e-06	1.704714e-04
1.635480e+03	5.749582e-02	-6.399302e-02	1.236347e-05	-5.748640e-02	-4.349120e-05	-1.641083e-05
1.647870e+03	7.309630e-02	-4.615146e-02	4.232740e-05	-7.299949e-02	3.444286e-05	-1.448159e-04
1.660260e+03	8.383066e-02	-2.415909e-02	4.108474e-05	-8.365270e-02	7.869481e-05	-1.728440e-04
1.672650e+03	8.729236e-02	-1.837805e-04	6.028379e-07	-8.710000e-02	1.671575e-07	-2.086415e-04
1.685040e+03	8.497564e-02	2.498874e-02	-3.018799e-06	-8.504802e-02	1.227556e-05	1.230343e-04
1.697430e+03	7.413121e-02	4.805488e-02	-3.749182e-05	-7.396073e-02	8.192872e-05	-1.910997e-04
1.709820e+03	5.803526e-02	6.720787e-02	-2.202579e-05	-5.762937e-02	3.434467e-05	-3.347529e-04
1.722210e+03	3.674000e-02	8.092893e-02	-5.881612e-05	-3.621024e-02	1.345648e-05	-5.315984e-04
1.734600e+03	1.189389e-02	8.879873e-02	-1.002836e-04	-1.173492e-02	3.932108e-05	-1.373540e-04
1.746990e+03	-1.442862e-02	8.883004e-02	-3.975980e-05	1.450193e-02	-2.079124e-05	-1.210288e-04
1.759380e+03	-3.963984e-02	8.071303e-02	-4.276999e-05	4.008264e-02	-6.399949e-05	-4.544675e-04
1.771770e+03	-6.103703e-02	6.567850e-02	2.078358e-05	6.183650e-02	-8.629313e-05	-8.268622e-04
1.784160e+03	-7.782061e-02	4.518130e-02	4.694755e-06	7.853814e-02	-8.290328e-05	-6.707129e-04
1.796550e+03	-8.873367e-02	2.067360e-02	4.487401e-05	8.917880e-02	-5.185281e-05	-4.057599e-04
1.808940e+03	-9.073497e-02	-7.181589e-03	1.217613e-04	9.110246e-02	-3.878160e-05	-3.532849e-04
1.821330e+03	-8.437640e-02	-3.389410e-02	5.562475e-05	8.508166e-02	5.780836e-06	-6.363545e-04
1.833720e+03	-7.038424e-02	-5.789403e-02	1.691125e-05	7.098392e-02	1.900088e-05	-5.500205e-04
1.846110e+03	-5.042226e-02	-7.596216e-02	7.063138e-05	5.100923e-02	5.908341e-05	-5.565300e-04
1.858500e+03	-2.543136e-02	-8.772045e-02	5.930983e-05	2.591879e-02	5.002259e-05	-4.257998e-04
1.870890e+03	1.835572e-03	-9.125658e-02	-4.023358e-05	-1.484308e-03	-3.679412e-06	-3.566940e-04
1.883280e+03	2.893398e-02	-8.673076e-02	2.018004e-06	-2.860655e-02	3.324278e-05	-3.904594e-04
1.895670e+03	5.352671e-02	-7.367517e-02	-1.060759e-05	-5.302942e-02	4.734599e-05	-5.543952e-04
1.908060e+03	7.327977e-02	-5.479539e-02	-3.322137e-05	-7.300835e-02	-3.173894e-05	-3.286393e-04
1.920450e+03	8.589545e-02	-3.060058e-02	-1.533112e-05	-8.561766e-02	6.478526e-05	-2.356758e-04
1.932840e+03	9.136442e-02	-3.284911e-03	-4.306489e-05	-9.126548e-02	7.542150e-06	-1.201012e-04
1.945230e+03	8.727420e-02	2.431096e-02	-2.814576e-05	-8.694775e-02	3.742577e-06	-2.961161e-04
1.957620e+03	7.641767e-02	4.837079e-02	-6.567725e-05	-7.621431e-02	9.349170e-05	-2.171690e-04
1.970010e+03	5.812868e-02	6.901025e-02	-4.761209e-05	-5.802864e-02	1.870240e-06	-1.061140e-04
1.982400e+03	3.495737e-02	8.305654e-02	-1.280697e-05	-3.506446e-02	-4.871443e-05	6.865552e-05
1.994790e+03	8.763998e-03	8.961169e-02	-2.166515e-05	-9.024510e-03	-6.204670e-05	2.582702e-04
2.007180e+03	-1.796616e-02	8.772341e-02	-2.691347e-05	1.785074e-02	-3.135900e-05	8.953027e-05
2.019570e+03	-4.271973e-02	7.817517e-02	4.171549e-05	4.272791e-02	-8.080221e-05	6.732981e-05
2.031960e+03	-6.380564e-02	6.255431e-02	2.586165e-05	6.365431e-02	-6.272852e-05	1.602241e-04
2.044350e+03	-7.948164e-02	4.069684e-02	7.648847e-05	7.917681e-02	-2.898333e-05	3.258340e-04
2.056740e+03	-8.876742e-02	1.593867e-02	4.365214e-05	8.820659e-02	-1.039359e-05	5.880430e-04
2.069130e+03	-8.850391e-02	-1.157921e-02	1.451200e-04	8.815706e-02	2.679992e-05	3.942990e-04
2.081520e+03	-8.070108e-02	-3.629749e-02	6.812493e-05	8.058421e-02	6.439675e-05	5.138507e-05
2.093910e+03	-6.658542e-02	-5.842468e-02	2.666907e-05	6.629150e-02	5.531268e-05	3.032695e-04
2.106300e+03	-4.738833e-02	-7.582160e-02	-3.164169e-06	4.658184e-02	5.352741e-05	7.743503e-04
2.118690e+03	-2.276184e-02	-8.618913e-02	-1.035971e-05	2.210842e-02	3.696015e-05	6.527341e-04
2.131080e+03	3.915211e-03	-8.895985e-02	-3.456746e-05	-4.611379e-03	2.929130e-05	7.016270e-04
2.143470e+03	3.005945e-02	-8.290827e-02	-9.359989e-06	-3.018240e-02	5.567585e-05	1.468323e-04
2.155860e+03	5.288529e-02	-7.117182e-02	-3.680686e-05	-5.330140e-02	4.961102e-06	4.113810e-04
2.168250e+03	7.201333e-02	-5.295171e-02	-5.729330e-05	-7.281476e-02	-9.796440e-05	8.079813e-04
2.180640e+03	8.511340e-02	-2.843314e-02	-1.551422e-05	-8.568506e-02	1.932122e-05	6.183788e-04
2.193030e+03	8.917148e-02	-1.334698e-03	-3.812231e-05	-8.956000e-02	2.593164e-05	3.431909e-04
2.205420e+03	8.604645e-02	2.536055e-02	-2.228189e-05	-8.623142e-02	-2.709664e-05	1.826976e-04
2.217810e+03	7.451053e-02	5.036282e-02	1.421336e-06	-7.488427e-02	-5.225432e-05	3.466556e-04
2.230200e+03	5.634613e-02	7.146250e-02	-3.149938e-05	-5.694561e-02	4.839835e-05	6.249905e-04
2.242590e+03	3.167590e-02	8.563528e-02	5.980271e-06	-3.223240e-02	-5.216900e-05	5.564540e-04
2.254980e+03	3.704660e-03	9.148442e-02	-2.921133e-05	-4.239081e-03	4.156478e-05	5.454579e-04
2.267370e+03	-2.460567e-02	8.827613e-02	-1.245453e-05	2.447156e-02	-1.802112e-06	1.189851e-04
2.279760e+03	-5.108986e-02	7.670095e-02	1.107087e-05	5.107315e-02	-1.113574e-05	4.945137e-06
2.292150e+03	-7.361984e-02	5.799712e-02	9.928017e-05	7.321975e-02	-4.339032e-05	3.229762e-04
2.304540e+03	-8.894801e-02	3.135607e-02	-5.832751e-05	8.865889e-02	5.457995e-06	2.209750e-04
2.316930e+03	-9.436789e-02	1.211164e-03	1.524109e-04	9.426739e-02	1.917259e-05	1.318766e-04
2.329320e+03	-8.971261e-02	-2.979249e-02	-2.073866e-05	9.000830e-02	2.005522e-05	-3.353931e-04
2.341710e+03	-7.574609e-02	-5.716802e-02	6.126483e-05	7.600996e-02	2.621827e-05	-2.584457e-04
2.354100e+03	-5.366207e-02	-8.005709e-02	4.399761e-05	5.366253e-02	4.699984e-05	2.239501e-05
2.366490e+03	-2.405193e-02	-9.410429e-02	9.687494e-06	2.397998e-02	3.279643e-05	3.026809e-05
2.378880e+03	8.952806e-03	-9.692171e-02	-7.941340e-05	-8.849375e-03	-3.171439e-05	-1.096414e-04
2.391270e+03	4.162675e-02	-8.838493e-02	-2.883661e-05	-4.122996e-02	-5.000587e-06	-3.865533e-04
2.403660e+03	6.914259e-02	-6.984029e-02	-2.286607e-05	-6.880045e-02	-1.182364e-05	-3.813842e-04
2.416050e+03	8.974030e-02	-4.231706e-02	-1.350688e-05	-8.944286e-02	-6.298264e-06	-2.699257e-04
2.428440e+03	9.949982e-02	-8.459971e-03	-1.236545e-05	-9.945698e-02	2.769236e-05	-1.488956e-04
2.440830e+03	9.713553e-02	2.713055e-02	-2.069384e-05	-9.687957e-02	5.669740e-05	-1.724529e-04
2.453220e+03	8.126429e-02	5.969361e-02	-4.993713e-05	-8.068494e-02	6.623497e-05	-5.768736e-04
2.465610e+03	5.504391e-02	8.436827e-02	1.500724e-05	-5.453717e-02	-5.770240e-05	-4.956879e-04
2.478000e+03	2.180383e-02	9.925661e-02	-8.761158e-05	-2.160861e-02	5.577081e-05	-2.228525e-04
2.490390e+03	-1.549993e-02	1.007290e-01	-1.641064e-05	1.572911e-02	-2.403628e-05	-2.673602e-04
2.502780e+03	-5.097226e-02	8.866304e-02	2.804733e-05	5.130193e-02	-5.984040e-05	-2.798233e-04
2.515170e+03	-8.003139e-02	6.395624e-02	8.105929e-05	8.043195e-02	-7.837988e-05	-4.095121e-04
2.527560e+03	-9.794283e-02	3.069660e-02	-8.151264e-06	9.811304e-02	-1.372395e-05	-4.725227e-04
2.539950e+03	-1.029319e-01	-7.612239e-03	1.387853e-04	1.029384e-01	-5.124341e-06	-2.739439e-04
2.552340e+03	-9.329336e-02	-4.482120e-02	-2.605601e-05	9.353771e-02	-2.375495e-06	-2.410881e-04
2.564730e+03	-6.961229e-02	-7.658851e-02	5.303169e-05	6.986143e-02	2.527374e-05	-2.144622e-04
2.577120e+03	-3.616912e-02	-9.684552e-02	9.438822e-05	3.655760e-02	1.043430e-04	-3.430782e-04
2.589510e+03	1.976515e-03	-1.030000e-01	-6.196227e-05	-1.682285e-03	-2.620155e-05	-2.909483e-04
2.601900e+03	4.019485e-02	-9.557410e-02	7.565045e-05	-3.993202e-02	1.133749e-04	-2.758188e-04
2.614290e+03	7.295586e-02	-7.411463e-02	3.115320e-05	-7.286973e-02	6.737672e-05	-7.404826e-05
2.626680e+03	9.607117e-02	-4.114365e-02	4.842373e-06	-9.556992e-02	-3.803893e-06	-5.187517e-05
2.639070e+03	1.039988e-01	-2.130249e-03	2.605607e-05	-1.039982e-01	4.910793e-05	-9.683891e-05
2.651460e+03	9.703863e-02	3.700570e-02	-9.741413e-06	-9.698063e-02	5.719746e-05	-1.326960e-04
2.663850e+03	7.623329e-02	7.068686e-02	1.218405e-05	-7.624029e-02	-7.114248e-05	-8.929337e-06
2.676240e+03	4.395750e-02	9.445304e-02	-1.490116e-05	-4.404358e-02	-2.157751e-05	1.155676e-04
2.688630e+03	5.182613e-03	1.030000e-01	-1.279707e-04	-5.212572e-03	5.461100e-05	5.770858e-05
2.701020e+03	-3.457639e-02	9.805907e-02	-1.082102e-04	3.447653e-02	-4.516641e-05	1.131909e-04
2.713410e+03	-6.856300e-02	7.803891e-02	2.623074e-05	6.857544e-02	-7.029652e-05	3.570655e-05
2.725800e+03	-9.309431e-02	4.642179e-02	-2.510981e-05	9.298392e-02	-6.579961e-05	7.574970e-05
2.738190e+03	-1.039159e-01	7.631329e-03	1.493846e-04	1.039134e-01	-5.704549e-05	2.644366e-04
2.750580e+03	-9.983174e-02	-3.252048e-02	-4.698603e-06	9.896324e-02	-2.932532e-05	1.941444e-04
2.762970e+03	-7.917054e-02	-6.822594e-02	1.372954e-05	7.896487e-02	-3.581278e-05	2.265288e-04
2.775360e+03	-4.718299e-02	-9.276754e-02	-5.298979e-05	4.702884e-02	-6.060123e-05	1.230188e-04
2.787750e+03	-8.330335e-03	-1.035192e-01	1.313787e-05	8.175074e-03	-7.670921e-06	2.073659e-04
2.800140e+03	3.212284e-02	-9.958265e-02	7.662356e-05	-3.242281e-02	6.489175e-05	2.972673e-04
2.812530e+03	6.825030e-02	-7.970007e-02	1.353197e-05	-6.854167e-02	-6.775655e-05	3.142176e-04
2.824920e+03	9.408492e-02	-4.725966e-02	6.924028e-05	-9.440215e-02	6.995837e-05	3.652828e-04
2.837310e+03	1.048058e-01	-6.384531e-03	5.289549e-05	-1.057221e-01	1.226011e-04	1.701701e-04
2.849700e+03	9.940578e-02	3.501857e-02	1.985824e-05	-1.001638e-01	7.457558e-05	2.482999e-04
2.862090e+03	7.825028e-02	7.198016e-02	-5.361213e-05	-7.865214e-02	1.369993e-04	4.079797e-04
2.874480e+03	4.340143e-02	9.724621e-02	-1.048836e-04	-4.379804e-02	1.045176e-04	3.980650e-04
2.886870e+03	1.319312e-03	1.069354e-01	-1.086503e-04	-1.749397e-03	-3.332967e-06	4.455632e-04
2.899260e+03	-4.172090e-02	9.876205e-02	-1.490000e-04	4.161437e-02	-2.379370e-05	1.482570e-04
2.911650e+03	-7.870205e-02	7.420026e-02	-7.630979e-05	7.842510e-02	-1.208363e-04	2.541334e-04
2.924040e+03	-1.027399e-01	3.652386e-02	3.759658e-05	1.027429e-01	-1.457760e-04	3.850808e-04
2.936430e+03	-1.090000e-01	-9.669785e-03	2.874054e-05	1.085015e-01	-1.308057e-04	4.475732e-04
2.948820e+03	-9.579200e-02	-5.497628e-02	9.309963e-05	9.566498e-02	-7.382715e-05	2.466814e-04
2.961210e+03	-6.444833e-02	-9.057639e-02	6.908863e-05	6.414783e-02	-3.637666e-05	2.976202e-04
2.973600e+03	-2.041704e-02	-1.102399e-01	1.365769e-04	2.008767e-02	5.038288e-05	3.249850e-04
2.985990e+03	2.954878e-02	-1.092982e-01	5.314149e-05	-2.985682e-02	9.442810e-05	3.097748e-04
2.998380e+03	7.449952e-02	-8.614639e-02	8.773663e-05	-7.493614e-02	1.497541e-04	3.789151e-04
3.010770e+03	1.066333e-01	-4.429620e-02	1.866990e-05	-1.066174e-01	3.287441e-05	4.282182e-04
3.023160e+03	1.160000e-01	8.513268e-03	1.925976e-05	-1.160000e-01	1.378269e-04	4.519986e-04
3.035550e+03	1.006172e-01	6.144132e-02	-7.612581e-05	-1.008412e-01	1.669999e-04	4.422808e-04
3.047940e+03	6.136169e-02	1.023193e-01	-5.448387e-05	-6.196024e-02	2.319257e-05	6.000948e-04
3.060330e+03	4.610005e-03	1.207336e-01	-1.647375e-04	-5.231233e-03	4.753058e-05	6.294245e-04
3.072720e+03	-5.524484e-02	1.098556e-01	-1.694824e-04	5.443259e-02	-6.872795e-05	7.208994e-04
3.085110e+03	-1.037058e-01	6.861251e-02	-4.000845e-05	1.036574e-01	-1.919506e-04	8.026406e-04
3.097500e+03	-1.262305e-01	5.923770e-03	-2.771404e-05	1.252226e-01	-1.828900e-04	9.313504e-04
3.109890e+03	-1.128884e-01	-6.245832e-02	2.121901e-04	1.118187e-01	-1.457520e-04	1.248567e-03
3.122280e+03	-6.035876e-02	-1.160315e-01	1.859387e-04	5.866476e-02	-4.457636e-05	1.608934e-03
3.134670e+03	1.739283e-02	-1.289588e-01	1.117626e-04	-1.894494e-02	-1.246351e-06	1.585636e-03
3.147060e+03	9.220660e-02	-9.303417e-02	9.191204e-05	-9.415024e-02	3.571876e-05	1.691788e-03
3.159450e+03	1.285344e-01	-1.551201e-02	5.060405e-05	-1.297765e-01	1.215963e-04	1.378557e-03
3.171840e+03	1.070586e-01	7.171372e-02	-5.941105e-05	-1.080921e-01	2.575848e-04	1.044764e-03
3.184230e+03	2.789656e-02	1.215174e-01	-2.051714e-04	-2.807099e-02	1.478631e-04	2.095925e-04
3.196620e+03	-6.473070e-02	9.623852e-02	-1.976024e-04	6.624599e-02	-9.797433e-05	-1.517451e-03
3.209010e+03	-1.016338e-01	1.379873e-02	-8.890321e-05	1.046966e-01	-2.233878e-04	-2.800770e-03
3.221400e+03	-6.368540e-02	-6.174372e-02	1.169602e-04	6.710634e-02	-1.413458e-04	-3.409721e-03
3.233790e+03	1.079606e-02	-7.151447e-02	2.598247e-04	-6.727537e-03	6.667761e-06	-4.064259e-03
3.246180e+03	4.876913e-02	-2.536409e-02	2.784980e-06	-4.495405e-02	-7.422188e-05	-3.681292e-03
3.258570e+03	3.280140e-02	1.791572e-02	-2.455748e-05	-2.875748e-02	1.916913e-05	-4.053563e-03
3.270960e+03	1.582490e-03	1.875231e-02	-6.169089e-05	2.439314e-03	1.083169e-04	-4.061189e-03
3.283350e+03	-2.233121e-03	-1.877742e-04	-1.225483e-04	5.482696e-03	2.604515e-05	-3.231619e-03
3.295740e+03	1.115699e-02	1.575937e-03	8.790337e-05	-9.158213e-03	2.964619e-06	-2.008032e-03
3.308130e+03	6.326666e-03	2.019341e-02	-4.536204e-05	-5.843567e-03	1.824407e-05	-4.777850e-04
3.320520e+03	-2.034315e-02	2.326954e-02	-1.488234e-04	1.907138e-02	1.381525e-04	1.366052e-03
3.332910e+03	-3.939007e-02	-3.349608e-03	-2.333227e-04	3.630127e-02	9.612623e-06	2.980523e-03
3.345300e+03	-2.607875e-02	-3.973204e-02	-1.827461e-04	2.229548e-02	-2.593009e-04	3.705803e-03
3.357690e+03	1.896597e-02	-4.945690e-02	1.618974e-04	-2.219442e-02	-5.280000e-04	3.269100e-03
3.370080e+03	5.880038e-02	-1.479310e-02	6.561322e-04	-6.039982e-02	-1.840146e-04	1.767621e-03
3.382470e+03	5.078995e-02	4.345898e-02	5.201573e-04	-5.041618e-02	5.050010e-04	-3.595672e-04
3.394860e+03	-5.906150e-03	7.059747e-02	8.099304e-05	8.119942e-03	7.531089e-04	-2.209664e-03
3.407250e+03	-6.403451e-02	3.523572e-02	-5.517459e-04	6.733370e-02	6.158177e-04	-3.249124e-03
3.419640e+03	-6.539367e-02	-3.579456e-02	-8.700520e-04	6.867635e-02	-9.066592e-05	-3.253696e-03
3.432030e+03	-4.418754e-03	-7.507134e-02	-6.956226e-04	6.394080e-03	-8.110082e-04	-1.971633e-03
3.444420e+03	6.025202e-02	-4.435127e-02	2.046784e-04	-6.007292e-02	-8.994398e-04	-1.369028e-04
3.456810e+03	6.751426e-02	2.697866e-02	8.346657e-04	-6.896181e-02	-5.308378e-04	1.601363e-03
3.469200e+03	1.226012e-02	6.829777e-02	8.939935e-04	-1.475378e-02	3.655822e-04	2.482696e-03
3.481590e+03	-5.029172e-02	4.763716e-02	2.863967e-04	4.817909e-02	9.118098e-04	2.066745e-03
3.493980e+03	-6.359123e-02	-1.509534e-02	-5.170604e-04	6.242312e-02	8.266861e-04	1.079963e-03
3.506370e+03	-1.924380e-02	-5.806414e-02	-9.273857e-04	1.906822e-02	2.584833e-05	1.735825e-04
3.518760e+03	3.829311e-02	-4.264324e-02	-5.940062e-04	-3.794535e-02	-7.098715e-04	-3.912551e-04
3.531150e+03	4.966616e-02	1.298211e-02	2.025321e-04	-4.914033e-02	-9.333238e-04	-5.061528e-04
3.543540e+03	7.991540e-03	4.423486e-02	7.933539e-04	-7.728846e-03	-3.972097e-04	-2.858316e-04
3.555930e+03	-3.506145e-02	2.054328e-02	7.511062e-04	3.521998e-02	4.166314e-04	-2.605366e-04
3.568320e+03	-2.487185e-02	-2.786600e-02	2.086105e-05	2.594062e-02	6.245952e-04	-1.077821e-03
3.580710e+03	1.670070e-02	-3.652118e-02	-4.397663e-04	-1.518861e-02	4.603239e-04	-1.462270e-03
3.593100e+03	4.394178e-02	2.772871e-03	-5.194783e-04	-4.184935e-02	-4.500859e-05	-2.085082e-03
3.605490e+03	1.747745e-02	4.546906e-02	-1.632530e-04	-1.573677e-02	-5.180707e-04	-1.714267e-03
3.617880e+03	-3.553705e-02	3.941514e-02	2.643737e-04	3.650152e-02	-3.957402e-04	-9.731919e-04
3.630270e+03	-5.609589e-02	-1.297549e-02	5.018867e-04	5.629712e-02	-1.223971e-05	-2.269964e-04
3.642660e+03	-1.942451e-02	-5.844142e-02	2.578183e-04	1.912259e-02	3.371342e-04	3.711155e-04
3.655050e+03	4.086807e-02	-4.964543e-02	-5.782442e-05	-4.181745e-02	3.695479e-04	9.001228e-04
3.667440e+03	6.549679e-02	7.456560e-03	-3.089611e-04	-6.689645e-02	2.498811e-04	1.443179e-03
3.679830e+03	2.979083e-02	6.113014e-02	-3.510724e-04	-3.175411e-02	-7.619871e-05	1.954293e-03
3.692220e+03	-3.622384e-02	6.040735e-02	-1.338563e-04	3.419994e-02	-2.876631e-04	2.034816e-03
3.704610e+03	-7.087226e-02	3.024105e-03	5.289228e-05	6.927185e-02	-3.277301e-04	1.612730e-03
3.717000e+03	-3.935733e-02	-5.800635e-02	3.456774e-04	3.884600e-02	-1.850003e-04	5.404178e-04
3.729390e+03	3.013064e-02	-6.148004e-02	3.758019e-04	-2.950828e-02	1.805836e-04	-5.841921e-04
3.741780e+03	6.569208e-02	-3.690870e-03	1.475422e-04	-6.435915e-02	3.287558e-04	-1.447607e-03
3.754170e+03	3.328625e-02	5.512686e-02	-1.963174e-04	-3.148398e-02	2.965274e-04	-1.819930e-03
3.766560e+03	-3.228893e-02	5.197058e-02	-3.086719e-04	3.384990e-02	3.775340e-05	-1.533643e-03
3.778950e+03	-5.789912e-02	-6.712544e-03	-1.601025e-04	5.879911e-02	-2.383113e-04	-9.345886e-04
3.791340e+03	-1.910064e-02	-5.339937e-02	1.273762e-04	1.949643e-02	-3.042120e-04	-3.721339e-04
3.803730e+03	3.714682e-02	-4.015231e-02	3.393162e-04	-3.723052e-02	-3.490053e-05	4.773620e-05
3.816120e+03	5.140016e-02	1.350663e-02	2.542615e-04	-5.190603e-02	2.274793e-04	5.887327e-04
3.828510e+03	1.127590e-02	4.897197e-02	-7.275094e-05	-1.229875e-02	3.552030e-04	1.003934e-03
3.840900e+03	-3.750935e-02	3.254311e-02	-2.988190e-04	3.623402e-02	1.783372e-04	1.360000e-03
3.853290e+03	-4.488366e-02	-1.651258e-02	-2.568562e-04	4.358007e-02	-3.290619e-05	1.362129e-03
3.865680e+03	-6.301137e-03	-4.409175e-02	-3.256176e-05	5.305720e-03	-2.708421e-04	1.019299e-03
3.878070e+03	3.647011e-02	-2.447516e-02	1.726906e-04	-3.667537e-02	-2.320991e-04	1.926378e-04
3.890460e+03	3.659834e-02	2.130307e-02	2.679951e-04	-3.579825e-02	2.692233e-05	-7.740737e-04
3.902850e+03	-3.833023e-03	4.005167e-02	1.261188e-04	5.141108e-03	2.131258e-04	-1.288267e-03
3.915240e+03	-3.778370e-02	1.150151e-02	-9.495997e-05	3.938470e-02	2.089268e-04	-1.609133e-03
3.927630e+03	-2.546214e-02	-3.053596e-02	-1.772802e-04	2.683959e-02	-2.366985e-05	-1.399616e-03
3.940020e+03	1.795097e-02	-3.680662e-02	-1.106361e-04	-1.700997e-02	-1.624751e-04	-9.504678e-04
3.952410e+03	4.229074e-02	-5.813103e-04	1.409567e-04	-4.179134e-02	-1.626819e-04	-4.798971e-04
3.964800e+03	2.082400e-02	3.866898e-02	1.782650e-04	-2.088097e-02	-2.588488e-06	4.620976e-05
3.977190e+03	-2.501525e-02	3.855733e-02	1.338433e-04	2.438623e-02	1.073534e-04	6.181609e-04
3.989580e+03	-4.701015e-02	-2.137222e-03	2.944516e-05	4.584247e-02	1.754194e-04	1.136866e-03
4.001970e+03	-2.370003e-02	-4.282293e-02	-6.374902e-05	2.240299e-02	1.350851e-05	1.268050e-03
4.014360e+03	2.478704e-02	-4.321012e-02	-6.553276e-05	-2.594734e-02	-7.055340e-05	1.181238e-03
4.026750e+03	4.950537e-02	-3.037945e-04	-1.991625e-05	-5.017183e-02	-1.036960e-04	6.463653e-04
4.039140e+03	2.645414e-02	4.476682e-02	3.682726e-05	-2.642700e-02	-4.389069e-06	-5.123869e-05
4.051530e+03	-2.524200e-02	4.536529e-02	-1.312663e-05	2.592211e-02	1.522971e-06	-7.021375e-04
4.063920e+03	-5.121188e-02	2.380604e-04	-2.418642e-05	5.222756e-02	1.422189e-05	-1.067594e-03
4.076310e+03	-2.493867e-02	-4.581720e-02	-2.479193e-05	2.602640e-02	-6.510880e-06	-1.056197e-03
4.088700e+03	2.767069e-02	-4.426430e-02	4.855918e-05	-2.686604e-02	-3.710519e-05	-8.094649e-04
4.101090e+03	5.145671e-02	1.731168e-03	4.208276e-05	-5.096839e-02	-2.841058e-05	-4.704688e-04
4.113480e+03	2.404522e-02	4.603764e-02	5.804445e-05	-2.397295e-02	6.449833e-05	-9.467978e-05
4.125870e+03	-2.693721e-02	4.348654e-02	-5.702893e-06	2.666230e-02	9.364717e-05	2.776190e-04
4.138260e+03	-5.096633e-02	-3.045452e-04	-4.999143e-05	5.036565e-02	4.547871e-05	6.248654e-04
4.150650e+03	-2.582535e-02	-4.294642e-02	-6.103989e-05	2.491629e-02	-4.795867e-05	8.945763e-04
4.163040e+03	2.300157e-02	-4.336517e-02	1.043445e-05	-2.392091e-02	-2.491886e-05	9.018189e-04
4.175430e+03	4.662708e-02	-1.519219e-03	7.133985e-05	-4.726264e-02	-5.493076e-05	7.204919e-04
4.187820e+03	2.454251e-02	3.970172e-02	1.065466e-04	-2.486486e-02	-1.249809e-05	2.728514e-04
4.200210e+03	-2.154243e-02	3.965226e-02	-1.056938e-05	2.186806e-02	6.335101e-05	-3.082309e-04
4.212600e+03	-4.235249e-02	-1.052677e-04	3.116138e-05	4.299517e-02	3.477882e-05	-7.002254e-04
4.224990e+03	-1.888713e-02	-3.734964e-02	4.499354e-05	1.978477e-02	7.776964e-05	-9.200160e-04
4.237380e+03	2.336013e-02	-3.282807e-02	-8.436320e-06	-2.256012e-02	6.470510e-06	-8.860026e-04
4.249770e+03	3.879098e-02	5.639744e-03	-5.215355e-05	-3.801818e-02	3.822900e-05	-6.770937e-04
4.262160e+03	1.233285e-02	3.568965e-02	-1.134668e-04	-1.195389e-02	8.683293e-06	-3.661813e-04
4.274550e+03	-2.574895e-02	2.661027e-02	-1.995906e-05	2.568750e-02	-1.070000e-04	2.360556e-05
4.286940e+03	-3.508575e-02	-1.032829e-02	1.304198e-04	3.469847e-02	-9.502341e-05	3.716597e-04
4.299330e+03	-7.652719e-03	-3.472424e-02	1.755276e-04	6.960849e-03	7.123624e-05	6.877536e-04
4.311720e+03	2.699984e-02	-2.285134e-02	1.036045e-04	-2.782262e-02	7.264445e-05	7.859265e-04
4.324110e+03	3.240191e-02	1.340309e-02	-7.804219e-05	-3.300771e-02	2.053182e-04	6.579827e-04
4.336500e+03	3.080951e-03	3.458507e-02	-1.348303e-04	-3.395796e-03	4.745020e-05	3.242149e-04
4.348890e+03	-2.926843e-02	1.853990e-02	-1.422827e-04	2.936853e-02	-1.154375e-04	-1.118910e-04
4.361280e+03	-3.012053e-02	-1.753797e-02	3.151859e-05	3.053361e-02	-1.607354e-04	-4.303260e-04
4.373670e+03	2.489578e-03	-3.437375e-02	1.527811e-04	-1.778425e-03	-7.723672e-05	-7.035898e-04
4.386060e+03	3.326263e-02	-1.384335e-02	1.587706e-04	-3.253607e-02	1.266864e-04	-7.743345e-04
4.398450e+03	2.772069e-02	2.301430e-02	-1.683443e-05	-2.701714e-02	1.895274e-04	-7.197066e-04
4.410840e+03	-7.480421e-03	3.566990e-02	-1.191152e-04	7.881095e-03	7.175542e-05	-4.132565e-04
4.423230e+03	-3.527979e-02	1.043076e-02	-1.343246e-04	3.526866e-02	-6.227594e-05	-4.262899e-05
4.435620e+03	-2.694727e-02	-2.655268e-02	4.863522e-05	2.662309e-02	-1.340730e-04	3.229883e-04
4.448010e+03	9.863367e-03	-3.632011e-02	1.570391e-04	-1.045555e-02	-5.094003e-05	6.087476e-04
4.460400e+03	3.674862e-02	-9.527096e-03	1.481046e-04	-3.744297e-02	4.320142e-05	7.058974e-04
4.472790e+03	2.691672e-02	2.788338e-02	5.691151e-05	-2.760058e-02	1.260246e-04	6.623859e-04
4.485180e+03	-1.121595e-02	3.760326e-02	-9.543953e-05	1.079953e-02	1.561275e-04	4.209171e-04
4.497570e+03	-3.824020e-02	8.881075e-03	-9.231511e-05	3.829658e-02	-9.633796e-06	1.428163e-05
4.509960e+03	-2.611649e-02	-2.949378e-02	-4.480169e-05	2.639738e-02	-1.258812e-04	-2.912908e-04
4.522350e+03	1.321939e-02	-3.730965e-02	1.098721e-04	-1.261679e-02	-1.051393e-04	-6.044209e-04
4.534740e+03	3.827930e-02	-6.409004e-03	1.204975e-04	-3.757881e-02	1.842709e-05	-7.558337e-04
4.547130e+03	2.438282e-02	3.101669e-02	2.222758e-05	-2.378579e-02	1.434852e-04	-6.109561e-04
4.559520e+03	-1.523344e-02	3.553417e-02	-8.904374e-05	1.557126e-02	4.105397e-05	-3.103576e-04
4.571910e+03	-3.849614e-02	3.988622e-03	-8.111478e-05	3.859622e-02	-2.865489e-05	-6.367865e-05
4.584300e+03	-2.236491e-02	-3.152756e-02	1.061953e-05	2.205812e-02	-1.290218e-04	2.323545e-04
4.596690e+03	1.607797e-02	-3.486866e-02	8.589429e-05	-1.658546e-02	-7.459939e-05	4.987133e-04
4.609080e+03	3.663129e-02	-2.809165e-03	1.219746e-04	-3.725871e-02	2.775771e-05	5.837054e-04
4.621470e+03	2.053276e-02	3.144310e-02	3.189480e-05	-2.103820e-02	1.004238e-04	4.775284e-04
4.633860e+03	-1.686169e-02	3.280592e-02	-4.281645e-05	1.664781e-02	7.764038e-05	2.265792e-04
4.646250e+03	-3.639060e-02	1.476704e-03	-9.886573e-05	3.639125e-02	-2.978586e-05	6.967829e-06
4.658640e+03	-1.842374e-02	-3.052172e-02	6.045295e-06	1.865024e-02	-6.724994e-05	-2.577591e-04
4.671030e+03	1.837149e-02	-3.058002e-02	6.950625e-05	-1.793179e-02	-9.855050e-05	-4.253993e-04
4.683420e+03	3.414096e-02	1.750575e-03	9.453009e-05	-3.362812e-02	-7.913873e-06	-5.180799e-04
4.695810e+03	1.470301e-02	3.100613e-02	9.816652e-06	-1.428506e-02	1.105409e-04	-5.046088e-04
4.708200e+03	-1.988985e-02	2.711564e-02	-3.270909e-06	2.027093e-02	7.730176e-05	-3.282150e-04
4.720590e+03	-3.274634e-02	-4.943302e-03	-4.882127e-05	3.289370e-02	-1.262484e-05	-1.400383e-04
4.732980e+03	-1.132840e-02	-3.099175e-02	1.404695e-06	1.115373e-02	-2.986829e-05	1.401589e-04
4.745370e+03	2.154448e-02	-2.428020e-02	5.545044e-05	-2.192784e-02	-2.670817e-06	3.837832e-04
4.757760e+03	3.103297e-02	7.190525e-03	1.281216e-05	-3.143299e-02	6.523544e-05	4.443253e-04
4.770150e+03	8.551665e-03	3.046783e-02	-4.425619e-06	-8.945048e-03	1.266880e-05	3.512202e-04
4.782540e+03	-2.277462e-02	2.221546e-02	-1.467861e-05	2.260691e-02	-7.538950e-06	1.479641e-04
4.794930e+03	-2.986505e-02	-9.336879e-03	1.884142e-05	2.986022e-02	-2.498381e-06	-2.288508e-05
4.807320e+03	-5.750761e-03	-3.069498e-02	4.677566e-06	5.993765e-03	-4.077297e-05	-2.258550e-04
4.819710e+03	2.412667e-02	-1.943421e-02	6.487569e-05	-2.372631e-02	-1.882472e-05	-3.811428e-04
4.832100e+03	2.879833e-02	1.204033e-02	-7.597886e-06	-2.838425e-02	6.197473e-06	-3.785904e-04
4.844490e+03	2.628179e-03	2.950167e-02	-4.363857e-05	-2.263282e-03	5.854749e-05	-3.746284e-04
4.856880e+03	-2.558722e-02	1.610274e-02	-7.741620e-06	2.580267e-02	-3.035584e-05	-2.140695e-04
4.869270e+03	-2.599611e-02	-1.482006e-02	4.764030e-05	2.600966e-02	-1.007933e-04	-6.381894e-05
4.881660e+03	6.049177e-04	-2.982244e-02	7.218879e-05	-6.710978e-04	-3.955371e-05	6.152524e-05
4.894050e+03	2.645080e-02	-1.379525e-02	6.762307e-05	-2.669382e-02	3.060303e-05	2.607740e-04
4.906440e+03	2.473003e-02	1.676275e-02	-2.377929e-05	-2.498187e-02	1.077507e-04	2.740135e-04
4.918830e+03	-2.844760e-03	2.889149e-02	-6.439656e-05	2.594869e-03	9.177841e-06	2.543959e-04
4.931220e+03	-2.736129e-02	1.173176e-02	-5.865402e-05	2.724690e-02	-1.520587e-05	1.455790e-04
4.943610e+03	-2.300064e-02	-1.817829e-02	2.542844e-05	2.290105e-02	-7.508391e-05	7.659323e-05
4.956000e+03	5.181794e-03	-2.851223e-02	1.025878e-04	-5.051555e-03	-7.215108e-05	-1.346604e-04
4.968390e+03	2.739248e-02	-8.825222e-03	9.081299e-05	-2.719248e-02	7.564336e-05	-2.494382e-04
4.980780e+03	2.059193e-02	2.023865e-02	-2.642359e-05	-2.024970e-02	9.641472e-05	-3.204980e-04
4.993170e+03	-8.090010e-03	2.720928e-02	-1.136940e-04	8.360714e-03	2.238721e-05	-2.705935e-04
5.005560e+03	-2.724280e-02	5.567155e-03	-3.442090e-05	2.751544e-02	-7.775675e-05	-2.594452e-04
5.017950e+03	-1.770309e-02	-2.196523e-02	5.345963e-05	1.787371e-02	-1.043161e-04	-8.890894e-05
5.030340e+03	1.084842e-02	-2.564488e-02	1.163841e-04	-1.090659e-02	1.556951e-06	4.928796e-05
5.042730e+03	2.766269e-02	-2.648606e-03	8.001169e-05	-2.776783e-02	8.801428e-05	1.795008e-04
5.055120e+03	1.525007e-02	2.304512e-02	-1.699532e-05	-1.545200e-02	1.186439e-04	2.055880e-04
5.067510e+03	-1.308904e-02	2.455743e-02	-6.355870e-05	1.292675e-02	1.355077e-05	1.894126e-04
5.079900e+03	-2.677580e-02	1.139376e-04	-2.324370e-05	2.670000e-02	-6.140151e-05	9.237794e-05
5.092290e+03	-1.301604e-02	-2.442063e-02	2.515266e-05	1.300018e-02	-9.786325e-05	-1.081702e-06
5.104680e+03	1.509887e-02	-2.265318e-02	9.610428e-05	-1.500566e-02	2.893678e-05	-1.213273e-04
5.117070e+03	2.707408e-02	2.541920e-03	8.283786e-05	-2.696984e-02	3.829181e-05	-1.650135e-04
5.129460e+03	1.050270e-02	2.499278e-02	-2.203096e-05	-1.018831e-02	8.047518e-05	-2.463747e-04
5.141850e+03	-1.919468e-02	1.861059e-02	-1.059158e-04	1.939122e-02	5.000305e-05	-1.656833e-04
5.154240e+03	-2.626764e-02	-5.573555e-03	-2.090404e-05	2.639656e-02	-2.464282e-05	-1.600748e-04
5.166630e+03	-7.603664e-03	-2.627876e-02	2.690007e-05	7.691123e-03	-1.052090e-04	-8.930147e-05
5.179020e+03	1.943876e-02	-1.918549e-02	4.703168e-05	-1.943167e-02	8.544722e-06	3.663501e-05
5.191410e+03	2.620021e-02	7.823059e-03	2.614427e-05	-2.630150e-02	7.245206e-05	1.423149e-04
5.203800e+03	5.438507e-03	2.626222e-02	-3.720443e-05	-5.627929e-03	1.055965e-04	1.889051e-04
5.216190e+03	-2.099774e-02	1.765157e-02	-4.371869e-05	2.090219e-02	6.915186e-06	1.283873e-04
5.228580e+03	-2.512183e-02	-9.970118e-03	-3.426235e-05	2.502183e-02	-5.302227e-05	7.244488e-05
5.240970e+03	-3.446042e-03	-2.689968e-02	2.872844e-05	3.466670e-03	-1.049735e-04	-2.338138e-05
5.253360e+03	2.206497e-02	-1.590687e-02	8.714145e-05	-2.196086e-02	-2.851869e-06	-1.105668e-04
5.265750e+03	2.455690e-02	1.177832e-02	4.190163e-05	-2.441698e-02	9.032289e-05	-1.397038e-04
5.278140e+03	1.185487e-03	2.654680e-02	-3.735968e-05	-1.020246e-03	5.081475e-05	-1.640084e-04
5.290530e+03	-2.295774e-02	1.378553e-02	-6.591490e-05	2.315857e-02	-6.317364e-06	-2.119963e-04
5.302920e+03	-2.294003e-02	-1.351512e-02	-3.653138e-05	2.314417e-02	-3.898636e-05	-1.163945e-04
5.315310e+03	9.700565e-04	-2.589437e-02	2.103634e-05	-8.750091e-04	-1.108043e-04	-8.760546e-05
5.327700e+03	2.388116e-02	-1.174812e-02	1.025349e-04	-2.388301e-02	1.844690e-05	5.264069e-05
5.340090e+03	2.123223e-02	1.500149e-02	3.989938e-05	-2.132392e-02	1.095765e-04	6.943228e-05
5.352480e+03	-2.842577e-03	2.573524e-02	-2.038383e-05	2.728753e-03	5.217482e-05	1.104527e-04
5.364870e+03	-2.354486e-02	9.755689e-03	-7.458695e-05	2.344486e-02	-1.464405e-05	1.023399e-04
5.377260e+03	-1.974888e-02	-1.603721e-02	-1.416048e-07	1.969889e-02	-8.704587e-05	5.917427e-05
5.389650e+03	4.591307e-03	-2.422096e-02	7.994638e-05	-4.594999e-03	-2.861074e-05	1.618627e-06
5.402040e+03	2.341833e-02	-7.602003e-03	9.009405e-05	-2.341653e-02	5.116819e-05	-4.740788e-05
5.414430e+03	1.775095e-02	1.681298e-02	-2.495481e-05	-1.765152e-02	6.953566e-05	-1.069427e-04
5.426820e+03	-6.458658e-03	2.301193e-02	-5.795012e-05	6.567463e-03	5.391871e-05	-1.199428e-04
5.439210e+03	-2.310337e-02	5.054953e-03	-4.398205e-05	2.321801e-02	-4.169815e-05	-1.509182e-04
5.451600e+03	-1.498464e-02	-1.791326e-02	6.161334e-07	1.518226e-02	-7.373088e-05	-1.488416e-04
5.463990e+03	8.455268e-03	-2.163250e-02	7.557599e-05	-8.424392e-03	-6.650647e-05	-3.107627e-05
5.476380e+03	2.199497e-02	-2.584879e-03	4.314704e-05	-2.205839e-02	4.910161e-05	-3.783679e-06
5.488770e+03	1.257727e-02	1.860148e-02	-1.041624e-07	-1.258889e-02	1.111672e-04	5.362969e-05
5.501160e+03	-1.035149e-02	1.936936e-02	-6.939434e-05	1.035228e-02	2.582152e-05	1.044532e-05
5.513550e+03	-2.152033e-02	2.197100e-04	-4.588965e-05	2.152059e-02	-4.469200e-05	5.103172e-05
5.525940e+03	-1.022602e-02	-1.913138e-02	1.623286e-05	1.014563e-02	-7.748748e-05	5.680632e-05
5.538330e+03	1.197581e-02	-1.755146e-02	8.355884e-05	-1.196415e-02	-1.069287e-05	-4.196412e-06
5.550720e+03	2.089993e-02	2.203712e-03	3.941980e-05	-2.079994e-02	3.840131e-05	-2.770318e-05
5.563110e+03	7.676165e-03	1.908883e-02	-7.969630e-07	-7.659699e-03	5.180015e-05	-3.996768e-05
5.575500e+03	-1.331600e-02	1.548510e-02	-6.164926e-05	1.341269e-02	2.495206e-05	-8.658457e-05
5.587890e+03	-1.940930e-02	-4.684987e-03	-1.367025e-05	1.950930e-02	-2.379374e-05	-1.060619e-04
5.600280e+03	-4.960584e-03	-1.921315e-02	2.728894e-05	5.081699e-03	-4.742513e-05	-1.259266e-04
5.612670e+03	1.478407e-02	-1.337835e-02	8.767817e-05	-1.472559e-02	3.886061e-06	-7.591581e-05
5.625060e+03	1.847580e-02	6.796400e-03	4.284612e-05	-1.847837e-02	6.342448e-05	-2.580405e-05
5.637450e+03	2.698210e-03	1.942934e-02	-6.993919e-05	-2.659902e-03	5.218996e-05	-2.576743e-05
5.649840e+03	-1.572824e-02	1.134764e-02	-5.599988e-05	1.572801e-02	1.670811e-05	1.741349e-05
5.662230e+03	-1.741189e-02	-8.632649e-03	-2.469695e-05	1.751159e-02	-4.602997e-05	-1.936231e-05
5.674620e+03	-2.853158e-04	-1.888969e-02	2.952346e-05	2.368635e-04	-4.047955e-05	3.873212e-05
5.687010e+03	1.682512e-02	-9.111355e-03	8.208655e-05	-1.682511e-02	-2.764283e-05	5.177731e-06
5.699400e+03	1.600820e-02	1.036675e-02	2.841635e-05	-1.600876e-02	-2.513873e-05	-2.609598e-05
5.711790e+03	-1.736494e-03	1.832068e-02	-3.865129e-05	1.796511e-03	4.878981e-05	-6.622858e-05
5.724180e+03	-1.722569e-02	7.179260e-03	-3.202167e-05	1.732579e-02	-4.205567e-05	-4.749464e-05
5.736570e+03	-1.431405e-02	-1.164941e-02	3.322677e-06	1.441401e-02	-4.575784e-05	-8.098583e-05
5.748960e+03	3.620481e-03	-1.787282e-02	7.279523e-05	-3.543591e-03	4.914547e-06	-8.403952e-05
5.761350e+03	1.755176e-02	-5.215919e-03	6.797756e-05	-1.745117e-02	1.866968e-05	-8.596285e-05
5.773740e+03	1.271386e-02	1.278607e-02	1.734915e-05	-1.271475e-02	2.054224e-05	-5.357046e-05
5.786130e+03	-5.167593e-03	1.726695e-02	-3.492121e-05	5.195372e-03	7.939485e-06	-3.851689e-05
5.798520e+03	-1.719390e-02	3.444055e-03	-1.643013e-05	1.719390e-02	-5.171613e-05	1.172616e-05
5.810910e+03	-1.103290e-02	-1.351858e-02	4.414705e-05	1.103221e-02	-7.786279e-05	1.582079e-05
5.823300e+03	6.468168e-03	-1.598181e-02	7.939907e-05	-6.478325e-03	2.120911e-05	5.780050e-06
5.835690e+03	1.652356e-02	-1.758696e-03	3.677150e-05	-1.646105e-02	4.946733e-05	-8.939359e-08
5.848080e+03	9.268399e-03	1.392267e-02	-2.652467e-05	-9.260115e-03	9.496165e-05	-3.384400e-06
5.860470e+03	-7.680814e-03	1.458608e-02	-5.470010e-05	7.740974e-03	3.969466e-05	-5.854359e-05
5.872860e+03	-1.592456e-02	4.936960e-05	-6.780679e-05	1.601203e-02	-5.106705e-05	-9.874351e-05
5.885250e+03	-6.616408e-03	-1.403656e-02	7.804643e-05	6.732612e-03	-3.856377e-05	-8.713289e-05
5.897640e+03	8.690067e-03	-1.314748e-02	8.316563e-05	-8.610717e-03	2.496845e-05	-7.500919e-05
5.910030e+03	1.520836e-02	1.442512e-03	6.217975e-05	-1.518776e-02	7.354415e-05	-5.153305e-05
5.922420e+03	5.861531e-03	1.410166e-02	-4.682594e-05	-5.812656e-03	7.068631e-05	-4.597371e-05
5.934810e+03	-9.439681e-03	1.149279e-02	-8.516122e-05	9.461420e-03	-1.263899e-05	-2.510652e-05
5.947200e+03	-1.439888e-02	-2.800110e-03	-5.608207e-05	1.441027e-02	-4.553145e-05	-1.974482e-05
5.959590e+03	-4.181670e-03	-1.364670e-02	1.538082e-05	4.192734e-03	-8.271550e-05	-1.652386e-05
5.971980e+03	1.002505e-02	-9.921534e-03	1.195183e-04	-1.002758e-02	-1.846707e-05	1.300000e-05
5.984370e+03	1.311481e-02	3.955637e-03	4.393069e-05	-1.311483e-02	6.853720e-05	-4.251999e-05
5.996760e+03	2.677308e-03	1.290387e-02	9.332360e-06	-2.673201e-03	8.370168e-05	-6.150097e-06
6.009150e+03	-1.015399e-02	8.328136e-03	-5.293570e-05	1.015628e-02	5.507785e-05	-6.885931e-05
6.021540e+03	-1.175622e-02	-4.854110e-03	-2.366457e-05	1.185636e-02	-3.140658e-05	-7.716190e-05
6.033930e+03	-1.232015e-03	-1.217694e-02	2.102730e-06	1.344655e-03	-4.438394e-05	-1.088257e-04
6.046320e+03	1.026834e-02	-6.810773e-03	5.275235e-05	-1.016114e-02	-4.195626e-05	-9.347372e-05
6.058710e+03	1.047044e-02	5.664173e-03	5.130536e-05	-1.047245e-02	1.954223e-05	6.611245e-06
6.071100e+03	6.033193e-05	1.156288e-02	-1.478019e-05	-3.462083e-05	6.999123e-05	-2.829267e-05
6.083490e+03	-1.005773e-02	5.389414e-03	-3.091781e-05	1.007012e-02	1.644751e-05	-2.519890e-05
6.095880e+03	-9.116897e-03	-6.063798e-03	-3.965799e-05	9.114241e-03	-6.869447e-06	6.853539e-07
6.108270e+03	8.687003e-04	-1.068970e-02	3.125787e-05	-8.273794e-04	-5.073233e-05	-4.183766e-05
6.120660e+03	9.468477e-03	-4.098642e-03	4.840912e-05	-9.420837e-03	-4.933134e-05	-5.928292e-05
6.133050e+03	7.857622e-03	6.385682e-03	1.883803e-05	-7.784127e-03	4.445109e-05	-7.705232e-05
6.145440e+03	-1.689977e-03	9.489663e-03	-1.624360e-06	1.669557e-03	5.798903e-05	2.224027e-05
6.157830e+03	-8.702541e-03	2.932854e-03	-9.492807e-06	8.718429e-03	-7.288587e-06	-1.585542e-05
6.170220e+03	-6.572539e-03	-6.225916e-03	-9.630117e-07	6.616804e-03	5.278032e-06	-4.966125e-05
6.182610e+03	2.278348e-03	-8.302416e-03	1.738665e-05	-2.207482e-03	-3.471475e-08	-6.902264e-05
6.195000e+03	8.001558e-03	-1.935119e-03	6.853179e-05	-7.868818e-03	-1.777750e-05	-1.383659e-04
6.207390e+03	5.370105e-03	5.967013e-03	2.818699e-05	-5.339540e-03	2.854843e-05	-4.366935e-05
6.219780e+03	-2.623827e-03	7.104899e-03	-8.483673e-06	2.681949e-03	2.678446e-05	-6.227057e-05
6.232170e+03	-7.179593e-03	1.060480e-03	-5.467018e-06	7.219593e-03	1.197394e-05	-4.309532e-05
6.244560e+03	-4.201043e-03	-5.565661e-03	-3.604940e-05	4.241440e-03	-4.596506e-05	-3.439892e-05
6.256950e+03	2.799577e-03	-6.070564e-03	2.468558e-05	-2.810038e-03	-1.229389e-05	6.102306e-06
6.269340e+03	6.162974e-03	-3.212592e-04	5.829184e-05	-6.162431e-03	2.113483e-05	-1.954762e-07
6.281730e+03	3.071462e-03	4.950055e-03	3.045580e-05	-3.058563e-03	2.609364e-05	-1.672845e-05
6.294120e+03	-2.681091e-03	4.840525e-03	-9.281871e-06	2.710412e-03	2.428872e-05	-2.964134e-05
6.306510e+03	-5.020000e-03	-1.018505e-04	-1.473673e-05	5.112146e-03	-2.162327e-06	-8.362877e-05
6.318900e+03	-2.098379e-03	-4.303196e-03	-3.985757e-05	2.187971e-03	-2.782519e-05	-9.258652e-05
6.331290e+03	2.588949e-03	-3.694058e-03	-4.911175e-06	-2.511723e-03	-3.119524e-05	-8.264524e-05
6.343680e+03	4.149922e-03	5.337605e-04	2.192597e-05	-4.083048e-03	-1.673474e-05	-6.479393e-05
6.356070e+03	1.457638e-03	3.620300e-03	2.310685e-05	-1.412656e-03	1.116933e-05	-4.393835e-05
6.368460e+03	-2.285356e-03	2.751950e-03	2.482265e-06	2.322640e-03	4.441034e-06	-4.076517e-05
6.380850e+03	-3.252156e-03	-6.586679e-04	-5.019895e-06	3.313569e-03	8.648745e-06	-6.197155e-05
6.393240e+03	-8.141380e-04	-2.913502e-03	2.834880e-07	8.488016e-04	-5.232181e-05	-3.334273e-05
6.405630e+03	1.926133e-03	-1.849072e-03	2.280673e-05	-1.867709e-03	-1.360500e-05	-5.905269e-05
6.418020e+03	2.376283e-03	6.795688e-04	2.099144e-05	-2.374783e-03	6.463652e-06	-3.980545e-07
6.430410e+03	4.307241e-04	2.111778e-03	2.167276e-05	-3.961628e-04	-1.405273e-05	-3.433616e-05
6.442800e+03	-1.464670e-03	1.172964e-03	-2.916798e-05	1.525027e-03	-5.667189e-05	-5.965214e-05
6.455190e+03	-1.485879e-03	-5.985215e-04	3.875245e-05	1.524221e-03	2.506902e-05	-3.560311e-05
6.467580e+03	-1.448051e-04	-1.314374e-03	1.585299e-05	1.913811e-04	-9.326036e-06	-4.769518e-05
6.479970e+03	9.727877e-04	-6.818514e-04	4.961343e-06	-9.246438e-04	-3.378817e-05	-4.805680e-05
6.492360e+03	8.715537e-04	3.522123e-04	4.232435e-05	-8.278098e-04	9.899791e-06	-4.589870e-05
6.504750e+03	1.129500e-05	6.452325e-04	3.256457e-05	3.356053e-05	5.941520e-06	-5.014302e-05
6.517140e+03	-2.957100e-04	2.414644e-04	2.613243e-05	3.463327e-04	1.533847e-05	-5.279473e-05
6.529530e+03	-1.403307e-04	-1.145482e-04	-4.927807e-06	1.722759e-04	1.690054e-05	-3.407886e-05
6.541920e+03	2.263223e-05	1.363663e-05	-2.919097e-05	1.567594e-06	-1.390385e-05	-2.736047e-05
6.554310e+03	-1.769053e-04	8.371025e-05	7.168384e-06	2.440053e-04	5.470095e-06	-5.254503e-05
6.566700e+03	-1.908882e-04	-1.793372e-04	3.360681e-05	2.759880e-04	1.567983e-05	-8.615145e-05
6.579090e+03	9.143980e-05	-5.200668e-04	1.825590e-05	-6.712023e-05	-1.108905e-05	-2.490021e-05
6.591480e+03	7.451553e-04	-8.454265e-05	1.740972e-05	-7.203984e-04	3.376137e-05	-3.308396e-05
6.603870e+03	5.488456e-04	6.727605e-04	2.738731e-05	-5.110213e-04	3.764826e-05	-3.909023e-05
6.616260e+03	-3.949255e-04	8.821733e-04	-2.813800e-05	4.156874e-04	3.177226e-06	-2.534456e-05
6.628650e+03	-1.080187e-03	1.466610e-04	5.482672e-05	1.136331e-03	1.124610e-05	-5.611520e-05
6.641040e+03	-6.657382e-04	-1.061320e-03	2.125365e-05	7.022595e-04	-3.113706e-05	-3.739770e-05
6.653430e+03	7.673032e-04	-1.153875e-03	2.599946e-05	-7.170218e-04	1.997227e-06	-5.263225e-05
6.665820e+03	1.471163e-03	-2.373413e-06	1.928429e-05	-1.444899e-03	1.496126e-05	-3.732055e-05
6.678210e+03	7.899725e-04	1.336946e-03	1.076358e-06	-7.651475e-04	4.385697e-05	-2.377698e-05
6.690600e+03	-9.399376e-04	1.381559e-03	-1.678227e-05	9.757831e-04	-2.471539e-05	-3.521826e-05
6.702990e+03	-1.700851e-03	-2.084771e-04	7.478670e-07	1.710851e-03	-4.348130e-05	-7.655054e-06
6.715380e+03	-6.558678e-04	-1.745922e-03	4.756512e-05	6.846525e-04	7.256530e-06	-3.030282e-05
6.727770e+03	1.275662e-03	-1.450471e-03	2.448200e-05	-1.272356e-03	2.107792e-06	-7.193485e-06
6.740160e+03	2.012659e-03	5.339035e-04	3.049560e-05	-1.976614e-03	3.053372e-05	-3.553370e-05
6.752550e+03	5.239957e-04	2.034380e-03	1.916914e-05	-5.101798e-04	3.583570e-05	-1.332386e-05
6.764940e+03	-1.672471e-03	1.490810e-03	-5.422102e-06	1.683948e-03	-3.089012e-06	-1.832658e-05
6.777330e+03	-2.068512e-03	-7.796108e-04	9.672323e-06	2.071821e-03	-1.798709e-05	-8.623569e-06
6.789720e+03	-2.925008e-04	-2.236992e-03	2.072830e-05	3.226195e-04	-2.478993e-05	-2.817185e-05
6.802110e+03	1.870262e-03	-1.351495e-03	4.003030e-05	-1.872431e-03	-1.236354e-05	1.211303e-05
6.814500e+03	2.146426e-03	1.071919e-03	2.307455e-05	-2.125958e-03	1.275849e-05	-1.812178e-05
6.826890e+03	7.190247e-06	2.320663e-03	1.256719e-05	5.777907e-06	-5.530255e-06	-1.297253e-05
6.839280e+03	-2.036694e-03	1.121145e-03	6.296933e-06	2.037535e-03	1.529585e-05	-1.040265e-06
6.851670e+03	-1.995927e-03	-1.346402e-03	-7.955832e-06	2.039183e-03	-1.166404e-05	-3.178493e-05
6.864060e+03	2.843593e-04	-2.278686e-03	-1.950993e-05	-2.109674e-04	-2.746233e-05	-7.346092e-05
6.876450e+03	2.213014e-03	-8.231738e-04	-1.091836e-05	-2.178423e-03	-2.278498e-05	-3.540655e-05
6.888840e+03	1.760172e-03	1.550166e-03	4.163310e-05	-1.734110e-03	2.285077e-05	-2.260778e-05
6.901230e+03	-6.296337e-04	2.213359e-03	9.468108e-07	6.362607e-04	2.045482e-05	-8.622759e-06
6.913620e+03	-2.237063e-03	4.703310e-04	-6.938403e-06	2.248851e-03	4.815811e-06	-1.409239e-05
6.926010e+03	-1.471937e-03	-1.804294e-03	-1.001600e-05	1.493714e-03	2.232131e-06	-1.317679e-05
6.938400e+03	9.332645e-04	-2.093532e-03	2.736319e-05	-9.054113e-04	3.071398e-05	-2.878434e-05
6.950790e+03	2.311914e-03	-1.215877e-04	1.855024e-05	-2.302531e-03	-1.635746e-05	-2.359489e-06
6.963180e+03	1.219989e-03	1.982792e-03	1.738352e-05	-1.207201e-03	3.628136e-05	-1.399173e-05
6.975570e+03	-1.259333e-03	1.911105e-03	1.653327e-05	1.263119e-03	5.960066e-06	-1.983303e-07
6.987960e+03	-2.231553e-03	-2.426434e-04	1.579237e-05	2.213819e-03	1.358009e-05	1.314223e-05
7.000350e+03	-7.979582e-04	-2.078864e-03	1.275068e-05	8.242765e-04	-6.652431e-06	-3.008619e-05
7.012740e+03	1.441561e-03	-1.636930e-03	-1.110836e-05	-1.409830e-03	-3.926192e-06	-3.690366e-05
7.025130e+03	2.135295e-03	5.423282e-04	-3.829086e-06	-2.159186e-03	-1.609914e-05	2.089103e-05
7.037520e+03	4.738315e-04	2.142297e-03	2.252342e-05	-4.616485e-04	9.119899e-06	-1.434396e-05
7.049910e+03	-1.736139e-03	1.390906e-03	2.797935e-05	1.761750e-03	4.140613e-06	-2.405722e-05
7.062300e+03	-1.972944e-03	-8.442687e-04	4.745221e-05	2.003691e-03	1.340150e-05	-2.517947e-05
7.074690e+03	-5.581748e-05	-2.088663e-03	1.625291e-05	9.833467e-05	8.090708e-06	-4.151817e-05
7.087080e+03	1.855052e-03	-1.054299e-03	1.116829e-05	-1.853685e-03	5.169003e-07	-8.537049e-06
7.099470e+03	1.766764e-03	1.222155e-03	-3.869132e-06	-1.736864e-03	5.678828e-05	-2.824649e-05
7.111860e+03	-2.584174e-04	2.036686e-03	-5.103834e-06	2.571593e-04	-2.152770e-05	1.087752e-06
7.124250e+03	-2.015125e-03	7.126934e-04	5.570186e-06	2.027334e-03	-3.688665e-06	-9.421564e-06
7.136640e+03	-1.536319e-03	-1.357354e-03	3.914167e-06	1.556642e-03	-6.484897e-06	-2.162711e-05
7.149030e+03	5.339369e-04	-2.020029e-03	1.960280e-05	-5.229111e-04	1.410688e-05	-1.065859e-05
7.161420e+03	1.983735e-03	-3.784303e-04	-2.511952e-06	-1.933479e-03	6.531748e-06	-5.220505e-05
7.173810e+03	1.240077e-03	1.550635e-03	-1.933355e-05	-1.180269e-03	1.257934e-05	-5.488033e-05
7.186200e+03	-8.998873e-04	1.774853e-03	-1.594000e-06	9.533206e-04	1.918776e-05	-4.900428e-05
7.198590e+03	-1.958744e-03	6.830645e-06	6.484317e-06	1.951615e-03	6.965160e-06	1.129168e-06
7.210980e+03	-9.428984e-04	-1.786120e-03	-5.387665e-06	9.643381e-04	3.392815e-06	-1.327358e-05
7.223370e+03	1.145882e-03	-1.703432e-03	2.855698e-05	-1.150642e-03	8.764983e-06	8.560724e-06
7.235760e+03	1.875952e-03	2.273920e-04	5.359521e-05	-1.889206e-03	2.559751e-05	1.168053e-05
7.248150e+03	5.597414e-04	1.800000e-03	-1.152989e-05	-5.679183e-04	9.607321e-06	5.688573e-06
7.260540e+03	-1.274436e-03	1.417653e-03	1.882196e-05	1.343491e-03	2.714144e-06	-6.513527e-05
7.272930e+03	-1.809717e-03	-5.621533e-04	-5.020479e-06	1.852787e-03	7.294208e-06	-4.515947e-05
7.285320e+03	-3.503637e-04	-1.889253e-03	3.755468e-06	3.633668e-04	-1.572976e-05	-1.309972e-05
7.297710e+03	1.484162e-03	-1.195027e-03	3.873079e-05	-1.473470e-03	1.818181e-05	-1.124965e-05
7.310100e+03	1.734292e-03	7.419909e-04	1.152047e-05	-1.734070e-03	-1.471355e-05	-3.788258e-06
7.322490e+03	1.133182e-04	1.844393e-03	1.196634e-05	-9.478299e-05	1.317013e-05	-1.912293e-05
7.334880e+03	-1.563500e-03	9.046971e-04	9.431082e-06	1.562258e-03	2.127768e-05	-2.699847e-06
7.347270e+03	-1.563508e-03	-1.035052e-03	9.725209e-06	1.586326e-03	5.373925e-06	-2.269269e-05
7.359660e+03	1.904597e-04	-1.819586e-03	5.634887e-07	-1.434463e-04	1.125183e-05	-4.627530e-05
7.372050e+03	1.753125e-03	-6.574303e-04	2.124644e-05	-1.712874e-03	3.428233e-05	-3.693778e-05
7.384440e+03	1.407438e-03	1.215884e-03	1.106665e-05	-1.374522e-03	1.579898e-05	-2.856452e-05
7.396830e+03	-3.248336e-04	1.769993e-03	-1.082627e-05	3.485176e-04	6.477545e-06	-2.388102e-05
7.409220e+03	-1.708372e-03	4.638835e-04	3.364035e-05	1.732859e-03	8.525544e-06	-1.956083e-05
7.421610e+03	-1.186100e-03	-1.305433e-03	2.593664e-05	1.202184e-03	1.091840e-05	-1.264103e-05
7.434000e+03	6.166157e-04	-1.629015e-03	1.242070e-05	-5.791740e-04	-2.212830e-06	-3.689080e-05
7.446390e+03	1.686265e-03	-2.197135e-04	-1.153403e-06	-1.626115e-03	2.264462e-05	-6.126815e-05
7.458780e+03	1.042386e-03	1.327330e-03	-4.934470e-06	-1.007427e-03	2.045511e-05	-3.871130e-05
7.471170e+03	-6.850412e-04	1.548546e-03	7.631378e-07	7.658055e-04	-1.384427e-05	-8.181371e-05
7.483560e+03	-1.551236e-03	5.685132e-05	1.943283e-05	1.583440e-03	-1.136967e-05	-2.620254e-05
7.495950e+03	-7.759404e-04	-1.389652e-03	5.537047e-06	7.783905e-04	-2.258435e-05	-2.189746e-06
7.508340e+03	9.154586e-04	-1.275287e-03	4.319905e-05	-8.699071e-04	1.755595e-05	-4.498078e-05
7.520730e+03	1.477376e-03	1.713479e-04	3.379092e-05	-1.457817e-03	4.453651e-05	-1.578702e-05
7.533120e+03	5.496305e-04	1.376335e-03	-1.976453e-05	-5.334210e-04	-1.439825e-07	-1.808207e-05
7.545510e+03	-9.421199e-04	1.119252e-03	1.068688e-05	9.780000e-04	1.342881e-05	-3.720898e-05
7.557900e+03	-1.330551e-03	-3.187531e-04	5.471126e-06	1.381756e-03	-1.458756e-06	-4.370681e-05
7.570290e+03	-3.577405e-04	-1.336059e-03	3.914522e-05	3.885407e-04	1.099362e-05	-3.077090e-05
7.582680e+03	1.010483e-03	-9.495923e-04	8.223701e-06	-9.873466e-04	-1.444382e-05	-2.231499e-05
7.595070e+03	1.293294e-03	4.618810e-04	-9.688413e-06	-1.282003e-03	-2.669667e-06	-1.450911e-05
7.607460e+03	1.208809e-04	1.339443e-03	9.858651e-06	-1.129897e-04	4.168218e-06	-8.045063e-06
7.619850e+03	-1.072893e-03	7.887149e-04	4.331480e-06	1.093931e-03	4.873961e-07	-2.431454e-05
7.632240e+03	-1.149577e-03	-5.189000e-04	2.861484e-05	1.215502e-03	1.405473e-05	-6.075686e-05
7.644630e+03	-1.172698e-04	-1.259999e-03	-3.309148e-06	1.433027e-04	1.059994e-05	-2.613164e-05
7.657020e+03	1.035718e-03	-6.856335e-04	3.983840e-05	-9.933652e-04	4.093596e-05	-4.412702e-05
7.669410e+03	1.086664e-03	5.644020e-04	1.556245e-05	-1.061777e-03	9.603076e-06	-2.282251e-05
7.681800e+03	8.157042e-05	1.228848e-03	-1.823332e-05	-5.179030e-05	-6.335942e-06	-2.946641e-05
7.694190e+03	-9.989462e-04	5.759021e-04	1.786540e-05	1.030002e-03	-1.238716e-05	-2.723872e-05
7.706580e+03	-9.507920e-04	-5.694120e-04	3.815344e-05	9.996498e-04	-1.233434e-05	-5.127585e-05
7.718970e+03	4.228675e-05	-1.087614e-03	5.300694e-05	-1.162664e-05	7.130090e-07	-3.050205e-05
7.731360e+03	9.300572e-04	-4.366348e-04	4.365351e-05	-8.773364e-04	1.719065e-05	-6.066887e-05
7.743750e+03	8.139311e-04	5.979819e-04	1.066747e-05	-7.725128e-04	2.366865e-05	-4.074135e-05
7.756140e+03	-9.995421e-05	9.536246e-04	-9.630296e-06	1.051473e-04	-8.294683e-07	-6.293116e-06
7.768530e+03	-8.942933e-04	3.794952e-04	-7.818533e-07	8.939257e-04	7.053741e-06	-5.906782e-07
7.780920e+03	-7.147652e-04	-4.636584e-04	4.528056e-05	7.283886e-04	-3.724031e-06	-1.351714e-05
7.793310e+03	1.074728e-04	-8.625441e-04	2.260125e-05	-1.072592e-04	3.524186e-06	1.750750e-06
7.805700e+03	7.265949e-04	-3.455139e-04	1.335483e-05	-6.994282e-04	3.450316e-06	-3.264453e-05
7.818090e+03	6.094917e-04	4.566643e-04	2.269687e-05	-5.595521e-04	2.009771e-05	-4.923785e-05
7.830480e+03	-1.101303e-04	6.843467e-04	1.865278e-05	1.637267e-04	2.308133e-05	-5.085600e-05
7.842870e+03	-6.381565e-04	2.041828e-04	8.353024e-06	6.908040e-04	9.453024e-06	-4.604031e-05
7.855260e+03	-5.521596e-04	-4.449769e-04	2.244428e-05	5.895042e-04	-2.174127e-07	-3.578241e-05
7.867650e+03	1.042536e-04	-6.950109e-04	3.336741e-05	-7.897594e-05	1.000356e-06	-2.697749e-05
7.880040e+03	6.124754e-04	-2.492820e-04	3.720362e-05	-5.809973e-04	4.903056e-06	-3.241511e-05
7.892430e+03	4.818786e-04	3.074364e-04	3.183374e-05	-4.700770e-04	1.665096e-05	-1.243447e-05
7.904820e+03	-3.334553e-06	5.859101e-04	3.197471e-05	6.065284e-05	3.026585e-05	-5.265240e-05
7.917210e+03	-4.494660e-04	2.256177e-04	-1.752643e-05	4.779572e-04	7.673603e-06	-2.850661e-05
7.929600e+03	-4.093010e-04	-3.220498e-04	-1.460078e-05	4.446845e-04	-2.387478e-05	-3.640158e-05
7.941990e+03	5.433175e-06	-5.246367e-04	2.852191e-05	3.385379e-05	-6.735554e-06	-3.875754e-05
7.954380e+03	4.480118e-04	-2.939159e-04	1.029024e-05	-4.029233e-04	-1.231652e-05	-4.514893e-05
7.966770e+03	4.301654e-04	1.823973e-04	3.007262e-05	-4.174733e-04	2.761187e-05	-1.357474e-05
7.979160e+03	1.085370e-04	4.609916e-04	1.992643e-05	-8.499613e-05	1.707195e-05	-2.208344e-05
7.991550e+03	-3.689842e-04	2.838847e-04	-2.839941e-05	3.797511e-04	4.068158e-06	-1.110270e-05
8.003940e+03	-4.231941e-04	-1.544206e-04	1.058917e-06	4.605906e-04	-6.025161e-06	-3.788516e-05
8.016330e+03	-9.300377e-05	-4.709673e-04	4.477182e-07	1.169980e-04	-2.327202e-05	-2.389637e-05
8.028720e+03	3.657966e-04	-3.297143e-04	8.272763e-06	-2.863224e-04	-7.810344e-06	-7.849456e-05
