1.313340e+03	1.688960e-02	-8.091959e-02	-4.825966e-05	-1.714815e-02	-2.495664e-05	1.784100e-04
1.325730e+03	3.679708e-02	-7.396051e-02	-2.806997e-06	-3.674600e-02	-2.918979e-05	-1.352924e-05
1.338120e+03	5.408272e-02	-6.227997e-02	7.563852e-07	-5.402654e-02	-2.443188e-05	-9.405334e-05
1.350510e+03	6.812014e-02	-4.670086e-02	1.901366e-05	-6.819839e-02	8.044831e-06	1.223139e-05
1.362900e+03	7.784363e-02	-2.807883e-02	1.411092e-05	-7.804655e-02	-1.333598e-06	1.945672e-04
1.375290e+03	8.219095e-02	-7.412940e-03	1.900556e-05	-8.249152e-02	4.758611e-05	2.398509e-04
1.387680e+03	8.165380e-02	1.394119e-02	7.959442e-06	-8.191321e-02	4.337036e-05	2.445206e-04
1.400070e+03	7.518866e-02	3.435212e-02	-5.790110e-06	-7.546718e-02	3.974089e-05	2.378273e-04
1.412460e+03	6.386613e-02	5.190028e-02	-5.525028e-06	-6.396815e-02	2.912212e-05	8.233580e-05
1.424850e+03	4.868847e-02	6.623212e-02	-5.994172e-06	-4.880364e-02	9.636814e-06	8.534992e-05
1.437240e+03	3.050812e-02	7.653633e-02	-2.458145e-05	-3.075415e-02	3.757209e-06	2.147539e-04
1.449630e+03	1.000933e-02	8.213054e-02	-2.382796e-05	-1.040376e-02	2.687202e-06	4.016355e-04
1.462020e+03	-1.120667e-02	8.186304e-02	-3.529646e-05	1.080096e-02	1.370045e-05	3.946968e-04
1.474410e+03	-3.142934e-02	7.637377e-02	-2.293351e-05	3.125704e-02	-2.381713e-05	2.128496e-04
1.486800e+03	-4.964319e-02	6.586371e-02	-1.990843e-05	4.951227e-02	-2.035096e-06	1.132871e-04
1.499190e+03	-6.502422e-02	5.128765e-02	-1.169679e-06	6.475627e-02	6.070973e-06	1.906048e-04
1.511580e+03	-7.640338e-02	3.326346e-02	-8.557365e-06	7.600625e-02	-8.371136e-06	3.593461e-04
1.523970e+03	-8.252733e-02	1.250252e-02	-2.210654e-05	8.212733e-02	3.927042e-07	3.882289e-04
1.536360e+03	-8.325548e-02	-9.390653e-03	1.285941e-05	8.285214e-02	-1.043063e-05	4.141064e-04
1.548750e+03	-7.782298e-02	-3.060394e-02	-1.713320e-05	7.754994e-02	-2.025406e-05	2.741234e-04
1.561140e+03	-6.722577e-02	-4.965707e-02	2.356150e-05	6.702406e-02	-1.935055e-05	1.399176e-04
1.573530e+03	-5.216792e-02	-6.529135e-02	-2.459849e-06	5.207649e-02	-2.026769e-05	1.142197e-04
1.585920e+03	-3.370377e-02	-7.691823e-02	-9.189998e-06	3.353063e-02	-3.082569e-05	2.249837e-04
1.598310e+03	-1.266112e-02	-8.351490e-02	-2.321919e-06	1.233013e-02	-3.097896e-05	3.208455e-04
1.610700e+03	9.757954e-03	-8.385527e-02	3.415744e-05	-1.006859e-02	-3.367196e-06	2.824996e-04
1.623090e+03	3.163306e-02	-7.851162e-02	6.294252e-06	-3.171370e-02	-1.467448e-05	1.106089e-04
1.635480e+03	5.131427e-02	-6.738434e-02	1.889778e-05	-5.126344e-02	-4.059225e-06	-3.126170e-05
1.647870e+03	6.759000e-02	-5.175064e-02	2.800446e-05	-6.754768e-02	-1.186283e-05	-3.662723e-05
1.660260e+03	7.947287e-02	-3.213096e-02	3.039368e-05	-7.956846e-02	5.411731e-05	5.686272e-05
1.672650e+03	8.548155e-02	-9.537564e-03	2.274948e-05	-8.558155e-02	-9.320879e-07	1.468785e-04
1.685040e+03	8.539528e-02	1.416538e-02	3.125233e-05	-8.549884e-02	-2.360106e-05	1.127496e-04
1.697430e+03	7.834936e-02	3.690344e-02	1.590513e-05	-7.833894e-02	5.214395e-05	-4.336159e-05
1.709820e+03	6.543340e-02	5.677024e-02	-1.327009e-05	-6.514696e-02	5.214354e-05	-2.441373e-04
1.722210e+03	4.770938e-02	7.248437e-02	-1.103684e-05	-4.752291e-02	2.393555e-05	-2.350781e-04
1.734600e+03	2.618998e-02	8.325228e-02	-2.263558e-05	-2.609686e-02	2.391541e-05	-1.209309e-04
1.746990e+03	2.219411e-03	8.736138e-02	-4.069245e-05	-2.141401e-03	2.923203e-05	-7.100828e-05
1.759380e+03	-2.217250e-02	8.495507e-02	-4.067711e-05	2.226493e-02	1.117496e-05	-9.997736e-05
1.771770e+03	-4.496396e-02	7.570732e-02	-6.372721e-05	4.517746e-02	7.217643e-06	-2.097425e-04
1.784160e+03	-6.436272e-02	6.031350e-02	-4.470818e-05	6.467439e-02	2.036296e-06	-3.193197e-04
1.796550e+03	-7.903996e-02	4.000393e-02	-3.233451e-05	7.926897e-02	-3.473688e-05	-3.046065e-04
1.808940e+03	-8.761521e-02	1.624331e-02	-9.436584e-07	8.781488e-02	-3.736023e-05	-2.450689e-04
1.821330e+03	-8.880988e-02	-9.353193e-03	7.849225e-05	8.900988e-02	-3.618535e-05	-2.266048e-04
1.833720e+03	-8.281615e-02	-3.447012e-02	-3.078486e-05	8.301322e-02	-3.142394e-05	-1.486097e-04
1.846110e+03	-6.921885e-02	-5.670352e-02	2.063139e-05	6.947022e-02	-3.907102e-05	-2.861158e-04
1.858500e+03	-4.997443e-02	-7.392284e-02	-2.444377e-05	5.046231e-02	-4.636037e-05	-4.356337e-04
1.870890e+03	-2.705604e-02	-8.528026e-02	7.331653e-05	2.743628e-02	-9.239545e-06	-3.169010e-04
1.883280e+03	-1.869434e-03	-8.916228e-02	7.550323e-06	2.087483e-03	-3.281880e-05	-2.575422e-04
1.895670e+03	2.414260e-02	-8.674741e-02	2.605000e-05	-2.402048e-02	-1.548986e-05	-1.700984e-04
1.908060e+03	4.813007e-02	-7.609001e-02	5.782572e-05	-4.793189e-02	-1.861989e-07	-1.908862e-04
1.920450e+03	6.807085e-02	-5.909311e-02	5.418216e-05	-6.794992e-02	2.284065e-05	-1.690527e-04
1.932840e+03	8.227680e-02	-3.695997e-02	4.265378e-05	-8.195769e-02	2.641676e-05	-2.928961e-04
1.945230e+03	8.957320e-02	-1.161866e-02	3.866383e-05	-8.935507e-02	6.175383e-05	-2.276425e-04
1.957620e+03	8.912911e-02	1.474556e-02	2.195084e-05	-8.901879e-02	7.320633e-05	-1.012635e-04
1.970010e+03	8.109412e-02	4.011442e-02	-7.672429e-06	-8.099412e-02	4.339593e-05	-5.424568e-05
1.982400e+03	6.580936e-02	6.171978e-02	-1.528987e-05	-6.570936e-02	5.621711e-05	-8.017108e-05
1.994790e+03	4.486040e-02	7.798427e-02	-1.755042e-05	-4.476715e-02	7.058171e-06	-1.183334e-04
2.007180e+03	2.062475e-02	8.742321e-02	-6.710459e-05	-2.042610e-02	3.813017e-05	-1.359770e-04
2.019570e+03	-5.485263e-03	8.953204e-02	-9.302840e-05	5.598647e-03	5.259777e-05	-1.097616e-04
2.031960e+03	-3.115746e-02	8.426618e-02	-6.371255e-05	3.121573e-02	-8.944935e-06	-1.544826e-05
2.044350e+03	-5.445393e-02	7.173965e-02	-6.228451e-05	5.437290e-02	-1.670432e-05	1.401847e-04
2.056740e+03	-7.294783e-02	5.275496e-02	1.141973e-05	7.284917e-02	-3.608444e-05	1.490026e-04
2.069130e+03	-8.520112e-02	2.940127e-02	-2.144521e-05	8.502382e-02	-3.491993e-05	1.704005e-04
2.081520e+03	-8.940604e-02	3.198772e-03	-1.339991e-05	8.930636e-02	-4.199815e-05	6.506079e-05
2.093910e+03	-8.675265e-02	-2.314631e-02	7.898666e-06	8.664972e-02	-4.266691e-05	3.108572e-05
2.106300e+03	-7.638499e-02	-4.723213e-02	-2.360349e-06	7.638477e-02	-6.111534e-05	7.116898e-05
2.118690e+03	-5.947665e-02	-6.752853e-02	4.057161e-05	5.926071e-02	-3.227690e-05	2.026102e-04
2.131080e+03	-3.717008e-02	-8.197253e-02	5.338385e-05	3.690872e-02	-1.374700e-05	2.135421e-04
2.143470e+03	-1.158905e-02	-8.925962e-02	2.914432e-05	1.137554e-02	-3.183123e-05	1.914875e-04
2.155860e+03	1.473408e-02	-8.857165e-02	-2.513638e-07	-1.483576e-02	-3.701240e-05	1.771546e-04
2.168250e+03	3.981497e-02	-8.052631e-02	5.660185e-05	-4.002172e-02	3.149504e-05	1.874729e-04
2.180640e+03	6.178707e-02	-6.542021e-02	3.337004e-05	-6.197780e-02	-6.220656e-06	2.156732e-04
2.193030e+03	7.845014e-02	-4.459323e-02	2.684175e-05	-7.874305e-02	-2.491748e-05	3.356373e-04
2.205420e+03	8.824185e-02	-1.933105e-02	3.732661e-05	-8.854185e-02	5.898757e-05	2.916386e-04
2.217810e+03	9.007678e-02	7.828996e-03	3.979967e-05	-9.035430e-02	3.078260e-05	2.894745e-04
2.230200e+03	8.372537e-02	3.429571e-02	9.783368e-06	-8.385437e-02	6.575851e-05	9.643255e-05
2.242590e+03	7.001494e-02	5.756294e-02	2.583393e-06	-7.011216e-02	5.351709e-05	9.338891e-05
2.254980e+03	4.999765e-02	7.581084e-02	-4.538038e-05	-5.019097e-02	7.836389e-05	1.308735e-04
2.267370e+03	2.519046e-02	8.770604e-02	-6.591742e-06	-2.532499e-02	-6.752340e-06	1.872928e-04
2.279760e+03	-2.244987e-03	9.093238e-02	-7.290487e-05	2.033628e-03	4.307599e-05	2.133209e-04
2.292150e+03	-2.968667e-02	8.668257e-02	-5.070983e-05	2.948500e-02	-1.463511e-06	1.928119e-04
2.304540e+03	-5.436271e-02	7.388928e-02	-1.418628e-04	5.429157e-02	5.132285e-05	5.918052e-05
2.316930e+03	-7.440784e-02	5.418964e-02	1.666732e-06	7.436767e-02	-4.997314e-05	5.888126e-05
2.329320e+03	-8.811023e-02	2.918606e-02	-1.100818e-04	8.792194e-02	-2.570177e-05	1.358636e-04
2.341710e+03	-9.309769e-02	8.964909e-04	-4.125939e-06	9.289782e-02	-5.434893e-05	2.009350e-04
2.354100e+03	-8.927337e-02	-2.792746e-02	-5.692712e-05	8.918949e-02	-7.491154e-05	1.293721e-04
2.366490e+03	-7.615039e-02	-5.435027e-02	-2.436983e-06	7.609677e-02	-9.211448e-05	3.165337e-05
2.378880e+03	-5.546176e-02	-7.523225e-02	3.892429e-05	5.554812e-02	-8.580884e-05	-1.083931e-04
2.391270e+03	-2.957012e-02	-8.886374e-02	7.637414e-05	2.967136e-02	-6.034092e-05	-9.932363e-05
2.403660e+03	-3.928235e-04	-9.344805e-02	6.312925e-05	4.770554e-04	-8.510909e-05	-1.040209e-04
2.416050e+03	2.927141e-02	-9.000137e-02	1.083860e-04	-2.926885e-02	-3.057265e-05	-5.123627e-06
2.428440e+03	5.650469e-02	-7.635535e-02	1.051654e-04	-5.659729e-02	1.418809e-05	5.991103e-05
2.440830e+03	7.803048e-02	-5.486654e-02	1.000092e-04	-7.813048e-02	-2.142574e-05	8.685958e-05
2.453220e+03	9.197306e-02	-2.698857e-02	1.078402e-04	-9.209099e-02	1.216775e-04	3.039217e-05
2.465610e+03	9.535624e-02	4.083484e-03	7.176588e-05	-9.536775e-02	1.116710e-04	7.011489e-06
2.478000e+03	8.969129e-02	3.479590e-02	9.857499e-06	-8.959474e-02	2.400883e-04	-1.223077e-04
2.490390e+03	7.395751e-02	6.233835e-02	-1.290807e-05	-7.396849e-02	1.163442e-04	-5.711926e-07
2.502780e+03	4.961544e-02	8.322440e-02	-8.516017e-05	-4.956954e-02	1.433112e-04	-8.040104e-05
2.515170e+03	1.972166e-02	9.550500e-02	-1.130000e-04	-1.961901e-02	5.187713e-05	-9.228984e-05
2.527560e+03	-1.268184e-02	9.669755e-02	-2.579227e-04	1.278184e-02	1.118952e-04	-3.115395e-05
2.539950e+03	-4.371044e-02	8.744347e-02	-1.161471e-04	4.381392e-02	-7.484844e-05	-1.091603e-04
2.552340e+03	-7.051113e-02	6.827067e-02	-1.066579e-04	7.056083e-02	-1.149590e-04	-6.632501e-05
2.564730e+03	-8.992688e-02	4.098072e-02	-8.972616e-05	8.982485e-02	-1.271153e-04	5.829605e-05
2.577120e+03	-9.849650e-02	8.282423e-03	1.652203e-05	9.849572e-02	-1.385686e-04	7.036868e-05
2.589510e+03	-9.643600e-02	-2.582618e-02	-4.126411e-05	9.632944e-02	-1.152776e-04	8.451366e-05
2.601900e+03	-8.148401e-02	-5.714149e-02	3.782397e-05	8.155140e-02	-1.043205e-04	-2.562621e-05
2.614290e+03	-5.740023e-02	-8.156436e-02	1.243906e-04	5.750447e-02	-4.077489e-05	-3.382536e-05
2.626680e+03	-2.632229e-02	-9.641832e-02	1.044845e-04	2.631238e-02	-7.732236e-05	-2.618070e-05
2.639070e+03	8.382024e-03	-9.949801e-02	7.283941e-05	-8.347347e-03	-6.471942e-05	1.623918e-06
2.651460e+03	4.279205e-02	-9.142198e-02	1.356303e-04	-4.276422e-02	-3.314376e-05	-1.204631e-06
2.663850e+03	7.229348e-02	-7.101268e-02	1.569419e-04	-7.229352e-02	5.890465e-05	5.421864e-05
2.676240e+03	9.274590e-02	-4.138726e-02	1.516113e-04	-9.274590e-02	9.370375e-05	-4.430557e-05
2.688630e+03	1.013776e-01	-5.922457e-03	9.133251e-05	-1.013776e-01	7.978962e-05	5.481960e-05
2.701020e+03	9.775120e-02	3.066627e-02	4.903879e-05	-9.782400e-02	1.467310e-04	1.195780e-04
2.713410e+03	8.100330e-02	6.380685e-02	-7.023991e-05	-8.120892e-02	2.438012e-04	2.024117e-04
2.725800e+03	5.288536e-02	8.876289e-02	-1.041701e-04	-5.317154e-02	1.562172e-04	2.100310e-04
2.738190e+03	1.726720e-02	1.025089e-01	-1.990603e-04	-1.740861e-02	1.246244e-04	1.297020e-04
2.750580e+03	-2.096735e-02	1.016971e-01	-1.974319e-04	2.086720e-02	3.579443e-05	1.022487e-04
2.762970e+03	-5.702621e-02	8.778615e-02	-2.756735e-04	5.692621e-02	-1.871258e-06	1.290696e-04
2.775360e+03	-8.584392e-02	6.107857e-02	-1.534591e-04	8.573579e-02	-1.288763e-04	1.408221e-04
2.787750e+03	-1.032085e-01	2.500530e-02	-4.697399e-05	1.034558e-01	-1.841303e-04	1.766069e-04
2.800140e+03	-1.059942e-01	-1.557767e-02	-5.212640e-05	1.050000e-01	-2.307944e-04	3.158007e-04
2.812530e+03	-9.278138e-02	-5.450253e-02	1.094534e-04	9.255776e-02	-2.090724e-04	2.908539e-04
2.824920e+03	-6.520992e-02	-8.632351e-02	1.420414e-04	6.490992e-02	-1.713128e-04	3.070956e-04
2.837310e+03	-2.712045e-02	-1.055473e-01	1.289027e-04	2.682713e-02	-1.453565e-04	3.103434e-04
2.849700e+03	1.545166e-02	-1.080000e-01	2.010030e-04	-1.585181e-02	-6.558592e-05	3.570829e-04
2.862090e+03	5.724710e-02	-9.445678e-02	1.995186e-04	-5.770895e-02	2.349516e-05	4.698731e-04
2.874480e+03	9.094619e-02	-6.428665e-02	1.907335e-04	-9.181136e-02	1.443745e-04	5.051128e-04
2.886870e+03	1.111953e-01	-2.217456e-02	1.335909e-04	-1.112815e-01	2.132122e-04	6.501342e-04
2.899260e+03	1.108431e-01	2.513560e-02	4.893741e-05	-1.119329e-01	3.099821e-04	6.939328e-04
2.911650e+03	9.121783e-02	6.980987e-02	-5.680250e-05	-9.201467e-02	2.962982e-04	8.265430e-04
2.924040e+03	5.338062e-02	1.029045e-01	-1.721218e-04	-5.427596e-02	2.395446e-04	8.914965e-04
2.936430e+03	3.791146e-03	1.176052e-01	-3.049322e-04	-4.851368e-03	1.714856e-04	1.062800e-03
2.948820e+03	-4.913148e-02	1.092144e-01	-2.922722e-04	4.782195e-02	-4.632458e-05	1.295866e-03
2.961210e+03	-9.433585e-02	7.639719e-02	-2.712934e-04	9.311609e-02	-1.901954e-04	1.392609e-03
2.973600e+03	-1.206062e-01	2.416681e-02	-9.769627e-05	1.189423e-01	-3.181110e-04	1.537620e-03
2.985990e+03	-1.186388e-01	-3.738017e-02	-7.358242e-05	1.166326e-01	-3.656735e-04	1.588785e-03
2.998380e+03	-8.588805e-02	-9.157769e-02	3.149438e-04	8.439684e-02	-2.609526e-04	1.508101e-03
3.010770e+03	-2.546048e-02	-1.219184e-01	2.456324e-04	2.411581e-02	-1.648330e-04	1.342442e-03
3.023160e+03	4.642167e-02	-1.165474e-01	2.548873e-04	-4.750613e-02	-3.138680e-05	1.039867e-03
3.035550e+03	1.037018e-01	-6.908519e-02	2.472992e-04	-1.040731e-01	1.675747e-04	4.812272e-04
3.047940e+03	1.209907e-01	7.696802e-03	1.270063e-04	-1.209907e-01	3.290894e-04	-2.487309e-04
3.060330e+03	8.812688e-02	7.743841e-02	-9.390202e-05	-8.730421e-02	5.175771e-04	-9.239007e-04
3.072720e+03	1.882392e-02	1.077855e-01	-3.691151e-04	-1.668500e-02	3.288161e-04	-2.177512e-03
3.085110e+03	-5.047734e-02	8.641004e-02	-3.917642e-04	5.323547e-02	-7.527980e-05	-2.750230e-03
3.097500e+03	-8.369999e-02	2.633124e-02	-1.606829e-04	8.709999e-02	-3.271537e-04	-3.330310e-03
3.109890e+03	-6.668967e-02	-3.318785e-02	1.134111e-04	7.019684e-02	-3.372733e-04	-3.556608e-03
3.122280e+03	-2.023357e-02	-5.687412e-02	2.595791e-04	2.363405e-02	-1.563794e-04	-3.355522e-03
3.134670e+03	1.882610e-02	-4.454536e-02	1.662078e-04	-1.597090e-02	-1.276167e-05	-2.938631e-03
3.147060e+03	3.115384e-02	-1.651685e-02	1.417009e-04	-2.834054e-02	1.431865e-04	-2.742012e-03
3.159450e+03	2.381573e-02	1.792865e-03	-7.371523e-06	-2.137453e-02	4.950796e-05	-2.518514e-03
3.171840e+03	1.529730e-02	5.676841e-03	-2.972435e-05	-1.336763e-02	1.638689e-04	-1.939476e-03
3.184230e+03	1.471896e-02	7.034856e-03	-7.186036e-06	-1.346098e-02	5.301974e-05	-1.204480e-03
3.196620e+03	1.463859e-02	1.575826e-02	-1.513323e-04	-1.425183e-02	1.366550e-04	-2.832215e-04
3.209010e+03	4.295221e-03	2.889427e-02	-2.973846e-04	-5.017290e-03	-2.080243e-05	7.057755e-04
3.221400e+03	-1.960855e-02	3.180727e-02	-1.996855e-04	1.801290e-02	-2.131044e-04	1.556220e-03
3.233790e+03	-4.345451e-02	1.355837e-02	-7.212795e-05	4.157066e-02	-3.266233e-04	1.857531e-03
3.246180e+03	-4.768652e-02	-2.153573e-02	1.192926e-04	4.601093e-02	-3.376360e-04	1.726320e-03
3.258570e+03	-2.272072e-02	-5.372908e-02	3.952265e-04	2.181570e-02	-5.200111e-05	9.178229e-04
3.270960e+03	2.291012e-02	-5.934975e-02	3.616633e-04	-2.276115e-02	9.538839e-05	-1.163391e-04
3.283350e+03	6.266367e-02	-3.024773e-02	2.491489e-04	-6.160576e-02	2.442058e-04	-1.138558e-03
3.295740e+03	7.041673e-02	2.160606e-02	-2.929262e-05	-6.851415e-02	4.753195e-04	-1.872181e-03
3.308130e+03	3.701509e-02	6.657551e-02	-2.321583e-04	-3.506323e-02	2.771265e-04	-1.975724e-03
3.320520e+03	-1.879063e-02	7.496281e-02	-3.433187e-04	2.039705e-02	2.239057e-05	-1.645956e-03
3.332910e+03	-6.743062e-02	4.019807e-02	-2.525047e-04	6.792574e-02	-2.437099e-04	-4.500188e-04
3.345300e+03	-7.714287e-02	-1.751051e-02	2.439461e-05	7.647891e-02	-3.225924e-04	7.838192e-04
3.357690e+03	-4.339654e-02	-6.622095e-02	2.358861e-04	4.153335e-02	-2.183264e-04	1.840853e-03
3.370080e+03	1.309822e-02	-7.642427e-02	1.916310e-04	-1.546873e-02	-2.227973e-05	2.335574e-03
3.382470e+03	6.215419e-02	-4.321757e-02	2.169059e-04	-6.433363e-02	-1.080630e-06	2.089239e-03
3.394860e+03	7.255735e-02	1.346526e-02	1.333824e-05	-7.392254e-02	2.091538e-04	1.264461e-03
3.407250e+03	4.008212e-02	5.993634e-02	-1.781577e-04	-4.048310e-02	2.246580e-04	3.838785e-04
3.419640e+03	-1.417812e-02	6.682940e-02	-2.072881e-04	1.470436e-02	2.195237e-05	-5.311892e-04
3.432030e+03	-5.534168e-02	3.163758e-02	-1.177590e-04	5.632378e-02	-1.613782e-04	-9.744407e-04
3.444420e+03	-5.583968e-02	-1.811843e-02	-5.181503e-05	5.653968e-02	-6.216417e-05	-7.265383e-04
3.456810e+03	-1.830585e-02	-4.872358e-02	1.366588e-04	1.901537e-02	-7.391795e-05	-6.731285e-04
3.469200e+03	2.356492e-02	-3.902413e-02	8.781601e-05	-2.327092e-02	1.205065e-04	-3.938729e-04
3.481590e+03	3.793781e-02	-2.900405e-03	1.620735e-05	-3.736168e-02	1.006042e-04	-5.154405e-04
3.493980e+03	1.916548e-02	2.503535e-02	-2.364090e-04	-1.851009e-02	7.823574e-05	-6.311973e-04
3.506370e+03	-1.149264e-02	2.324142e-02	-1.919788e-04	1.222627e-02	-2.371675e-04	-7.913663e-04
3.518760e+03	-2.259889e-02	-2.911364e-03	5.844100e-06	2.349901e-02	-6.758790e-04	-9.116216e-04
3.531150e+03	-5.108679e-03	-2.479525e-02	2.842210e-04	5.497902e-03	-2.077043e-04	-3.926724e-04
3.543540e+03	2.325681e-02	-1.741524e-02	2.690187e-04	-2.301692e-02	1.116503e-04	-2.437331e-04
3.555930e+03	3.127989e-02	1.222852e-02	2.544432e-04	-3.140713e-02	2.477220e-04	1.745589e-04
3.568320e+03	9.716948e-03	3.910250e-02	-1.369513e-04	-1.007819e-02	1.628042e-04	3.411721e-04
3.580710e+03	-2.775704e-02	3.649824e-02	-2.399876e-04	2.744238e-02	3.277105e-04	3.359480e-04
3.593100e+03	-4.888791e-02	1.758256e-03	-3.305445e-04	4.869403e-02	-2.194008e-05	1.945564e-04
3.605490e+03	-3.624443e-02	-3.978782e-02	-1.840859e-04	3.614443e-02	-2.343499e-04	7.625665e-05
3.617880e+03	6.700529e-03	-5.554926e-02	7.913964e-05	-6.800529e-03	-3.476629e-04	7.217704e-05
3.630270e+03	4.924129e-02	-3.390274e-02	1.992355e-04	-4.944791e-02	-2.173919e-04	1.967270e-04
3.642660e+03	5.982323e-02	1.514190e-02	3.516059e-04	-6.012854e-02	-5.095474e-05	3.633359e-04
3.655050e+03	2.800134e-02	5.660972e-02	2.818770e-04	-2.839457e-02	2.904193e-04	3.670615e-04
3.667440e+03	-2.444101e-02	5.895350e-02	2.444725e-05	2.396986e-02	1.975697e-04	4.490871e-04
3.679830e+03	-6.118408e-02	2.125290e-02	3.157770e-04	6.069167e-02	1.975590e-04	4.996341e-04
3.692220e+03	-5.632074e-02	-3.158785e-02	-1.789695e-04	5.605365e-02	-7.260984e-05	2.052840e-04
3.704610e+03	-1.266068e-02	-6.211023e-02	6.610301e-06	1.255233e-02	-2.082028e-04	1.096654e-04
3.717000e+03	3.734123e-02	-4.941933e-02	1.467164e-04	-3.738201e-02	-2.006396e-04	2.546380e-05
3.729390e+03	5.916490e-02	-3.194356e-03	2.196954e-04	-5.916490e-02	-2.439012e-05	2.029728e-05
3.741780e+03	3.859625e-02	4.263356e-02	6.488169e-05	-3.859676e-02	1.577228e-04	3.894051e-05
3.754170e+03	-7.874602e-03	5.368503e-02	-1.756043e-05	7.848033e-03	1.450767e-04	7.038859e-06
3.766560e+03	-4.502341e-02	2.606642e-02	-1.162003e-04	4.500260e-02	7.308945e-05	9.589929e-06
3.778950e+03	-4.577833e-02	-1.785128e-02	-4.044384e-05	4.597833e-02	-7.876254e-05	-1.474603e-04
3.791340e+03	-1.334916e-02	-4.359815e-02	-3.001901e-05	1.355331e-02	-7.031557e-05	-1.501507e-04
3.803730e+03	2.552340e-02	-3.555075e-02	1.035549e-04	-2.536868e-02	-5.554153e-05	-1.398706e-04
3.816120e+03	3.984214e-02	-1.492652e-03	1.388830e-04	-3.985063e-02	-1.382237e-05	3.648055e-05
3.828510e+03	2.258949e-02	2.954679e-02	-2.997116e-05	-2.277397e-02	1.347389e-04	1.987096e-04
3.840900e+03	-9.973702e-03	3.291411e-02	-1.974722e-05	9.693303e-03	9.338616e-05	2.609273e-04
3.853290e+03	-3.009675e-02	9.226807e-03	-1.431433e-04	2.979675e-02	8.561783e-05	2.814246e-04
3.865680e+03	-2.227681e-02	-1.927891e-02	-2.933381e-04	2.215470e-02	-2.147653e-04	1.231416e-04
3.878070e+03	5.057895e-03	-2.713533e-02	-1.548589e-05	-5.187712e-03	-1.786159e-04	9.224879e-05
3.890460e+03	2.616935e-02	-9.653892e-03	-1.111215e-04	-2.614971e-02	-9.599651e-05	8.521952e-06
3.902850e+03	2.263117e-02	1.876201e-02	1.550260e-04	-2.253369e-02	1.589585e-05	-9.570015e-05
3.915240e+03	-3.373042e-03	2.991597e-02	3.941058e-05	3.566515e-03	1.225588e-05	-1.778732e-04
3.927630e+03	-2.927608e-02	1.520779e-02	9.549411e-05	2.947258e-02	-1.005470e-04	-1.758179e-04
3.940020e+03	-3.068253e-02	-1.643188e-02	-3.885855e-06	3.098355e-02	-2.166692e-05	-3.102131e-04
3.952410e+03	-5.434429e-03	-3.579462e-02	3.769788e-05	5.697152e-03	-3.983474e-05	-2.607703e-04
3.964800e+03	2.778160e-02	-2.745659e-02	6.569240e-05	-2.756426e-02	-1.279919e-05	-2.009182e-04
3.977190e+03	3.949437e-02	5.293244e-03	8.879493e-05	-3.930861e-02	2.108768e-05	-1.718912e-04
3.989580e+03	2.075308e-02	3.659237e-02	-2.595386e-05	-2.074142e-02	1.524350e-05	-1.764293e-05
4.001970e+03	-1.613582e-02	3.993341e-02	-6.082239e-05	1.605160e-02	-1.102515e-04	9.430599e-05
4.014360e+03	-4.268147e-02	1.257759e-02	-3.658946e-05	4.238553e-02	-6.937018e-05	2.870685e-04
4.026750e+03	-3.772141e-02	-2.609137e-02	5.626932e-05	3.736911e-02	-9.459256e-05	3.237338e-04
4.039140e+03	-3.509227e-03	-4.547127e-02	1.386516e-04	3.084309e-03	-2.517597e-05	4.357824e-04
4.051530e+03	3.427569e-02	-3.181804e-02	1.012903e-04	-3.448442e-02	2.978178e-05	2.411409e-04
4.063920e+03	4.619137e-02	6.487645e-03	4.245387e-05	-4.629205e-02	1.237855e-04	8.191839e-05
4.076310e+03	2.374044e-02	4.085358e-02	-8.539701e-05	-2.371605e-02	9.695417e-05	-8.631664e-06
4.088700e+03	-1.630335e-02	4.402642e-02	-1.478238e-04	1.664223e-02	3.479334e-05	-3.366481e-04
4.101090e+03	-4.403540e-02	1.363891e-02	-6.263974e-05	4.423431e-02	-2.071878e-04	-1.616761e-04
4.113480e+03	-3.765833e-02	-2.546620e-02	1.820510e-04	3.786171e-02	-1.604831e-04	-1.920204e-04
4.125870e+03	-2.855981e-03	-4.395805e-02	2.609006e-04	2.942527e-03	-9.797839e-05	-8.443205e-05
4.138260e+03	3.246298e-02	-2.885668e-02	2.109270e-04	-3.251989e-02	8.561784e-05	8.648657e-06
4.150650e+03	4.151112e-02	7.359564e-03	3.884473e-04	-4.121562e-02	1.341173e-04	-2.678054e-04
4.163040e+03	1.879467e-02	3.664416e-02	-2.339335e-04	-1.864796e-02	2.369894e-04	-2.171068e-04
4.175430e+03	-1.641058e-02	3.624901e-02	-2.946893e-04	1.629129e-02	1.191498e-05	1.545810e-04
4.187820e+03	-3.707858e-02	8.331990e-03	-2.129786e-04	3.697858e-02	-1.559803e-04	1.695386e-04
4.200210e+03	-2.860749e-02	-2.355647e-02	-6.429953e-05	2.848600e-02	-3.402228e-04	1.562329e-04
4.212600e+03	1.816762e-03	-3.473487e-02	2.264907e-04	-1.959977e-03	-1.612944e-04	1.406394e-04
4.224990e+03	2.833315e-02	-1.868937e-02	2.943045e-04	-2.843234e-02	-1.075553e-04	1.041872e-04
4.237380e+03	3.064092e-02	1.140527e-02	2.361040e-04	-3.053812e-02	1.618737e-04	-5.342046e-05
4.249770e+03	8.222031e-03	3.017013e-02	9.694036e-05	-8.051680e-03	1.767027e-04	-1.557146e-04
4.262160e+03	-1.927569e-02	2.357632e-02	-2.339228e-04	1.947232e-02	1.446441e-04	-2.100602e-04
4.274550e+03	-2.854794e-02	-2.385343e-03	-2.152297e-04	2.884262e-02	-7.816715e-05	-2.422367e-04
4.286940e+03	-1.450689e-02	-2.500705e-02	-8.809924e-05	1.469932e-02	-2.539036e-04	-2.383711e-04
4.299330e+03	1.229701e-02	-2.566423e-02	1.092533e-04	-1.219647e-02	-2.100465e-04	-1.364223e-04
4.311720e+03	2.739988e-02	-4.608386e-03	2.284965e-04	-2.729988e-02	-1.314817e-04	-1.097700e-04
4.324110e+03	2.010613e-02	2.021616e-02	1.852620e-04	-2.011863e-02	1.037626e-04	-9.681853e-06
4.336500e+03	-5.104173e-03	2.723119e-02	-2.052955e-06	5.050840e-03	1.061003e-04	5.603296e-05
4.348890e+03	-2.584388e-02	1.263143e-02	-9.412951e-05	2.574284e-02	1.449764e-04	1.418717e-04
4.361280e+03	-2.558772e-02	-1.364373e-02	-1.223386e-04	2.548878e-02	-2.830898e-05	1.813998e-04
4.373670e+03	-4.572628e-03	-2.834002e-02	-7.050900e-05	4.363969e-03	-1.280125e-04	2.110256e-04
4.386060e+03	2.069259e-02	-2.114824e-02	2.474168e-05	-2.089259e-02	-1.283728e-04	2.116329e-04
4.398450e+03	2.856492e-02	4.388948e-03	6.049124e-05	-2.872106e-02	-9.618790e-05	1.083680e-04
4.410840e+03	1.463141e-02	2.636058e-02	5.309714e-05	-1.459381e-02	1.384838e-05	-1.784733e-06
4.423230e+03	-1.289628e-02	2.749518e-02	1.109905e-04	1.301083e-02	3.060563e-05	-9.897954e-05
4.435620e+03	-2.957934e-02	6.745557e-03	2.482673e-05	2.967934e-02	4.214451e-05	-1.062886e-04
4.448010e+03	-2.374472e-02	-2.031562e-02	-5.038150e-05	2.394339e-02	-3.513296e-05	-1.759591e-04
4.460400e+03	1.627904e-03	-3.030000e-02	-1.271026e-06	-1.469554e-03	-1.563663e-05	-1.559410e-04
4.472790e+03	2.592135e-02	-1.847781e-02	7.527955e-05	-2.580562e-02	-1.865387e-04	-1.560234e-04
4.485180e+03	2.993495e-02	9.628591e-03	9.230839e-05	-2.992816e-02	-8.174486e-07	8.852371e-05
4.497570e+03	1.134474e-02	2.944450e-02	-6.588357e-05	-1.149680e-02	1.128443e-05	1.552232e-04
4.509960e+03	-1.673857e-02	2.705596e-02	1.803213e-06	1.653079e-02	-2.628488e-05	2.322445e-04
4.522350e+03	-3.068964e-02	3.818812e-03	3.657000e-05	3.048964e-02	-3.607704e-05	2.205541e-04
4.534740e+03	-2.255878e-02	-2.234185e-02	2.492432e-05	2.235866e-02	-6.808385e-05	2.140057e-04
4.547130e+03	3.589404e-03	-3.028166e-02	7.175184e-05	-3.741767e-03	-3.839960e-05	1.508406e-04
4.559520e+03	2.629987e-02	-1.642488e-02	5.468629e-05	-2.639987e-02	3.231398e-05	1.332887e-04
4.571910e+03	2.844628e-02	1.075962e-02	-5.301082e-05	-2.848279e-02	4.208012e-05	-4.761625e-06
4.584300e+03	9.459790e-03	2.839604e-02	-1.094335e-05	-9.363478e-03	-1.294555e-05	-3.310287e-05
4.596690e+03	-1.674787e-02	2.458151e-02	-2.867461e-05	1.673656e-02	5.048856e-05	-2.547750e-05
4.609080e+03	-2.810565e-02	1.980686e-03	2.979443e-05	2.823500e-02	-1.033567e-04	-1.270000e-04
4.621470e+03	-1.913134e-02	-2.136022e-02	7.829785e-05	1.923169e-02	-5.669492e-05	-1.445823e-04
4.633860e+03	5.272556e-03	-2.693316e-02	8.620252e-05	-5.159657e-03	-1.073885e-05	-1.046822e-04
4.646250e+03	2.408507e-02	-1.259417e-02	1.222226e-05	-2.408728e-02	1.321745e-05	4.288560e-05
4.658640e+03	2.392211e-02	1.156518e-02	-8.126857e-07	-2.400227e-02	5.201202e-05	7.115228e-05
4.671030e+03	5.650710e-03	2.493944e-02	-5.695124e-05	-5.771937e-03	-4.608962e-06	8.913481e-05
4.683420e+03	-1.619624e-02	1.970311e-02	-2.939999e-04	1.639633e-02	7.379996e-05	-2.349998e-04
4.695810e+03	-2.399754e-02	-8.535692e-04	7.372312e-06	2.383237e-02	-1.468253e-04	7.559433e-05
4.708200e+03	-1.431928e-02	-1.950148e-02	1.063299e-04	1.421656e-02	-7.563988e-05	1.442443e-04
4.720590e+03	6.847212e-03	-2.216683e-02	1.262730e-04	-6.980883e-03	2.007867e-05	1.051695e-04
4.732980e+03	2.092897e-02	-8.095010e-03	6.629408e-05	-2.102846e-02	4.830260e-05	6.661361e-05
4.745370e+03	1.851329e-02	1.201945e-02	-1.509299e-05	-1.852225e-02	9.975062e-05	-8.112598e-06
4.757760e+03	1.680259e-03	2.071391e-02	-9.543566e-05	-1.647422e-03	1.868467e-05	-3.308094e-05
4.770150e+03	-1.576327e-02	1.393026e-02	-7.761444e-05	1.586445e-02	-6.620682e-05	-1.086879e-04
4.782540e+03	-1.945751e-02	-4.574875e-03	1.048616e-05	1.937709e-02	-1.018066e-04	1.331920e-04
4.794930e+03	-8.278167e-03	-1.815239e-02	5.504276e-05	8.589013e-03	-1.201242e-04	-2.423811e-04
4.807320e+03	9.574305e-03	-1.718667e-02	1.568266e-04	-9.474872e-03	-2.390033e-05	-1.118555e-04
4.819710e+03	1.874603e-02	-2.734435e-03	1.006676e-04	-1.864603e-02	1.095799e-04	-4.553738e-05
4.832100e+03	1.346551e-02	1.353824e-02	-2.233673e-05	-1.357469e-02	1.140992e-04	2.961901e-05
4.844490e+03	-2.710873e-03	1.797375e-02	-1.365383e-04	2.699204e-03	9.159042e-05	2.913176e-05
4.856880e+03	-1.620154e-02	8.987057e-03	-1.154335e-04	1.602605e-02	-6.108140e-05	1.321246e-04
4.869270e+03	-1.656024e-02	-7.720724e-03	-2.713774e-06	1.646068e-02	-1.549600e-04	1.399591e-04
4.881660e+03	-3.935033e-03	-1.731117e-02	8.887081e-05	3.778942e-03	-1.552090e-04	1.497321e-04
4.894050e+03	1.174067e-02	-1.364868e-02	1.590451e-04	-1.184087e-02	-5.266705e-05	1.024701e-04
4.906440e+03	1.722988e-02	1.155034e-03	1.172838e-04	-1.729345e-02	6.576802e-05	2.866781e-05
4.918830e+03	9.741281e-03	1.476400e-02	-6.368473e-05	-9.836905e-03	4.709466e-05	1.431425e-04
4.931220e+03	-5.893792e-03	1.650408e-02	-3.646465e-05	5.947910e-03	7.987039e-05	-4.811238e-05
4.943610e+03	-1.659066e-02	5.649476e-03	-1.015859e-04	1.663600e-02	-2.424122e-05	-8.380300e-05
4.956000e+03	-1.438825e-02	-1.011045e-02	-2.786582e-05	1.448873e-02	-1.139412e-04	-6.894235e-05
4.968390e+03	-8.724773e-04	-1.694844e-02	-1.265869e-05	9.390379e-04	-1.633180e-04	-6.411100e-05
4.980780e+03	1.318433e-02	-1.144905e-02	8.375231e-05	-1.318678e-02	-1.024286e-04	1.588789e-05
4.993170e+03	1.648757e-02	3.593843e-03	1.075250e-04	-1.648725e-02	3.573722e-05	1.770488e-05
5.005560e+03	7.429375e-03	1.521368e-02	3.509349e-05	-7.533406e-03	6.017855e-05	6.401150e-05
5.017950e+03	-7.504228e-03	1.522235e-02	-5.130745e-05	7.386498e-03	7.018848e-05	1.105885e-04
5.030340e+03	-1.610450e-02	3.462880e-03	-7.139550e-05	1.607440e-02	7.297300e-06	-5.023618e-07
5.042730e+03	-1.273354e-02	-1.047023e-02	-6.902545e-05	1.262781e-02	-1.495032e-04	1.232622e-04
5.055120e+03	5.770218e-04	-1.574022e-02	6.796516e-05	-7.206905e-04	-1.081443e-04	1.365762e-04
5.067510e+03	1.270926e-02	-9.457236e-03	8.559967e-05	-1.288413e-02	-9.713110e-05	9.462524e-05
5.079900e+03	1.505487e-02	4.461560e-03	1.350012e-04	-1.507862e-02	-2.398160e-04	1.129251e-05
5.092290e+03	5.721281e-03	1.422795e-02	3.836023e-05	-5.669958e-03	8.578934e-05	-4.907734e-05
5.104680e+03	-7.517183e-03	1.312361e-02	-2.114766e-05	7.621761e-03	1.036336e-04	-1.196352e-04
5.117070e+03	-1.465250e-02	-3.109607e-04	-1.592399e-04	1.482558e-02	-2.862058e-04	-1.427007e-04
5.129460e+03	-1.012757e-02	-1.004673e-02	-6.512270e-05	1.017319e-02	-7.664061e-05	-4.752013e-05
5.141850e+03	1.702848e-03	-1.357922e-02	3.251612e-06	-1.697807e-03	-1.008436e-05	-6.799704e-06
5.154240e+03	1.170097e-02	-7.074514e-03	8.787088e-05	-1.170071e-02	-4.603384e-05	9.042929e-06
5.166630e+03	1.226159e-02	4.853394e-03	3.497373e-05	-1.225850e-02	-1.360579e-05	4.039854e-05
5.179020e+03	3.769525e-03	1.223126e-02	7.325910e-05	-3.922239e-03	-3.196284e-05	1.447561e-04
5.191410e+03	-7.472877e-03	1.024374e-02	4.954857e-06	7.407514e-03	2.174085e-05	5.645349e-05
5.203800e+03	-1.174761e-02	4.722268e-04	-1.196691e-04	1.187447e-02	5.031728e-05	-1.126068e-04
5.216190e+03	-7.723417e-03	-9.171666e-03	-1.671660e-05	7.643257e-03	-5.482427e-05	7.149738e-05
5.228580e+03	2.595643e-03	-1.097034e-02	6.464498e-06	-2.646973e-03	-5.115576e-05	5.718559e-05
5.240970e+03	1.012700e-02	-4.764716e-03	2.391957e-05	-1.018517e-02	-1.626946e-05	7.435596e-05
5.253360e+03	9.563268e-03	5.218841e-03	3.527249e-05	-9.554555e-03	-3.274703e-05	-5.692526e-06
5.265750e+03	1.640508e-03	1.021550e-02	3.083337e-05	-1.612344e-03	-3.278492e-05	-2.464489e-05
5.278140e+03	-7.119700e-03	7.459699e-03	4.175320e-05	7.180545e-03	-1.168658e-05	-6.217863e-05
5.290530e+03	-9.641083e-03	-1.296217e-03	-3.437515e-05	9.711133e-03	-5.175831e-05	-6.618833e-05
5.302920e+03	-4.924739e-03	-8.408378e-03	-8.800531e-06	4.996172e-03	-5.412337e-06	-6.395127e-05
5.315310e+03	3.914895e-03	-8.694727e-03	-2.747473e-05	-3.864923e-03	-7.533845e-05	-5.866167e-05
5.327700e+03	8.910367e-03	-2.207276e-03	-1.181692e-05	-8.938136e-03	-5.252778e-05	3.813452e-05
5.340090e+03	7.252718e-03	5.805916e-03	1.859308e-04	-6.906385e-03	8.001711e-06	-3.377761e-04
5.352480e+03	-5.104431e-04	8.691859e-03	-8.774804e-06	3.997044e-04	-4.156882e-05	9.738742e-05
5.364870e+03	-7.207134e-03	4.960460e-03	7.196654e-05	7.092188e-03	8.010947e-05	1.322845e-04
5.377260e+03	-8.138973e-03	-2.846426e-03	6.437484e-05	8.038173e-03	-5.397835e-05	1.199645e-04
5.389650e+03	-2.762231e-03	-7.886644e-03	1.679115e-04	2.737873e-03	-8.150220e-05	2.861207e-05
5.402040e+03	4.847390e-03	-6.922798e-03	7.756935e-06	-4.727892e-03	-4.541331e-06	-1.209171e-04
5.414430e+03	8.039406e-03	-3.562447e-04	1.743484e-05	-7.971380e-03	-1.880256e-06	-6.973651e-05
5.426820e+03	5.229994e-03	6.306290e-03	-2.409749e-05	-5.206128e-03	-2.983135e-07	-2.963117e-05
5.439210e+03	-1.844646e-03	7.686711e-03	-4.041442e-05	1.890693e-03	-6.906065e-05	-5.041200e-05
5.451600e+03	-7.145023e-03	3.242863e-03	-1.646155e-06	7.189880e-03	-8.291461e-05	-4.970740e-05
5.463990e+03	-6.808406e-03	-3.764403e-03	7.974701e-05	6.837976e-03	-4.973297e-05	-3.016567e-05
5.476380e+03	-1.088185e-03	-7.384325e-03	6.434200e-05	1.100518e-03	-4.706963e-05	-1.033170e-05
5.488770e+03	5.225420e-03	-5.374322e-03	6.401787e-05	-5.248632e-03	1.080471e-05	2.358715e-05
5.501160e+03	7.143688e-03	9.181767e-04	1.072254e-05	-7.183371e-03	2.600834e-05	3.514783e-05
5.513550e+03	3.675443e-03	6.310870e-03	-5.062605e-05	-3.746115e-03	-4.123206e-05	6.615993e-05
5.525940e+03	-2.775860e-03	6.700649e-03	-4.046933e-05	2.705650e-03	-2.459591e-05	6.208734e-05
5.538330e+03	-6.833632e-03	1.774983e-03	-3.265073e-05	6.753483e-03	-6.361878e-05	8.240646e-05
5.550720e+03	-5.571245e-03	-4.117007e-03	6.916771e-05	5.525764e-03	-8.571468e-05	4.903876e-05
5.563110e+03	-4.726407e-05	-6.704456e-03	3.903781e-05	7.896263e-06	-4.915547e-05	3.867904e-05
5.575500e+03	5.264686e-03	-3.966014e-03	7.867563e-05	-5.260775e-03	-2.707478e-05	-1.101875e-05
5.587890e+03	6.313929e-03	1.696386e-03	5.880560e-05	-6.264206e-03	2.091332e-05	-4.526476e-05
5.600280e+03	2.335490e-03	5.904524e-03	6.822421e-06	-2.289674e-03	3.496073e-05	-4.360939e-05
5.612670e+03	-3.193670e-03	5.408806e-03	-4.647237e-05	3.243593e-03	1.055877e-05	-5.100894e-05
5.625060e+03	-5.957546e-03	7.188734e-04	-2.545443e-05	6.017419e-03	-4.073034e-05	-6.109596e-05
5.637450e+03	-4.190324e-03	-4.289226e-03	-3.196346e-06	4.184759e-03	-7.030259e-05	7.346081e-06
5.649840e+03	4.213617e-04	-5.636954e-03	8.571009e-05	-6.677480e-04	-9.468981e-05	2.409465e-04
5.662230e+03	4.986220e-03	-2.744890e-03	6.450454e-05	-5.000803e-03	-4.331829e-05	2.119794e-05
5.674620e+03	5.080439e-03	2.198796e-03	6.901423e-05	-5.137710e-03	-1.565838e-06	5.805016e-05
5.687010e+03	1.232741e-03	5.100541e-03	1.531589e-05	-1.280125e-03	4.121240e-05	4.465999e-05
5.699400e+03	-3.379950e-03	4.207076e-03	5.967418e-05	3.362552e-03	-4.818349e-05	-2.129042e-06
5.711790e+03	-5.133793e-03	-1.629463e-04	-3.912890e-05	5.113700e-03	-4.974647e-05	2.459369e-05
5.724180e+03	-2.965196e-03	-4.207485e-03	5.046115e-06	2.961430e-03	-9.560159e-05	3.675748e-06
5.736570e+03	1.429502e-03	-4.724487e-03	1.395202e-05	-1.422374e-03	-7.716024e-05	-1.191928e-05
5.748960e+03	4.530035e-03	-1.795000e-03	9.660126e-05	-4.515489e-03	-4.234099e-05	-1.751953e-05
5.761350e+03	4.098868e-03	2.534448e-03	3.159449e-05	-4.065689e-03	2.605551e-06	-3.075270e-05
5.773740e+03	4.847644e-04	4.488763e-03	2.212830e-05	-4.593481e-04	2.511126e-05	-2.991011e-05
5.786130e+03	-3.250986e-03	3.142605e-03	-4.465360e-05	3.301122e-03	-7.649500e-07	-4.277573e-05
5.798520e+03	-4.313625e-03	-7.123860e-04	-2.921409e-05	4.319425e-03	-1.753032e-05	5.800899e-06
5.810910e+03	-2.108009e-03	-3.799960e-03	3.310438e-06	2.098186e-03	-9.510470e-05	1.214927e-05
5.823300e+03	1.736127e-03	-3.875737e-03	5.464204e-05	-1.788791e-03	-8.285725e-05	4.466670e-05
5.835690e+03	4.071361e-03	-9.264202e-04	5.221647e-05	-4.114607e-03	-2.940594e-05	4.091455e-05
5.848080e+03	3.138874e-03	2.669392e-03	5.436700e-05	-3.200935e-03	-2.710130e-05	6.114489e-05
5.860470e+03	-1.046026e-04	4.028480e-03	1.925266e-06	6.432078e-05	2.305651e-07	4.077797e-05
5.872860e+03	-3.293704e-03	2.358757e-03	1.100326e-05	3.278558e-03	2.835646e-05	8.258242e-06
5.885250e+03	-3.788947e-03	-1.017043e-03	-3.143520e-05	3.799082e-03	-6.364598e-05	-1.228727e-05
5.897640e+03	-1.381551e-03	-3.579300e-03	-1.525872e-05	1.398971e-03	-5.277292e-05	-1.701985e-05
5.910030e+03	1.883930e-03	-3.192614e-03	5.958183e-05	-1.899824e-03	-8.751443e-05	9.065485e-06
5.922420e+03	3.629979e-03	-3.802445e-04	4.786752e-05	-3.609977e-03	-5.545836e-05	-2.393954e-05
5.934810e+03	2.493084e-03	2.604528e-03	5.156196e-05	-2.470522e-03	-3.513352e-05	-1.860244e-05
5.947200e+03	-6.353548e-04	3.518566e-03	6.630644e-05	6.435109e-04	1.097690e-05	-1.194445e-05
5.959590e+03	-3.186096e-03	1.672763e-03	3.140888e-05	3.157351e-03	2.816341e-05	2.453656e-05
5.971980e+03	-3.147889e-03	-1.357484e-03	-1.349575e-05	3.107872e-03	-1.565217e-05	3.573142e-05
5.984370e+03	-8.717551e-04	-3.234714e-03	-1.840208e-07	8.195324e-04	-4.005982e-06	5.288641e-05
5.996760e+03	2.016757e-03	-2.574278e-03	5.788189e-06	-2.060086e-03	-6.110771e-05	3.690185e-05
6.009150e+03	3.137848e-03	1.629387e-06	3.775514e-05	-3.147799e-03	-4.994143e-05	1.195653e-05
6.021540e+03	1.958224e-03	2.547940e-03	2.750902e-05	-1.930780e-03	-2.052777e-05	-5.164887e-06
6.033930e+03	-7.600487e-04	2.946955e-03	1.758130e-05	8.564605e-04	-2.269117e-05	-6.179542e-05
6.046320e+03	-2.819866e-03	1.172383e-03	2.446793e-05	2.840266e-03	-2.224028e-05	-1.406522e-05
6.058710e+03	-2.571272e-03	-1.520085e-03	3.670069e-05	2.590856e-03	-6.411806e-05	-1.571144e-05
6.071100e+03	-3.871170e-04	-2.863459e-03	4.905398e-06	3.847024e-04	-3.198935e-05	-1.525426e-06
6.083490e+03	2.060752e-03	-2.039868e-03	2.696747e-05	-2.038872e-03	-9.015726e-06	-2.157125e-05
6.095880e+03	2.789488e-03	4.389230e-04	-2.326395e-05	-2.769505e-03	1.049882e-05	-2.608287e-05
6.108270e+03	1.307699e-03	2.492356e-03	1.797884e-05	-1.323142e-03	-1.553669e-05	1.404172e-05
6.120660e+03	-1.064673e-03	2.546965e-03	-1.220017e-05	1.041851e-03	-3.802763e-05	2.782754e-05
6.133050e+03	-2.678957e-03	7.128628e-04	1.263897e-05	2.639036e-03	-3.267166e-05	3.891217e-05
6.145440e+03	-2.098682e-03	-1.615434e-03	3.129893e-05	2.096696e-03	-4.952473e-05	6.953376e-06
6.157830e+03	-1.084877e-05	-2.574654e-03	3.350859e-05	3.340367e-05	-2.551158e-05	-2.154986e-05
6.170220e+03	2.036919e-03	-1.610876e-03	4.443950e-05	-2.046374e-03	7.596208e-06	1.032430e-05
6.182610e+03	2.371783e-03	6.799010e-04	6.878287e-06	-2.390851e-03	-1.700532e-05	1.632813e-05
6.195000e+03	1.042563e-03	2.200661e-03	4.662062e-06	-7.185879e-04	-8.011218e-07	-3.128770e-04
6.207390e+03	-1.254820e-03	2.109554e-03	-1.793946e-07	1.237773e-03	-2.927954e-05	2.108902e-05
6.219780e+03	-2.274779e-03	2.673206e-04	2.696349e-05	2.297640e-03	3.410409e-05	-1.689720e-05
6.232170e+03	-1.678835e-03	-1.717589e-03	1.065595e-05	1.677513e-03	-5.158671e-05	-2.889129e-06
6.244560e+03	3.392337e-04	-2.249642e-03	3.473028e-05	-3.415521e-04	-2.998598e-05	3.088959e-06
6.256950e+03	1.981009e-03	-1.148710e-03	2.285242e-05	-1.968181e-03	-3.972150e-05	-1.177156e-05
6.269340e+03	2.114689e-03	8.465255e-04	1.248189e-05	-2.069932e-03	-1.354566e-05	-3.606012e-05
6.281730e+03	5.338931e-04	2.063553e-03	2.060901e-05	-5.149794e-04	-2.241899e-05	-1.804724e-05
6.294120e+03	-1.240787e-03	1.692283e-03	-8.933274e-06	1.282708e-03	-2.983522e-05	-3.584432e-05
6.306510e+03	-2.016730e-03	-4.467260e-06	2.310171e-05	1.996962e-03	-3.786607e-05	1.885807e-05
6.318900e+03	-1.138129e-03	-1.736399e-03	1.315804e-04	1.150905e-03	1.350632e-04	-1.590719e-05
6.331290e+03	5.373387e-04	-1.843159e-03	-3.038347e-06	-5.735128e-04	-1.959518e-05	3.542171e-05
6.343680e+03	1.843158e-03	-7.259221e-04	7.423270e-06	-1.865985e-03	-2.698248e-05	2.455928e-05
6.356070e+03	1.684124e-03	1.038039e-03	1.058236e-05	-1.694585e-03	-2.846560e-05	1.233762e-05
6.368460e+03	1.792967e-04	1.916233e-03	3.385582e-06	-1.712961e-04	-2.508648e-05	-7.231308e-06
6.380850e+03	-1.366974e-03	1.300848e-03	3.113379e-05	1.363854e-03	-2.294488e-05	5.614286e-08
6.393240e+03	-1.860554e-03	-3.122235e-04	5.319334e-05	1.860297e-03	-3.827682e-05	1.916044e-06
6.405630e+03	-8.277426e-04	-1.591258e-03	1.063724e-05	8.486979e-04	-4.811572e-06	-2.119225e-05
6.418020e+03	7.623891e-04	-1.667601e-03	2.971702e-06	-7.896151e-04	-4.672825e-06	2.406528e-05
6.430410e+03	1.662390e-03	-3.889730e-04	-1.262880e-05	-1.666036e-03	-2.557404e-05	5.138486e-06
6.442800e+03	1.301795e-03	1.233493e-03	1.129689e-04	-1.341577e-03	-1.251422e-04	3.879378e-05
6.455190e+03	-8.150042e-05	1.630915e-03	8.555617e-05	1.215654e-04	3.208765e-06	-3.444675e-05
6.467580e+03	-1.348302e-03	9.576691e-04	2.989335e-05	1.311351e-03	-4.951298e-05	2.054930e-05
6.479970e+03	-1.571826e-03	-5.269929e-04	-3.974465e-07	1.619847e-03	-2.738635e-06	-4.871375e-05
6.492360e+03	-6.036296e-04	-1.553003e-03	1.082583e-05	5.750630e-04	-4.511063e-06	2.167957e-05
6.504750e+03	8.697236e-04	-1.341785e-03	1.858375e-05	-8.731574e-04	-3.430047e-05	1.634018e-06
6.517140e+03	1.539922e-03	-1.123197e-04	-9.022516e-06	-1.569919e-03	-7.432806e-06	3.699400e-05
6.529530e+03	1.058874e-03	1.132419e-03	2.469250e-05	-1.061718e-03	-4.210478e-05	1.015608e-05
6.541920e+03	-2.172581e-04	1.494215e-03	1.724910e-05	2.211897e-04	-4.511762e-05	-3.990782e-06
6.554310e+03	-1.341709e-03	7.180677e-04	2.331868e-05	1.361714e-03	-2.511311e-05	-2.529848e-05
6.566700e+03	-1.278162e-03	-6.340402e-04	4.423546e-05	1.285765e-03	-2.840589e-05	2.237118e-06
6.579090e+03	-1.808160e-04	-1.441099e-03	6.028128e-05	1.056781e-04	1.025496e-04	5.320107e-05
6.591480e+03	8.698043e-04	-1.038985e-03	-2.066951e-06	-8.757632e-04	-9.597699e-06	1.053895e-05
6.603870e+03	1.308437e-03	8.826338e-05	2.909057e-06	-1.344806e-03	-3.338119e-05	3.524901e-05
6.616260e+03	7.519556e-04	1.121483e-03	-1.758885e-05	-7.591799e-04	-2.363180e-05	1.441611e-05
6.628650e+03	-4.923139e-04	1.057951e-03	6.560036e-05	3.669846e-04	-2.027356e-05	1.399120e-04
6.641040e+03	-1.209073e-03	4.462000e-04	4.684683e-05	1.204069e-03	-1.044141e-04	-7.649878e-06
6.653430e+03	-1.082378e-03	-7.233235e-04	2.258737e-05	1.061670e-03	-1.232861e-05	1.789699e-05
6.665820e+03	-2.289992e-05	-1.284746e-03	1.630939e-05	3.314501e-05	-6.871746e-06	-9.723347e-06
6.678210e+03	9.614314e-04	-7.883065e-04	2.199123e-05	-9.434664e-04	1.545589e-05	-1.149353e-05
6.690600e+03	1.180992e-03	3.273345e-04	6.543387e-06	-1.174192e-03	-2.028347e-05	-7.905779e-06
6.702990e+03	4.680344e-04	1.101259e-03	6.325145e-06	-4.761223e-04	-3.310630e-05	8.082026e-06
6.715380e+03	-6.117448e-04	1.054284e-03	7.736064e-06	6.198873e-04	-5.689622e-05	-6.976709e-06
6.727770e+03	-1.128918e-03	2.127814e-04	5.780495e-05	1.170808e-03	-3.428624e-05	-3.282075e-05
6.740160e+03	-9.279777e-04	-7.510252e-04	9.312656e-06	8.465355e-04	-2.909266e-05	6.111654e-05
6.752550e+03	1.398072e-04	-1.019862e-03	2.960000e-05	-1.343029e-04	-4.082252e-05	-5.128393e-06
6.764940e+03	9.213366e-04	-5.410134e-04	4.309000e-05	-9.347567e-04	-1.377651e-05	1.405895e-05
6.777330e+03	9.457512e-04	4.970577e-04	4.225349e-06	-9.547661e-04	1.672789e-05	1.064327e-05
6.789720e+03	2.223948e-04	9.824307e-04	1.437811e-05	-2.278328e-04	-1.065243e-05	4.990915e-06
6.802110e+03	-7.322592e-04	7.869694e-04	-2.366155e-05	7.541111e-04	-4.515502e-05	-2.502174e-05
6.814500e+03	-1.072179e-03	-6.514891e-05	9.014301e-06	1.059556e-03	-3.987492e-05	2.073238e-05
6.826890e+03	-5.885063e-04	-8.783461e-04	4.786329e-06	5.734110e-04	-4.622571e-05	1.560479e-05
6.839280e+03	3.412909e-04	-1.003362e-03	3.458690e-05	-3.529770e-04	-4.505623e-05	1.153789e-05
6.851670e+03	9.730169e-04	-3.161520e-04	3.289067e-05	-9.756539e-04	-1.308088e-05	1.511107e-06
6.864060e+03	8.460368e-04	6.058502e-04	2.765607e-05	-8.514224e-04	-3.178048e-05	5.444250e-06
6.876450e+03	4.311159e-05	9.499135e-04	-1.112259e-06	-5.551161e-05	4.216628e-06	1.201536e-05
6.888840e+03	-7.659186e-04	6.047787e-04	1.723832e-06	7.740806e-04	-2.191665e-05	1.360541e-06
6.901230e+03	-9.779711e-04	-2.276202e-04	1.351271e-05	9.586090e-04	-2.229435e-05	1.877304e-05
6.913620e+03	-3.336351e-04	-8.794956e-04	-6.231055e-06	3.325841e-04	-4.865350e-05	2.490590e-06
6.926010e+03	4.884990e-04	-8.104794e-04	3.262948e-06	-4.922068e-04	-5.128000e-05	4.359208e-06
6.938400e+03	9.482471e-04	-9.596031e-05	3.424098e-05	-9.696510e-04	-5.267996e-05	2.009290e-05
6.950790e+03	5.852973e-04	7.137828e-04	3.152606e-05	-6.181446e-04	-2.711429e-05	3.445710e-05
6.963180e+03	-4.469802e-05	9.372769e-04	1.107336e-04	1.874670e-04	-1.666744e-04	-1.346704e-04
6.975570e+03	-7.940245e-04	4.209680e-04	1.614371e-05	7.704205e-04	-8.514685e-06	1.987562e-05
6.987960e+03	-7.583777e-04	-4.138935e-04	-4.399633e-05	7.894822e-04	-3.469493e-06	-3.431263e-05
7.000350e+03	-1.963153e-04	-8.179507e-04	1.673158e-06	1.754705e-04	-2.107628e-05	1.582893e-05
7.012740e+03	5.222851e-04	-5.769909e-04	-1.423088e-07	-5.235778e-04	-5.618855e-05	2.807216e-07
7.025130e+03	8.591164e-04	6.118151e-05	5.780647e-06	-8.731006e-04	-7.405561e-05	1.309035e-05
7.037520e+03	4.055735e-04	7.525001e-04	2.707922e-05	-4.189506e-04	-3.693556e-05	5.234640e-06
7.049910e+03	-2.380710e-04	7.495041e-04	1.927604e-05	4.220589e-04	-1.454005e-04	-1.859526e-04
7.062300e+03	-8.029998e-04	2.012262e-04	3.048299e-05	8.329999e-04	-2.512770e-05	-3.021082e-05
7.074690e+03	-6.410956e-04	-5.221281e-04	3.485274e-05	6.430085e-04	-2.713037e-05	5.077905e-07
7.087080e+03	2.490528e-05	-8.093322e-04	2.250000e-05	-1.633414e-05	-1.337841e-05	-6.256905e-06
7.099470e+03	6.603130e-04	-4.669567e-04	2.458524e-05	-6.811768e-04	-1.961778e-05	2.294495e-05
7.111860e+03	7.476527e-04	2.664166e-04	6.382802e-06	-7.484115e-04	-3.580916e-05	2.758902e-06
7.124250e+03	2.426196e-04	7.378391e-04	1.229623e-05	-2.572077e-04	-1.452908e-05	1.396464e-05
7.136640e+03	-4.689036e-04	6.490273e-04	3.121864e-05	4.496832e-04	-2.897976e-05	1.997937e-05
7.149030e+03	-7.791690e-04	5.274112e-06	7.219668e-06	7.635546e-04	-3.010187e-05	1.459365e-05
7.161420e+03	-4.912647e-04	-6.209837e-04	7.140360e-06	4.619004e-04	-2.548408e-05	2.793969e-05
7.173810e+03	2.071726e-04	-7.466625e-04	2.607158e-05	-2.134866e-04	-2.881193e-05	6.116520e-06
7.186200e+03	7.039617e-04	-2.748979e-04	2.617114e-05	-7.302074e-04	-7.324318e-06	2.357188e-05
7.198590e+03	6.556634e-04	4.573792e-04	4.115111e-06	-6.575505e-04	-3.153245e-05	-1.573545e-06
7.210980e+03	5.405616e-05	7.041331e-04	1.593834e-06	-4.063780e-05	-1.755951e-05	-1.264451e-05
7.223370e+03	-5.816717e-04	4.609049e-04	1.327195e-05	6.026203e-04	-3.407204e-05	-1.960000e-05
7.235760e+03	-6.825532e-04	-1.665425e-04	1.412474e-05	6.913706e-04	-3.424467e-05	-8.730787e-06
7.248150e+03	-2.423802e-04	-6.548793e-04	2.033635e-05	2.394067e-04	-2.694385e-05	3.264272e-06
7.260540e+03	4.191758e-04	-6.338576e-04	1.742861e-05	-4.379499e-04	-3.909434e-05	1.864945e-05
7.272930e+03	6.968930e-04	-4.819799e-05	1.686306e-05	-7.440825e-04	-3.308325e-05	4.642534e-05
7.285320e+03	4.357329e-04	6.177763e-04	1.098374e-04	-4.896520e-04	-4.689730e-05	5.287789e-05
7.297710e+03	-7.747275e-05	8.565452e-04	2.229365e-05	6.776822e-05	-1.148482e-07	9.173298e-06
7.310100e+03	-6.686888e-04	3.774386e-04	-4.022846e-06	6.616018e-04	-2.461622e-05	9.150703e-06
7.322490e+03	-7.269429e-04	-5.502978e-04	-2.604237e-06	5.298129e-04	-5.588475e-05	1.763292e-04
7.334880e+03	-1.011455e-04	-7.695309e-04	1.650111e-05	2.505849e-05	5.398600e-05	7.111431e-05
7.347270e+03	3.690878e-04	-5.670047e-04	2.556250e-05	-3.914680e-04	-3.798054e-05	2.459527e-05
7.359660e+03	6.950857e-04	4.127080e-05	1.193238e-05	-7.080130e-04	-2.200907e-05	1.403940e-05
7.372050e+03	4.136023e-04	5.641579e-04	2.559755e-05	-4.218820e-04	-3.178976e-05	8.093852e-06
7.384440e+03	-2.242725e-04	6.985851e-04	2.163727e-05	2.073200e-04	-1.364187e-05	1.650941e-05
7.396830e+03	-7.148272e-04	2.861849e-04	1.974471e-05	7.027274e-04	-2.129866e-05	1.305932e-05
7.409220e+03	-6.486419e-04	-4.100812e-04	-9.827057e-06	6.387369e-04	-4.828686e-05	9.523237e-06
7.421610e+03	-1.269001e-04	-6.999307e-04	3.064698e-05	1.077079e-04	-1.932904e-05	1.801074e-05
7.434000e+03	5.149825e-04	-5.043000e-04	2.013723e-05	-5.207606e-04	-2.281384e-05	5.155262e-06
7.446390e+03	6.824284e-04	7.984122e-05	8.705722e-06	-6.954246e-04	-1.976347e-05	1.296954e-05
7.458780e+03	4.027471e-04	6.393969e-04	2.443560e-05	-3.990954e-04	-1.662547e-05	-3.487039e-06
7.471170e+03	-2.698777e-04	6.701653e-04	1.174936e-05	2.490877e-04	-1.494355e-05	1.946717e-05
7.483560e+03	-6.948386e-04	2.048796e-04	2.278220e-07	6.820330e-04	-2.655903e-05	1.239559e-05
7.495950e+03	-6.138358e-04	-3.992402e-04	1.688257e-05	6.091300e-04	-2.142379e-05	4.571773e-06
7.508340e+03	-6.619030e-05	-6.623981e-04	5.960317e-06	5.261039e-05	-4.579479e-05	1.341053e-05
7.520730e+03	4.702766e-04	-4.784642e-04	2.003142e-05	-4.846658e-04	-2.394928e-05	1.442868e-05
7.533120e+03	6.378748e-04	9.966858e-05	2.546375e-05	-6.447754e-04	-1.888764e-05	5.667047e-06
7.545510e+03	3.714836e-04	5.986172e-04	4.587576e-05	-2.712716e-04	2.608430e-05	-7.185036e-05
7.557900e+03	-2.506904e-04	6.370470e-04	6.496504e-06	2.235993e-04	-2.687142e-05	2.650586e-05
7.570290e+03	-6.567194e-04	2.246962e-04	2.081863e-05	6.387735e-04	-1.986952e-05	1.767993e-05
7.582680e+03	-5.468498e-04	-3.758236e-04	-1.946069e-06	5.457038e-04	-1.966839e-05	7.451691e-06
7.595070e+03	-6.767222e-05	-6.038067e-04	5.670827e-06	7.091264e-05	-2.981405e-05	-2.577792e-06
7.607460e+03	4.230045e-04	-3.897040e-04	2.453864e-06	-4.269811e-04	-3.344550e-05	7.759758e-06
7.619850e+03	5.767595e-04	-1.826692e-06	2.501231e-05	-6.271559e-04	-2.708402e-05	4.968590e-05
7.632240e+03	3.021275e-04	4.738857e-04	1.748425e-05	-3.002139e-04	-2.402778e-05	-7.003859e-07
7.644630e+03	-2.092708e-04	5.455370e-04	3.938276e-05	1.935137e-04	-1.448218e-05	1.625910e-05
7.657020e+03	-5.155643e-04	1.242027e-04	1.352277e-05	4.895710e-04	-1.419453e-05	2.884797e-05
7.669410e+03	-4.532125e-04	-2.364000e-04	7.454729e-06	4.461820e-04	-1.876292e-05	7.166439e-06
7.681800e+03	-6.401945e-05	-5.152398e-04	1.153134e-05	5.409538e-05	-3.606553e-05	1.097632e-05
7.694190e+03	3.265350e-04	-3.096297e-04	-2.656027e-07	-3.305280e-04	-4.115753e-05	4.018527e-06
7.706580e+03	4.403525e-04	6.512714e-05	2.272362e-05	-4.542946e-04	-3.672177e-05	1.346162e-05
7.718970e+03	1.702876e-04	3.654168e-04	2.130750e-05	-2.023055e-04	-3.630675e-05	2.466322e-05
7.731360e+03	1.609074e-04	5.624007e-04	1.046069e-05	-5.438730e-04	9.144746e-05	3.807331e-04
7.743750e+03	-4.348665e-04	8.201235e-05	4.249307e-06	4.158500e-04	-1.242900e-05	1.911931e-05
7.756140e+03	-2.535775e-04	-2.987307e-04	1.908162e-05	2.240309e-04	-2.659293e-05	2.971484e-05
7.768530e+03	2.490589e-07	-3.429937e-04	2.954011e-06	-2.814583e-05	-1.669665e-05	2.842251e-05
7.780920e+03	2.819302e-04	-1.982487e-04	7.790171e-06	-2.969992e-04	-1.750019e-05	1.461871e-05
7.793310e+03	2.973699e-04	1.269434e-04	-2.897662e-06	-2.993459e-04	-3.667186e-05	3.127565e-06
7.805700e+03	1.355838e-04	3.946108e-04	-3.370534e-06	-2.007316e-04	-1.569113e-05	6.522583e-05
7.818090e+03	-1.281857e-04	2.331936e-04	6.501077e-06	1.430835e-04	-3.508908e-05	-1.499133e-05
7.830480e+03	-2.925870e-04	1.242058e-05	2.973409e-05	2.816109e-04	-3.528414e-05	1.025325e-05
7.842870e+03	-1.615809e-04	-2.031274e-04	3.908757e-05	1.313008e-04	-1.050126e-05	2.808458e-05
7.855260e+03	1.306047e-04	-2.228419e-04	-5.784337e-05	-3.529687e-06	4.310266e-05	-1.229190e-04
7.867650e+03	7.819033e-04	-2.197239e-04	8.455233e-05	-1.104723e-03	6.647527e-04	3.213089e-04
7.880040e+03	1.286147e-04	1.231933e-04	-2.615942e-06	-1.579622e-04	-2.925547e-05	3.149795e-05
7.892430e+03	-6.226277e-06	1.748549e-04	2.246150e-05	-2.809379e-05	-1.730988e-05	3.598387e-05
7.904820e+03	-1.562301e-04	1.208292e-04	2.280970e-05	1.549631e-04	-5.014893e-05	1.830352e-06
7.917210e+03	-1.760602e-04	-6.508808e-05	3.859701e-05	1.864794e-04	-2.758651e-05	-9.252070e-06
7.929600e+03	-4.752915e-05	-1.801294e-04	1.314674e-05	4.380354e-05	-2.726781e-05	3.759595e-06
7.941990e+03	9.637573e-05	-1.392980e-04	1.137007e-05	-9.991975e-05	-2.492093e-05	5.845736e-06
7.954380e+03	1.868092e-04	-3.588469e-05	2.041516e-05	-2.074832e-04	-2.490452e-05	2.098294e-05
7.966770e+03	8.864617e-05	1.595268e-04	2.486193e-05	-1.088805e-04	-3.357585e-05	2.100058e-05
7.979160e+03	-5.125296e-05	1.412860e-04	1.411105e-05	4.103791e-05	-2.615776e-05	1.180504e-05
