1.313340e+03	9.566940e-02	-1.813116e-02	5.347010e-05	-9.625937e-02	-9.054665e-05	5.378911e-04
1.325730e+03	9.939828e-02	9.227207e-03	2.206547e-05	-9.979819e-02	-3.803230e-05	3.818971e-04
1.338120e+03	9.319558e-02	3.519180e-02	-5.853566e-06	-9.345029e-02	1.471938e-05	2.119627e-04
1.350510e+03	8.019061e-02	5.873646e-02	1.386012e-05	-8.038872e-02	2.379775e-06	1.231984e-04
1.362900e+03	6.194811e-02	7.793391e-02	-2.640103e-05	-6.216262e-02	5.902486e-05	2.172968e-04
1.375290e+03	3.900842e-02	9.193413e-02	-1.052043e-05	-3.937131e-02	1.940210e-06	3.583190e-04
1.387680e+03	1.301679e-02	9.914568e-02	-2.511192e-05	-1.351720e-02	2.398855e-05	4.105840e-04
1.400070e+03	-1.411864e-02	9.923681e-02	1.418223e-05	1.374810e-02	-5.199086e-05	4.082617e-04
1.412460e+03	-4.010961e-02	9.175085e-02	-3.878191e-06	3.980475e-02	3.135806e-07	3.048029e-04
1.424850e+03	-6.306772e-02	7.772013e-02	-2.705528e-06	6.289814e-02	-4.570693e-05	1.330641e-04
1.437240e+03	-8.184430e-02	5.822703e-02	2.287979e-05	8.169438e-02	-3.527919e-05	1.665031e-04
1.449630e+03	-9.524891e-02	3.405626e-02	2.998644e-05	9.486178e-02	5.694572e-06	3.449953e-04
1.462020e+03	-1.013049e-01	6.783350e-03	7.616363e-05	1.006131e-01	-6.306157e-06	4.544606e-04
1.474410e+03	-9.941378e-02	-2.137315e-02	-6.013949e-06	9.893356e-02	1.342546e-05	3.451946e-04
1.486800e+03	-8.964107e-02	-4.783852e-02	2.140146e-06	8.937048e-02	2.295840e-05	2.291052e-04
1.499190e+03	-7.303487e-02	-7.053382e-02	3.434731e-05	7.291095e-02	5.589677e-05	1.152076e-04
1.511580e+03	-5.093983e-02	-8.797550e-02	4.145261e-05	5.084036e-02	2.924302e-05	1.062476e-04
1.523970e+03	-2.488639e-02	-9.912421e-02	-5.102270e-05	2.474015e-02	-9.948608e-06	1.642441e-04
1.536360e+03	3.539884e-03	-1.019944e-01	1.364252e-05	-3.836194e-03	2.831553e-05	2.896540e-04
1.548750e+03	3.200198e-02	-9.785631e-02	-1.592901e-05	-3.230618e-02	-1.149502e-05	3.033178e-04
1.561140e+03	5.841397e-02	-8.503029e-02	-1.935006e-05	-5.864949e-02	-5.267616e-05	2.490103e-04
1.573530e+03	8.033529e-02	-6.501047e-02	1.069587e-05	-8.034069e-02	-3.896341e-06	6.218525e-05
1.585920e+03	9.595916e-02	-3.992332e-02	1.689226e-05	-9.599869e-02	1.492977e-05	4.908799e-05
1.598310e+03	1.039976e-01	-1.076120e-02	2.496818e-06	-1.039976e-01	-1.483350e-05	2.500353e-05
1.610700e+03	1.031447e-01	1.958336e-02	2.209611e-06	-1.031428e-01	4.449761e-05	1.386585e-04
1.623090e+03	9.329101e-02	4.907568e-02	-1.692928e-05	-9.337200e-02	6.361555e-05	1.608148e-04
1.635480e+03	7.514691e-02	7.420049e-02	-6.297579e-06	-7.522060e-02	1.037255e-05	4.075638e-05
1.647870e+03	5.034423e-02	9.320187e-02	-5.470080e-05	-5.017117e-02	3.418630e-05	-1.063263e-04
1.660260e+03	2.095041e-02	1.040644e-01	-7.643081e-05	-2.075096e-02	3.920321e-05	-1.599915e-04
1.672650e+03	-1.061599e-02	1.055291e-01	-3.338203e-05	1.069674e-02	-2.608008e-05	-9.472124e-05
1.685040e+03	-4.185371e-02	9.863634e-02	-4.523658e-05	4.185825e-02	-2.317480e-05	-3.989917e-05
1.697430e+03	-7.006000e-02	8.227414e-02	3.199414e-05	6.997605e-02	-6.286249e-05	8.961896e-05
1.709820e+03	-9.197359e-02	5.739341e-02	-6.994170e-05	9.197662e-02	-4.578088e-05	-4.066367e-05
1.722210e+03	-1.053325e-01	2.692986e-02	3.484404e-05	1.053325e-01	-5.273170e-05	-1.316713e-04
1.734600e+03	-1.087515e-01	-6.856072e-03	4.008305e-05	1.087515e-01	-3.576372e-05	-2.158785e-04
1.746990e+03	-1.020702e-01	-4.013064e-02	1.440528e-04	1.020625e-01	1.769223e-05	-1.795698e-04
1.759380e+03	-8.469753e-02	-7.006278e-02	-5.466267e-05	8.500246e-02	-3.274476e-05	-2.437692e-04
1.771770e+03	-5.901760e-02	-9.314278e-02	6.540919e-05	5.929273e-02	3.005497e-05	-2.721889e-04
1.784160e+03	-2.713653e-02	-1.076153e-01	2.229118e-06	2.733217e-02	-1.131165e-05	-1.815874e-04
1.796550e+03	8.059997e-03	-1.103589e-01	1.010598e-05	-7.802722e-03	-2.734627e-05	-2.516397e-04
1.808940e+03	4.261401e-02	-1.026821e-01	-6.887206e-06	-4.231023e-02	-6.707538e-05	-3.147377e-04
1.821330e+03	7.337629e-02	-8.462360e-02	7.500721e-05	-7.317296e-02	5.491473e-05	-2.512799e-04
1.833720e+03	9.688051e-02	-5.706803e-02	3.223694e-05	-9.694994e-02	-1.066272e-04	-1.804221e-04
1.846110e+03	1.107751e-01	-2.294879e-02	7.034947e-05	-1.099612e-01	1.555812e-04	-1.842536e-04
1.858500e+03	1.122110e-01	1.421782e-02	2.244166e-05	-1.117390e-01	1.228598e-04	-2.067232e-04
1.870890e+03	1.020114e-01	5.007579e-02	2.509996e-05	-1.020107e-01	2.030047e-05	-2.379763e-04
1.883280e+03	8.008761e-02	8.051447e-02	-1.987447e-05	-7.976019e-02	6.087352e-05	-3.028808e-04
1.895670e+03	4.955387e-02	1.022356e-01	-1.186686e-04	-4.925387e-02	1.394014e-04	-3.024113e-04
1.908060e+03	1.344959e-02	1.127844e-01	-7.750240e-05	-1.315878e-02	1.901245e-05	-3.333252e-04
1.920450e+03	-2.439439e-02	1.111986e-01	-1.490496e-04	2.459856e-02	2.199465e-05	-2.564119e-04
1.932840e+03	-5.973020e-02	9.749584e-02	-1.039283e-04	6.001963e-02	-4.309960e-05	-3.263361e-04
1.945230e+03	-8.899278e-02	7.223496e-02	-7.271566e-05	8.909222e-02	-7.963905e-05	-1.055501e-04
1.957620e+03	-1.084388e-01	3.850316e-02	3.434411e-06	1.084411e-01	-1.237640e-04	-1.777318e-04
1.970010e+03	-1.148572e-01	3.740283e-04	-1.313082e-06	1.148572e-01	-9.709737e-05	-1.280433e-04
1.982400e+03	-1.082698e-01	-3.829245e-02	5.839803e-05	1.082660e-01	-5.131787e-05	-1.371020e-04
1.994790e+03	-8.950690e-02	-7.240440e-02	5.976101e-05	8.961595e-02	-7.212895e-05	-4.179293e-05
2.007180e+03	-6.009243e-02	-9.825000e-02	1.159827e-04	6.019243e-02	-1.331613e-05	-1.209690e-04
2.019570e+03	-2.368994e-02	-1.122523e-01	-1.194776e-05	2.378893e-02	-9.390953e-05	-1.067697e-04
2.031960e+03	1.550325e-02	-1.138102e-01	1.131500e-04	-1.552845e-02	6.015433e-05	-8.772427e-06
2.044350e+03	5.319703e-02	-1.022058e-01	3.356677e-05	-5.320340e-02	-7.873718e-05	-2.007637e-05
2.056740e+03	8.454616e-02	-7.861466e-02	5.598071e-05	-8.450942e-02	-1.141313e-07	-1.243498e-05
2.069130e+03	1.066515e-01	-4.515489e-02	8.193549e-05	-1.066356e-01	1.857192e-04	5.243145e-05
2.081520e+03	1.150000e-01	-6.355264e-03	4.072827e-05	-1.150000e-01	7.601509e-05	6.738671e-05
2.093910e+03	1.111189e-01	3.339970e-02	2.108400e-05	-1.111068e-01	8.044626e-05	1.726670e-04
2.106300e+03	9.278697e-02	6.925765e-02	-4.582370e-05	-9.309282e-02	2.217561e-04	2.289138e-04
2.118690e+03	6.368278e-02	9.660590e-02	-4.705273e-05	-6.383160e-02	8.986661e-05	1.465632e-04
2.131080e+03	2.661600e-02	1.134635e-01	-2.275659e-04	-2.671447e-02	9.359964e-05	1.144014e-04
2.143470e+03	-1.370595e-02	1.154736e-01	-1.364651e-04	1.362474e-02	-2.002473e-06	9.911639e-05
2.155860e+03	-5.251673e-02	1.036591e-01	-1.129214e-04	5.236754e-02	-5.307117e-05	1.548384e-04
2.168250e+03	-8.534714e-02	7.975194e-02	-1.408680e-04	8.505338e-02	-1.118960e-04	2.844227e-04
2.180640e+03	-1.081354e-01	4.525636e-02	-1.324478e-04	1.080767e-01	-1.367417e-04	2.723005e-04
2.193030e+03	-1.169986e-01	5.061024e-03	8.213675e-05	1.169986e-01	-2.168589e-04	2.071453e-04
2.205420e+03	-1.120462e-01	-3.664027e-02	6.757645e-05	1.120546e-01	-1.168979e-04	2.996345e-04
2.217810e+03	-9.211953e-02	-7.386137e-02	4.261144e-05	9.185016e-02	-1.007435e-04	3.705935e-04
2.230200e+03	-6.049282e-02	-1.018292e-01	1.556102e-04	6.018987e-02	-6.214491e-05	2.769184e-04
2.242590e+03	-2.040195e-02	-1.172917e-01	1.611057e-04	2.018703e-02	1.846510e-05	2.238097e-04
2.254980e+03	2.205697e-02	-1.176384e-01	9.950089e-05	-2.234763e-02	-3.628490e-05	3.279384e-04
2.267370e+03	6.276953e-02	-1.017418e-01	1.830103e-04	-6.310106e-02	1.211813e-04	3.590377e-04
2.279760e+03	9.550246e-02	-7.227422e-02	3.599565e-05	-9.581269e-02	-8.742258e-05	2.542115e-04
2.292150e+03	1.164078e-01	-3.276843e-02	9.357505e-05	-1.168857e-01	1.814803e-04	4.541317e-04
2.304540e+03	1.200000e-01	1.238766e-02	4.611418e-05	-1.200000e-01	1.742181e-06	3.682560e-04
2.316930e+03	1.080393e-01	5.631665e-02	-3.265028e-05	-1.081304e-01	2.217209e-04	3.320614e-04
2.329320e+03	7.949372e-02	9.300546e-02	-2.129812e-04	-7.975536e-02	2.769385e-04	2.399937e-04
2.341710e+03	3.906581e-02	1.168403e-01	-1.241822e-04	-3.927710e-02	7.627443e-05	1.999538e-04
2.354100e+03	-8.047531e-03	1.226239e-01	-2.916504e-04	7.735004e-03	7.660767e-05	2.795687e-04
2.366490e+03	-5.498985e-02	1.117486e-01	-2.100272e-04	5.479085e-02	-1.359772e-04	2.510093e-04
2.378880e+03	-9.506601e-02	8.269373e-02	-1.399727e-04	9.448474e-02	-1.215937e-04	3.289925e-04
2.391270e+03	-1.209070e-01	3.904775e-02	-7.130663e-05	1.199042e-01	-2.582101e-04	3.720946e-04
2.403660e+03	-1.273038e-01	-1.203010e-02	3.820723e-05	1.264653e-01	-2.259376e-04	2.934924e-04
2.416050e+03	-1.125114e-01	-6.287778e-02	1.298657e-04	1.125850e-01	-1.993474e-04	5.771454e-04
2.428440e+03	-7.817701e-02	-1.038704e-01	1.900038e-04	7.763977e-02	-1.039293e-04	4.584511e-04
2.440830e+03	-2.847653e-02	-1.287646e-01	1.830360e-04	2.784819e-02	-2.309481e-05	6.572928e-04
2.453220e+03	2.829132e-02	-1.298205e-01	1.804214e-04	-2.899523e-02	1.470772e-06	7.182946e-04
2.465610e+03	8.175227e-02	-1.059744e-01	1.644968e-04	-8.248045e-02	1.043730e-04	7.365067e-04
2.478000e+03	1.210213e-01	-6.006644e-02	1.037112e-04	-1.220156e-01	1.314445e-04	9.618970e-04
2.490390e+03	1.348353e-01	5.476756e-04	6.905097e-05	-1.358353e-01	2.396505e-04	1.129007e-03
2.502780e+03	1.222521e-01	6.396980e-02	-2.468877e-05	-1.232470e-01	2.264555e-04	1.152073e-03
2.515170e+03	7.856732e-02	1.148855e-01	-2.360012e-04	-7.971345e-02	3.367365e-04	1.112519e-03
2.527560e+03	1.273466e-02	1.405477e-01	-2.390611e-04	-1.369868e-02	4.262595e-06	9.716662e-04
2.539950e+03	-5.937340e-02	1.298694e-01	-3.111825e-04	5.846756e-02	-1.707619e-05	8.869577e-04
2.552340e+03	-1.176420e-01	8.115124e-02	-2.995153e-04	1.166994e-01	-3.232450e-04	7.218663e-04
2.564730e+03	-1.415758e-01	6.201168e-03	8.622238e-06	1.406619e-01	-4.244914e-04	8.074685e-04
2.577120e+03	-1.205306e-01	-7.140953e-02	2.836578e-04	1.200795e-01	-2.755294e-04	4.563906e-04
2.589510e+03	-5.822342e-02	-1.240686e-01	2.438278e-04	5.831457e-02	-1.929043e-04	-1.248164e-04
2.601900e+03	2.365335e-02	-1.287998e-01	3.499171e-04	-2.287226e-02	1.283816e-04	-8.001729e-04
2.614290e+03	9.183298e-02	-8.310901e-02	2.419958e-04	-9.063922e-02	2.195430e-04	-9.845285e-04
2.626680e+03	1.119446e-01	-8.639169e-03	2.661971e-04	-1.109448e-01	9.157991e-04	-1.358490e-03
2.639070e+03	8.320572e-02	5.603114e-02	-3.424370e-04	-8.151393e-02	1.925761e-04	-1.735864e-03
2.651460e+03	2.406960e-02	8.073837e-02	-2.746499e-04	-2.121286e-02	2.363731e-04	-2.885045e-03
2.663850e+03	-2.511395e-02	5.749968e-02	-3.222311e-04	2.622317e-02	-3.569441e-04	-1.081168e-03
2.676240e+03	-4.026203e-02	2.162064e-02	-3.687140e-04	4.416634e-02	-5.376649e-04	-3.889562e-03
2.688630e+03	-2.299927e-02	-3.759581e-03	-5.254724e-05	2.552537e-02	-4.148487e-04	-2.580059e-03
2.701020e+03	-8.092331e-03	-3.097077e-03	-2.520583e-04	1.060331e-02	-6.649414e-04	-2.519183e-03
2.713410e+03	-1.233018e-02	5.145878e-03	6.556590e-04	1.327872e-02	6.575913e-04	-1.264908e-03
2.725800e+03	-2.726587e-02	3.531888e-03	-1.949852e-04	2.916853e-02	-1.538010e-04	-1.990000e-03
2.738190e+03	-3.230839e-02	-1.947569e-02	2.221654e-04	3.477085e-02	2.152170e-04	-2.537698e-03
2.750580e+03	-1.398048e-02	-4.765086e-02	3.001163e-04	1.606110e-02	2.475250e-04	-2.113096e-03
2.762970e+03	2.699743e-02	-5.000742e-02	3.511865e-04	-2.552704e-02	3.132639e-04	-1.476277e-03
2.775360e+03	6.136956e-02	-2.023526e-02	-1.458583e-04	-6.308879e-02	-1.473614e-04	1.518608e-03
2.787750e+03	5.765379e-02	3.560915e-02	2.599325e-05	-5.629373e-02	2.964288e-04	-1.364817e-03
2.800140e+03	1.483176e-02	6.699170e-02	3.622997e-04	-1.472109e-02	9.973257e-04	-1.799284e-04
2.812530e+03	-4.147287e-02	5.629081e-02	-6.964429e-04	4.069090e-02	-7.108973e-04	8.369382e-04
2.824920e+03	-7.165713e-02	8.647142e-03	2.711197e-05	7.001850e-02	-1.233864e-04	1.654227e-03
2.837310e+03	-5.712129e-02	-4.910337e-02	2.628862e-04	5.524605e-02	-9.950036e-06	1.944708e-03
2.849700e+03	-3.648482e-03	-7.618505e-02	2.024899e-04	1.664533e-03	-1.209207e-04	1.993807e-03
2.862090e+03	5.734087e-02	-5.462450e-02	2.224798e-04	-5.908840e-02	2.053936e-04	1.727273e-03
2.874480e+03	8.107707e-02	1.093320e-02	-1.226328e-04	-8.263051e-02	2.176069e-04	1.464470e-03
2.886870e+03	4.212834e-02	7.040025e-02	-2.130934e-04	-4.160587e-02	4.697818e-04	-5.395825e-04
2.899260e+03	-2.761079e-02	7.469053e-02	-3.372871e-04	2.911732e-02	-4.451571e-05	-1.600233e-03
2.911650e+03	-7.271505e-02	2.488685e-02	-1.201582e-04	7.611419e-02	-1.829230e-04	-3.367082e-03
2.924040e+03	-5.877426e-02	-4.271679e-02	4.921035e-04	6.150845e-02	2.582015e-04	-2.810156e-03
2.936430e+03	9.078906e-04	-6.898810e-02	-4.510727e-05	9.413248e-04	-4.920816e-04	-1.841135e-03
2.948820e+03	5.325966e-02	-3.829778e-02	1.586652e-05	-5.249327e-02	1.207034e-04	-7.530956e-04
2.961210e+03	5.896820e-02	2.171597e-02	-4.399599e-04	-5.857489e-02	-5.020907e-04	-2.867389e-04
2.973600e+03	1.369158e-02	5.519772e-02	-5.996104e-04	-1.437233e-02	-3.936240e-04	6.704320e-04
2.985990e+03	-3.453092e-02	4.287958e-02	-2.889573e-04	3.464900e-02	-5.918433e-04	-2.000374e-04
2.998380e+03	-5.209622e-02	-5.979409e-03	3.791911e-05	5.240771e-02	-4.813203e-04	-1.747486e-04
3.010770e+03	-2.355214e-02	-4.678049e-02	3.756587e-04	2.300735e-02	-5.616110e-05	5.292019e-04
3.023160e+03	2.381229e-02	-4.692684e-02	4.050455e-04	-2.483652e-02	3.321459e-04	9.016235e-04
3.035550e+03	5.115294e-02	-4.092835e-03	9.401126e-05	-5.076041e-02	4.528574e-04	-3.482287e-04
3.047940e+03	3.339003e-02	3.527268e-02	-2.561140e-04	-3.617917e-02	4.585138e-04	2.703523e-03
3.060330e+03	-1.018348e-02	4.941932e-02	-5.595037e-04	8.293331e-03	-3.581726e-05	1.993173e-03
3.072720e+03	-4.527872e-02	2.116855e-02	-3.408751e-04	4.533557e-02	-2.348715e-04	1.777015e-05
3.085110e+03	-4.274163e-02	-2.520503e-02	1.279889e-03	4.354001e-02	1.159831e-03	-7.420053e-04
3.097500e+03	-5.183615e-03	-4.673286e-02	7.308933e-04	6.136047e-03	1.893818e-04	-9.543732e-04
3.109890e+03	3.722538e-02	-2.858744e-02	5.241128e-04	-3.686711e-02	4.792076e-04	-4.377977e-04
3.122280e+03	4.127942e-02	1.309504e-02	2.896095e-04	-4.091719e-02	7.448121e-04	-3.282258e-04
3.134670e+03	1.221209e-02	4.202883e-02	-8.072353e-04	-1.064741e-02	4.865271e-04	-1.435297e-03
3.147060e+03	-2.667698e-02	3.164492e-02	-4.152475e-04	2.700899e-02	2.004269e-04	-3.168295e-04
3.159450e+03	-3.992888e-02	-4.436090e-03	-7.149096e-04	4.004928e-02	-6.415390e-05	-9.667810e-05
3.171840e+03	-1.994177e-02	-3.459476e-02	3.919226e-07	1.928315e-02	-3.184728e-04	6.517236e-04
3.184230e+03	1.614620e-02	-3.506895e-02	2.674287e-04	-1.695294e-02	-1.410089e-04	7.501984e-04
3.196620e+03	3.740416e-02	-7.783444e-03	3.827501e-04	-3.865486e-02	1.025735e-04	1.137506e-03
3.209010e+03	2.756719e-02	2.514727e-02	3.333225e-05	-2.811873e-02	2.042229e-04	7.869200e-04
3.221400e+03	-3.046231e-03	3.663717e-02	-7.265780e-05	2.136851e-03	2.957785e-04	8.997892e-04
3.233790e+03	-3.160069e-02	2.072348e-02	-2.338771e-04	3.083727e-02	1.809287e-04	5.119399e-04
3.246180e+03	-3.536475e-02	-1.138920e-02	5.941765e-05	3.516875e-02	1.273392e-04	2.030516e-04
3.258570e+03	-1.148440e-02	-3.379741e-02	-3.039510e-04	1.118636e-02	-2.729704e-04	3.378684e-04
3.270960e+03	1.883287e-02	-2.923607e-02	1.372180e-04	-2.037122e-02	-2.945126e-05	1.506622e-03
3.283350e+03	3.177670e-02	1.385307e-04	-2.143719e-04	-3.118289e-02	2.015506e-04	-5.278464e-04
3.295740e+03	1.954629e-02	2.496978e-02	-5.127603e-05	-1.976167e-02	3.227991e-04	1.979430e-04
3.308130e+03	-9.613592e-03	2.888980e-02	-6.440057e-04	1.071238e-02	-4.717501e-04	-1.100416e-03
3.320520e+03	-2.928337e-02	7.804220e-03	-6.179613e-04	2.939843e-02	4.380237e-04	-1.137763e-04
3.332910e+03	-2.322951e-02	-1.787186e-02	-1.074317e-04	2.449258e-02	1.977614e-04	-1.288702e-03
3.345300e+03	1.080369e-03	-2.976850e-02	-3.646523e-04	-1.535599e-03	-3.868175e-04	4.563247e-04
3.357690e+03	2.434312e-02	-1.445506e-02	3.973595e-05	-2.426714e-02	-1.061702e-04	-1.824669e-04
3.370080e+03	2.482955e-02	1.290285e-02	-2.967423e-04	-2.387634e-02	9.107697e-04	-5.357909e-04
3.382470e+03	6.246450e-03	2.476642e-02	-1.512898e-04	-6.513865e-03	1.365310e-04	2.848491e-04
3.394860e+03	-1.776471e-02	1.972411e-02	-3.375649e-04	1.810450e-02	3.137096e-04	-3.470940e-04
3.407250e+03	-2.618938e-02	-2.665697e-03	-3.009130e-04	2.627865e-02	-8.800126e-05	-1.988087e-05
3.419640e+03	-1.485506e-02	-2.202760e-02	1.402316e-04	1.556191e-02	3.427067e-04	-5.867631e-04
3.432030e+03	9.010818e-03	-2.571660e-02	-2.298084e-04	-9.255345e-03	-2.982828e-04	2.310009e-04
3.444420e+03	2.550991e-02	-9.186769e-03	4.957192e-06	-2.565585e-02	-1.272231e-04	1.357956e-04
3.456810e+03	2.323890e-02	1.423774e-02	1.227863e-04	-2.281455e-02	1.736755e-04	-4.307319e-04
3.469200e+03	2.462036e-03	2.621588e-02	3.714749e-04	-1.250168e-03	5.676375e-04	-1.202222e-03
3.481590e+03	-1.777463e-02	1.757163e-02	-7.801820e-04	1.827099e-02	-6.528313e-04	-4.918675e-04
3.493980e+03	-2.215600e-02	-2.473833e-03	-2.147066e-04	2.250851e-02	-2.908899e-04	-3.151273e-04
3.506370e+03	-1.354922e-02	-1.977357e-02	6.955126e-04	1.438720e-02	6.927569e-04	-6.170924e-04
3.518760e+03	7.092643e-03	-2.214938e-02	-7.371450e-04	-7.141256e-03	-3.489152e-04	3.442639e-05
3.531150e+03	2.089211e-02	-4.391022e-03	2.693688e-04	-1.989147e-02	3.763118e-04	-9.979009e-04
3.543540e+03	1.556675e-02	1.071413e-02	-1.215583e-04	-1.620244e-02	-1.242316e-04	7.444102e-04
3.555930e+03	-1.572077e-04	1.961293e-02	-5.271552e-05	5.646842e-04	3.382597e-04	-4.274245e-04
3.568320e+03	-1.563529e-02	1.024125e-02	-3.605761e-04	1.518050e-02	-1.949931e-04	2.165313e-04
3.580710e+03	-1.629663e-02	-6.060720e-03	-2.056831e-04	1.581021e-02	1.414677e-04	3.975546e-04
3.593100e+03	-5.933219e-03	-1.486519e-02	-7.550792e-05	7.034517e-03	1.299998e-04	-8.979111e-04
3.605490e+03	8.746194e-03	-1.442904e-02	-3.933410e-04	-8.552271e-03	-2.477348e-04	-1.299525e-04
3.617880e+03	1.668744e-02	-1.870807e-03	1.806614e-04	-1.731587e-02	1.760818e-04	4.899501e-04
3.630270e+03	9.597617e-03	1.134005e-02	-3.064126e-04	-9.423986e-03	-4.960885e-04	-1.613519e-04
3.642660e+03	-2.575765e-03	1.529849e-02	1.216941e-04	3.390504e-03	1.135409e-04	-7.987822e-04
3.655050e+03	-1.200882e-02	6.654290e-03	-1.639596e-04	1.252740e-02	-1.199943e-04	-4.556586e-04
3.667440e+03	-1.280877e-02	-6.227676e-03	-1.375111e-04	1.267713e-02	-5.654487e-05	1.085246e-05
3.679830e+03	-1.875400e-03	-1.287713e-02	-3.240989e-04	1.744287e-03	-1.205276e-04	1.280670e-04
3.692220e+03	8.681183e-03	-7.682742e-03	-4.958135e-04	-8.243449e-03	-1.906292e-04	-2.876896e-04
3.704610e+03	1.069220e-02	2.982833e-03	-5.475593e-04	-1.047423e-02	3.475276e-05	-2.062662e-04
3.717000e+03	2.802970e-03	9.622968e-03	-5.101785e-04	-2.258318e-03	-5.166851e-04	-5.323130e-04
3.729390e+03	-8.221760e-03	8.074164e-03	1.608751e-04	8.206256e-03	2.964022e-04	1.622033e-05
3.741780e+03	-1.169983e-02	-2.586278e-03	-3.698277e-04	1.169980e-02	-5.618004e-04	7.952326e-05
3.754170e+03	-4.648397e-03	-1.088538e-02	2.073343e-04	4.524020e-03	2.672048e-04	1.405835e-04
3.766560e+03	5.591807e-03	-1.064484e-02	1.394271e-04	-6.135970e-03	6.030716e-04	5.646613e-04
3.778950e+03	1.198565e-02	-6.810066e-04	-1.316366e-04	-1.165695e-02	1.909095e-04	-2.996710e-04
3.791340e+03	7.798144e-03	9.314213e-03	-5.586773e-04	-7.506060e-03	-4.133225e-04	-4.700172e-04
3.803730e+03	-1.637813e-03	1.194385e-02	1.317674e-04	2.047577e-03	5.446621e-04	-3.860162e-04
3.816120e+03	-1.050694e-02	5.693176e-03	-3.490108e-04	1.110652e-02	-1.864972e-04	-5.633963e-04
3.828510e+03	-1.113183e-02	-5.782925e-03	6.521668e-05	1.137216e-02	-8.991762e-05	-5.314231e-05
3.840900e+03	-2.459659e-03	-1.116149e-02	1.898666e-04	2.764834e-03	2.209324e-04	-2.598339e-04
3.853290e+03	7.536571e-03	-8.236537e-03	2.202855e-04	-7.366088e-03	3.918214e-04	-2.004509e-04
3.865680e+03	1.076511e-02	1.402233e-03	-1.436821e-04	-1.111308e-02	2.428874e-04	3.038176e-04
3.878070e+03	5.436111e-03	9.559966e-03	-5.179381e-04	-5.374773e-03	-2.568873e-04	-5.621732e-05
3.890460e+03	-5.665475e-03	9.094668e-03	4.232779e-05	6.099102e-03	2.775219e-04	-4.222555e-04
3.902850e+03	-1.079489e-02	5.002558e-04	-2.696890e-04	1.104493e-02	-2.070113e-04	-2.346314e-04
3.915240e+03	-6.361213e-03	-9.110983e-03	2.321066e-05	6.165307e-03	-1.999647e-05	1.552215e-04
3.927630e+03	4.267531e-03	-1.062021e-02	9.921191e-07	-4.341463e-03	-1.248069e-04	1.345610e-04
3.940020e+03	1.112319e-02	-3.254701e-03	2.175077e-04	-1.149811e-02	3.662900e-04	3.403872e-04
3.952410e+03	9.277301e-03	7.799885e-03	-9.023701e-05	-9.133175e-03	1.861288e-04	-1.825159e-04
3.964800e+03	-7.203331e-04	1.273103e-02	-9.368204e-05	1.205473e-03	2.367396e-04	-5.025179e-04
3.977190e+03	-8.894335e-03	7.802636e-03	-1.482878e-04	9.454368e-03	1.161597e-04	-5.560871e-04
3.989580e+03	-1.279624e-02	-4.926360e-03	1.541291e-04	1.291474e-02	8.517701e-05	-1.620397e-04
4.001970e+03	-3.300215e-03	-1.238546e-02	1.692167e-04	3.045997e-03	3.620942e-04	1.941282e-04
4.014360e+03	7.457443e-03	-1.059111e-02	1.628907e-04	-7.955985e-03	1.896354e-04	3.628572e-04
4.026750e+03	1.171169e-02	1.220878e-03	8.488547e-05	-1.116642e-02	3.979978e-04	-4.751890e-04
4.039140e+03	6.701639e-03	1.031368e-02	-3.137308e-04	-6.668205e-03	-1.342007e-04	-1.182888e-04
4.051530e+03	-5.325073e-03	1.140326e-02	-1.111067e-05	5.514053e-03	3.585867e-04	-2.303794e-04
4.063920e+03	-1.229426e-02	2.259569e-03	-2.246595e-04	1.262320e-02	2.001306e-05	-3.602898e-04
4.076310e+03	-8.327599e-03	-1.013734e-02	1.118140e-04	8.016229e-03	1.619434e-04	3.092281e-04
4.088700e+03	2.753063e-03	-1.306900e-02	1.057641e-04	-2.892859e-03	-7.008680e-05	1.521854e-04
4.101090e+03	1.305943e-02	-4.881083e-03	-1.381810e-04	-1.301156e-02	-7.700297e-05	-8.351123e-05
4.113480e+03	1.192772e-02	8.176108e-03	2.787454e-04	-1.183961e-02	-5.255808e-05	-1.486522e-04
4.125870e+03	1.496642e-03	1.519386e-02	-1.764058e-04	-6.560792e-04	7.665255e-05	-8.267077e-04
4.138260e+03	-1.074862e-02	9.576794e-03	-4.296168e-04	1.075030e-02	-3.774482e-04	-3.209371e-05
4.150650e+03	-1.409015e-02	-2.637138e-03	2.060000e-04	1.448370e-02	-4.541565e-04	-3.987819e-04
4.163040e+03	-6.900296e-03	-1.247145e-02	-2.293399e-04	7.180615e-03	-1.800553e-04	-2.742090e-04
4.175430e+03	6.080266e-03	-1.204090e-02	-1.557316e-04	-6.191463e-03	-2.761547e-04	1.224123e-04
4.187820e+03	1.274065e-02	-2.359233e-03	-1.021379e-04	-1.267191e-02	-1.451934e-04	3.904588e-05
4.200210e+03	8.111394e-03	8.512057e-03	-5.600848e-05	-8.081839e-03	1.742445e-04	-4.891101e-05
4.212600e+03	-2.169601e-03	1.234803e-02	-6.603377e-05	2.922828e-03	8.978709e-05	-7.367601e-04
4.224990e+03	-1.102100e-02	4.373451e-03	-6.796240e-05	1.115243e-02	1.888543e-04	-1.747985e-04
4.237380e+03	-1.059430e-02	-7.283144e-03	-3.045134e-04	1.044163e-02	-1.788806e-04	1.628218e-04
4.249770e+03	-4.329691e-04	-1.246494e-02	-6.404127e-05	-1.039273e-04	-4.817080e-04	5.452637e-04
4.262160e+03	1.016930e-02	-6.703154e-03	8.924214e-04	-1.092612e-02	1.166380e-03	7.028381e-04
4.274550e+03	1.042175e-02	6.404679e-03	-1.894256e-04	-9.871403e-03	-1.398558e-04	-6.268664e-04
4.286940e+03	2.144176e-03	1.076447e-02	-7.986729e-04	-2.260962e-03	-2.268735e-04	3.533350e-05
4.299330e+03	-6.341652e-03	9.682341e-03	8.186692e-05	7.083950e-03	3.090918e-04	-6.713464e-04
4.311720e+03	-1.172644e-02	-2.024952e-03	-3.123309e-04	1.087144e-02	2.512079e-04	8.263939e-04
4.324110e+03	-4.838122e-03	-8.734119e-03	-1.701949e-04	4.761599e-03	3.937239e-05	7.781392e-05
4.336500e+03	4.974577e-03	-9.003743e-03	4.753585e-04	-5.659615e-03	5.835416e-04	5.168882e-04
4.348890e+03	8.198451e-03	-7.068106e-04	-2.646642e-04	-8.075297e-03	-6.374090e-05	-1.311214e-04
4.361280e+03	4.835554e-03	6.459531e-03	1.425431e-04	-4.396402e-03	2.990855e-04	-3.613503e-04
4.373670e+03	-2.224094e-03	8.275335e-03	-4.537452e-04	2.687845e-03	-3.077449e-04	-4.295182e-04
4.386060e+03	-8.296062e-03	1.263207e-03	1.170424e-04	8.276355e-03	1.330788e-04	4.690789e-05
4.398450e+03	-5.193025e-03	-6.162852e-03	6.029145e-05	5.241493e-03	2.532883e-04	-6.131091e-05
4.410840e+03	2.255785e-03	-8.187472e-03	-1.694507e-04	-2.630363e-03	-1.842165e-04	3.753247e-04
4.423230e+03	9.778815e-03	-1.314183e-03	-3.955818e-04	-9.629152e-03	-2.266495e-04	-1.034880e-04
4.435620e+03	5.980840e-03	5.628848e-03	-1.862120e-04	-6.154131e-03	-6.842886e-05	2.077250e-04
4.448010e+03	-3.671169e-04	9.088386e-03	-5.483818e-05	6.323371e-04	9.381400e-05	-3.345106e-04
4.460400e+03	-7.660876e-03	4.046339e-03	-2.641511e-04	7.844937e-03	-1.118581e-04	-2.475408e-04
4.472790e+03	-8.235705e-03	-3.685980e-03	3.629565e-05	8.074274e-03	2.186272e-04	9.716414e-05
4.485180e+03	-1.293394e-03	-7.346227e-03	-2.393016e-04	1.272351e-03	-1.828805e-04	9.217715e-06
4.497570e+03	4.932126e-03	-6.184749e-03	1.511416e-04	-5.618803e-03	2.536557e-04	8.003636e-04
4.509960e+03	5.668739e-03	2.691089e-03	-7.540462e-04	-4.820135e-03	-7.177909e-04	-9.113644e-04
4.522350e+03	1.711873e-03	6.515040e-03	1.851490e-04	-6.693959e-04	5.710165e-05	-1.028010e-03
4.534740e+03	-5.226966e-03	2.901813e-03	-1.964830e-04	4.631591e-03	-1.040384e-04	6.664881e-04
4.547130e+03	-5.729915e-03	-1.846938e-03	-1.923902e-05	5.469995e-03	1.667791e-04	2.628984e-04
4.559520e+03	-2.297572e-03	-7.569308e-03	-7.842079e-05	1.228974e-03	1.136655e-05	1.061510e-03
4.571910e+03	4.724759e-03	-4.956278e-03	6.690380e-05	-5.123372e-03	1.836940e-04	3.142801e-04
4.584300e+03	6.727731e-03	1.427164e-03	-3.232407e-05	-6.635810e-03	1.666852e-04	-8.272247e-05
4.596690e+03	3.138535e-03	6.562782e-03	1.535068e-04	-2.898595e-03	3.560079e-04	-2.280250e-04
4.609080e+03	-4.295280e-03	5.713667e-03	-9.627113e-05	4.564398e-03	-3.552815e-05	-1.927728e-04
4.621470e+03	-7.250666e-03	-8.178970e-04	-2.621129e-04	6.805614e-03	-1.964002e-04	4.403217e-04
4.633860e+03	-3.676033e-03	-3.786100e-03	-2.525126e-05	4.212167e-03	3.824966e-05	-5.040757e-04
4.646250e+03	1.518015e-03	-6.303134e-03	-1.974209e-04	-2.401370e-03	-9.364330e-05	8.102317e-04
4.658640e+03	5.923360e-03	-4.358599e-04	8.131032e-05	-5.615701e-03	3.135543e-04	-5.208158e-04
4.671030e+03	3.068633e-03	3.836929e-03	-8.095333e-04	-2.930563e-03	-6.740788e-04	-2.883542e-04
4.683420e+03	-1.342687e-03	5.931601e-03	-3.322028e-04	2.280135e-03	-2.137100e-04	-9.274458e-04
4.695810e+03	-5.189706e-03	1.375099e-03	-1.088897e-04	5.669277e-03	5.632144e-05	-4.791763e-04
4.708200e+03	-4.751624e-03	-5.448013e-03	-3.632610e-04	4.210254e-03	-3.353350e-04	6.157941e-04
4.720590e+03	1.458877e-03	-7.042398e-03	2.410765e-04	-2.581793e-03	3.670147e-04	9.849564e-04
4.732980e+03	7.103250e-03	-9.109512e-04	7.110119e-06	-7.039066e-03	5.725216e-06	1.238993e-05
4.745370e+03	4.828183e-03	4.738762e-03	2.189893e-05	-4.598568e-03	2.642890e-04	-1.626251e-04
4.757760e+03	-1.955320e-03	6.788508e-03	-1.524515e-04	2.272477e-03	-6.869853e-05	-3.319939e-04
4.770150e+03	-6.414561e-03	1.962268e-03	-4.975322e-04	6.052825e-03	-3.402987e-04	3.719035e-04
4.782540e+03	-6.324449e-03	-2.558858e-03	2.027086e-04	6.867366e-03	3.725404e-04	-4.920202e-04
4.794930e+03	-1.473324e-03	-6.595236e-03	-6.670942e-04	1.442062e-03	-6.640339e-04	2.969320e-05
4.807320e+03	3.384685e-03	-4.671463e-03	8.744366e-05	-4.104634e-03	1.353751e-04	7.219747e-04
4.819710e+03	6.623864e-03	2.925529e-03	-4.374920e-04	-6.440377e-03	-3.850763e-04	-1.856530e-04
4.832100e+03	-1.547773e-04	6.508108e-03	5.089741e-04	1.043693e-03	7.035959e-04	-8.744601e-04
4.844490e+03	-5.219540e-03	3.376554e-03	-3.408997e-04	5.651426e-03	-1.830002e-04	-3.415364e-04
4.856880e+03	-6.167862e-03	-3.780442e-03	8.040947e-05	5.752269e-03	-1.420540e-05	4.395432e-04
4.869270e+03	-2.146109e-03	-6.681790e-03	-3.939502e-04	2.228939e-03	-4.044045e-04	9.211451e-06
4.881660e+03	4.852767e-03	-5.708230e-03	4.357492e-04	-5.129780e-03	5.039136e-04	2.725167e-04
4.894050e+03	8.499489e-03	3.166086e-03	3.576198e-04	-7.819791e-03	5.855955e-04	-6.806051e-04
4.906440e+03	2.393259e-03	7.338330e-03	2.695404e-04	-2.010647e-03	3.465253e-04	-4.221471e-04
4.918830e+03	-5.675870e-03	6.243761e-03	-4.044108e-04	5.868080e-03	-3.741540e-04	-2.131571e-04
4.931220e+03	-6.999143e-03	1.980614e-04	1.576111e-04	7.406349e-03	1.960566e-04	-4.169196e-04
4.943610e+03	-4.880273e-03	-6.918753e-03	-1.250734e-05	4.708485e-03	5.201209e-05	1.724443e-04
4.956000e+03	2.915688e-03	-7.461188e-03	2.175399e-04	-3.371589e-03	3.044043e-04	5.175839e-04
4.968390e+03	7.274458e-03	-6.675522e-04	-6.189011e-04	-7.608846e-03	-6.343458e-04	3.348437e-04
4.980780e+03	5.050819e-03	6.936576e-03	1.133439e-04	-4.015239e-03	2.890246e-04	-9.802971e-04
4.993170e+03	-2.961669e-03	6.408725e-03	-2.678347e-04	3.349783e-03	-1.895161e-04	-3.850503e-04
5.005560e+03	-9.341536e-03	-1.264264e-03	2.062328e-04	8.710510e-03	3.022322e-04	6.211379e-04
5.017950e+03	-5.014005e-03	-8.525657e-03	2.422396e-05	3.932482e-03	8.281865e-05	1.185067e-03
5.030340e+03	2.358796e-03	-7.788507e-03	2.630279e-04	-2.634365e-03	4.198866e-04	3.295154e-04
5.042730e+03	8.656452e-03	-2.673960e-03	-7.219450e-04	-8.925869e-03	-6.257495e-04	2.713070e-04
5.055120e+03	6.038364e-03	5.656957e-03	-9.413797e-05	-5.829372e-03	-5.766830e-05	-1.265916e-04
5.067510e+03	-7.932603e-04	9.239965e-03	2.354568e-04	1.384084e-03	5.255368e-04	-5.052973e-04
5.079900e+03	-7.884767e-03	5.336608e-03	-5.449964e-04	8.315678e-03	-4.352624e-04	-5.097836e-04
5.092290e+03	-8.327901e-03	-4.667760e-03	2.955129e-05	8.356291e-03	1.500235e-05	-2.481215e-05
5.104680e+03	-1.334881e-03	-9.107686e-03	-2.945893e-04	9.732564e-04	-2.804691e-04	3.832459e-04
5.117070e+03	6.390982e-03	-6.600049e-03	3.866313e-04	-7.460644e-03	7.340536e-04	1.118861e-03
5.129460e+03	8.755037e-03	3.222149e-03	-8.639438e-04	-8.758420e-03	-8.399314e-04	-9.297190e-07
5.141850e+03	2.023909e-03	8.898933e-03	5.290673e-04	-1.490906e-03	7.932574e-04	-5.033954e-04
5.154240e+03	-8.421388e-03	4.914777e-03	-6.185646e-04	8.505690e-03	-5.166137e-04	-1.662114e-04
5.166630e+03	-8.509023e-03	-3.364443e-03	-1.215762e-04	8.667725e-03	-5.397522e-05	-1.017555e-04
5.179020e+03	-2.342419e-03	-9.159630e-03	1.514183e-04	2.242736e-03	-7.889815e-05	8.882058e-05
5.191410e+03	7.011389e-03	-7.684968e-03	-4.043540e-04	-7.778542e-03	-5.081591e-04	4.235671e-04
5.203800e+03	8.725229e-03	7.838238e-04	-4.853291e-05	-8.842506e-03	8.361225e-06	1.240774e-04
5.216190e+03	5.482661e-03	9.433518e-03	-1.290983e-04	-4.909562e-03	-5.815655e-05	-5.004573e-04
5.228580e+03	-6.225422e-03	9.666217e-03	9.948123e-04	7.226225e-03	1.439634e-03	-1.054740e-03
5.240970e+03	-1.069832e-02	4.236598e-04	1.925440e-04	1.039884e-02	6.750199e-04	3.084764e-04
5.253360e+03	-6.018829e-03	-7.858017e-03	-2.848899e-04	5.941790e-03	-3.920039e-04	8.547391e-05
5.265750e+03	2.463405e-03	-9.066033e-03	1.100555e-04	-2.528594e-03	2.082014e-04	8.277942e-05
5.278140e+03	9.900307e-03	-1.820180e-03	1.958730e-04	-9.663342e-03	3.868234e-04	-2.168217e-04
5.290530e+03	7.318338e-03	7.947461e-03	-7.669456e-04	-6.864730e-03	-7.480286e-04	-5.736235e-04
5.302920e+03	-2.923826e-03	9.546352e-03	5.607825e-04	3.491945e-03	8.040828e-04	-5.490786e-04
5.315310e+03	-8.630471e-03	2.603788e-03	1.734490e-04	8.636945e-03	7.399440e-04	-8.297017e-05
5.327700e+03	-9.128823e-03	-7.287946e-03	-4.486264e-05	8.803210e-03	1.865688e-05	1.861187e-04
5.340090e+03	1.212751e-03	-1.038068e-02	8.513995e-06	-1.439395e-03	1.066517e-04	2.223899e-04
5.352480e+03	9.578284e-03	-5.067656e-03	-2.633749e-04	-9.821886e-03	-9.082275e-06	3.028848e-04
5.364870e+03	9.699433e-03	4.568611e-03	4.147881e-05	-1.022324e-02	1.597685e-04	3.687252e-04
5.377260e+03	1.983021e-03	1.156706e-02	-4.996112e-05	-1.203815e-03	2.289305e-04	-7.538055e-04
5.389650e+03	-9.226911e-03	7.720695e-03	2.212822e-04	9.983471e-03	4.172544e-04	-8.062650e-04
5.402040e+03	-1.199839e-02	-2.554055e-03	2.665429e-04	1.259744e-02	4.451980e-04	-5.971045e-04
5.414430e+03	-2.582544e-03	-9.839867e-03	1.092263e-04	2.727297e-03	2.340666e-04	-2.045490e-04
5.426820e+03	6.328274e-03	-8.636974e-03	1.730697e-04	-7.179011e-03	3.848820e-04	8.608033e-04
5.439210e+03	1.069268e-02	3.851713e-03	-2.516492e-05	-9.919588e-03	2.463232e-04	-9.930011e-04
5.451600e+03	3.257545e-03	9.159957e-03	1.234687e-04	-3.390157e-03	3.364413e-04	-1.552691e-04
5.463990e+03	-6.500398e-03	9.251634e-03	-4.657774e-04	7.308469e-03	-3.840723e-04	-8.671332e-04
5.476380e+03	-1.104157e-02	-8.907530e-04	2.103501e-04	1.104649e-02	2.028553e-04	-4.143658e-05
5.488770e+03	-6.614601e-03	-1.060125e-02	5.468699e-04	5.976134e-03	7.577050e-04	5.637547e-04
5.501160e+03	6.096061e-03	-1.072708e-02	3.461833e-04	-6.718894e-03	7.131470e-04	7.098306e-04
5.513550e+03	1.165406e-02	-2.800607e-03	8.010167e-04	-1.261749e-02	1.233522e-03	1.029092e-03
5.525940e+03	8.464157e-03	8.996457e-03	-8.892621e-05	-8.105638e-03	2.394662e-04	-3.079825e-04
5.538330e+03	-3.280412e-03	1.177260e-02	-2.682015e-04	4.261450e-03	-1.572657e-04	-9.167964e-04
5.550720e+03	-1.088136e-02	3.283083e-03	-1.067762e-04	1.084204e-02	-1.903790e-05	2.738113e-05
5.563110e+03	-9.607014e-03	-6.855241e-03	1.508217e-04	9.687301e-03	1.751514e-04	-3.772426e-05
5.575500e+03	9.770184e-04	-1.136114e-02	-2.813871e-04	-1.498093e-03	-2.298586e-04	3.868711e-04
5.587890e+03	9.406848e-03	-4.605459e-03	4.438360e-04	-9.149678e-03	6.650024e-04	-2.386191e-04
5.600280e+03	1.059802e-02	5.599428e-03	1.029658e-04	-1.049783e-02	4.398518e-04	-1.262057e-04
5.612670e+03	-8.728970e-06	1.127243e-02	-3.355935e-04	5.001354e-04	-2.291417e-04	-5.087100e-04
5.625060e+03	-8.688423e-03	6.972038e-03	-1.848478e-04	9.751355e-03	-5.573698e-05	-9.991242e-04
5.637450e+03	-1.153789e-02	-4.593205e-03	-2.768038e-04	1.178055e-02	-2.667198e-04	-2.679574e-04
5.649840e+03	-2.215728e-03	-1.214813e-02	1.014865e-04	1.720505e-03	4.045331e-04	4.447116e-04
5.662230e+03	8.104485e-03	-8.876244e-03	6.293114e-05	-8.831400e-03	2.803138e-04	4.642838e-04
5.674620e+03	1.138185e-02	3.247716e-03	-4.517565e-04	-1.080000e-02	-3.064511e-04	-6.147459e-04
5.687010e+03	3.827810e-03	1.036372e-02	5.312174e-04	-3.648655e-03	7.901280e-04	-1.943552e-04
5.699400e+03	-5.843591e-03	1.103887e-02	-4.271520e-05	6.915286e-03	1.649897e-04	-1.111535e-03
5.711790e+03	-1.189183e-02	9.679816e-04	7.379376e-04	1.286687e-02	1.060533e-03	-9.521058e-04
5.724180e+03	-6.930235e-03	-1.055105e-02	-1.895988e-04	6.383363e-03	-2.856453e-05	6.038922e-04
5.736570e+03	4.119892e-03	-1.099341e-02	-1.090909e-04	-4.705482e-03	-3.747603e-05	5.882846e-04
5.748960e+03	1.165246e-02	-8.705638e-04	8.403845e-05	-1.123764e-02	3.071631e-04	-4.470890e-04
5.761350e+03	6.451345e-03	8.135198e-03	-4.014812e-04	-6.237143e-03	-2.719849e-04	-2.329097e-04
5.773740e+03	-2.451866e-03	1.168305e-02	9.987453e-04	3.623584e-03	-4.990047e-04	-1.112236e-03
5.786130e+03	-1.185741e-02	2.294413e-03	4.429666e-04	1.211684e-02	7.712916e-04	-1.112278e-04
5.798520e+03	-9.678117e-03	-7.879471e-03	-3.770000e-04	1.001024e-02	-2.827841e-04	-1.888416e-04
5.810910e+03	1.409726e-04	-1.329989e-02	5.899846e-04	-1.006560e-03	7.999834e-04	8.619946e-04
5.823300e+03	1.124395e-02	-4.400650e-03	-3.712873e-04	-1.096949e-02	-2.276253e-04	-2.187816e-04
5.835690e+03	9.573538e-03	6.196263e-03	-1.474943e-04	-9.379792e-03	-1.998959e-05	-3.504532e-04
5.848080e+03	5.248330e-04	1.243501e-02	-1.015856e-04	6.785312e-04	8.363236e-05	-1.108160e-03
5.860470e+03	-9.270483e-03	6.436202e-03	2.626714e-05	9.421266e-03	2.075742e-04	-1.625129e-04
5.872860e+03	-1.149003e-02	-3.853504e-03	-8.680444e-05	1.167152e-02	-2.515777e-05	-1.446190e-04
5.885250e+03	-2.494621e-03	-1.121126e-02	-1.116805e-04	1.822073e-03	-8.471351e-05	6.323149e-04
5.897640e+03	7.866342e-03	-7.280160e-03	-3.769060e-04	-7.763932e-03	-4.018163e-04	-7.583314e-05
5.910030e+03	1.085921e-02	1.426455e-03	4.946543e-04	-1.143823e-02	7.638193e-04	5.566724e-04
5.922420e+03	4.300638e-03	1.079226e-02	7.480282e-05	-3.757260e-03	3.502621e-04	-5.512662e-04
5.934810e+03	-6.482308e-03	9.823162e-03	-1.598867e-04	7.657878e-03	-1.107074e-05	-1.167274e-03
5.947200e+03	-1.186497e-02	-1.460474e-03	-4.276676e-05	1.206529e-02	2.091288e-05	-1.513260e-04
5.959590e+03	-5.502650e-03	-1.072933e-02	-7.915907e-04	5.092939e-03	-9.231207e-04	3.726802e-04
5.971980e+03	4.458016e-03	-9.850876e-03	8.084458e-05	-4.358115e-03	2.225696e-04	-6.567786e-05
5.984370e+03	1.184446e-02	-1.789147e-03	-6.999417e-05	-1.262301e-02	1.071303e-04	7.293395e-04
5.996760e+03	6.879978e-03	9.134212e-03	1.368536e-04	-6.396087e-03	3.293135e-04	-3.760863e-04
6.009150e+03	-3.274435e-03	1.075780e-02	-2.556073e-04	3.889288e-03	-1.113888e-04	-6.253898e-04
6.021540e+03	-1.120484e-02	3.290527e-03	1.031194e-04	1.180670e-02	-2.093821e-04	-8.075447e-04
6.033930e+03	-8.668691e-03	-7.978903e-03	1.488223e-04	7.816341e-03	2.924674e-04	7.553503e-04
6.046320e+03	2.111870e-03	-1.065957e-02	-2.879846e-04	-2.629004e-03	-3.308132e-04	5.292710e-04
6.058710e+03	9.134895e-03	-5.083460e-03	2.576723e-04	-9.790467e-03	4.010137e-04	7.391433e-04
6.071100e+03	8.839184e-03	5.643177e-03	3.964488e-04	-8.876539e-03	7.159293e-04	4.717753e-05
6.083490e+03	-9.442978e-06	1.042476e-02	-4.388236e-04	1.329368e-04	-3.288027e-04	-2.371023e-04
6.095880e+03	-9.152001e-03	6.182872e-03	1.920054e-04	9.802301e-03	2.968046e-04	-7.665216e-04
6.108270e+03	-1.037395e-02	-3.544501e-03	-2.424407e-04	1.149445e-02	-2.129914e-04	-9.929238e-04
6.120660e+03	-2.681764e-03	-1.149713e-02	-4.652849e-04	2.218920e-03	-5.070950e-04	4.652451e-04
6.133050e+03	8.830000e-03	-6.970000e-03	1.920000e-04	-9.050000e-03	3.320000e-04	2.210000e-04
6.145440e+03	1.041585e-02	2.758970e-03	-1.025232e-07	-1.070000e-02	1.777663e-04	2.711164e-04
6.157830e+03	2.165214e-03	1.143677e-02	-3.311656e-04	-9.454952e-04	-2.425056e-04	-1.162579e-03
6.170220e+03	-6.723371e-03	8.298467e-03	-4.570882e-04	7.324156e-03	-3.275578e-04	-5.627514e-04
6.182610e+03	-1.118851e-02	-1.465257e-03	-2.811204e-04	1.117648e-02	-2.507211e-04	2.950435e-06
6.195000e+03	-4.567517e-03	-9.617873e-03	4.107459e-05	4.218910e-03	1.251509e-04	3.228305e-04
6.207390e+03	4.492154e-03	-8.358937e-03	2.692936e-04	-4.618600e-03	4.298830e-04	6.652052e-05
6.219780e+03	9.772203e-03	-8.716368e-04	-2.946388e-04	-1.013169e-02	-2.167066e-04	5.252558e-04
6.232170e+03	5.409974e-03	7.905151e-03	-2.630964e-04	-5.399469e-03	-2.105907e-04	-1.232243e-04
6.244560e+03	-3.504628e-03	1.051455e-02	3.040418e-04	4.631382e-03	5.149558e-04	-1.056837e-03
6.256950e+03	-1.089949e-02	1.240352e-03	4.135407e-04	1.109899e-02	6.727519e-04	-1.301250e-04
6.269340e+03	-8.035654e-03	-7.891137e-03	-2.756663e-04	8.072730e-03	-2.863107e-04	-2.674153e-05
6.281730e+03	2.352150e-03	-1.085882e-02	6.938673e-05	-2.932135e-03	1.702963e-04	5.759767e-04
6.294120e+03	9.806709e-03	-4.346712e-03	-1.031867e-04	-1.066582e-02	1.603117e-04	7.203974e-04
6.306510e+03	8.106906e-03	6.598616e-03	-1.244086e-04	-7.548614e-03	3.077347e-06	-4.255435e-04
6.318900e+03	-3.323915e-04	9.872181e-03	3.500567e-04	8.048982e-04	3.519335e-04	-4.482180e-04
6.331290e+03	-9.468382e-03	5.828036e-03	-1.545987e-04	9.936475e-03	1.192408e-05	-7.037191e-04
6.343680e+03	-9.105874e-03	-5.418270e-03	-8.347933e-05	8.790024e-03	6.201817e-05	3.267134e-04
6.356070e+03	-1.525231e-03	-8.705443e-03	3.462538e-04	1.884389e-03	5.094684e-04	-3.692661e-04
6.368460e+03	7.774726e-03	-6.276953e-03	-5.252467e-04	-8.142039e-03	-5.261212e-04	3.644412e-04
6.380850e+03	8.334202e-03	2.578989e-03	3.596451e-04	-8.389690e-03	5.095316e-04	4.853903e-05
6.393240e+03	2.295896e-03	8.922229e-03	1.579035e-04	-2.052197e-03	3.899867e-04	-1.925473e-04
6.405630e+03	-6.534883e-03	7.607364e-03	-1.404783e-04	7.485253e-03	-5.539014e-05	-8.845733e-04
6.418020e+03	-1.004879e-02	-1.406046e-03	1.273135e-04	1.037348e-02	2.388112e-04	-3.404568e-04
6.430410e+03	-5.049058e-03	-9.463903e-03	-1.135222e-04	4.435137e-03	3.057312e-04	5.358059e-04
6.442800e+03	5.112849e-03	-8.812700e-03	-4.701084e-04	-5.744291e-03	-6.843273e-04	5.946737e-04
6.455190e+03	9.639406e-03	-1.004843e-03	3.826512e-04	-1.001357e-02	5.437303e-04	3.682079e-04
6.467580e+03	7.177985e-03	8.033069e-03	-1.367575e-04	-6.103025e-03	-8.316374e-05	-9.667579e-04
6.479970e+03	-3.332566e-03	8.606735e-03	-3.973822e-04	3.478804e-03	-2.786089e-04	-1.352658e-04
6.492360e+03	-9.077989e-03	2.428051e-03	-3.582646e-04	9.620142e-03	-2.847127e-04	-5.318248e-04
6.504750e+03	-6.849071e-03	-6.195245e-03	1.687386e-04	6.906610e-03	3.760340e-04	-9.708650e-05
6.517140e+03	9.342830e-04	-9.131795e-03	1.647060e-05	-1.188720e-03	3.267097e-04	2.405478e-04
6.529530e+03	7.926593e-03	-3.849079e-03	-2.967599e-04	-8.071306e-03	-1.978316e-04	3.096654e-04
6.541920e+03	7.796932e-03	5.024581e-03	-9.453981e-05	-7.401196e-03	1.564222e-04	-3.271878e-04
6.554310e+03	-4.519535e-04	8.940727e-03	-5.633635e-05	1.226665e-03	1.435578e-04	-7.000972e-04
6.566700e+03	-6.347530e-03	4.950361e-03	-7.178465e-06	6.659018e-03	2.931612e-04	-3.256546e-04
6.579090e+03	-8.413018e-03	-3.434594e-03	3.082150e-04	8.594601e-03	6.447884e-04	-1.810238e-04
6.591480e+03	-1.756436e-03	-9.152018e-03	-1.422998e-04	1.220298e-03	4.389384e-05	5.271489e-04
6.603870e+03	4.286668e-03	-6.438106e-03	-4.487566e-04	-4.488082e-03	-4.843175e-04	3.027412e-04
6.616260e+03	8.455161e-03	5.830541e-04	-2.495476e-04	-9.095683e-03	-1.348270e-04	6.424463e-04
6.628650e+03	3.107643e-03	8.271900e-03	1.332763e-04	-2.248028e-03	3.459532e-04	-8.010320e-04
6.641040e+03	-4.753072e-03	6.696618e-03	-1.742907e-04	5.642506e-03	2.925627e-05	-7.131453e-04
6.653430e+03	-8.009457e-03	-5.475644e-04	-2.604656e-05	8.196675e-03	9.578929e-05	-1.015205e-04
6.665820e+03	-3.792139e-03	-7.236178e-03	-1.611992e-04	3.050833e-03	-4.584556e-05	7.525019e-04
6.678210e+03	2.893805e-03	-7.292310e-03	4.580102e-05	-3.606028e-03	2.125125e-04	8.056624e-04
6.690600e+03	6.697687e-03	-2.800991e-04	1.195761e-04	-6.326955e-03	3.703234e-04	-4.068433e-04
6.702990e+03	4.889033e-03	6.337526e-03	1.870947e-04	-3.937597e-03	4.610009e-04	-9.823005e-04
6.715380e+03	-1.092925e-03	6.567322e-03	-5.063763e-04	1.833159e-03	1.846453e-04	-7.797204e-04
6.727770e+03	-6.993707e-03	1.983428e-03	-2.947177e-04	7.406992e-03	-3.356683e-04	-3.905541e-04
6.740160e+03	-5.132925e-03	-4.472404e-03	9.964875e-05	5.177066e-03	2.228775e-04	-1.016828e-05
6.752550e+03	1.732961e-04	-6.584768e-03	-4.211162e-04	-3.488837e-04	-4.404411e-04	1.827319e-04
6.764940e+03	5.185821e-03	-3.686526e-03	3.525895e-04	-5.729966e-03	5.547816e-04	5.481585e-04
6.777330e+03	6.079949e-03	3.640875e-03	-2.116880e-04	-5.657016e-03	-7.490218e-05	-4.491477e-04
6.789720e+03	-3.498591e-04	4.578492e-03	1.318195e-05	9.462598e-05	9.609989e-05	3.517249e-04
6.802110e+03	-4.555206e-03	3.988471e-03	2.589294e-04	5.349501e-03	5.380931e-04	-8.516024e-04
6.814500e+03	-5.942387e-03	-2.086012e-03	-2.159841e-04	6.037638e-03	-1.269939e-04	-1.017262e-04
6.826890e+03	-1.048720e-03	-5.035519e-03	-1.325808e-04	9.205391e-04	-1.354777e-04	1.118848e-04
6.839280e+03	2.781643e-03	-4.150894e-03	1.082962e-04	-3.583051e-03	1.919100e-04	5.918438e-04
6.851670e+03	4.285547e-03	6.680826e-04	-1.543407e-04	-4.442467e-03	-5.629958e-06	1.720029e-04
6.864060e+03	1.282262e-03	4.709967e-03	1.985981e-05	-6.891715e-04	1.368119e-04	-5.349149e-04
6.876450e+03	-2.769133e-03	3.119168e-03	-6.233824e-05	2.608795e-03	4.707719e-05	-2.059840e-05
6.888840e+03	-4.496904e-03	5.357062e-04	-4.847393e-04	5.151810e-03	-5.125816e-04	-6.267782e-04
6.901230e+03	-2.868300e-03	-3.975041e-03	3.622292e-04	3.132356e-03	5.585593e-04	-2.489125e-04
6.913620e+03	1.543010e-03	-3.630934e-03	-6.323003e-04	-1.234065e-03	-6.640389e-04	-2.860427e-04
6.926010e+03	3.937037e-03	-4.316308e-04	-6.586296e-04	-3.880685e-03	-7.785666e-04	-5.153583e-05
6.938400e+03	2.483701e-03	3.719823e-03	-1.539181e-05	-1.777889e-03	1.120060e-04	-6.771466e-04
6.950790e+03	-9.127945e-04	4.000341e-03	2.887171e-04	1.471876e-03	5.702044e-04	-5.543914e-04
6.963180e+03	-4.555803e-03	-9.239115e-04	-2.752854e-04	4.013940e-03	-2.201608e-04	5.442030e-04
6.975570e+03	-2.751246e-03	-2.715363e-03	1.627276e-04	2.857725e-03	2.417687e-04	-1.106729e-04
6.987960e+03	7.697517e-04	-3.886304e-03	1.776809e-05	-1.407955e-03	2.028174e-04	4.544296e-04
7.000350e+03	3.216302e-03	-5.403166e-04	-1.878800e-04	-2.963675e-03	-6.561455e-05	-1.738844e-04
7.012740e+03	1.386968e-03	2.226417e-03	-1.982440e-04	-9.503493e-04	-1.467171e-04	-3.970710e-04
7.025130e+03	-3.690194e-04	2.698417e-03	-2.874168e-04	4.290786e-04	-2.284408e-04	-1.088558e-04
7.037520e+03	-3.354480e-03	4.233912e-04	-4.089898e-04	3.336603e-03	-4.969031e-04	1.762247e-05
7.049910e+03	-2.269866e-03	-1.041969e-03	-1.329861e-04	2.939965e-03	-8.285048e-05	-6.769533e-04
7.062300e+03	-5.215973e-05	-2.129123e-03	-2.174622e-04	9.951351e-04	4.273211e-04	-9.675971e-04
7.074690e+03	3.481794e-03	-1.503541e-03	1.889063e-04	-3.641808e-03	4.129698e-04	1.305559e-04
7.087080e+03	1.353188e-03	1.230356e-03	-3.934963e-04	-1.032798e-03	-3.882714e-04	-3.177679e-04
7.099470e+03	4.711021e-04	2.760008e-03	-5.854187e-05	-7.843529e-05	3.269214e-05	-3.227105e-04
7.111860e+03	-1.973249e-03	1.195614e-03	7.904695e-05	1.960072e-03	2.613069e-04	-8.285811e-06
7.124250e+03	-2.913453e-03	-1.696006e-03	-1.758067e-04	2.774163e-03	-1.111421e-04	1.958126e-04
7.136640e+03	-7.294148e-05	-2.072749e-03	1.602001e-04	1.550990e-04	3.565107e-04	-1.157490e-04
7.149030e+03	2.277512e-03	-5.725982e-04	-3.387956e-04	-1.891368e-03	-2.262538e-04	-3.968006e-04
7.161420e+03	1.689513e-03	-5.649366e-04	-4.082938e-04	-2.567694e-03	-4.476539e-04	8.788469e-04
7.173810e+03	5.026098e-04	2.997519e-03	-3.768476e-04	2.481083e-04	-4.472292e-04	-7.308382e-04
7.186200e+03	-2.193213e-03	1.137917e-03	6.034363e-05	2.418913e-03	1.856638e-04	-2.269362e-04
7.198590e+03	-2.469287e-03	-1.078340e-03	-2.343349e-05	2.537025e-03	1.023881e-04	-6.765691e-05
7.210980e+03	-8.446721e-06	-2.290475e-03	-1.689801e-04	-1.006214e-04	1.010645e-04	1.327239e-04
7.223370e+03	4.627792e-04	-1.510421e-03	1.946945e-04	-1.815515e-04	4.013889e-04	-3.171849e-04
7.235760e+03	2.397645e-03	4.747791e-05	4.480070e-05	-2.424429e-03	3.163297e-04	5.063747e-05
7.248150e+03	5.018027e-04	1.385069e-03	2.111991e-04	-4.779164e-04	4.533839e-04	4.024088e-05
7.260540e+03	-9.218580e-04	5.190608e-04	-1.583251e-04	3.815827e-04	-8.471561e-05	5.162397e-04
7.272930e+03	-1.422977e-03	-6.764606e-05	3.413686e-04	1.458400e-03	5.720176e-04	-2.861616e-05
7.285320e+03	-1.170952e-03	-1.664146e-03	-3.606315e-04	1.139257e-03	-4.153870e-04	3.151483e-05
7.297710e+03	6.360805e-04	-1.464471e-03	-1.625159e-04	-6.397771e-04	-1.220835e-04	-8.808991e-06
7.310100e+03	1.957719e-03	7.253804e-05	1.765533e-05	-2.044295e-03	2.019834e-04	-1.413250e-05
7.322490e+03	-3.625860e-05	1.250684e-03	-1.579537e-04	-5.405858e-05	-7.606193e-05	7.522295e-05
7.334880e+03	-8.582308e-05	1.742443e-03	3.669073e-05	4.658412e-04	2.341145e-04	-3.605915e-04
7.347270e+03	-2.091351e-03	-4.838497e-04	-2.209526e-04	1.847834e-03	-2.254548e-04	2.359765e-04
7.359660e+03	-1.295525e-03	-5.566239e-04	-2.237125e-04	1.847654e-03	-2.782294e-04	-5.535173e-04
7.372050e+03	5.152028e-04	-8.278840e-04	-1.552956e-04	-4.273814e-05	-1.677838e-04	-4.403796e-04
7.384440e+03	7.990004e-04	-8.242657e-04	1.309816e-04	-8.774944e-04	2.975902e-04	7.164361e-05
7.396830e+03	1.081686e-03	6.957480e-04	-1.311069e-04	-8.721270e-04	-4.287334e-05	-6.664355e-05
7.409220e+03	-5.164138e-04	1.120987e-03	1.122964e-05	8.038364e-04	1.575379e-04	-2.977132e-04
7.421610e+03	-1.508742e-03	1.320553e-04	-1.500882e-04	1.671706e-03	-4.872367e-05	-1.429636e-04
7.434000e+03	-2.844032e-04	-1.163309e-03	8.328520e-05	1.121080e-04	3.222469e-04	2.252612e-04
7.446390e+03	-9.110577e-04	-1.468056e-03	1.493344e-04	8.629880e-04	3.307141e-04	7.467515e-05
7.458780e+03	2.096583e-04	-3.817345e-05	5.956304e-05	1.986990e-04	2.393509e-04	-4.340091e-04
7.471170e+03	1.703438e-04	-3.699249e-04	1.056332e-04	-4.798364e-04	2.895584e-04	3.269291e-04
7.483560e+03	3.592185e-04	1.381386e-03	-2.353368e-04	-9.795386e-05	-1.904189e-04	-3.691601e-04
7.495950e+03	-1.326912e-03	-2.001879e-04	-9.704491e-05	1.056344e-03	-1.529809e-04	2.807752e-04
7.508340e+03	-1.102911e-03	-1.134012e-03	-3.000115e-05	8.784617e-04	5.764080e-05	1.573770e-04
7.520730e+03	6.415443e-05	-3.801549e-04	1.719168e-05	3.728985e-04	1.428730e-04	-3.989209e-04
7.533120e+03	6.886385e-04	-2.241767e-04	-2.213960e-04	-5.649193e-04	-1.758493e-04	-1.562544e-04
7.545510e+03	8.149081e-04	6.805455e-04	2.215494e-04	-4.431415e-04	4.577434e-04	-3.073138e-04
7.557900e+03	-1.477861e-03	-5.210157e-05	-4.443082e-04	1.480131e-03	-4.400006e-04	3.147264e-06
7.570290e+03	-1.106183e-03	1.632109e-04	-5.237227e-05	1.439974e-03	9.747563e-06	-3.428119e-04
7.582680e+03	7.591697e-04	-4.505603e-04	-2.321260e-04	-9.551955e-04	-2.990733e-04	1.969883e-04
7.595070e+03	2.660399e-04	2.812953e-05	-3.278291e-04	1.056143e-04	-3.150226e-04	-3.733981e-04
7.607460e+03	3.523147e-04	-2.676060e-04	-1.419989e-04	-2.171575e-04	-3.807783e-05	-1.393661e-04
7.619850e+03	8.589876e-04	8.783785e-04	-2.120654e-04	-5.538818e-04	-1.613075e-04	-2.960468e-04
7.632240e+03	-1.065642e-03	1.997652e-04	1.485373e-04	1.339570e-03	2.918070e-04	-1.775825e-04
7.644630e+03	-9.623580e-04	-2.714544e-04	-2.095013e-04	9.822402e-04	-1.842456e-04	-2.584473e-05
7.657020e+03	-6.309629e-04	-5.947911e-04	2.358845e-04	8.132619e-04	4.372909e-04	-1.854740e-04
7.669410e+03	-1.770566e-05	-7.554550e-04	-3.309558e-04	5.614866e-05	-3.068267e-04	-4.563507e-05
7.681800e+03	3.081084e-04	4.625951e-04	-2.819790e-04	2.869178e-04	-3.335619e-04	-6.049241e-04
7.694190e+03	4.202844e-04	-1.563530e-04	-2.515736e-04	-6.244804e-04	-2.407457e-04	2.049963e-04
7.706580e+03	-2.820018e-04	9.421095e-04	-2.538687e-04	7.194627e-04	-2.793189e-04	-4.156884e-04
7.718970e+03	-5.112506e-04	-3.185883e-04	3.290824e-05	4.221859e-04	1.591426e-04	1.052981e-04
7.731360e+03	-1.074601e-03	-8.836695e-04	6.042139e-05	1.109337e-03	2.004712e-04	-1.515452e-05
7.743750e+03	9.916746e-06	-7.255416e-04	-1.445911e-04	6.331056e-05	-8.739176e-05	-7.344037e-05
7.756140e+03	6.686668e-04	-2.950115e-04	1.365115e-04	-7.433465e-04	2.885999e-04	3.090466e-05
7.768530e+03	4.096594e-04	7.190438e-04	-1.010849e-04	-1.771334e-04	5.910541e-05	-3.025751e-04
7.780920e+03	-6.461518e-04	-7.239918e-05	1.390404e-04	3.944801e-04	3.031504e-04	2.118278e-04
7.793310e+03	-1.074827e-03	1.109448e-03	-2.960345e-04	2.000037e-03	-3.054171e-04	-9.670976e-04
7.805700e+03	-3.580124e-04	-1.037183e-03	3.726388e-05	-9.066551e-05	2.433136e-04	4.452042e-04
7.818090e+03	3.959462e-04	-2.938791e-04	-1.860781e-04	-1.355355e-04	-1.615712e-04	-2.341332e-04
7.830480e+03	-3.787994e-04	-3.174155e-04	-1.073080e-04	7.488349e-04	-7.083843e-05	-3.664485e-04
7.842870e+03	7.107047e-04	9.221114e-04	-3.520368e-06	-8.775573e-05	1.350923e-04	-5.532499e-04
7.855260e+03	3.664066e-04	1.008362e-03	-9.618088e-05	-5.371573e-05	4.523639e-05	-3.127148e-04
7.867650e+03	-9.792725e-04	-6.674910e-04	-2.369122e-04	6.290877e-04	-1.997494e-04	3.496985e-04
7.880040e+03	-1.406527e-03	-3.602455e-04	3.800124e-05	1.815115e-03	1.224198e-04	-4.026767e-04
7.892430e+03	4.088582e-04	-5.899438e-04	-1.974058e-04	-3.605532e-04	-6.520754e-05	-5.978996e-05
7.904820e+03	-8.481121e-05	-6.175912e-04	-4.240568e-05	5.686098e-05	3.727779e-05	3.079288e-06
7.917210e+03	5.042641e-04	2.378239e-04	1.135968e-04	-2.828717e-04	3.056898e-04	-2.034413e-04
7.929600e+03	-5.123404e-04	4.197873e-04	-2.327820e-04	7.585964e-04	-2.059680e-04	-2.366668e-04
7.941990e+03	-6.104727e-04	3.662211e-04	-1.505330e-06	9.191042e-04	9.702923e-05	-3.086315e-04
7.954380e+03	-2.290042e-04	-5.598195e-04	-2.421804e-04	1.878477e-04	-1.722277e-04	3.984535e-05
7.966770e+03	1.420166e-04	-1.088013e-03	1.260504e-04	-5.059903e-04	2.603182e-04	3.645253e-04
7.979160e+03	5.452688e-04	5.326743e-04	5.864655e-04	-1.358470e-04	4.038710e-04	-4.013106e-04
7.991550e+03	-3.403490e-04	4.666722e-04	-4.087095e-04	8.191084e-04	-3.786073e-04	-4.798255e-04
8.003940e+03	-6.681039e-04	9.154676e-05	2.920436e-05	7.537394e-04	1.198637e-04	-8.275027e-05
8.016330e+03	-6.385429e-04	2.151954e-04	-1.469352e-04	7.442757e-04	-1.097371e-04	-1.278453e-04
8.028720e+03	-5.220810e-04	1.161652e-04	7.389435e-05	8.116575e-04	2.413082e-04	-2.950868e-04
8.041110e+03	-5.611775e-04	-8.064481e-04	-3.723480e-05	5.657421e-04	7.495010e-05	-7.613380e-06
8.053500e+03	2.946204e-04	-4.355469e-04	-3.045603e-04	-2.259149e-04	-2.404396e-04	-6.365992e-05
8.065890e+03	-8.561760e-06	-2.202215e-04	-9.460722e-05	2.021640e-05	-2.453146e-05	-5.529672e-05
8.078280e+03	-5.207371e-05	7.497803e-04	-3.925539e-04	5.533040e-04	-4.523768e-04	-5.006675e-04
8.090670e+03	2.379441e-04	-1.440882e-04	5.669355e-05	-4.772852e-04	1.404788e-04	2.395054e-04
8.103060e+03	-4.226746e-04	1.469113e-04	1.142381e-04	6.554871e-04	3.066540e-04	-2.331202e-04
8.115450e+03	-6.586219e-04	-2.243817e-04	3.585833e-04	9.974596e-04	6.550593e-04	-3.691113e-04
8.127840e+03	1.840183e-05	-3.872462e-04	-8.827012e-05	4.787770e-05	4.968489e-05	-6.544131e-05
8.140230e+03	9.946129e-05	5.510856e-05	6.887897e-06	1.386102e-04	1.415619e-04	-2.755750e-04
8.152620e+03	-4.790908e-04	5.703429e-05	-1.593802e-04	6.611211e-04	-2.733418e-05	-2.152328e-04
8.165010e+03	-2.684549e-04	1.384787e-05	-8.845575e-05	4.137778e-04	-6.783048e-08	-1.339945e-04
8.177400e+03	-6.323664e-04	-7.628582e-04	1.411687e-04	4.419494e-04	3.434364e-04	1.837462e-04
8.189790e+03	-4.694896e-04	-6.192540e-04	-2.047730e-04	4.759629e-04	-1.911920e-04	1.654137e-05
8.202180e+03	-8.129536e-04	-6.410089e-04	2.117844e-04	9.896138e-04	3.981842e-04	-1.769297e-04
8.214570e+03	6.565940e-04	5.988391e-04	1.682919e-04	-2.151354e-04	4.687356e-04	-4.415910e-04
8.226960e+03	9.791701e-05	-4.279559e-04	5.204041e-05	-4.020166e-04	2.736004e-04	3.061026e-04
8.239350e+03	-7.014460e-04	7.718117e-04	-6.149643e-05	1.496918e-03	5.136930e-06	-7.460863e-04
8.251740e+03	1.691941e-04	-8.844953e-04	-2.531894e-04	-6.573242e-04	-1.917435e-04	4.431128e-04
8.264130e+03	-8.234336e-05	-2.726802e-04	5.609707e-05	1.282332e-04	1.727053e-04	-4.685606e-05
8.276520e+03	-4.745739e-04	-4.526959e-05	-9.055598e-06	8.342794e-04	9.296339e-05	-3.234178e-04
8.288910e+03	-5.484066e-05	8.651739e-05	-2.635250e-04	2.286179e-04	-2.588155e-04	-1.864139e-04
8.301300e+03	-2.245923e-04	-9.556374e-06	1.034244e-04	3.002512e-04	2.357740e-04	-7.569898e-05
8.313690e+03	-6.111564e-04	2.412620e-04	-1.831942e-04	9.682333e-04	-1.539779e-04	-3.613362e-04
8.326080e+03	-6.539012e-04	1.834464e-04	-1.553158e-04	1.147163e-03	-1.193618e-04	-4.791148e-04
8.338470e+03	3.747206e-04	-2.175038e-04	-1.194751e-04	-3.553504e-04	-5.698922e-05	-2.970479e-05
8.350860e+03	-3.031722e-04	-2.393689e-04	-1.745755e-04	4.008767e-04	-1.721481e-04	-9.767126e-05
8.363250e+03	2.009011e-04	3.955836e-04	1.959901e-05	2.425055e-05	1.424300e-04	-2.778494e-04
8.375640e+03	2.982565e-05	2.840589e-04	-3.059034e-05	9.249297e-05	9.818330e-05	-1.560935e-04
8.388030e+03	-1.651937e-03	-8.762351e-04	4.258737e-05	1.578576e-03	1.575998e-04	6.538485e-05
8.400420e+03	-2.152865e-04	-3.302631e-04	-9.180300e-05	2.790883e-04	-5.945635e-05	-5.681648e-05
8.412810e+03	-7.301991e-04	-9.415554e-04	1.898965e-05	6.444712e-04	1.469986e-04	8.308800e-05
8.425200e+03	6.319069e-05	8.959644e-05	-1.777656e-04	2.904873e-04	-1.509703e-04	-3.675816e-04
8.437590e+03	4.551063e-04	-9.120029e-04	-6.685756e-05	-1.044558e-03	-2.370467e-06	5.753189e-04
8.449980e+03	-1.176416e-03	-9.258425e-06	4.368666e-06	1.487423e-03	4.708449e-05	-3.053049e-04
8.462370e+03	-1.087915e-04	-6.476969e-06	-1.894945e-05	2.340681e-04	8.866282e-05	-1.215316e-04
8.474760e+03	-8.336488e-04	-5.509800e-04	-1.969349e-04	8.196626e-04	-1.578551e-04	1.458093e-05
8.487150e+03	-2.004134e-04	-6.972184e-04	-2.085768e-04	6.417380e-05	-2.162986e-04	1.196565e-04
8.499540e+03	2.179793e-04	-3.160113e-04	5.052291e-05	-1.865882e-04	1.886165e-04	-1.454299e-06
8.511930e+03	5.255575e-05	-3.371124e-05	-9.203726e-05	8.750136e-05	4.612126e-05	-1.354858e-04
8.524320e+03	-5.970394e-04	-4.232008e-04	6.465911e-05	5.102984e-04	1.714622e-04	9.532114e-05
8.536710e+03	-1.040460e-04	-5.300626e-06	-2.152681e-04	1.619199e-04	-1.709234e-04	-4.367489e-05
8.549100e+03	-1.200976e-03	-5.303611e-04	8.467090e-05	1.156324e-03	2.351938e-04	-4.463552e-06
8.561490e+03	-6.444951e-05	-5.324235e-04	-2.686595e-04	3.866327e-05	-2.540885e-04	2.732858e-05
8.573880e+03	2.203352e-04	8.548020e-04	9.471953e-06	4.529240e-04	1.627380e-04	-6.867785e-04
8.586270e+03	-1.768211e-04	-1.392445e-03	-9.204167e-05	-4.878521e-04	-4.191113e-05	6.749256e-04
8.598660e+03	2.481946e-04	8.565978e-04	1.601770e-04	3.694719e-04	3.505117e-04	-6.197941e-04
8.611050e+03	-3.560122e-04	-2.221002e-04	-1.599982e-04	3.120495e-04	-5.705303e-05	4.379514e-05
8.623440e+03	-1.773278e-04	-4.327567e-04	-3.768252e-05	1.672305e-04	3.914569e-05	2.383970e-05
8.635830e+03	-1.453840e-04	-4.106380e-04	-1.947707e-04	6.591455e-05	-1.657036e-04	7.212766e-05
8.648220e+03	-4.566914e-04	2.085572e-04	6.741109e-06	8.782999e-04	1.423427e-04	-4.207563e-04
8.660610e+03	-4.467017e-04	-5.407817e-04	-5.505166e-06	3.395522e-04	9.164800e-05	1.063213e-04
8.673000e+03	-4.734619e-04	1.972004e-04	6.561883e-05	8.000280e-04	2.292304e-04	-3.253883e-04
8.685390e+03	-3.533318e-04	-4.493295e-04	-5.993157e-05	2.179591e-04	2.482834e-05	1.277442e-04
8.697780e+03	-7.402915e-04	-3.508791e-04	-1.916968e-04	8.589251e-04	-1.840244e-04	-1.648692e-04
8.710170e+03	2.149001e-04	2.120807e-04	1.921222e-05	1.956394e-04	1.857197e-04	-3.894807e-04
8.722560e+03	-8.389167e-04	-7.763341e-04	-1.881196e-04	8.197598e-04	-1.682211e-04	4.261972e-06
8.734950e+03	3.185801e-04	-2.562094e-04	-2.768321e-04	-4.195216e-04	-3.042366e-04	1.008174e-04
8.747340e+03	-3.479327e-04	-6.156677e-04	1.372352e-05	9.029705e-05	7.454007e-05	2.578349e-04
8.759730e+03	-1.888232e-04	-4.564240e-04	-6.339802e-05	3.507756e-05	3.865786e-05	1.374279e-04
8.772120e+03	-1.165040e-03	-6.327523e-05	4.879993e-05	1.690766e-03	1.200720e-04	-5.333252e-04
8.784510e+03	-1.393413e-03	-1.283090e-03	7.904387e-05	1.311363e-03	2.258358e-04	9.461262e-05
8.796900e+03	4.969889e-04	1.547746e-04	-2.319698e-04	-2.104550e-04	-2.046757e-04	-2.687806e-04
8.809290e+03	-7.396304e-04	-2.676413e-04	-4.013678e-06	8.951829e-04	1.152756e-04	-1.991737e-04
8.821680e+03	-2.015846e-04	-3.332258e-04	-2.818380e-05	2.203688e-04	7.404030e-05	-1.675313e-05
8.834070e+03	-3.169471e-04	-6.770197e-05	-1.303149e-04	4.625348e-04	-6.911998e-05	-1.384969e-04
8.846460e+03	-3.151546e-04	-3.353440e-04	3.845370e-05	4.038127e-04	1.483274e-04	-8.828737e-05
8.858850e+03	-1.753874e-04	-3.629739e-04	-1.804002e-04	2.029955e-04	-1.463428e-04	-3.801752e-05
8.871240e+03	-5.413516e-04	-2.014421e-04	-1.114626e-04	8.216270e-04	-1.315537e-04	-3.229920e-04
8.883630e+03	-6.846078e-04	-1.008784e-03	-1.871457e-04	4.867577e-04	-1.366062e-04	2.502273e-04
8.896020e+03	3.822420e-04	8.763359e-04	-5.904426e-05	3.221272e-04	-2.942927e-05	-6.999588e-04
8.908410e+03	-7.979581e-05	-5.627600e-04	2.428451e-04	-2.337319e-04	5.896889e-04	3.133631e-04
8.920800e+03	-3.252112e-04	-4.534378e-04	-8.873437e-05	3.461541e-04	-4.404874e-05	-1.798120e-05
8.933190e+03	8.037287e-05	-5.343520e-04	7.070795e-05	-2.729441e-04	2.647005e-04	1.935311e-04
8.945580e+03	-1.294314e-05	-2.647021e-04	-1.858035e-04	-1.311134e-05	-9.843502e-05	2.595812e-05
8.957970e+03	-3.999512e-04	8.589703e-04	-2.425746e-04	1.356800e-03	-2.654162e-04	-9.161804e-04
8.970360e+03	7.760128e-04	9.957663e-04	-4.232896e-05	-1.647211e-04	1.364704e-04	-6.469856e-04
8.982750e+03	-8.548565e-04	-1.055359e-03	-5.262161e-05	4.200569e-04	9.630223e-05	3.683483e-04
8.995140e+03	-1.790523e-04	1.571973e-04	-1.585500e-04	6.337315e-04	-1.513063e-04	-4.424067e-04
9.007530e+03	-3.302781e-04	-5.675198e-04	1.521691e-04	3.625992e-04	3.658568e-04	-3.293670e-05
9.019920e+03	1.059244e-04	-5.764089e-05	-1.767023e-04	-1.475960e-05	-1.023344e-04	-1.015449e-04
9.032310e+03	-4.134998e-04	-2.041901e-04	1.229323e-04	6.080915e-04	2.781311e-04	-1.415052e-04
9.044700e+03	-3.567303e-04	-3.923984e-04	-3.088884e-04	2.942401e-04	-3.272328e-04	8.705970e-05
9.057090e+03	-1.401553e-04	7.785987e-04	9.986749e-05	8.078878e-04	3.106995e-04	-6.677593e-04
9.069480e+03	-4.559247e-04	-6.552152e-04	-1.172510e-04	4.081013e-04	5.596767e-05	3.638659e-05
9.081870e+03	2.102476e-05	-3.446191e-04	2.660183e-05	-3.134448e-05	1.438708e-04	2.640494e-05
9.094260e+03	-4.870882e-04	1.748668e-04	-4.165168e-05	9.731983e-04	9.424470e-05	-4.847225e-04
9.106650e+03	4.029285e-04	-1.912017e-04	-1.533430e-04	-4.985547e-04	-6.952183e-05	1.057017e-04
9.119040e+03	-5.361794e-04	-3.822952e-04	8.978181e-05	5.650128e-04	2.824523e-04	-2.899351e-05
9.131430e+03	1.870072e-05	6.544752e-04	-1.727948e-04	5.370764e-04	-6.633429e-05	-5.567512e-04
9.143820e+03	-5.469883e-04	1.739678e-05	4.188559e-05	9.208991e-04	2.219052e-04	-3.770825e-04
9.156210e+03	-8.791935e-04	-1.507700e-04	-2.484253e-04	1.311315e-03	-2.586341e-04	-4.330660e-04
9.168600e+03	-3.118772e-04	5.657324e-05	-2.247828e-06	7.942694e-04	1.062334e-04	-4.803922e-04
