1.313340e+03	6.386538e-02	1.066696e-01	-2.667540e-04	-6.394485e-02	2.656566e-04	2.266856e-04
1.325730e+03	3.157312e-02	1.159187e-01	-2.670707e-05	-3.153017e-02	1.789002e-05	-3.195325e-06
1.338120e+03	-8.776440e-04	1.189890e-01	-5.855489e-05	1.091855e-03	8.417273e-06	-2.178421e-04
1.350510e+03	-3.317836e-02	1.142582e-01	-5.223533e-05	3.334761e-02	-1.028238e-06	-1.708372e-04
1.362900e+03	-6.303234e-02	1.014365e-01	-3.009477e-05	6.305061e-02	-5.738263e-05	4.123625e-05
1.375290e+03	-8.853328e-02	8.060302e-02	-5.500262e-06	8.837490e-02	-4.391175e-05	1.987285e-04
1.387680e+03	-1.082102e-01	5.329058e-02	-1.317149e-05	1.073233e-01	-6.256551e-05	4.700269e-04
1.400070e+03	-1.185077e-01	2.164926e-02	9.732089e-05	1.177075e-01	-4.401070e-05	5.438643e-04
1.412460e+03	-1.190889e-01	-1.167180e-02	1.631918e-05	1.191051e-01	-2.779541e-05	4.045761e-04
1.424850e+03	-1.114053e-01	-4.362560e-02	1.120320e-04	1.103886e-01	7.540176e-06	1.073372e-04
1.437240e+03	-9.462822e-02	-7.200773e-02	2.949064e-05	9.455283e-02	-4.399960e-06	1.815998e-04
1.449630e+03	-7.185106e-02	-9.522955e-02	3.523189e-05	7.145379e-02	2.341493e-05	3.806796e-04
1.462020e+03	-4.321973e-02	-1.120541e-01	2.382495e-05	4.255770e-02	2.536762e-05	6.467214e-04
1.474410e+03	-1.077828e-02	-1.189285e-01	-1.690911e-05	1.019779e-02	-2.498217e-06	5.749894e-04
1.486800e+03	2.208452e-02	-1.169982e-01	3.553881e-05	-2.269404e-02	3.543334e-05	5.791079e-04
1.499190e+03	5.361158e-02	-1.064122e-01	-1.300049e-05	-5.405429e-02	-1.074684e-05	4.335256e-04
1.511580e+03	8.059295e-02	-8.789505e-02	1.663792e-05	-8.089418e-02	5.054299e-06	3.179675e-04
1.523970e+03	1.021982e-01	-6.223306e-02	9.630610e-06	-1.021797e-01	-5.779355e-05	3.937298e-04
1.536360e+03	1.157798e-01	-3.157301e-02	2.979012e-05	-1.168016e-01	7.657969e-05	6.089406e-04
1.548750e+03	1.200000e-01	2.376858e-03	-4.855248e-06	-1.210000e-01	1.786483e-06	7.801182e-04
1.561140e+03	1.149692e-01	3.660857e-02	5.987918e-06	-1.159680e-01	9.499557e-05	7.345577e-04
1.573530e+03	1.003191e-01	6.774515e-02	-4.357904e-05	-1.003891e-01	7.558708e-05	4.621543e-04
1.585920e+03	7.676880e-02	9.327453e-02	-6.990399e-05	-7.708561e-02	7.946418e-05	2.678588e-04
1.598310e+03	4.794896e-02	1.116514e-01	-6.816380e-05	-4.805877e-02	1.482536e-05	1.552361e-04
1.610700e+03	1.461806e-02	1.207497e-01	-1.030202e-04	-1.489142e-02	-9.976616e-06	2.961433e-04
1.623090e+03	-2.095446e-02	1.206739e-01	-7.214250e-05	2.044313e-02	-2.802082e-05	4.573295e-04
1.635480e+03	-5.533993e-02	1.108142e-01	-9.415954e-05	5.475050e-02	-5.303693e-05	5.782034e-04
1.647870e+03	-8.515505e-02	8.973694e-02	2.324271e-05	8.477951e-02	-1.067857e-04	3.441553e-04
1.660260e+03	-1.079466e-01	6.111031e-02	5.421314e-06	1.078800e-01	-8.628946e-05	1.136610e-04
1.672650e+03	-1.221119e-01	2.688548e-02	2.790425e-05	1.221119e-01	-6.033489e-05	7.264301e-05
1.685040e+03	-1.244355e-01	-1.045230e-02	8.611590e-05	1.244355e-01	-5.974722e-05	3.923331e-05
1.697430e+03	-1.166405e-01	-4.756895e-02	-4.183751e-05	1.166405e-01	-7.130890e-05	6.781420e-05
1.709820e+03	-9.715677e-02	-8.105162e-02	1.445216e-04	9.712506e-02	1.949182e-05	1.373155e-04
1.722210e+03	-6.843341e-02	-1.074960e-01	1.013058e-04	6.832644e-02	2.765209e-05	1.002564e-04
1.734600e+03	-3.250006e-02	-1.231974e-01	2.905584e-05	3.254902e-02	-1.597045e-05	-6.470589e-05
1.746990e+03	7.081112e-03	-1.270000e-01	3.762219e-05	-6.805738e-03	5.244635e-05	-2.559135e-04
1.759380e+03	4.602248e-02	-1.204307e-01	5.960925e-05	-4.562771e-02	5.606044e-06	-3.273854e-04
1.771770e+03	8.162382e-02	-1.003691e-01	4.598957e-05	-8.145741e-02	4.995636e-05	-1.750291e-04
1.784160e+03	1.095782e-01	-7.047087e-02	1.888268e-05	-1.095811e-01	8.577980e-05	-8.591703e-06
1.796550e+03	1.275296e-01	-3.193065e-02	3.084188e-06	-1.275296e-01	5.803157e-05	-1.826785e-04
1.808940e+03	1.309986e-01	1.119442e-02	-2.768656e-05	-1.309986e-01	5.076910e-05	-2.310066e-04
1.821330e+03	1.211775e-01	5.285236e-02	-5.265850e-05	-1.212010e-01	1.048676e-04	-3.387415e-04
1.833720e+03	9.778516e-02	8.919371e-02	-1.324816e-04	-9.720871e-02	1.636957e-04	-6.041742e-04
1.846110e+03	6.373264e-02	1.164867e-01	-1.570245e-04	-6.320308e-02	7.265029e-05	-5.138136e-04
1.858500e+03	2.226266e-02	1.316327e-01	-1.050596e-04	-2.195106e-02	-7.103392e-05	-3.714167e-04
1.870890e+03	-2.238516e-02	1.320291e-01	-1.407984e-04	2.257777e-02	-7.751695e-05	-2.388602e-04
1.883280e+03	-6.565298e-02	1.170865e-01	-1.571048e-04	6.584555e-02	-1.087812e-04	-2.486359e-04
1.895670e+03	-1.011625e-01	8.914388e-02	5.791638e-05	1.016726e-01	-2.181374e-04	-2.760686e-04
1.908060e+03	-1.261454e-01	4.986385e-02	1.038411e-04	1.261987e-01	-1.626319e-04	-3.861795e-04
1.920450e+03	-1.349526e-01	4.351756e-03	1.626827e-04	1.359533e-01	-1.455665e-04	-3.746386e-04
1.932840e+03	-1.295038e-01	-4.227796e-02	1.063402e-04	1.298854e-01	-8.606300e-05	-3.740888e-04
1.945230e+03	-1.074355e-01	-8.421193e-02	1.756877e-04	1.074424e-01	-5.845001e-06	-3.156098e-04
1.957620e+03	-7.227358e-02	-1.166391e-01	2.026927e-04	7.243968e-02	1.032273e-04	-1.855164e-04
1.970010e+03	-2.761179e-02	-1.342907e-01	-5.116976e-05	2.781457e-02	-6.697327e-06	-2.389450e-04
1.982400e+03	2.056198e-02	-1.351982e-01	1.274161e-04	-2.026649e-02	1.615484e-04	-2.907456e-04
1.994790e+03	6.641734e-02	-1.198898e-01	2.526881e-05	-6.611778e-02	8.282405e-05	-3.179867e-04
2.007180e+03	1.043729e-01	-9.048223e-02	1.741557e-06	-1.042814e-01	1.065583e-04	-1.433996e-04
2.019570e+03	1.296097e-01	-4.834130e-02	-3.846113e-05	-1.296098e-01	-3.706568e-05	-1.259131e-04
2.031960e+03	1.377938e-01	6.466354e-04	-1.902055e-05	-1.380000e-01	1.295972e-04	6.861899e-05
2.044350e+03	1.292571e-01	4.994903e-02	-8.549728e-05	-1.302945e-01	5.804142e-05	1.310491e-04
2.056740e+03	1.032653e-01	9.295446e-02	-1.229365e-04	-1.031727e-01	1.043291e-04	2.210339e-05
2.069130e+03	6.381675e-02	1.227342e-01	-2.320549e-04	-6.372417e-02	1.256020e-04	-1.745602e-04
2.081520e+03	1.594626e-02	1.369670e-01	-1.657090e-04	-1.590526e-02	-4.640607e-05	-6.992923e-05
2.093910e+03	-3.398922e-02	1.345551e-01	-1.893705e-04	3.401781e-02	-8.784101e-05	-1.034114e-04
2.106300e+03	-8.021001e-02	1.142730e-01	-1.314310e-04	8.021001e-02	-1.650424e-04	8.116920e-05
2.118690e+03	-1.167428e-01	7.778021e-02	9.925234e-05	1.168541e-01	-2.632663e-04	1.835741e-04
2.131080e+03	-1.374035e-01	3.011111e-02	1.837821e-05	1.363851e-01	-1.733068e-04	2.817136e-04
2.143470e+03	-1.389874e-01	-2.176880e-02	2.281959e-04	1.379719e-01	-1.652394e-04	2.554765e-04
2.155860e+03	-1.207289e-01	-7.094678e-02	1.830837e-04	1.208015e-01	-6.694411e-05	2.387930e-05
2.168250e+03	-8.739355e-02	-1.107906e-01	1.082418e-04	8.726778e-02	-2.768769e-05	2.437738e-04
2.180640e+03	-4.084201e-02	-1.346686e-01	1.287371e-04	4.073808e-02	-1.686461e-05	8.883083e-05
2.193030e+03	1.173598e-02	-1.403526e-01	1.513912e-04	-1.198314e-02	9.588558e-05	2.557788e-04
2.205420e+03	6.319229e-02	-1.270036e-01	7.720019e-06	-6.339230e-02	-1.019998e-05	2.210069e-04
2.217810e+03	1.067026e-01	-9.403435e-02	9.588597e-05	-1.067478e-01	1.313960e-04	1.853944e-04
2.230200e+03	1.343055e-01	-4.787272e-02	1.975473e-05	-1.343054e-01	2.219857e-04	1.512779e-04
2.242590e+03	1.426064e-01	6.763094e-03	1.339316e-05	-1.426064e-01	1.471172e-04	2.867476e-04
2.254980e+03	1.298228e-01	6.083262e-02	-4.270963e-05	-1.297963e-01	1.598642e-04	1.575936e-04
2.267370e+03	9.749484e-02	1.064142e-01	-1.059339e-04	-9.841768e-02	1.538457e-04	2.951265e-04
2.279760e+03	4.924311e-02	1.361094e-01	-2.262609e-04	-4.963612e-02	1.988461e-04	3.547648e-04
2.292150e+03	-7.356810e-03	1.446682e-01	-2.097249e-04	7.010367e-03	-6.288982e-06	3.593110e-04
2.304540e+03	-6.403079e-02	1.312382e-01	-3.764450e-04	6.369670e-02	-5.612440e-06	4.065175e-04
2.316930e+03	-1.109717e-01	9.685616e-02	-6.036644e-05	1.099031e-01	-2.416875e-04	2.797002e-04
2.329320e+03	-1.411998e-01	4.497533e-02	1.588630e-05	1.412172e-01	-2.305555e-04	3.442933e-04
2.341710e+03	-1.485157e-01	-1.533153e-02	-1.742483e-04	1.475936e-01	-2.534063e-04	3.586295e-04
2.354100e+03	-1.299653e-01	-7.448783e-02	1.741435e-04	1.293608e-01	-2.003538e-04	4.174085e-04
2.366490e+03	-8.861114e-02	-1.218977e-01	1.422105e-04	8.815634e-02	-1.413161e-04	5.217957e-04
2.378880e+03	-3.049500e-02	-1.488423e-01	1.905175e-04	2.995601e-02	-1.096431e-04	5.063889e-04
2.391270e+03	3.435777e-02	-1.484371e-01	3.182594e-04	-3.475385e-02	1.295501e-04	4.258972e-04
2.403660e+03	9.482863e-02	-1.210687e-01	2.371015e-04	-9.565183e-02	1.182030e-04	5.528338e-04
2.416050e+03	1.384211e-01	-6.908387e-02	1.711018e-04	-1.394211e-01	1.927328e-04	6.069336e-04
2.428440e+03	1.545296e-01	-1.522754e-03	1.226168e-04	-1.555296e-01	3.084992e-04	7.980485e-04
2.440830e+03	1.417470e-01	6.923209e-02	-4.947696e-05	-1.427436e-01	2.510755e-04	6.961594e-04
2.453220e+03	9.660007e-02	1.271387e-01	-1.924621e-04	-9.680633e-02	2.943456e-04	8.773906e-04
2.465610e+03	2.713202e-02	1.599323e-01	-4.605508e-04	-2.812222e-02	3.272022e-04	1.065838e-03
2.478000e+03	-5.145435e-02	1.558792e-01	-3.707241e-04	5.034179e-02	-8.832685e-05	1.092406e-03
2.490390e+03	-1.215126e-01	1.128088e-01	-3.900986e-04	1.205065e-01	-2.374970e-04	1.336330e-03
2.502780e+03	-1.628594e-01	3.865161e-02	-6.085109e-05	1.614270e-01	-4.267910e-04	1.422559e-03
2.515170e+03	-1.619696e-01	-5.062736e-02	2.618468e-05	1.599696e-01	-4.154675e-04	1.700279e-03
2.527560e+03	-1.123229e-01	-1.298097e-01	2.681683e-04	1.103254e-01	-3.596146e-04	1.953559e-03
2.539950e+03	-1.991783e-02	-1.716886e-01	2.867128e-04	1.781677e-02	-1.933007e-04	2.107076e-03
2.552340e+03	8.114044e-02	-1.520094e-01	4.274088e-04	-8.318023e-02	1.082644e-04	1.885793e-03
2.564730e+03	1.549324e-01	-7.164998e-02	3.368627e-04	-1.562298e-01	4.265506e-04	1.710809e-03
2.577120e+03	1.621882e-01	4.291383e-02	4.038127e-05	-1.629394e-01	5.420741e-04	8.131006e-04
2.589510e+03	8.797296e-02	1.353501e-01	-3.659714e-04	-8.795349e-02	6.069614e-04	6.077500e-05
2.601900e+03	-2.788925e-02	1.470991e-01	-5.851854e-04	2.948892e-02	1.047565e-04	-1.565207e-03
2.614290e+03	-1.140375e-01	7.376193e-02	-5.609871e-04	1.162484e-01	-3.918545e-04	-2.165209e-03
2.626680e+03	-1.106094e-01	-3.284425e-02	6.842511e-05	1.142249e-01	-5.975373e-04	-3.340112e-03
2.639070e+03	-3.326084e-02	-8.733350e-02	5.280965e-04	3.762015e-02	-3.070375e-04	-4.300586e-03
2.651460e+03	3.822264e-02	-5.962225e-02	1.758578e-04	-3.441471e-02	9.136145e-05	-3.810632e-03
2.663850e+03	4.640340e-02	-1.937126e-03	4.917527e-05	-4.264663e-02	1.752192e-04	-3.705062e-03
2.676240e+03	1.380173e-02	1.723801e-02	1.616032e-04	-1.046739e-02	1.291096e-04	-3.416181e-03
2.688630e+03	2.378314e-03	1.839167e-03	-1.973140e-04	1.601907e-03	2.856689e-05	-4.018434e-03
2.701020e+03	1.554173e-02	1.148352e-03	-4.547430e-05	-1.094825e-02	-6.928078e-04	-4.615615e-03
2.713410e+03	9.622259e-03	2.271582e-02	-4.379701e-04	-4.666094e-03	-3.389667e-04	-4.919638e-03
2.725800e+03	-2.147177e-02	2.456065e-02	1.654815e-04	2.756946e-02	-3.375613e-04	-6.130000e-03
2.738190e+03	-3.856790e-02	-1.295331e-02	5.143736e-04	4.429590e-02	1.458311e-04	-5.826214e-03
2.750580e+03	-1.147195e-02	-5.163178e-02	3.413830e-04	1.481320e-02	-4.235039e-05	-3.352954e-03
2.762970e+03	4.117757e-02	-4.748082e-02	7.838330e-05	-4.176462e-02	5.804580e-04	6.485122e-04
2.775360e+03	6.745699e-02	5.781398e-03	-2.133500e-04	-7.300182e-02	4.040336e-04	5.257391e-03
2.787750e+03	4.091707e-02	6.679514e-02	-2.911004e-04	-4.917781e-02	7.901341e-05	8.292448e-03
2.800140e+03	-2.787438e-02	8.559944e-02	-4.894176e-04	1.866780e-02	-1.901243e-04	9.161849e-03
2.812530e+03	-8.889961e-02	4.326587e-02	-1.415346e-04	8.161397e-02	-5.647395e-04	7.264686e-03
2.824920e+03	-9.632032e-02	-3.690978e-02	3.420777e-04	9.295223e-02	-5.941270e-04	3.430011e-03
2.837310e+03	-3.424707e-02	-1.005636e-01	6.638239e-04	3.438026e-02	-1.474347e-04	-1.356134e-04
2.849700e+03	5.965462e-02	-9.249195e-02	5.013064e-04	-5.687326e-02	1.457806e-04	-2.781702e-03
2.862090e+03	1.119821e-01	-8.907531e-03	1.997767e-04	-1.079821e-01	6.319642e-04	-4.170821e-03
2.874480e+03	6.969540e-02	8.549897e-02	-5.217117e-04	-6.568096e-02	4.408999e-04	-4.002534e-03
2.886870e+03	-3.422984e-02	9.726617e-02	-7.398524e-04	3.652495e-02	-1.621773e-04	-2.269303e-03
2.899260e+03	-9.423499e-02	1.561211e-02	-4.315720e-04	9.460074e-02	-5.564338e-04	-2.795886e-04
2.911650e+03	-5.279848e-02	-7.186680e-02	4.241787e-04	5.228571e-02	-6.268144e-04	5.185486e-04
2.924040e+03	3.806708e-02	-7.380076e-02	5.960967e-04	-3.951123e-02	-1.663995e-04	1.459920e-03
2.936430e+03	7.870039e-02	4.061144e-03	-1.659106e-04	-7.938781e-02	2.712911e-04	7.073202e-04
2.948820e+03	2.914202e-02	7.192700e-02	1.750468e-04	-2.802560e-02	3.518671e-04	-1.076247e-03
2.961210e+03	-5.081653e-02	5.662236e-02	-1.078375e-04	5.306616e-02	5.966137e-05	-2.226423e-03
2.973600e+03	-7.287947e-02	-2.072688e-02	-1.886889e-04	7.556932e-02	-3.408224e-04	-2.753798e-03
2.985990e+03	-1.667518e-02	-7.468640e-02	-1.124310e-04	1.785836e-02	-3.853749e-04	-1.231505e-03
2.998380e+03	5.635667e-02	-5.163810e-02	1.771003e-04	-5.669699e-02	9.006208e-06	3.152344e-04
3.010770e+03	7.156231e-02	2.180117e-02	-5.323496e-05	-7.339846e-02	2.801526e-04	1.768135e-03
3.023160e+03	1.648159e-02	7.161941e-02	2.185026e-05	-1.856936e-02	5.268486e-05	2.112167e-03
3.035550e+03	-5.079159e-02	5.070961e-02	4.892035e-05	4.886471e-02	-6.131827e-04	1.961296e-03
3.047940e+03	-6.712211e-02	-1.664601e-02	1.012755e-04	6.596504e-02	-2.429598e-04	1.131102e-03
3.060330e+03	-1.848990e-02	-6.525674e-02	4.385989e-04	1.816326e-02	-6.340280e-05	3.430453e-04
3.072720e+03	4.703356e-02	-4.704736e-02	2.597554e-04	-4.724450e-02	4.673737e-04	2.063606e-04
3.085110e+03	6.190055e-02	2.079839e-02	1.077208e-04	-6.195264e-02	4.382570e-04	-2.631015e-05
3.097500e+03	8.929989e-03	6.388768e-02	-1.009322e-03	-8.930784e-03	-1.827346e-04	-8.188385e-05
3.109890e+03	-5.437332e-02	3.535110e-02	-4.297805e-04	5.451244e-02	-5.624569e-04	-1.658744e-04
3.122280e+03	-4.989794e-02	-3.841245e-02	6.229655e-05	5.087061e-02	-2.831406e-04	-9.914832e-04
3.134670e+03	9.520617e-03	-6.175983e-02	7.500925e-04	-7.979396e-03	-5.980121e-05	-1.517158e-03
3.147060e+03	6.114644e-02	-1.690908e-02	3.551243e-04	-5.945745e-02	5.381801e-04	-1.671132e-03
3.159450e+03	4.015389e-02	4.942948e-02	-1.685827e-04	-3.856892e-02	6.785649e-04	-1.645660e-03
3.171840e+03	-2.913109e-02	5.634312e-02	-7.149541e-04	3.011830e-02	6.937916e-05	-1.006340e-03
3.184230e+03	-6.345566e-02	-2.925337e-03	-2.688950e-04	6.332139e-02	-4.470266e-04	1.809127e-04
3.196620e+03	-2.712930e-02	-5.959213e-02	2.130774e-04	2.690930e-02	-4.257488e-04	2.433896e-04
3.209010e+03	4.041328e-02	-5.203217e-02	4.046648e-04	-4.094927e-02	-1.257623e-04	5.113155e-04
3.221400e+03	6.486999e-02	1.043999e-02	4.661672e-04	-6.529394e-02	2.000372e-04	4.361670e-04
3.233790e+03	2.262102e-02	6.288533e-02	1.553294e-04	-2.303006e-02	5.158595e-04	4.398117e-04
3.246180e+03	-4.280210e-02	5.044724e-02	-3.305896e-04	4.237608e-02	4.874179e-04	3.974598e-04
3.258570e+03	-6.418910e-02	-1.214311e-02	-5.003460e-04	6.358856e-02	3.117503e-05	6.669871e-04
3.270960e+03	-2.112749e-02	-6.199447e-02	-4.265268e-04	1.990409e-02	-1.574577e-04	1.211627e-03
3.283350e+03	4.205858e-02	-4.666391e-02	-2.772906e-04	-4.323910e-02	-3.491014e-04	1.124590e-03
3.295740e+03	5.916994e-02	1.570441e-02	1.647418e-04	-5.990923e-02	-5.722076e-04	7.229104e-04
3.308130e+03	1.199443e-02	5.913739e-02	4.998183e-04	-1.219962e-02	-2.485510e-04	2.100916e-04
3.320520e+03	-4.620581e-02	3.459567e-02	2.527888e-04	4.679718e-02	-2.173883e-06	-5.920072e-04
3.332910e+03	-4.875254e-02	-2.758067e-02	2.850333e-04	4.975410e-02	3.402606e-05	-1.029774e-03
3.345300e+03	6.036759e-03	-5.417882e-02	4.995469e-04	-5.566410e-03	5.221796e-04	-4.745227e-04
3.357690e+03	5.393046e-02	-1.532873e-02	-6.783914e-04	-5.299624e-02	7.787120e-04	-9.130983e-04
3.370080e+03	3.569776e-02	4.448233e-02	-9.299685e-04	-3.490108e-02	-1.206172e-04	-7.434296e-04
3.382470e+03	-2.656043e-02	5.133253e-02	-3.823722e-04	2.617181e-02	-1.278943e-03	2.661362e-04
3.394860e+03	-5.869811e-02	-2.881075e-03	5.544589e-04	5.896651e-02	-9.168406e-04	-3.120918e-04
3.407250e+03	-2.385474e-02	-5.694413e-02	8.743048e-04	2.430826e-02	1.817079e-04	-4.951630e-04
3.419640e+03	4.105199e-02	-4.866212e-02	6.835673e-04	-4.059249e-02	6.512875e-04	-4.673165e-04
3.432030e+03	6.244446e-02	1.285303e-02	-3.996096e-04	-6.287747e-02	1.073050e-03	6.049061e-04
3.444420e+03	1.876154e-02	6.255491e-02	-8.719504e-04	-1.889699e-02	5.672837e-05	1.396761e-04
3.456810e+03	-4.673928e-02	4.836283e-02	-4.890515e-04	4.575536e-02	-4.063954e-04	9.890125e-04
3.469200e+03	-6.500020e-02	-1.671476e-02	-4.097673e-05	6.389429e-02	-6.153361e-04	1.050499e-03
3.481590e+03	-1.809315e-02	-6.527884e-02	5.550433e-04	1.699465e-02	-3.549886e-04	1.109494e-03
3.493980e+03	4.698996e-02	-4.722256e-02	3.518087e-04	-4.735259e-02	1.336705e-04	3.476523e-04
3.506370e+03	6.293923e-02	1.818181e-02	8.431025e-05	-6.351447e-02	3.958322e-04	5.917308e-04
3.518760e+03	1.380576e-02	6.310011e-02	-1.079481e-04	-1.328740e-02	2.923880e-04	-5.498369e-04
3.531150e+03	-4.850306e-02	3.995998e-02	-2.960871e-05	4.870344e-02	-1.459998e-04	-1.650043e-04
3.543540e+03	-5.664671e-02	-2.515589e-02	-1.266444e-04	5.728103e-02	-3.346222e-04	-5.236832e-04
3.555930e+03	-1.168669e-03	-5.899844e-02	9.585167e-05	1.697595e-03	-7.897061e-05	-5.020641e-04
3.568320e+03	5.190003e-02	-2.611980e-02	4.272845e-05	-5.169165e-02	2.169451e-04	-9.168287e-05
3.580710e+03	4.484186e-02	3.620689e-02	-8.858078e-05	-4.437360e-02	-3.227305e-04	-5.534514e-04
3.593100e+03	-1.398300e-02	5.437958e-02	3.163039e-04	1.458281e-02	-3.676007e-04	-6.517196e-04
3.605490e+03	-5.400176e-02	9.179032e-03	4.154678e-04	5.475191e-02	-3.150233e-04	-7.408418e-04
3.617880e+03	-3.128395e-02	-4.626217e-02	2.722339e-04	3.156072e-02	2.848884e-04	-3.020874e-04
3.630270e+03	2.827258e-02	-4.928721e-02	2.803115e-04	-2.752338e-02	2.240914e-04	-6.870613e-04
3.642660e+03	5.521942e-02	3.521240e-03	-2.688944e-04	-5.507458e-02	2.263277e-04	-1.933609e-04
3.655050e+03	2.248426e-02	5.258582e-02	-1.131287e-04	-2.231746e-02	-5.289656e-05	-1.406353e-04
3.667440e+03	-3.604613e-02	4.352093e-02	4.698533e-05	3.544828e-02	8.878284e-05	6.698917e-04
3.679830e+03	-5.557020e-02	-1.181301e-02	2.422470e-04	5.508599e-02	-1.428111e-04	4.800956e-04
3.692220e+03	-1.535447e-02	-5.390777e-02	4.111209e-04	1.451792e-02	-1.625568e-05	8.214561e-04
3.704610e+03	4.101771e-02	-3.777016e-02	1.307111e-04	-4.104094e-02	1.247769e-06	4.354859e-05
3.717000e+03	5.185638e-02	1.862659e-02	3.618220e-04	-5.205820e-02	1.120269e-04	1.890415e-04
3.729390e+03	6.145077e-03	5.325572e-02	-4.795139e-05	-6.430610e-03	-5.918807e-05	2.332915e-04
3.741780e+03	-4.613840e-02	2.895003e-02	-3.613864e-04	4.601149e-02	-1.796973e-04	-5.407843e-06
3.754170e+03	-4.487558e-02	-2.802754e-02	-1.939245e-04	4.479896e-02	7.470702e-05	1.976224e-05
3.766560e+03	6.357891e-03	-5.224613e-02	-1.679142e-04	-6.007028e-03	-5.027772e-05	-3.661702e-04
3.778950e+03	5.041742e-02	-1.649304e-02	1.041516e-04	-4.997116e-02	1.608525e-04	-4.358407e-04
3.791340e+03	3.543887e-02	3.822109e-02	3.243008e-04	-3.483431e-02	-1.659108e-04	-6.485808e-04
3.803730e+03	-1.935008e-02	4.841580e-02	6.398807e-05	2.011859e-02	7.230989e-05	-7.815070e-04
3.816120e+03	-5.154746e-02	1.812484e-03	1.991360e-04	5.184019e-02	3.333710e-05	-3.172891e-04
3.828510e+03	-2.436102e-02	-4.595971e-02	2.017625e-04	2.483246e-02	-7.123954e-05	-5.589787e-04
3.840900e+03	3.126843e-02	-4.216425e-02	4.753743e-05	-3.107049e-02	1.658260e-04	-2.737816e-04
3.853290e+03	5.071650e-02	9.200888e-03	-7.565492e-05	-5.081650e-02	-2.424697e-06	8.797736e-05
3.865680e+03	1.511915e-02	4.954165e-02	-1.942709e-04	-1.550809e-02	2.936710e-04	4.181097e-04
3.878070e+03	-3.765706e-02	3.691816e-02	-2.305038e-05	3.735226e-02	-2.146053e-04	1.601720e-04
3.890460e+03	-5.024399e-02	-1.687896e-02	1.885938e-04	4.979146e-02	-4.162178e-04	4.528246e-04
3.902850e+03	-7.544805e-03	-5.055208e-02	4.803853e-04	7.209608e-03	-6.732516e-05	3.303822e-04
3.915240e+03	4.267830e-02	-2.934491e-02	2.212171e-04	-4.292970e-02	3.577958e-04	2.825107e-04
3.927630e+03	4.472832e-02	2.372252e-02	4.831105e-05	-4.483084e-02	3.358605e-04	1.637128e-04
3.940020e+03	-1.436874e-03	4.915787e-02	-3.545111e-04	1.378178e-03	-1.977308e-05	-8.957367e-07
3.952410e+03	-4.534498e-02	1.977879e-02	-7.765981e-05	4.560368e-02	-1.028489e-04	-3.338829e-04
3.964800e+03	-3.674771e-02	-3.138745e-02	4.187086e-04	3.715347e-02	-3.333075e-04	-4.219407e-04
3.977190e+03	1.290473e-02	-4.604358e-02	2.226802e-04	-1.259899e-02	6.068958e-05	-3.097150e-04
3.989580e+03	4.641027e-02	-7.785573e-03	2.448883e-04	-4.619895e-02	3.997730e-04	-2.188277e-04
4.001970e+03	2.704121e-02	3.823174e-02	-2.146633e-04	-2.659782e-02	1.813219e-04	-4.331644e-04
4.014360e+03	-2.328618e-02	3.991531e-02	-3.034058e-04	2.373238e-02	-4.778964e-05	-4.170487e-04
4.026750e+03	-4.499986e-02	-4.045287e-03	-4.881218e-05	4.549985e-02	-5.609894e-04	-5.339888e-04
4.039140e+03	-1.528378e-02	-4.218757e-02	1.483939e-04	1.541775e-02	-3.605191e-04	-1.125670e-04
4.051530e+03	3.128569e-02	-3.194034e-02	-5.514957e-06	-3.107222e-02	1.547721e-04	-1.925540e-04
4.063920e+03	4.233587e-02	1.383156e-02	9.691882e-06	-4.233285e-02	1.700370e-04	2.581572e-05
4.076310e+03	5.953597e-03	4.321389e-02	-1.959507e-04	-6.024009e-03	-9.584190e-06	4.581510e-05
4.088700e+03	-3.682256e-02	2.474921e-02	-3.360541e-04	3.691301e-02	-3.878301e-04	-1.212959e-04
4.101090e+03	-3.833024e-02	-2.163862e-02	2.707914e-04	3.794571e-02	-1.848110e-04	4.005937e-04
4.113480e+03	1.960020e-03	-4.296205e-02	2.625050e-04	-2.426395e-03	9.865475e-05	4.469146e-04
4.125870e+03	3.990341e-02	-1.701868e-02	4.282077e-05	-3.995454e-02	1.819337e-04	5.838832e-05
4.138260e+03	3.215856e-02	2.785864e-02	-2.605011e-04	-3.224029e-02	9.729361e-06	8.901583e-05
4.150650e+03	-1.108893e-02	4.104626e-02	-3.053831e-04	1.107592e-02	-1.145445e-04	1.892528e-05
4.163040e+03	-4.034561e-02	7.425068e-03	-4.195779e-05	4.035572e-02	-2.753363e-04	4.748477e-05
4.175430e+03	-2.360428e-02	-3.352549e-02	2.450603e-04	2.371005e-02	-1.104794e-04	-1.003104e-04
4.187820e+03	1.980126e-02	-3.581206e-02	1.018845e-04	-1.934810e-02	2.133688e-04	-3.827532e-04
4.200210e+03	3.921663e-02	2.942327e-03	-1.121290e-04	-3.898665e-02	2.087568e-04	-3.042274e-04
4.212600e+03	1.424303e-02	3.737455e-02	-1.410028e-04	-1.394277e-02	-1.432697e-04	-2.929822e-04
4.224990e+03	-2.741296e-02	2.859886e-02	-1.449089e-04	2.751792e-02	-2.795481e-04	-7.817605e-05
4.237380e+03	-3.687777e-02	-1.308187e-02	7.642793e-04	3.710598e-02	4.331150e-04	-3.155044e-04
4.249770e+03	-4.721327e-03	-3.859272e-02	3.436088e-04	4.696652e-03	6.648092e-05	1.181624e-05
4.262160e+03	3.273838e-02	-2.111195e-02	7.041034e-05	-3.269682e-02	3.323053e-04	-7.594139e-05
4.274550e+03	3.290139e-02	2.014047e-02	-1.891443e-04	-3.286403e-02	1.954471e-04	-4.720614e-05
4.286940e+03	-3.539318e-03	3.817019e-02	-2.851444e-04	3.254342e-03	-2.852732e-04	2.872906e-04
4.299330e+03	-3.548623e-02	1.362740e-02	-6.557551e-05	3.532045e-02	-1.573113e-04	2.108519e-04
4.311720e+03	-2.786166e-02	-2.575194e-02	1.801510e-04	2.749556e-02	-1.049043e-04	2.972403e-04
4.324110e+03	1.058253e-02	-3.557963e-02	2.481262e-04	-1.102038e-02	3.717569e-04	4.013430e-04
4.336500e+03	3.582696e-02	-6.291685e-03	-3.576476e-05	-3.587069e-02	8.776806e-05	9.622936e-05
4.348890e+03	2.099476e-02	2.993976e-02	-1.199256e-04	-2.113908e-02	7.451657e-05	1.769301e-04
4.361280e+03	-1.717870e-02	3.170330e-02	-2.473840e-04	1.746980e-02	-2.831292e-04	-3.070956e-04
4.373670e+03	-3.494976e-02	-2.163613e-03	8.250395e-05	3.500286e-02	-4.224116e-05	-1.636772e-04
4.386060e+03	-1.257635e-02	-3.281664e-02	2.499252e-04	1.286794e-02	-5.542000e-05	-3.571960e-04
4.398450e+03	2.344395e-02	-2.521197e-02	-2.278071e-04	-2.326430e-02	4.304762e-04	-2.541733e-04
4.410840e+03	3.255165e-02	1.074034e-02	-1.996908e-04	-3.228834e-02	2.069962e-04	-1.893188e-04
4.423230e+03	4.330389e-03	3.346927e-02	-1.160183e-04	-4.178565e-03	-3.441306e-05	-1.522158e-04
4.435620e+03	-2.891524e-02	1.823388e-02	-1.743167e-04	2.899392e-02	-9.620712e-05	-8.789982e-05
4.448010e+03	-2.832927e-02	-1.786496e-02	3.994256e-04	2.842517e-02	-1.256032e-04	-7.523338e-05
4.460400e+03	3.610937e-03	-3.294168e-02	1.262467e-04	-3.633910e-03	1.993822e-05	3.170754e-05
4.472790e+03	3.161737e-02	-1.114871e-02	-2.030200e-04	-3.171295e-02	1.573859e-04	6.315289e-05
4.485180e+03	2.387077e-02	2.299978e-02	-1.627753e-04	-2.395624e-02	7.935794e-05	7.530879e-05
4.497570e+03	-1.008390e-02	3.104849e-02	-8.033042e-05	1.002472e-02	1.878480e-05	3.871517e-05
4.509960e+03	-3.248999e-02	4.794491e-03	-1.020608e-04	3.219157e-02	8.382629e-05	2.130638e-04
4.522350e+03	-1.821297e-02	-2.695774e-02	1.164788e-04	1.817978e-02	-8.470673e-05	5.771846e-05
4.534740e+03	1.580027e-02	-2.774601e-02	-8.439031e-06	-1.591706e-02	5.641742e-05	1.442017e-04
4.547130e+03	3.164646e-02	2.338540e-03	2.537855e-04	-3.145120e-02	3.448992e-04	-1.308656e-04
4.559520e+03	1.166965e-02	2.889740e-02	-2.361434e-04	-1.152175e-02	3.410974e-05	-1.214721e-04
4.571910e+03	-2.093003e-02	2.240771e-02	-1.011032e-04	2.110997e-02	-2.671643e-04	-1.675084e-04
4.584300e+03	-2.919426e-02	-9.025491e-03	1.030094e-04	2.929426e-02	-1.473181e-04	-1.558841e-04
4.596690e+03	-3.983356e-03	-2.969930e-02	7.708266e-05	4.132480e-03	-1.628180e-04	-1.279975e-04
4.609080e+03	2.514224e-02	-1.659620e-02	1.966817e-04	-2.476534e-02	-8.457852e-05	-3.067723e-04
4.621470e+03	2.549257e-02	1.545252e-02	-7.450726e-05	-2.526863e-02	7.020080e-05	-2.240485e-04
4.633860e+03	-4.723855e-03	2.854247e-02	2.171291e-05	5.046402e-03	-2.796659e-04	-3.303620e-04
4.646250e+03	-2.719015e-02	9.780345e-03	8.798779e-05	2.723342e-02	7.682728e-05	-5.078839e-05
4.658640e+03	-2.039498e-02	-2.054192e-02	-8.695151e-07	2.042559e-02	-1.718784e-05	1.250879e-05
4.671030e+03	9.531124e-03	-2.752598e-02	2.113574e-04	-9.476298e-03	1.628164e-05	-5.746970e-05
4.683420e+03	2.769570e-02	-3.283704e-03	-8.349861e-05	-2.782495e-02	7.392694e-05	4.120893e-05
4.695810e+03	1.532017e-02	2.391176e-02	-2.387863e-05	-1.522217e-02	2.534777e-05	-4.536077e-05
4.708200e+03	-1.465426e-02	2.409349e-02	-2.259919e-05	1.451956e-02	-2.437127e-05	1.328284e-04
4.720590e+03	-2.701613e-02	-2.637960e-03	-1.402953e-05	2.697282e-02	-7.331919e-05	6.608874e-05
4.732980e+03	-9.748932e-03	-2.578268e-02	8.900548e-05	9.645990e-03	-7.109347e-05	1.015849e-04
4.745370e+03	1.883666e-02	-1.989287e-02	1.079561e-04	-1.876056e-02	3.889594e-05	-9.382198e-05
4.757760e+03	2.550178e-02	8.448943e-03	-1.575461e-04	-2.543829e-02	1.590591e-04	-2.616414e-05
4.770150e+03	3.486234e-03	2.589540e-02	-6.980997e-05	-3.564906e-03	-3.869056e-05	8.614213e-05
4.782540e+03	-2.225878e-02	1.426292e-02	-2.135443e-05	2.250420e-02	-1.944715e-04	-1.987898e-04
4.794930e+03	-2.242729e-02	-1.360865e-02	1.059038e-04	2.240065e-02	-2.069005e-04	9.798424e-06
4.807320e+03	2.805005e-03	-2.509085e-02	-1.389306e-04	-2.433909e-03	-7.358661e-05	-3.555238e-04
4.819710e+03	2.409617e-02	-8.413127e-03	3.059294e-05	-2.399617e-02	7.766711e-05	-7.122210e-05
4.832100e+03	1.785451e-02	1.815683e-02	-8.427663e-05	-1.786806e-02	1.127544e-04	2.720938e-05
4.844490e+03	-8.584477e-03	2.354484e-02	-1.178456e-04	8.728596e-03	-2.400818e-04	-1.505500e-04
4.856880e+03	-2.404248e-02	2.646842e-03	-1.230091e-05	2.424933e-02	-1.080208e-04	-1.581367e-04
4.869270e+03	-1.271368e-02	-2.112675e-02	1.436652e-04	1.272485e-02	-6.352160e-05	-1.527720e-05
4.881660e+03	1.309712e-02	-2.043653e-02	9.355405e-05	-1.297923e-02	-1.731873e-05	-1.614146e-04
4.894050e+03	2.337397e-02	2.930313e-03	-1.411526e-04	-2.347604e-02	-6.053232e-07	-6.238669e-05
4.906440e+03	7.755166e-03	2.228379e-02	4.813020e-05	-7.787172e-03	8.853300e-05	4.072608e-05
4.918830e+03	-1.657827e-02	1.661479e-02	-5.288353e-05	1.641647e-02	-6.020368e-05	1.045790e-04
4.931220e+03	-2.198098e-02	-7.509387e-03	9.043413e-05	2.179021e-02	-1.727130e-04	1.834859e-04
4.943610e+03	-2.791813e-03	-2.216891e-02	-9.825939e-06	2.692725e-03	-4.662493e-05	8.244658e-05
4.956000e+03	1.921177e-02	-1.217159e-02	1.085719e-04	-1.910361e-02	1.103549e-04	-6.800065e-05
4.968390e+03	1.920818e-02	1.182376e-02	2.216061e-04	-1.895432e-02	-1.715810e-04	-2.639221e-04
4.980780e+03	-2.322517e-03	2.143317e-02	-6.558033e-05	2.467099e-03	4.083146e-05	-1.738855e-04
4.993170e+03	-2.024885e-02	7.113120e-03	-1.130582e-04	2.037144e-02	-1.295575e-04	-1.016572e-04
5.005560e+03	-1.492109e-02	-1.534183e-02	9.856776e-05	1.496507e-02	-1.144073e-04	-1.822766e-06
5.017950e+03	7.109573e-03	-1.994666e-02	2.534206e-04	-7.052406e-03	3.509557e-05	-5.641418e-05
5.030340e+03	2.038034e-02	-2.151575e-03	9.684481e-05	-2.043743e-02	1.470510e-04	1.523675e-05
5.042730e+03	1.045312e-02	1.745013e-02	-1.122081e-04	-1.036160e-02	1.379920e-04	-1.343893e-04
5.055120e+03	-1.099904e-02	1.675043e-02	-8.352039e-05	1.121306e-02	-1.056874e-05	-1.827975e-04
5.067510e+03	-1.959990e-02	-3.085940e-03	6.527407e-05	1.979990e-02	9.998787e-05	-1.941446e-04
5.079900e+03	-5.934537e-03	-1.870156e-02	5.013685e-05	5.784528e-03	-5.345825e-05	1.458982e-04
5.092290e+03	1.424231e-02	-1.332148e-02	4.131319e-05	-1.433968e-02	1.630327e-04	9.323536e-05
5.104680e+03	1.796056e-02	6.968099e-03	2.898322e-05	-1.809136e-02	6.623953e-05	1.388956e-04
5.117070e+03	1.726571e-03	1.881461e-02	-3.543490e-04	-1.728983e-03	1.753184e-04	8.158142e-06
5.129460e+03	-1.605224e-02	9.382478e-03	1.099778e-07	1.593052e-02	1.017588e-04	1.565587e-04
5.141850e+03	-1.516149e-02	-1.019012e-02	1.449894e-04	1.519412e-02	-4.563977e-05	4.675348e-05
5.154240e+03	2.727786e-03	-1.777798e-02	2.354405e-05	-2.636525e-03	9.874229e-05	-9.795250e-05
5.166630e+03	1.700325e-02	-5.187870e-03	2.820066e-06	-1.697258e-02	6.344675e-05	-3.475496e-05
5.179020e+03	1.165391e-02	1.260845e-02	8.190463e-05	-1.155015e-02	2.439259e-04	-1.244525e-04
5.191410e+03	-6.310671e-03	1.572976e-02	-5.702636e-05	6.231528e-03	-6.540402e-05	5.227376e-05
5.203800e+03	-1.639713e-02	9.406758e-04	-3.260584e-05	1.649710e-02	-6.107250e-05	-9.713405e-05
5.216190e+03	-7.704842e-03	-1.437285e-02	1.865454e-04	7.963311e-03	7.464729e-06	-2.404982e-04
5.228580e+03	9.669986e-03	-1.272359e-02	-1.849638e-04	-9.469368e-03	1.391240e-04	-1.979881e-04
5.240970e+03	1.554654e-02	2.995290e-03	2.306722e-05	-1.541052e-02	8.139898e-06	-1.097008e-04
5.253360e+03	3.950419e-03	1.488900e-02	-1.577073e-04	-3.724378e-03	1.457381e-04	-2.295526e-04
5.265750e+03	-1.156283e-02	9.798552e-03	9.851384e-05	1.157565e-02	-1.325116e-04	-8.770986e-05
5.278140e+03	-1.331929e-02	-6.312523e-03	-3.867870e-05	1.332892e-02	4.769610e-05	-9.459420e-05
5.290530e+03	-2.092948e-04	-1.422756e-02	8.225420e-05	1.768869e-04	7.631116e-05	3.295559e-05
5.302920e+03	1.287743e-02	-6.100755e-03	7.837587e-05	-1.299965e-02	4.519338e-05	3.257846e-05
5.315310e+03	1.108239e-02	8.712457e-03	-8.152915e-05	-1.115503e-02	-6.956722e-05	9.524706e-05
5.327700e+03	-2.993130e-03	1.316137e-02	-6.376339e-05	2.998700e-03	-5.060854e-05	1.419128e-05
5.340090e+03	-1.301211e-02	3.373462e-03	4.532404e-05	1.291321e-02	1.859401e-05	1.071118e-04
5.352480e+03	-8.676539e-03	-1.011804e-02	4.464402e-05	8.756017e-03	1.034344e-04	-7.231635e-05
5.364870e+03	5.691057e-03	-1.163791e-02	8.497147e-06	-5.759486e-03	9.460489e-06	6.255807e-05
5.377260e+03	1.238786e-02	3.421067e-04	-4.887729e-05	-1.241835e-02	-6.720884e-05	4.472038e-05
5.389650e+03	5.185854e-03	1.125399e-02	-5.922281e-05	-5.254237e-03	-1.605865e-04	6.891477e-05
5.402040e+03	-7.633097e-03	9.357115e-03	1.565521e-04	7.855359e-03	-3.707001e-04	-1.781742e-04
5.414430e+03	-1.115871e-02	-3.323210e-03	-5.056817e-05	1.115755e-02	5.028456e-05	-3.458416e-05
5.426820e+03	-1.731427e-03	-1.122994e-02	1.927405e-05	1.834783e-03	7.027554e-05	-1.328320e-04
5.439210e+03	9.341492e-03	-6.423428e-03	-2.499582e-05	-9.465402e-03	2.528353e-05	1.056076e-04
5.451600e+03	9.488773e-03	5.653462e-03	-8.594492e-05	-9.270508e-03	9.852980e-06	-1.777391e-04
5.463990e+03	-9.025787e-04	1.059883e-02	-7.775726e-05	8.141157e-04	-6.348050e-05	8.331734e-05
5.476380e+03	-1.003927e-02	3.409312e-03	-3.363829e-05	1.004626e-02	8.051336e-05	-5.803029e-06
5.488770e+03	-7.121772e-03	-7.337666e-03	2.588898e-04	7.146848e-03	-1.786542e-04	-2.568010e-05
5.501160e+03	3.659161e-03	-9.568786e-03	4.650372e-05	-3.740190e-03	-3.908478e-06	6.048730e-05
5.513550e+03	9.952257e-03	-7.166901e-04	9.153747e-05	-9.991441e-03	8.104319e-05	8.337255e-05
5.525940e+03	5.001470e-03	8.373454e-03	1.283338e-05	-5.169209e-03	6.315040e-06	1.346781e-04
5.538330e+03	-5.594484e-03	7.796599e-03	-1.142606e-04	5.460208e-03	3.947896e-05	1.228508e-04
5.550720e+03	-9.110721e-03	-1.407570e-03	1.028050e-04	9.109838e-03	-3.973233e-05	1.440097e-06
5.563110e+03	-2.453389e-03	-8.819066e-03	9.780382e-05	2.473992e-03	-1.390404e-04	-2.422569e-05
5.575500e+03	6.760964e-03	-6.057737e-03	-4.733704e-05	-6.764071e-03	-7.068315e-05	-9.802913e-06
5.587890e+03	7.998484e-03	3.545574e-03	1.328691e-04	-7.793629e-03	1.061836e-04	-2.102526e-04
5.600280e+03	3.196956e-04	8.357026e-03	-9.799107e-05	-2.276906e-04	-9.563083e-05	-9.446172e-05
5.612670e+03	-7.386990e-03	3.641727e-03	-3.688283e-05	7.492954e-03	-2.232487e-04	-1.050809e-04
5.625060e+03	-6.486510e-03	-5.280827e-03	-1.853918e-05	6.404886e-03	-1.110000e-04	7.065656e-05
5.637450e+03	1.856070e-03	-8.048942e-03	-2.759844e-05	-1.895016e-03	-5.098876e-05	4.210604e-05
5.649840e+03	7.623680e-03	-1.842935e-03	-1.080707e-05	-7.703656e-03	3.711205e-06	1.330483e-04
5.662230e+03	4.839204e-03	6.213022e-03	5.489370e-05	-4.909143e-03	5.940963e-05	8.477804e-05
5.674620e+03	-3.481475e-03	6.757449e-03	7.652867e-05	3.477166e-03	-1.005497e-04	8.930235e-06
5.687010e+03	-7.509957e-03	-3.561435e-04	4.381532e-05	7.569962e-03	-2.709569e-05	-6.206840e-05
5.699400e+03	-2.770724e-03	-6.876985e-03	6.212005e-05	2.787884e-03	1.647791e-05	-2.608630e-05
5.711790e+03	4.783876e-03	-5.334272e-03	-6.096941e-05	-4.794068e-03	9.608501e-05	4.755472e-06
5.724180e+03	6.758465e-03	2.230062e-03	-2.343186e-05	-6.714598e-03	8.171891e-05	-2.843267e-05
5.736570e+03	9.768323e-04	6.837441e-03	-1.066954e-04	-1.035087e-03	-2.297050e-04	5.309082e-05
5.748960e+03	-5.969646e-03	3.707578e-03	-2.241405e-06	5.954473e-03	-1.216656e-04	2.907886e-05
5.761350e+03	-6.260122e-03	-3.585182e-03	3.589625e-05	6.080778e-03	1.723929e-05	1.645169e-04
5.773740e+03	7.134312e-04	-6.576372e-03	7.078358e-05	-7.001403e-04	3.658725e-05	-3.123974e-06
5.786130e+03	6.194619e-03	-2.576392e-03	-1.512006e-04	-6.086939e-03	5.677975e-05	-1.521145e-04
5.798520e+03	4.710624e-03	4.835661e-03	2.057780e-05	-4.682237e-03	3.018681e-05	-3.929849e-05
5.810910e+03	-2.249737e-03	6.237024e-03	-3.401180e-05	2.286195e-03	-3.145985e-06	-2.221666e-05
5.823300e+03	-6.320297e-03	3.849257e-04	9.608424e-05	6.253020e-03	-1.978140e-05	1.133964e-04
5.835690e+03	-3.126682e-03	-5.367143e-03	9.581533e-05	3.212463e-03	2.182767e-05	-8.472876e-05
5.848080e+03	3.428892e-03	-5.253042e-03	-1.884087e-04	-3.289845e-03	1.042304e-05	-1.449489e-04
5.860470e+03	5.892789e-03	8.198845e-04	4.401292e-05	-5.971694e-03	7.558862e-05	8.281339e-05
5.872860e+03	1.818989e-03	5.840345e-03	4.578323e-05	-1.882716e-03	1.272646e-05	6.987275e-05
5.885250e+03	-4.343770e-03	4.092101e-03	-1.399824e-04	4.406857e-03	-3.695411e-05	-3.505424e-05
5.897640e+03	-5.365329e-03	-2.147779e-03	2.769675e-04	5.344536e-03	5.715483e-06	1.613968e-05
5.910030e+03	-4.246377e-04	-5.747476e-03	1.778576e-05	4.007844e-04	-6.196366e-05	2.069217e-05
5.922420e+03	4.755433e-03	-2.751295e-03	2.297154e-04	-4.914613e-03	-2.279496e-05	1.633177e-04
5.934810e+03	4.866612e-03	3.301155e-03	6.643136e-05	-4.722471e-03	6.116645e-05	-1.142668e-04
5.947200e+03	-6.251333e-04	5.448881e-03	2.139032e-05	7.905591e-04	7.701171e-06	-1.617353e-04
5.959590e+03	-5.192829e-03	1.520150e-03	4.290659e-05	5.191047e-03	-5.655811e-05	3.393705e-05
5.971980e+03	-3.370642e-03	-3.864338e-03	1.873969e-04	3.527889e-03	-3.854422e-05	-1.613822e-04
5.984370e+03	1.864878e-03	-4.806275e-03	2.105454e-06	-1.900258e-03	6.376825e-05	3.472495e-05
5.996760e+03	4.957742e-03	-1.202489e-04	-1.057746e-05	-5.239791e-03	-1.234025e-05	2.824462e-04
6.009150e+03	2.009198e-03	4.321130e-03	-1.369098e-04	-2.016456e-03	-7.611754e-05	2.066882e-05
6.021540e+03	-2.936422e-03	4.225080e-03	-3.683231e-05	2.803609e-03	2.201796e-05	1.342295e-04
6.033930e+03	-4.869988e-03	-9.174546e-04	1.799152e-04	4.840000e-03	-6.537145e-05	2.543395e-05
6.046320e+03	-1.323538e-03	-4.625734e-03	1.212627e-04	1.293723e-03	4.200336e-05	3.006741e-05
6.058710e+03	3.556812e-03	-3.142089e-03	-1.272009e-05	-3.428247e-03	5.890483e-05	-1.278316e-04
6.071100e+03	4.216266e-03	1.889733e-03	-1.849851e-05	-4.269912e-03	3.360760e-06	-3.548361e-06
6.083490e+03	1.167665e-04	4.647249e-03	-1.374942e-05	-1.591411e-04	-9.817499e-05	4.162669e-05
6.095880e+03	-4.074604e-03	2.129853e-03	2.263916e-06	4.139399e-03	-4.379284e-05	-8.725141e-05
6.108270e+03	-3.831723e-03	-2.553940e-03	-4.471731e-05	3.734086e-03	-2.763938e-05	7.489098e-05
6.120660e+03	8.913306e-04	-4.471601e-03	1.086681e-04	-8.437961e-04	-3.223264e-05	-4.718468e-05
6.133050e+03	4.261650e-03	-9.743205e-04	1.033288e-04	-4.375313e-03	-4.532151e-06	1.148718e-04
6.145440e+03	2.948541e-03	3.507081e-03	-5.298534e-05	-3.142967e-03	1.324602e-04	1.672200e-04
6.157830e+03	-1.924012e-03	3.888979e-03	-4.759039e-05	1.979859e-03	-4.974449e-05	-8.693330e-05
6.170220e+03	-4.277395e-03	1.204702e-04	1.063683e-04	4.292051e-03	-1.185395e-04	-2.245735e-05
6.182610e+03	-1.976252e-03	-3.784865e-03	1.230410e-04	1.952483e-03	-2.825936e-05	2.844094e-05
6.195000e+03	2.503601e-03	-3.290762e-03	9.130996e-05	-2.622272e-03	-9.285373e-05	1.125850e-04
6.207390e+03	4.179111e-03	8.002357e-04	-4.180428e-05	-4.105513e-03	9.275621e-05	-7.542839e-05
6.219780e+03	9.747916e-04	4.063510e-03	-1.128558e-04	-9.707936e-04	-3.062392e-05	-9.222612e-06
6.232170e+03	-3.082921e-03	2.565330e-03	3.158577e-05	3.188745e-03	1.512963e-05	-7.797491e-05
6.244560e+03	-3.836755e-03	-1.683118e-03	2.039676e-05	3.797538e-03	-4.637481e-05	3.375559e-05
6.256950e+03	-1.219759e-04	-3.980000e-03	1.210755e-04	5.440911e-05	-7.082720e-05	5.596829e-05
6.269340e+03	3.550343e-03	-1.852596e-03	3.188289e-05	-3.599936e-03	-1.273077e-05	5.016604e-05
6.281730e+03	3.144566e-03	2.552306e-03	-4.210827e-05	-3.162570e-03	2.019026e-07	1.437260e-05
6.294120e+03	-6.063626e-04	3.600224e-03	1.605720e-04	6.328324e-04	-7.148356e-05	-2.903105e-05
6.306510e+03	-3.829205e-03	1.211419e-03	-1.083095e-04	3.956936e-03	1.600385e-04	-1.359463e-04
6.318900e+03	-2.424182e-03	-3.128132e-03	1.505018e-04	2.445548e-03	3.863824e-05	-2.675746e-05
6.331290e+03	1.571890e-03	-3.557143e-03	9.460255e-05	-1.496955e-03	-9.290781e-05	-6.943275e-05
6.343680e+03	3.868808e-03	-1.497120e-04	-2.289409e-05	-3.739096e-03	1.652037e-04	-1.248859e-04
6.356070e+03	1.705039e-03	3.387209e-03	-5.867132e-05	-1.623224e-03	1.157758e-05	-1.074675e-04
6.368460e+03	-2.096859e-03	2.984127e-03	2.377863e-05	2.110311e-03	5.358907e-05	-3.044773e-06
6.380850e+03	-3.611141e-03	-5.523948e-04	-3.270941e-05	3.505927e-03	4.028475e-05	1.136265e-04
6.393240e+03	-1.064651e-03	-3.508533e-03	5.571323e-05	1.030153e-03	-1.546548e-04	3.440000e-05
6.405630e+03	2.713950e-03	-2.572395e-03	1.068183e-04	-2.615970e-03	4.521935e-05	-9.734157e-05
6.418020e+03	3.306634e-03	1.373906e-03	-7.587797e-06	-3.354025e-03	-2.842342e-05	5.416049e-05
6.430410e+03	2.507547e-04	3.509997e-03	2.268460e-06	-1.928322e-04	-5.319834e-06	-5.719913e-05
6.442800e+03	-3.145060e-03	1.692507e-03	2.837339e-06	2.997507e-03	-1.578455e-04	1.158212e-04
6.455190e+03	-2.909915e-03	-2.143421e-03	1.147035e-04	2.971353e-03	-2.172598e-05	-6.152551e-05
6.467580e+03	5.188887e-04	-3.378957e-03	6.249106e-05	-4.667303e-04	1.272379e-05	-5.238156e-05
6.479970e+03	3.237878e-03	-1.116724e-03	2.516671e-05	-3.282200e-03	-8.937983e-05	5.695981e-05
6.492360e+03	2.398071e-03	2.493172e-03	-1.304407e-05	-2.449391e-03	-6.598932e-05	6.234470e-05
6.504750e+03	-1.121881e-03	3.100956e-03	-6.803283e-07	1.049655e-03	-8.181768e-06	6.159602e-05
6.517140e+03	-3.053179e-03	2.048928e-04	3.947577e-05	3.022287e-03	6.800260e-05	1.548107e-05
6.529530e+03	-1.746286e-03	-2.547968e-03	-2.435047e-04	1.583314e-03	2.792374e-05	1.446798e-04
6.541920e+03	1.848700e-03	-2.511220e-03	-6.220629e-05	-1.902612e-03	4.867680e-05	3.811316e-05
6.554310e+03	3.188319e-03	2.953672e-04	-2.307437e-05	-2.993959e-03	7.943718e-05	-1.465057e-04
6.566700e+03	9.270859e-04	2.930589e-03	1.118765e-04	-9.105436e-04	4.363157e-05	-1.635254e-05
6.579090e+03	-2.123576e-03	2.145898e-03	-2.037190e-06	2.168693e-03	-4.040857e-05	-3.171521e-05
6.591480e+03	-2.768272e-03	-9.861090e-04	2.892978e-05	2.779366e-03	-5.636574e-05	-1.084960e-05
6.603870e+03	-2.970781e-04	-2.997129e-03	5.710128e-05	2.567845e-04	5.737126e-05	4.250014e-05
6.616260e+03	2.437692e-03	-1.436094e-03	-7.181935e-06	-2.379762e-03	1.521608e-05	-6.886020e-05
6.628650e+03	2.328198e-03	1.539811e-03	-4.541287e-05	-2.318912e-03	-1.160959e-04	-2.203655e-05
6.641040e+03	-3.016669e-04	2.775833e-03	-2.263766e-05	2.550416e-04	-8.043693e-05	4.786445e-05
6.653430e+03	-2.619669e-03	8.485951e-04	1.697746e-05	2.559786e-03	-8.401694e-05	4.810193e-05
6.665820e+03	-2.096928e-03	-1.951582e-03	6.896851e-05	2.018468e-03	-7.229981e-07	5.715695e-05
6.678210e+03	1.039857e-03	-2.530036e-03	-4.389314e-05	-1.099849e-03	1.254415e-04	6.549122e-05
6.690600e+03	2.470888e-03	-5.808751e-04	-7.000789e-05	-2.602636e-03	-2.394149e-05	1.395651e-04
6.702990e+03	1.659250e-03	2.198575e-03	-1.272834e-04	-1.648619e-03	-3.608983e-05	-1.227132e-05
6.715380e+03	-1.260222e-03	2.081804e-03	4.883340e-05	1.261114e-03	2.863776e-05	-3.146488e-06
6.727770e+03	-2.238909e-03	-1.521351e-04	-1.149457e-04	2.205729e-03	-7.010129e-05	2.636718e-05
6.740160e+03	-9.121650e-04	-2.266346e-03	6.280473e-05	9.541487e-04	4.611564e-05	-4.320055e-05
6.752550e+03	1.576182e-03	-1.739613e-03	-1.056379e-05	-1.551836e-03	-1.578775e-05	-3.735929e-05
6.764940e+03	2.170990e-03	4.904240e-04	3.386795e-05	-2.195407e-03	5.462022e-05	3.681569e-05
6.777330e+03	2.253001e-04	2.174871e-03	2.546952e-05	-2.871560e-04	-8.756233e-05	7.462270e-05
6.789720e+03	-1.696076e-03	1.271937e-03	-2.210852e-06	1.735719e-03	-9.763276e-06	-4.750279e-05
6.802110e+03	-1.874942e-03	-1.115707e-03	-6.664815e-05	1.769270e-03	2.307168e-06	9.762059e-05
6.814500e+03	-4.646794e-05	-2.054370e-03	-3.858096e-05	7.151945e-05	-1.898122e-04	-1.198321e-05
6.826890e+03	1.962118e-03	-1.094372e-03	5.310204e-05	-2.006846e-03	7.445225e-05	7.799621e-05
6.839280e+03	1.627592e-03	1.326038e-03	5.316535e-05	-1.682392e-03	3.192616e-05	5.912576e-05
6.851670e+03	-3.673197e-04	2.087087e-03	8.385260e-05	4.178159e-04	3.959037e-05	-6.476700e-05
6.864060e+03	-2.031607e-03	6.755277e-04	-8.304062e-05	2.065755e-03	5.068162e-06	-2.325469e-05
6.876450e+03	-1.373309e-03	-1.478960e-03	1.080876e-04	1.334344e-03	5.429057e-07	5.108449e-05
6.888840e+03	8.268102e-04	-1.668590e-03	3.469969e-05	-8.428257e-04	7.442801e-05	1.100959e-05
6.901230e+03	1.868811e-03	-9.893674e-05	3.353795e-05	-1.832872e-03	1.681021e-05	-2.270644e-05
6.913620e+03	1.063409e-03	1.652272e-03	-1.539441e-05	-9.467911e-04	-4.384005e-05	-1.343181e-04
6.926010e+03	-1.061266e-03	1.462065e-03	2.178190e-06	1.029374e-03	-3.618642e-05	3.580402e-05
6.938400e+03	-1.849968e-03	-1.531404e-04	-8.555242e-06	1.829975e-03	-7.058751e-05	1.549183e-05
6.950790e+03	-5.820818e-04	-1.621969e-03	5.033311e-05	6.097913e-04	-1.362070e-05	-3.207336e-05
6.963180e+03	1.261041e-03	-1.270369e-03	-2.183758e-05	-1.252734e-03	2.934489e-05	-1.443746e-05
6.975570e+03	1.707455e-03	4.749319e-04	-1.109327e-04	-1.684044e-03	2.547262e-05	-3.073846e-05
6.987960e+03	5.282147e-04	1.826238e-03	-2.178485e-05	-4.098518e-04	-2.265200e-05	-1.038755e-04
7.000350e+03	-1.213585e-03	9.005890e-04	-1.283559e-04	1.300695e-03	-3.925513e-05	-8.440985e-05
7.012740e+03	-1.456485e-03	-7.384530e-04	-6.311848e-06	1.460947e-03	-4.813594e-05	-8.003134e-06
7.025130e+03	-9.729858e-06	-1.665267e-03	-3.198594e-06	4.132238e-05	4.326757e-05	-4.023934e-05
7.037520e+03	1.392191e-03	-5.945495e-04	1.135707e-04	-1.389041e-03	-2.527966e-05	-1.328479e-06
7.049910e+03	1.361728e-03	1.012808e-03	1.106538e-05	-1.329835e-03	1.830498e-05	-4.095120e-05
7.062300e+03	-3.278842e-04	1.550586e-03	5.183615e-05	2.980206e-04	-8.344179e-06	3.598484e-05
7.074690e+03	-1.244030e-03	3.764896e-04	-1.537714e-04	1.313222e-03	-2.012001e-05	-6.796836e-05
7.087080e+03	-9.448411e-04	-1.243544e-03	-3.785592e-05	1.005281e-03	1.990317e-05	-5.312640e-05
7.099470e+03	5.270929e-04	-1.232043e-03	-3.397205e-05	-5.683470e-04	-6.057700e-05	4.529057e-05
7.111860e+03	1.277306e-03	-1.041387e-04	2.301359e-04	-1.304814e-03	-3.814358e-05	2.321820e-05
7.124250e+03	7.814089e-04	1.183925e-03	-8.883396e-06	-8.481690e-04	1.363467e-05	5.590892e-05
7.136640e+03	-7.037092e-04	1.116444e-03	-1.804111e-05	7.554733e-04	2.947403e-05	-3.165336e-05
7.149030e+03	-1.468395e-03	-1.829676e-04	1.444714e-05	1.485542e-03	-7.897444e-06	-5.013630e-05
7.161420e+03	-6.205187e-04	-1.167236e-03	-4.948275e-05	5.715588e-04	3.434873e-05	5.547798e-05
7.173810e+03	6.998751e-04	-9.957039e-04	7.500784e-06	-7.679601e-04	-1.641024e-06	6.854631e-05
7.186200e+03	1.419983e-03	1.670395e-04	2.900486e-05	-1.359989e-03	-1.919033e-05	-6.009315e-05
7.198590e+03	4.735300e-04	1.194798e-03	1.091959e-05	-4.031832e-04	-1.057914e-05	-6.453510e-05
7.210980e+03	-9.875522e-04	8.115372e-04	8.090539e-05	1.025477e-03	6.119258e-06	-3.583007e-05
7.223370e+03	-1.125472e-03	-4.310788e-04	6.114324e-05	1.176183e-03	-1.080997e-05	-4.185972e-05
7.235760e+03	1.131453e-04	-1.219409e-03	1.097105e-05	-4.596682e-05	-2.930794e-05	-7.749295e-05
7.248150e+03	1.096323e-03	-5.498303e-04	1.410853e-04	-1.060936e-03	-1.225801e-04	-2.409449e-05
7.260540e+03	1.093041e-03	6.241477e-04	-7.432201e-05	-1.063017e-03	6.161795e-05	-2.853337e-05
7.272930e+03	-1.113843e-04	1.139132e-03	3.606687e-05	1.646492e-04	-3.497048e-05	-5.310532e-05
7.285320e+03	-1.553475e-03	4.368111e-04	9.647128e-05	1.382444e-03	-1.806069e-05	1.623070e-04
7.297710e+03	-6.280182e-04	-8.137582e-04	6.258463e-06	7.138813e-04	-5.878888e-05	-9.098255e-05
7.310100e+03	3.255678e-04	-1.010654e-03	6.622627e-05	-3.303405e-04	-6.605145e-05	1.999516e-06
7.322490e+03	9.324196e-04	-3.305262e-04	6.471535e-05	-8.388278e-04	3.821879e-05	-9.411988e-05
7.334880e+03	6.278552e-04	8.679793e-04	2.118490e-05	-6.381760e-04	4.657005e-06	1.140361e-05
7.347270e+03	-4.179044e-04	8.808306e-04	2.254006e-05	3.936990e-04	-2.266069e-05	2.726922e-05
7.359660e+03	-1.006472e-03	-2.300847e-04	1.895241e-04	1.017510e-03	1.514609e-04	-9.474805e-06
7.372050e+03	-4.947687e-04	-8.849290e-04	-4.154992e-05	4.647658e-04	3.341065e-05	3.810193e-05
7.384440e+03	6.693152e-04	-7.754336e-04	-3.215239e-05	-7.055000e-04	1.878939e-05	3.642544e-05
7.396830e+03	8.780585e-04	2.571297e-04	5.571727e-05	-8.932959e-04	-7.208472e-05	1.622973e-05
7.409220e+03	2.946295e-04	9.208534e-04	3.110748e-05	-2.324414e-04	-9.132841e-05	-3.054426e-05
7.421610e+03	-7.778218e-04	6.737692e-04	-1.024276e-06	7.581820e-04	5.401923e-05	1.860460e-05
7.434000e+03	-8.341430e-04	-6.673683e-05	-2.657272e-05	6.255196e-04	6.475562e-05	1.991304e-04
7.446390e+03	-1.410003e-04	-8.929092e-04	2.344644e-05	1.882971e-04	8.102667e-05	-5.211804e-05
7.458780e+03	8.133940e-04	-4.545073e-04	1.011217e-05	-7.585850e-04	-1.709573e-05	-5.629143e-05
7.471170e+03	8.682563e-04	3.695577e-04	-2.644369e-05	-8.562244e-04	-3.509042e-05	-2.744182e-05
