1.499190e+03	-6.929660e-02	-7.314909e-02	1.548995e-04	6.871586e-02	-1.421767e-05	5.665622e-04
1.511580e+03	-4.635349e-02	-8.847074e-02	2.122801e-04	4.585698e-02	3.856344e-05	4.428619e-04
1.523970e+03	-2.103042e-02	-9.742578e-02	3.318008e-04	2.070441e-02	1.669397e-04	3.424192e-04
1.536360e+03	5.029011e-03	-9.956627e-02	3.012561e-04	-5.455645e-03	1.839624e-04	4.272700e-04
1.548750e+03	3.017257e-02	-9.486879e-02	2.297702e-04	-3.067483e-02	3.813926e-05	4.564431e-04
1.561140e+03	5.489449e-02	-8.351960e-02	2.926910e-04	-5.539029e-02	2.184011e-04	4.822517e-04
1.573530e+03	7.492148e-02	-6.591895e-02	2.120736e-04	-7.536413e-02	3.067064e-04	4.771152e-04
1.585920e+03	9.066763e-02	-4.334011e-02	1.635024e-04	-9.136679e-02	2.765482e-04	7.313352e-04
1.598310e+03	9.855745e-02	-1.760123e-02	1.066322e-04	-9.888551e-02	4.916960e-04	3.934091e-04
1.610700e+03	9.988898e-02	9.553098e-03	-6.983015e-06	-1.003482e-01	5.116683e-04	6.110321e-04
1.623090e+03	9.424382e-02	3.679641e-02	-1.127055e-04	-9.504550e-02	5.002074e-04	8.295748e-04
1.635480e+03	8.023498e-02	6.090601e-02	-1.763859e-04	-8.055696e-02	3.281890e-04	3.451070e-04
1.647870e+03	6.124191e-02	8.053973e-02	-1.310072e-04	-6.151765e-02	2.609424e-04	3.153516e-04
1.660260e+03	3.696726e-02	9.447376e-02	-3.002067e-04	-3.736925e-02	2.953247e-04	3.918387e-04
1.672650e+03	9.543051e-03	1.015901e-01	-3.339446e-04	-9.936406e-03	1.676755e-04	4.216322e-04
1.685040e+03	-1.873178e-02	1.013636e-01	-3.203152e-04	1.833283e-02	1.597901e-04	3.976615e-04
1.697430e+03	-4.666510e-02	9.145438e-02	-3.296410e-04	4.656654e-02	2.173037e-04	1.001203e-04
1.709820e+03	-6.984870e-02	7.606390e-02	-4.504291e-04	6.975617e-02	5.901617e-05	8.522150e-05
1.722210e+03	-8.992595e-02	5.290131e-02	-3.566486e-04	8.951512e-02	-8.698435e-05	3.167498e-04
1.734600e+03	-1.015461e-01	2.538924e-02	-4.045394e-04	1.015518e-01	-8.833982e-05	-1.033723e-04
1.746990e+03	-1.046750e-01	-3.951828e-03	-3.225329e-04	1.046750e-01	-1.821918e-04	-5.307296e-05
1.759380e+03	-9.983403e-02	-3.381204e-02	-2.774557e-04	9.992042e-02	-2.294370e-04	-6.425352e-05
1.771770e+03	-8.610581e-02	-6.160254e-02	-1.922165e-04	8.622982e-02	-1.948090e-04	-7.844872e-05
1.784160e+03	-6.496119e-02	-8.437830e-02	-1.283219e-04	6.500214e-02	-3.266633e-04	-5.068625e-05
1.796550e+03	-3.678002e-02	-1.005088e-01	-1.760258e-05	3.688405e-02	-3.201485e-04	-8.088332e-05
1.808940e+03	-5.504902e-03	-1.070000e-01	-6.395107e-05	5.610147e-03	-3.836157e-04	-1.002600e-04
1.821330e+03	2.681353e-02	-1.044428e-01	-5.245203e-05	-2.662743e-02	-5.145208e-04	-1.786574e-04
1.833720e+03	5.648774e-02	-9.239094e-02	1.966049e-04	-5.618642e-02	-4.252077e-04	-3.180831e-04
1.846110e+03	8.252706e-02	-7.126249e-02	2.218181e-04	-8.230359e-02	-3.063786e-04	-2.488761e-04
1.858500e+03	1.010952e-01	-4.302755e-02	2.932093e-04	-1.002030e-01	-2.507697e-04	-3.458757e-04
1.870890e+03	1.100000e-01	-9.516570e-03	3.118381e-04	-1.090422e-01	-5.185849e-06	-3.243574e-04
1.883280e+03	1.078128e-01	2.455322e-02	3.095048e-04	-1.078304e-01	4.378807e-05	-4.680643e-04
1.895670e+03	9.509504e-02	5.702574e-02	2.837354e-04	-9.465896e-02	4.257490e-05	-3.880135e-04
1.908060e+03	7.185164e-02	8.422073e-02	2.724627e-04	-7.117532e-02	1.024562e-04	-6.427336e-04
1.920450e+03	4.278260e-02	1.030163e-01	2.190918e-04	-4.242356e-02	1.495592e-04	-3.351547e-04
1.932840e+03	7.075517e-03	1.119248e-01	1.542487e-04	-6.834618e-03	2.933412e-04	-2.318793e-04
1.945230e+03	-2.771785e-02	1.083750e-01	1.150000e-04	2.812939e-02	2.204168e-04	-4.096323e-04
1.957620e+03	-6.041878e-02	9.387523e-02	6.636251e-05	6.082622e-02	2.664537e-04	-4.286591e-04
1.970010e+03	-8.758683e-02	6.977189e-02	1.712479e-05	8.798959e-02	1.672550e-04	-4.102231e-04
1.982400e+03	-1.064265e-01	3.787492e-02	-1.407754e-05	1.067881e-01	1.755771e-04	-1.422386e-04
1.994790e+03	-1.120000e-01	1.409125e-03	-1.775842e-04	1.128422e-01	1.784298e-04	-3.381312e-04
2.007180e+03	-1.068380e-01	-3.515066e-02	-2.076291e-04	1.078500e-01	1.356749e-04	-2.057463e-04
2.019570e+03	-8.977983e-02	-6.812497e-02	-2.138672e-04	9.007334e-02	7.844842e-05	-2.766716e-04
2.031960e+03	-6.261760e-02	-9.386342e-02	-2.065583e-04	6.278273e-02	-1.838147e-05	-1.805656e-04
2.044350e+03	-2.877501e-02	-1.095621e-01	-1.576187e-04	2.887521e-02	-2.964532e-05	-1.265304e-04
2.056740e+03	8.234200e-03	-1.126872e-01	-2.029073e-04	-8.089638e-03	-1.710748e-04	-1.373492e-04
2.069130e+03	4.520722e-02	-1.037026e-01	-1.622111e-04	-4.510775e-02	-2.395784e-04	-1.078898e-04
2.081520e+03	7.663494e-02	-8.348171e-02	-9.194654e-05	-7.657935e-02	-2.488835e-04	-5.853864e-05
2.093910e+03	1.002274e-01	-5.377278e-02	3.384289e-05	-1.002237e-01	-2.577472e-04	-4.839584e-05
2.106300e+03	1.129850e-01	-1.744693e-02	1.216052e-04	-1.129850e-01	-2.170302e-04	1.409751e-04
2.118690e+03	1.119370e-01	2.184816e-02	1.647795e-04	-1.119370e-01	-1.672993e-04	1.387351e-04
2.131080e+03	9.761158e-02	5.829780e-02	2.328164e-04	-9.758815e-02	-1.125167e-04	2.767930e-06
2.143470e+03	7.258573e-02	8.723661e-02	2.265123e-04	-7.240454e-02	-5.869973e-05	-1.012120e-04
2.155860e+03	3.976885e-02	1.072454e-01	2.710628e-04	-3.988560e-02	2.931761e-05	1.200391e-04
2.168250e+03	1.740360e-03	1.139697e-01	9.123425e-05	-2.025739e-03	2.202721e-04	2.794494e-04
2.180640e+03	-3.696028e-02	1.078152e-01	1.654202e-04	3.691797e-02	1.726619e-04	8.475350e-05
2.193030e+03	-7.100515e-02	8.959225e-02	2.968613e-05	7.095939e-02	2.308884e-04	6.064476e-05
2.205420e+03	-9.773709e-02	6.085376e-02	1.878475e-04	9.743566e-02	1.950846e-04	3.318557e-04
2.217810e+03	-1.134768e-01	2.344184e-02	-3.000321e-05	1.123154e-01	2.711870e-04	2.482974e-04
2.230200e+03	-1.137167e-01	-1.736943e-02	-6.403492e-05	1.137167e-01	2.051696e-04	1.300682e-04
2.242590e+03	-1.021033e-01	-5.540447e-02	-1.212651e-04	1.010957e-01	1.529247e-04	3.101002e-04
2.254980e+03	-7.641536e-02	-8.703059e-02	-2.668617e-04	7.620860e-02	7.654442e-05	2.035944e-04
2.267370e+03	-4.123451e-02	-1.082187e-01	-3.092364e-04	4.102030e-02	-2.049380e-05	2.570166e-04
2.279760e+03	-1.280890e-03	-1.160000e-01	-2.278206e-04	1.130134e-03	4.852406e-05	1.426432e-04
2.292150e+03	3.936935e-02	-1.102179e-01	-2.821664e-04	-3.968743e-02	-2.100164e-04	2.602401e-04
2.304540e+03	7.655227e-02	-8.864032e-02	-2.459968e-04	-7.675253e-02	-2.979943e-04	1.839988e-04
2.316930e+03	1.033973e-01	-5.630687e-02	-1.428918e-04	-1.034660e-01	-3.674160e-04	1.826236e-04
2.329320e+03	1.176053e-01	-1.499173e-02	9.249344e-06	-1.176053e-01	-3.844396e-04	1.923112e-04
2.341710e+03	1.154956e-01	2.845925e-02	1.148736e-04	-1.155548e-01	-3.643681e-04	1.612982e-04
2.354100e+03	9.693659e-02	6.851505e-02	1.876713e-04	-9.685367e-02	-1.119639e-04	1.675477e-05
2.366490e+03	6.598692e-02	9.901478e-02	2.439684e-04	-6.608687e-02	-1.752809e-04	9.423433e-05
2.378880e+03	2.455588e-02	1.171355e-01	2.207186e-04	-2.464340e-02	-2.132844e-05	4.140383e-05
2.391270e+03	-2.035283e-02	1.182710e-01	2.253750e-04	2.023728e-02	5.501517e-05	1.115805e-04
2.403660e+03	-6.324398e-02	1.023349e-01	2.365543e-04	6.314684e-02	8.515034e-05	3.299287e-05
2.416050e+03	-9.781580e-02	7.209218e-02	1.819152e-04	9.781033e-02	1.908574e-04	6.440118e-05
2.428440e+03	-1.182431e-01	3.069795e-02	2.483716e-04	1.182431e-01	2.293260e-04	1.677146e-05
2.440830e+03	-1.216358e-01	-1.723884e-02	1.234548e-04	1.216358e-01	2.850135e-04	-1.716437e-05
2.453220e+03	-1.056064e-01	-6.310077e-02	-1.872484e-04	1.056064e-01	2.788676e-04	1.619644e-04
2.465610e+03	-7.312081e-02	-9.945511e-02	-2.299829e-04	7.302075e-02	1.947720e-04	1.325991e-04
2.478000e+03	-2.913770e-02	-1.206182e-01	-3.122158e-04	2.906006e-02	7.775430e-05	6.989081e-05
2.490390e+03	2.114534e-02	-1.225328e-01	-3.093632e-04	-2.102618e-02	-6.767239e-05	-7.321864e-05
2.502780e+03	6.793423e-02	-1.045992e-01	-3.026614e-04	-6.793423e-02	-1.966739e-04	-6.099891e-05
2.515170e+03	1.048254e-01	-6.933592e-02	-1.910838e-04	-1.048254e-01	-3.065360e-04	-8.592315e-05
2.527560e+03	1.250947e-01	-2.091351e-02	-4.756973e-05	-1.250947e-01	-2.936783e-04	7.183383e-05
2.539950e+03	1.229902e-01	3.231710e-02	7.891149e-05	-1.229902e-01	-2.248580e-04	5.007867e-06
2.552340e+03	9.861314e-02	8.062659e-02	1.234831e-04	-9.861789e-02	-1.682861e-04	-2.220888e-05
2.564730e+03	5.661342e-02	1.145726e-01	1.778253e-04	-5.642617e-02	-1.390666e-04	-2.101907e-04
2.577120e+03	3.815030e-03	1.286914e-01	1.974673e-04	-3.692229e-03	-1.587362e-05	-8.802470e-05
2.589510e+03	-5.154198e-02	1.184401e-01	2.196533e-04	5.163482e-02	6.333527e-05	-6.073311e-05
2.601900e+03	-9.724208e-02	8.607998e-02	2.664376e-04	9.735857e-02	8.328320e-05	-8.378950e-05
2.614290e+03	-1.252799e-01	3.678211e-02	-6.218071e-06	1.252799e-01	1.898528e-04	5.591242e-05
2.626680e+03	-1.301276e-01	-2.210332e-02	2.141351e-04	1.301276e-01	2.414287e-04	1.177607e-05
2.639070e+03	-1.062128e-01	-7.748768e-02	-7.020447e-05	1.062191e-01	2.392934e-04	-2.066253e-04
2.651460e+03	-6.200772e-02	-1.175282e-01	-1.685239e-04	6.200414e-02	1.375240e-04	-1.794969e-06
2.663850e+03	-3.305197e-03	-1.327489e-01	-2.570462e-04	3.230946e-03	-2.336403e-05	4.541945e-05
2.676240e+03	5.792039e-02	-1.206226e-01	-2.211122e-04	-5.801064e-02	-1.171457e-04	8.385553e-05
2.688630e+03	1.073525e-01	-8.144273e-02	-7.927118e-05	-1.069258e-01	-1.738216e-04	-1.844330e-04
2.701020e+03	1.342778e-01	-2.326330e-02	2.165476e-05	-1.342877e-01	-3.905531e-04	-1.058978e-04
2.713410e+03	1.305525e-01	4.181818e-02	1.692859e-04	-1.305525e-01	-3.233082e-04	6.392276e-05
2.725800e+03	9.593221e-02	9.791488e-02	2.044741e-04	-9.599864e-02	-3.024082e-05	9.773231e-05
2.738190e+03	3.715015e-02	1.321904e-01	2.321517e-04	-3.724711e-02	6.845901e-05	4.518862e-05
2.750580e+03	-3.087385e-02	1.352985e-01	1.433082e-04	3.097344e-02	1.801632e-04	-1.211181e-04
2.762970e+03	-9.313560e-02	1.031400e-01	9.037279e-05	9.323452e-02	2.406588e-04	-1.296081e-05
2.775360e+03	-1.332286e-01	4.504604e-02	-9.310920e-05	1.325500e-01	2.608322e-04	9.732644e-05
2.787750e+03	-1.383620e-01	-2.700246e-02	-1.299973e-04	1.383864e-01	2.325393e-04	1.196708e-04
2.800140e+03	-1.060807e-01	-9.372805e-02	-3.118828e-04	1.061398e-01	6.992341e-05	3.841625e-05
2.812530e+03	-4.574894e-02	-1.356785e-01	-1.914630e-04	4.564312e-02	3.116358e-05	1.719667e-04
2.824920e+03	3.081712e-02	-1.407798e-01	-2.659349e-04	-3.111871e-02	-2.075490e-04	2.743927e-04
2.837310e+03	9.928261e-02	-1.050502e-01	-4.488279e-05	-9.985542e-02	-2.761644e-04	2.548377e-04
2.849700e+03	1.402955e-01	-3.761764e-02	1.305179e-04	-1.412593e-01	-2.028295e-04	3.877343e-04
2.862090e+03	1.405571e-01	4.374697e-02	2.843095e-04	-1.405910e-01	-2.252905e-04	4.049127e-04
2.874480e+03	9.383331e-02	1.147182e-01	3.145146e-04	-9.424978e-02	8.135933e-05	5.272241e-04
2.886870e+03	1.682456e-02	1.473883e-01	4.042763e-05	-1.724819e-02	4.429022e-04	4.078598e-04
2.899260e+03	-7.102165e-02	1.332707e-01	-2.963869e-05	7.033485e-02	3.329212e-04	6.945505e-04
2.911650e+03	-1.367948e-01	6.939513e-02	-1.610721e-04	1.357944e-01	2.087496e-04	7.678813e-04
2.924040e+03	-1.535439e-01	-2.326157e-02	-1.947684e-04	1.525439e-01	1.219918e-04	1.205509e-03
2.936430e+03	-1.095096e-01	-1.117529e-01	-3.022980e-04	1.084560e-01	-4.106821e-05	1.080687e-03
2.948820e+03	-1.886419e-02	-1.570000e-01	-4.639860e-04	1.786409e-02	-3.729917e-04	9.730067e-04
2.961210e+03	8.649773e-02	-1.344563e-01	-1.158493e-04	-8.827086e-02	-3.790727e-04	1.713161e-03
2.973600e+03	1.564464e-01	-3.991297e-02	1.749293e-04	-1.574608e-01	-6.633892e-05	1.510296e-03
2.985990e+03	1.399087e-01	8.118837e-02	3.339157e-04	-1.429366e-01	-1.371396e-04	2.078118e-03
2.998380e+03	3.062569e-02	1.590081e-01	1.693377e-04	-3.194731e-02	2.790697e-04	1.348246e-03
3.010770e+03	-9.658883e-02	1.265380e-01	-3.444296e-04	9.529600e-02	3.165566e-04	1.260505e-03
3.023160e+03	-1.512488e-01	-1.656326e-03	-1.567116e-04	1.502281e-01	-4.448490e-05	4.829119e-04
3.035550e+03	-7.268627e-02	-1.150328e-01	-1.366823e-06	7.353196e-02	-1.720430e-04	-8.414266e-04
3.047940e+03	5.955416e-02	-1.012391e-01	8.290347e-05	-5.767652e-02	-6.230201e-05	-1.905893e-03
3.060330e+03	9.304733e-02	1.233707e-02	1.315625e-04	-8.946334e-02	1.237261e-04	-3.678395e-03
3.072720e+03	9.681844e-03	6.063053e-02	3.420189e-05	-6.003430e-03	-1.849979e-05	-3.656727e-03
3.085110e+03	-2.930143e-02	7.226999e-03	4.639099e-06	3.254196e-02	3.776253e-05	-3.394965e-03
3.097500e+03	3.900687e-03	-1.188116e-02	3.891766e-04	-7.644638e-04	2.579867e-05	-3.182547e-03
3.109890e+03	2.581379e-04	1.530185e-02	-2.544358e-04	2.866459e-03	-1.624645e-04	-3.032479e-03
3.122280e+03	-1.938536e-02	-8.409665e-03	3.688189e-04	2.133959e-02	-8.996636e-04	-1.974892e-03
3.134670e+03	1.370460e-02	-2.468312e-02	-1.318686e-03	-1.146284e-02	6.746066e-04	-2.363044e-03
3.147060e+03	3.336815e-02	1.871951e-02	1.124814e-04	-2.942603e-02	-8.776677e-05	-4.004727e-03
3.159450e+03	-1.911365e-02	3.726789e-02	9.883804e-05	2.130904e-02	-2.495473e-04	-2.250336e-03
3.171840e+03	-4.542913e-02	-1.328427e-02	6.977951e-05	4.430518e-02	3.095922e-04	1.402618e-03
3.184230e+03	-4.563842e-03	-5.116110e-02	1.289550e-04	2.522698e-04	1.744910e-04	4.299853e-03
3.196620e+03	4.674134e-02	-2.363559e-02	-1.824110e-04	-5.175333e-02	1.109072e-04	5.005934e-03
3.209010e+03	4.299173e-02	3.490488e-02	1.169307e-04	-4.723673e-02	-9.435640e-05	4.133480e-03
3.221400e+03	-1.338477e-02	5.766838e-02	2.031663e-04	1.135665e-02	-8.688889e-05	1.953286e-03
3.233790e+03	-5.787122e-02	1.253716e-02	-7.578802e-05	5.803912e-02	4.873533e-05	-1.310131e-04
3.246180e+03	-3.004142e-02	-4.802420e-02	6.321098e-05	3.134029e-02	-1.949429e-04	-1.258989e-03
3.258570e+03	3.620110e-02	-3.765897e-02	2.006101e-05	-3.471575e-02	-1.895028e-04	-1.535649e-03
3.270960e+03	3.840680e-02	2.533875e-02	-1.271709e-04	-3.648585e-02	3.875796e-05	-1.908924e-03
3.283350e+03	-1.988902e-02	3.224347e-02	3.865845e-05	2.190466e-02	8.914102e-05	-2.040183e-03
3.295740e+03	-2.586986e-02	-2.143136e-02	-3.987281e-04	2.752107e-02	-4.121981e-04	-1.626725e-03
3.308130e+03	2.683929e-02	-2.334928e-02	2.312646e-04	-2.521746e-02	-7.791566e-04	-1.648562e-03
3.320520e+03	2.408368e-02	3.030062e-02	-4.350478e-04	-2.257205e-02	-7.034745e-04	-1.574575e-03
3.332910e+03	-3.187144e-02	2.730257e-02	2.863781e-04	3.362114e-02	-2.873576e-05	-1.688510e-03
3.345300e+03	-3.272834e-02	-3.307788e-02	-2.138825e-04	3.390060e-02	5.297658e-05	-1.114778e-03
3.357690e+03	3.011157e-02	-4.197251e-02	-1.130809e-04	-2.984639e-02	2.240337e-04	-1.857444e-04
3.370080e+03	5.014671e-02	2.313098e-02	2.737944e-04	-5.143814e-02	-7.492448e-05	1.387927e-03
3.382470e+03	-1.138238e-02	5.899775e-02	1.437990e-04	8.985064e-03	-2.188151e-04	2.357989e-03
3.394860e+03	-6.360713e-02	6.605108e-03	-3.842566e-04	6.127615e-02	6.279648e-05	2.374473e-03
3.407250e+03	-2.457740e-02	-6.022055e-02	-2.014330e-04	2.316781e-02	-1.597922e-06	1.408039e-03
3.419640e+03	5.326749e-02	-3.700091e-02	-7.679172e-04	-5.312748e-02	-1.521553e-04	-1.289670e-04
3.432030e+03	4.654765e-02	4.472722e-02	-4.488911e-05	-4.476488e-02	-2.370082e-04	-1.707051e-03
3.444420e+03	-3.430475e-02	4.891468e-02	-4.755922e-05	3.591509e-02	1.313502e-03	-1.582963e-03
3.456810e+03	-4.969646e-02	-2.826457e-02	1.204985e-03	5.074087e-02	-1.396239e-03	-1.018842e-03
3.469200e+03	2.812179e-02	-5.199440e-02	-8.498271e-04	-2.676692e-02	-5.265454e-04	-1.368717e-03
3.481590e+03	5.122332e-02	2.661854e-02	-1.359292e-03	-5.062066e-02	7.571029e-04	-6.717819e-04
3.493980e+03	-2.034823e-02	5.441549e-02	2.005887e-04	2.113082e-02	1.835219e-04	-8.095803e-04
3.506370e+03	-5.860833e-02	-1.459165e-02	2.369092e-04	6.018777e-02	-1.741198e-04	-1.498683e-03
3.518760e+03	5.451141e-03	-6.302388e-02	3.491968e-05	-4.043419e-03	-5.225614e-06	-1.406545e-03
3.531150e+03	6.497626e-02	-7.210138e-03	-3.526412e-05	-6.464954e-02	-2.160121e-04	-3.759978e-04
3.543540e+03	2.223474e-02	6.219046e-02	-2.060276e-05	-2.268521e-02	-8.945882e-05	4.877991e-04
3.555930e+03	-5.538575e-02	3.702443e-02	5.770362e-05	5.412302e-02	-8.787573e-05	1.335465e-03
3.568320e+03	-4.874420e-02	-4.368353e-02	-2.047218e-05	4.745011e-02	7.217251e-05	1.371174e-03
3.580710e+03	2.960902e-02	-5.498265e-02	2.212682e-04	-3.058055e-02	-2.974269e-05	1.014691e-03
3.593100e+03	5.834967e-02	1.808317e-02	1.633679e-04	-5.797903e-02	-4.456502e-04	-3.114273e-04
3.605490e+03	-6.899027e-03	5.624017e-02	-7.786118e-05	7.363157e-03	-7.166381e-04	-4.775160e-04
3.617880e+03	-5.300000e-02	-1.460536e-03	2.480166e-04	5.454662e-02	-2.916266e-04	-1.509308e-03
3.630270e+03	-4.557272e-03	-4.929113e-02	-1.253859e-03	5.164148e-03	6.861020e-04	-5.750365e-04
3.642660e+03	4.831552e-02	-7.178102e-03	-1.338495e-04	-4.579478e-02	-1.506867e-04	-2.401111e-03
3.655050e+03	8.617089e-03	4.289864e-02	6.377548e-04	-8.567231e-03	1.416720e-03	-7.754273e-05
3.667440e+03	-4.574674e-02	1.197491e-02	7.173502e-04	4.749743e-02	-3.960877e-04	-1.792164e-03
3.679830e+03	-1.156413e-02	-4.333976e-02	4.679949e-04	1.252731e-02	-4.642659e-04	-1.047441e-03
3.692220e+03	4.472210e-02	-1.862964e-02	-4.020292e-04	-4.404758e-02	4.530240e-05	-6.742778e-04
3.704610e+03	2.123225e-02	4.199416e-02	-1.039817e-03	-2.184786e-02	-1.484275e-04	6.614211e-04
3.717000e+03	-4.022225e-02	3.068354e-02	-1.617917e-04	3.983055e-02	-1.919065e-04	3.987965e-04
3.729390e+03	-3.701975e-02	-3.425528e-02	9.436139e-05	3.608720e-02	2.779941e-04	9.283154e-04
3.741780e+03	2.775879e-02	-4.309889e-02	-1.517025e-04	-2.833440e-02	-3.802106e-05	5.330958e-04
3.754170e+03	4.654271e-02	2.058918e-02	2.004844e-04	-4.671394e-02	-1.088138e-05	1.383168e-04
3.766560e+03	-1.266257e-02	4.995568e-02	2.610455e-04	1.311734e-02	3.990404e-04	-4.158191e-04
3.778950e+03	-4.970415e-02	-6.427385e-03	-2.232928e-04	5.029994e-02	5.046312e-04	-6.217592e-04
3.791340e+03	-4.441844e-04	-5.089311e-02	-1.268181e-04	1.255287e-03	-3.335742e-04	-8.099169e-04
3.803730e+03	5.083296e-02	-4.934740e-03	2.885430e-04	-5.024269e-02	-1.061940e-04	-6.474496e-04
3.816120e+03	1.216602e-02	5.033137e-02	-4.463441e-04	-1.092183e-02	1.689670e-04	-1.268459e-03
3.828510e+03	-4.878640e-02	1.620588e-02	-3.638554e-04	5.070193e-02	-3.680647e-05	-1.820400e-03
3.840900e+03	-2.009708e-02	-4.455610e-02	1.446238e-04	2.068792e-02	-1.785502e-03	-6.403616e-04
3.853290e+03	4.373106e-02	-2.941945e-02	2.631110e-04	-4.371432e-02	3.716705e-04	1.417865e-04
3.865680e+03	3.704566e-02	3.786060e-02	2.864864e-05	-3.679803e-02	2.704695e-04	-1.781172e-04
3.878070e+03	-2.999678e-02	4.321843e-02	1.068199e-04	2.920387e-02	-2.761563e-04	7.684473e-04
3.890460e+03	-4.860354e-02	-2.138876e-02	-1.041115e-04	4.832000e-02	-1.553833e-04	3.589172e-04
3.902850e+03	1.159750e-02	-5.072177e-02	9.947727e-05	-1.185107e-02	1.864361e-05	2.598584e-04
3.915240e+03	4.850796e-02	2.346610e-03	1.774819e-04	-4.846476e-02	-1.524303e-04	-4.092995e-05
3.927630e+03	7.386044e-03	4.946588e-02	2.902944e-04	-6.843671e-03	1.329944e-04	-5.166942e-04
3.940020e+03	-4.497603e-02	1.430671e-02	1.988821e-04	4.604350e-02	2.124443e-04	-1.063180e-03
3.952410e+03	-1.847505e-02	-4.198840e-02	-1.957114e-04	1.946657e-02	7.983515e-05	-9.622017e-04
3.964800e+03	4.057063e-02	-2.333107e-02	1.414226e-04	-3.865520e-02	-1.250900e-04	-1.761209e-03
3.977190e+03	2.751129e-02	3.468591e-02	-3.440755e-04	-2.701844e-02	-3.218368e-04	-4.303674e-04
3.989580e+03	-3.048283e-02	3.086084e-02	2.148600e-04	3.109323e-02	-4.317316e-04	-5.612422e-04
4.001970e+03	-3.429293e-02	-2.626158e-02	1.517099e-04	3.485066e-02	-7.495139e-06	-5.686789e-04
4.014360e+03	2.128007e-02	-3.849795e-02	-2.558789e-05	-2.078963e-02	3.274639e-04	-5.141352e-04
4.026750e+03	4.125071e-02	1.437732e-02	-5.373790e-05	-4.146422e-02	2.875599e-04	2.645109e-04
4.039140e+03	-6.908961e-03	4.238596e-02	-7.776053e-05	6.475087e-03	-3.564841e-05	4.067461e-04
4.051530e+03	-4.163890e-02	8.894512e-04	1.563407e-04	4.155181e-02	1.894752e-04	4.854941e-05
4.063920e+03	-8.655844e-03	-4.070096e-02	-2.051526e-04	8.514302e-03	1.096140e-04	1.296446e-04
4.076310e+03	3.830429e-02	-1.510506e-02	-1.143904e-04	-3.788180e-02	-6.519025e-06	-3.816094e-04
4.088700e+03	2.013881e-02	3.551431e-02	-4.775028e-04	-1.998039e-02	2.833501e-04	-1.866942e-04
4.101090e+03	-3.013157e-02	2.439742e-02	-9.581600e-05	3.088370e-02	-4.415309e-05	-7.950850e-04
4.113480e+03	-2.849002e-02	-2.602646e-02	1.298467e-04	2.897014e-02	-1.846078e-04	-4.622919e-04
4.125870e+03	2.144881e-02	-3.090544e-02	-4.651916e-05	-2.039345e-02	4.593638e-05	-1.021760e-03
4.138260e+03	3.352042e-02	1.668054e-02	1.144202e-04	-3.317326e-02	-2.292846e-04	-3.849204e-04
4.150650e+03	-1.139917e-02	3.465405e-02	1.521953e-05	1.157441e-02	-2.492033e-05	-1.804094e-04
4.163040e+03	-3.539951e-02	-5.845070e-03	-2.589191e-06	3.578942e-02	-6.425532e-06	-3.878099e-04
4.175430e+03	5.635280e-04	-3.537994e-02	-2.496598e-05	-2.565036e-04	5.415677e-04	-2.918917e-04
4.187820e+03	3.448002e-02	-5.077127e-03	9.444774e-06	-3.464460e-02	-1.665872e-04	2.108794e-04
4.200210e+03	9.840739e-03	3.282322e-02	4.002341e-05	-9.738386e-03	2.260748e-04	-7.117172e-05
4.212600e+03	-2.957162e-02	1.552408e-02	8.060654e-05	2.927162e-02	1.740329e-04	3.003201e-04
4.224990e+03	-1.917773e-02	-2.642901e-02	7.484565e-05	1.916240e-02	2.807984e-04	1.790887e-05
4.237380e+03	2.335409e-02	-2.180906e-02	-9.471266e-05	-2.309396e-02	2.997407e-05	-2.356354e-04
4.249770e+03	2.429886e-02	1.855450e-02	3.070610e-04	-2.415547e-02	1.953771e-04	-1.460362e-04
4.262160e+03	-1.467676e-02	2.588125e-02	2.652076e-04	1.490676e-02	2.072437e-04	-2.235299e-04
4.274550e+03	-2.761464e-02	-1.102644e-02	1.761797e-04	2.807395e-02	3.214995e-04	-4.876485e-04
4.286940e+03	8.599913e-03	-2.766250e-02	-1.453562e-04	-7.984441e-03	7.219156e-05	-6.081925e-04
4.299330e+03	2.778841e-02	4.678881e-03	-1.391591e-04	-2.729148e-02	-1.980222e-04	-4.563073e-04
4.311720e+03	1.678552e-04	2.848457e-02	-2.455817e-04	2.557113e-04	-2.618852e-04	-4.145533e-04
4.324110e+03	-2.729829e-02	3.944091e-03	-1.551128e-06	2.755209e-02	7.111598e-05	-2.776780e-04
4.336500e+03	-6.953610e-03	-2.667241e-02	-1.718492e-04	7.206109e-03	5.444985e-05	-2.375574e-04
4.348890e+03	2.566016e-02	-1.048018e-02	-2.586808e-04	-2.517847e-02	-1.867871e-04	-4.235293e-04
4.361280e+03	1.440537e-02	2.319769e-02	2.093269e-04	-1.420468e-02	-3.022031e-05	-2.103860e-04
4.373670e+03	-2.046799e-02	1.746635e-02	1.180874e-04	2.041947e-02	-2.907250e-05	4.159274e-05
4.386060e+03	-1.929899e-02	-1.690121e-02	2.352863e-04	1.956400e-02	9.098801e-05	-3.061697e-04
4.398450e+03	1.410758e-02	-2.076660e-02	-3.834774e-05	-1.376122e-02	-2.606787e-06	-3.451137e-04
4.410840e+03	2.272207e-02	1.118117e-02	1.604765e-04	-2.224445e-02	-1.094669e-05	-4.689691e-04
4.423230e+03	-7.711303e-03	2.326356e-02	2.843311e-05	8.090129e-03	-1.594782e-04	-3.941919e-04
4.435620e+03	-2.310728e-02	-4.597064e-03	-6.864990e-05	2.359475e-02	5.914033e-05	-4.810121e-04
4.448010e+03	1.890655e-03	-2.359260e-02	4.974605e-05	-1.611892e-03	1.035419e-04	-2.826011e-04
4.460400e+03	2.377956e-02	-1.036543e-03	2.835120e-04	-2.338180e-02	-1.167579e-04	-4.148728e-04
4.472790e+03	3.942771e-03	2.294673e-02	-2.802867e-05	-3.684548e-03	1.279472e-04	-2.596166e-04
4.485180e+03	-2.084879e-02	6.952758e-03	-3.156673e-04	2.104879e-02	1.971341e-04	-1.915381e-04
4.497570e+03	-1.023054e-02	-2.039531e-02	4.490240e-05	1.043383e-02	1.760790e-04	-1.787400e-04
4.509960e+03	1.837432e-02	-1.236959e-02	5.805849e-05	-1.837403e-02	-1.206520e-05	1.465816e-05
4.522350e+03	1.438578e-02	1.646460e-02	7.734974e-05	-1.444755e-02	-2.185811e-04	7.708332e-05
4.534740e+03	-1.347356e-02	1.632307e-02	1.949981e-04	1.367264e-02	-1.959917e-04	-2.077529e-04
4.547130e+03	-1.776456e-02	-1.065011e-02	7.538813e-05	1.795350e-02	-1.825204e-04	-1.678247e-04
4.559520e+03	9.295541e-03	-1.856233e-02	5.312658e-05	-9.273166e-03	1.285017e-04	-1.182815e-04
4.571910e+03	1.896976e-02	6.555548e-03	1.302460e-04	-1.838684e-02	-6.885010e-05	-6.020386e-04
4.584300e+03	-3.444175e-03	1.992203e-02	-1.127647e-05	3.493688e-03	-1.466040e-04	-4.932940e-05
4.596690e+03	-1.922430e-02	-1.043750e-03	5.756800e-05	1.952362e-02	5.869301e-05	-2.576488e-04
4.609080e+03	-1.165176e-03	-1.840510e-02	8.988380e-05	1.515105e-03	-1.508970e-04	-2.988149e-04
4.621470e+03	1.843219e-02	-4.265515e-03	-6.506725e-05	-1.835902e-02	-2.815744e-04	-1.300832e-04
4.633860e+03	6.879091e-03	1.761360e-02	8.826110e-05	-6.814018e-03	-3.517140e-05	-6.908570e-05
4.646250e+03	-1.642105e-02	8.470948e-03	-8.574028e-05	1.647165e-02	2.081516e-05	9.343667e-06
4.658640e+03	-1.094721e-02	-1.461870e-02	-1.409507e-05	1.095721e-02	3.721913e-05	1.041066e-05
4.671030e+03	1.259053e-02	-1.251391e-02	-2.924243e-05	-1.269269e-02	3.499550e-05	5.989767e-05
4.683420e+03	1.376654e-02	1.074713e-02	2.128381e-05	-1.357137e-02	3.126342e-06	-1.615394e-04
4.695810e+03	-8.638550e-03	1.429104e-02	8.058755e-05	8.760941e-03	-4.535189e-05	-1.031146e-04
4.708200e+03	-1.511728e-02	-5.838744e-03	1.571038e-05	1.547540e-02	-3.410000e-05	-3.728465e-04
4.720590e+03	4.144754e-03	-1.513204e-02	-2.206615e-04	-3.821691e-03	-7.940493e-06	-3.209629e-04
4.732980e+03	1.526127e-02	2.156042e-03	1.006668e-05	-1.495984e-02	1.509660e-06	-3.321492e-04
4.745370e+03	-1.809935e-05	1.460000e-02	4.614374e-05	2.991068e-04	-5.727985e-05	-2.842379e-04
4.757760e+03	-1.437469e-02	2.176005e-03	1.861653e-04	1.459401e-02	1.863420e-05	-2.716143e-04
4.770150e+03	-3.782339e-03	-1.376791e-02	7.031962e-05	3.774041e-03	8.272983e-05	8.552635e-06
4.782540e+03	1.232837e-02	-5.069189e-03	-8.013361e-05	-1.234564e-02	-3.820997e-06	5.014431e-05
4.794930e+03	6.589587e-03	1.188378e-02	1.847667e-04	-6.376629e-03	2.694406e-05	-2.101970e-04
4.807320e+03	-1.076562e-02	7.855958e-03	2.067890e-04	1.082249e-02	-2.144118e-05	-7.262286e-05
4.819710e+03	-8.337979e-03	-8.745078e-03	-2.196649e-05	8.359438e-03	-7.208298e-06	-2.886466e-05
4.832100e+03	7.362939e-03	-8.780022e-03	2.479610e-04	-7.390165e-03	-1.363156e-04	3.890879e-05
4.844490e+03	9.790837e-03	6.555918e-03	-2.739149e-04	-9.822329e-03	4.495155e-05	-9.963341e-05
4.856880e+03	-4.598251e-03	1.036536e-02	-8.902285e-05	4.780568e-03	2.924204e-05	-1.810095e-04
4.869270e+03	-9.974300e-03	-3.423436e-03	-7.978284e-05	1.005216e-02	9.106571e-05	-8.358153e-05
4.881660e+03	1.986219e-03	-1.000775e-02	2.234146e-05	-1.731576e-03	-9.760145e-05	-2.550595e-04
4.894050e+03	1.029597e-02	1.207831e-03	5.958757e-05	-1.019146e-02	-2.120587e-05	-7.449350e-05
4.906440e+03	2.768389e-04	9.779120e-03	4.791083e-05	-1.519837e-05	3.356173e-05	-2.599353e-04
4.918830e+03	-9.773541e-03	1.592352e-03	1.179931e-05	9.949886e-03	-1.317460e-04	-2.021703e-04
4.931220e+03	-1.917698e-03	-8.978802e-03	9.097403e-05	1.961489e-03	-3.431570e-05	-7.786826e-05
4.943610e+03	8.594500e-03	-3.535060e-03	-7.591154e-06	-8.483250e-03	3.433231e-05	-1.134958e-04
4.956000e+03	4.172890e-03	7.817862e-03	-1.665742e-05	-4.106536e-03	-5.737443e-05	-4.073625e-05
4.968390e+03	-7.163141e-03	5.113273e-03	1.099666e-04	7.416323e-03	-1.268223e-04	-2.586025e-04
4.980780e+03	-5.396581e-03	-6.287431e-03	-8.997220e-05	5.807547e-03	-1.446439e-04	-3.763624e-04
4.993170e+03	5.151779e-03	-5.661046e-03	-1.862440e-05	-4.874356e-03	-1.369206e-05	-2.844392e-04
5.005560e+03	6.226310e-03	4.574656e-03	3.753612e-05	-6.015722e-03	5.104000e-06	-2.064386e-04
5.017950e+03	-3.423870e-03	6.152784e-03	1.897162e-05	3.426717e-03	-2.751956e-04	-6.449694e-06
5.030340e+03	-6.444415e-03	-2.754782e-03	1.647852e-06	6.717848e-03	-1.382559e-05	-2.736293e-04
5.042730e+03	2.171043e-03	-6.091777e-03	-9.581883e-05	-1.726636e-03	-6.120461e-06	-4.432998e-04
5.055120e+03	6.410236e-03	1.180465e-03	-7.397131e-05	-6.342138e-03	-2.748207e-04	-7.188814e-05
5.067510e+03	-3.266563e-04	6.469544e-03	1.479312e-04	5.095882e-04	9.935325e-05	-1.849744e-04
5.079900e+03	-6.115515e-03	1.059727e-04	-1.734137e-05	6.145081e-03	-2.164780e-05	-3.050113e-05
5.092290e+03	-6.066624e-04	-5.573619e-03	-1.427020e-04	8.230697e-04	-9.331402e-06	-2.211901e-04
5.104680e+03	5.502967e-03	-1.238977e-03	-1.400685e-05	-5.340690e-03	-1.245262e-04	-1.745678e-04
5.117070e+03	1.612609e-03	4.839156e-03	2.681068e-04	-1.509159e-03	1.412760e-04	-1.133723e-04
5.129460e+03	-4.462375e-03	2.133445e-03	1.495524e-04	4.604720e-03	1.335313e-05	-1.438749e-04
5.141850e+03	-2.249025e-03	-3.895483e-03	9.598904e-06	2.581339e-03	-2.236837e-05	-3.295633e-04
5.154240e+03	3.780614e-03	-2.680171e-03	-1.936480e-04	-3.585101e-03	4.200682e-05	-1.895311e-04
5.166630e+03	3.269556e-03	3.197448e-03	3.953450e-04	-3.025310e-03	9.186077e-05	-2.354069e-04
5.179020e+03	-2.819994e-03	3.307834e-03	-3.185860e-05	2.916259e-03	9.844372e-05	-8.694740e-05
5.191410e+03	-3.310513e-03	-2.570382e-03	8.896968e-06	3.355244e-03	4.312850e-05	8.316482e-06
5.203800e+03	1.748381e-03	-3.072105e-03	-8.260584e-05	-1.750951e-03	9.875008e-05	2.968122e-05
5.216190e+03	3.351336e-03	1.735233e-03	-1.054613e-06	-3.283294e-03	-1.749400e-06	-7.054584e-05
5.228580e+03	-1.142789e-03	3.527816e-03	-7.147676e-05	1.342077e-03	-1.860496e-05	-1.953648e-04
5.240970e+03	-3.091066e-03	-8.139804e-04	9.750380e-05	3.338147e-03	-6.690312e-05	-2.440487e-04
5.253360e+03	5.723687e-04	-3.019324e-03	-1.929176e-05	-4.596654e-04	7.739216e-05	-1.009637e-04
5.265750e+03	3.072744e-03	1.463314e-04	-7.453038e-05	-2.831228e-03	1.395101e-04	-2.395156e-04
5.278140e+03	-5.594324e-05	2.841198e-03	-1.177838e-05	2.855464e-04	-6.409878e-05	-2.548623e-04
5.290530e+03	-2.377918e-03	2.638915e-04	1.024231e-04	2.522333e-03	-9.998823e-05	-1.399516e-04
5.302920e+03	-1.431066e-04	-2.252657e-03	3.767686e-05	1.493886e-04	3.212374e-05	-6.468847e-06
5.315310e+03	1.920676e-03	-9.435442e-04	1.288132e-04	-1.491261e-03	8.612280e-05	-4.294670e-04
5.327700e+03	8.992136e-04	2.312126e-03	3.006710e-07	-7.701170e-04	1.448938e-05	-1.238666e-04
5.340090e+03	-2.018113e-03	1.025876e-03	-1.933954e-05	2.130146e-03	1.606186e-04	-9.864384e-05
5.352480e+03	-7.387193e-04	-2.108926e-03	5.308350e-06	9.233078e-04	1.390135e-05	-1.886780e-04
5.364870e+03	1.914303e-03	-5.945431e-04	3.502469e-06	-1.754593e-03	-4.873965e-05	-1.684905e-04
5.377260e+03	8.794310e-04	1.689233e-03	8.171267e-05	-5.721816e-04	3.857237e-05	-3.064765e-04
5.389650e+03	-1.786774e-03	1.179956e-03	2.130068e-05	1.938095e-03	1.041742e-05	-1.589881e-04
5.402040e+03	-1.084746e-03	-1.579115e-03	3.107532e-05	1.019182e-03	2.675379e-05	5.287279e-05
5.414430e+03	1.374696e-03	-7.806147e-04	4.443996e-05	-1.142646e-03	6.742286e-05	-2.352079e-04
5.426820e+03	1.016733e-03	1.536375e-03	4.248778e-05	-8.130199e-04	8.972081e-06	-2.007760e-04
5.439210e+03	-9.628161e-04	1.243768e-03	1.157388e-04	1.139268e-03	1.722557e-04	-1.956422e-04
5.451600e+03	-1.091202e-03	-8.882028e-04	1.066616e-05	1.357486e-03	-2.569106e-06	-2.586517e-04
5.463990e+03	9.293259e-04	-1.090147e-03	8.057946e-05	-7.668336e-04	-3.622903e-05	-1.350935e-04
5.476380e+03	1.230876e-03	1.085889e-03	3.179025e-05	-9.782443e-04	-2.297358e-05	-2.546313e-04
5.488770e+03	-1.202841e-03	1.064077e-03	1.233219e-04	1.159328e-03	9.563385e-06	2.451694e-05
5.501160e+03	-1.109694e-03	-6.430994e-04	2.261371e-05	1.246285e-03	7.474469e-05	-1.364580e-04
5.513550e+03	9.541582e-04	-1.058225e-03	-1.796268e-05	-7.014434e-04	9.055319e-05	-2.447677e-04
5.525940e+03	1.324670e-03	8.446385e-04	1.653724e-04	-1.078626e-03	2.021034e-04	-2.476246e-04
5.538330e+03	-4.008451e-04	1.480456e-03	1.492103e-05	4.878750e-04	1.033039e-05	-9.235393e-05
5.550720e+03	-9.639898e-04	-3.009111e-04	-3.079592e-05	9.721871e-04	-8.187888e-05	-8.525804e-06
5.563110e+03	4.645309e-04	-1.196977e-03	-1.624425e-05	-1.701785e-04	2.982678e-05	-2.962165e-04
5.575500e+03	1.013622e-03	6.652578e-04	2.395833e-04	-9.480555e-04	-4.130425e-05	-6.858107e-05
5.587890e+03	4.236821e-05	1.093937e-03	5.484050e-05	2.745347e-04	7.689284e-05	-3.280135e-04
5.600280e+03	-1.274101e-03	9.668742e-07	3.938260e-05	1.407645e-03	6.704525e-05	-1.368903e-04
5.612670e+03	7.474738e-05	-1.320353e-03	1.245751e-05	2.510027e-04	3.814036e-05	-3.106937e-04
5.625060e+03	1.364238e-03	3.368255e-04	2.990997e-05	-1.098742e-03	-1.438241e-05	-2.830820e-04
5.637450e+03	1.224230e-04	1.178883e-03	4.703027e-05	6.952142e-06	2.992737e-05	-1.490780e-04
5.649840e+03	-1.012690e-03	3.583922e-04	-3.569219e-05	1.169167e-03	1.733020e-05	-1.581010e-04
5.662230e+03	-2.444699e-05	-9.991957e-04	6.703629e-05	2.956207e-04	-5.706584e-05	-2.669375e-04
5.674620e+03	1.127342e-03	-2.171396e-04	3.980060e-05	-9.335881e-04	6.418142e-06	-1.851487e-04
5.687010e+03	4.010638e-04	1.179864e-03	1.269234e-04	-2.621389e-04	6.484835e-05	-1.389249e-04
5.699400e+03	-9.032556e-04	6.140577e-04	-9.994377e-06	9.388756e-04	3.077214e-05	-3.591563e-05
5.711790e+03	-4.037076e-04	-7.129283e-04	-5.565941e-06	4.988659e-04	-6.123223e-05	-1.001999e-04
5.724180e+03	7.270644e-04	-5.680639e-05	-1.710415e-05	-4.583244e-04	1.301100e-04	-2.679461e-04
