1.300950e+03	8.882681e-02	-4.849942e-02	4.814464e-05	-8.848076e-02	-2.095230e-05	-6.583880e-05
1.313340e+03	9.883868e-02	-1.654738e-02	1.812499e-06	-9.905088e-02	-2.781772e-05	4.369651e-04
1.325730e+03	9.979448e-02	8.827112e-03	1.675294e-05	-9.999472e-02	-5.410035e-05	5.294776e-04
1.338120e+03	9.308808e-02	3.486863e-02	2.996827e-05	-9.328179e-02	2.100863e-05	1.741427e-04
1.350510e+03	8.041562e-02	5.832323e-02	-1.047774e-05	-8.062944e-02	6.135943e-05	2.275436e-04
1.362900e+03	6.212910e-02	7.745825e-02	-1.332520e-06	-6.242016e-02	5.169981e-05	3.372499e-04
1.375290e+03	3.933056e-02	9.120958e-02	4.943172e-06	-3.984519e-02	3.943916e-05	4.727054e-04
1.387680e+03	1.320777e-02	9.883576e-02	2.879962e-06	-1.373186e-02	2.974889e-05	5.302534e-04
1.400070e+03	-1.356896e-02	9.878954e-02	-2.387723e-05	1.303987e-02	2.672321e-05	5.445706e-04
1.412460e+03	-3.926243e-02	9.154470e-02	-1.819013e-05	3.875268e-02	3.434250e-05	4.264067e-04
1.424850e+03	-6.246940e-02	7.781035e-02	-2.062026e-06	6.214501e-02	-6.953497e-07	3.499971e-04
1.437240e+03	-8.122241e-02	5.853688e-02	-1.042807e-05	8.072411e-02	1.554604e-05	4.270128e-04
1.449630e+03	-9.513834e-02	3.432295e-02	-2.859452e-05	9.443790e-02	2.079256e-05	7.842434e-04
1.462020e+03	-1.010000e-01	7.285611e-03	2.154303e-05	1.000000e-01	2.242069e-05	7.854544e-04
1.474410e+03	-9.935381e-02	-2.114624e-02	7.987540e-06	9.857452e-02	4.008562e-05	6.603980e-04
1.486800e+03	-8.956864e-02	-4.776152e-02	-4.348998e-05	8.910005e-02	2.555463e-05	4.572167e-04
1.499190e+03	-7.288465e-02	-7.056079e-02	-7.599766e-05	7.259079e-02	8.379466e-06	3.861927e-04
1.511580e+03	-5.088905e-02	-8.808264e-02	-2.630163e-05	5.056481e-02	5.074041e-06	3.553440e-04
1.523970e+03	-2.430428e-02	-9.934253e-02	-3.384011e-05	2.390734e-02	-4.127951e-06	4.111270e-04
1.536360e+03	4.566308e-03	-1.028041e-01	-8.231991e-05	-5.026420e-03	-5.872615e-05	4.621786e-04
1.548750e+03	3.367043e-02	-9.737632e-02	-1.793095e-05	-3.397280e-02	-3.523741e-07	2.815790e-04
1.561140e+03	6.027977e-02	-8.407653e-02	-3.940738e-05	-6.046738e-02	-8.533833e-05	1.985885e-04
1.573530e+03	8.252779e-02	-6.357525e-02	-4.313917e-05	-8.272542e-02	-8.693334e-05	1.921467e-04
1.585920e+03	9.840995e-02	-3.719938e-02	5.982258e-06	-9.843537e-02	-6.195729e-05	1.510249e-04
1.598310e+03	1.050000e-01	-6.611913e-03	1.906908e-05	-1.052911e-01	-1.277390e-04	1.467776e-04
1.610700e+03	1.030960e-01	2.542212e-02	3.443805e-05	-1.033874e-01	-2.659376e-05	5.975605e-05
1.623090e+03	9.153935e-02	5.514209e-02	4.921951e-05	-9.163030e-02	-1.187160e-05	8.186212e-05
1.635480e+03	7.105005e-02	8.032085e-02	1.444866e-05	-7.096019e-02	7.640099e-06	-1.309986e-04
1.647870e+03	4.334085e-02	9.870811e-02	5.535601e-05	-4.319769e-02	-9.643780e-06	-1.487337e-04
1.660260e+03	1.115147e-02	1.079961e-01	9.032250e-07	-1.105125e-02	2.002145e-05	-1.290612e-04
1.672650e+03	-2.278010e-02	1.064622e-01	4.206327e-05	2.293014e-02	5.569606e-06	-1.404459e-04
1.685040e+03	-5.535886e-02	9.504848e-02	2.758229e-05	5.545886e-02	1.143558e-06	-1.503818e-04
1.697430e+03	-8.304858e-02	7.321857e-02	3.769366e-05	8.306618e-02	3.092420e-05	-9.735519e-05
1.709820e+03	-1.023968e-01	4.299262e-02	2.336231e-05	1.032149e-01	1.586740e-05	-3.152415e-04
1.722210e+03	-1.118209e-01	7.714870e-03	7.432387e-05	1.118162e-01	6.102813e-05	-3.475939e-04
1.734600e+03	-1.084209e-01	-2.923144e-02	-7.272972e-06	1.093661e-01	4.289741e-05	-3.263211e-04
1.746990e+03	-9.357496e-02	-6.357777e-02	1.209238e-04	9.385624e-02	9.268191e-05	-2.524091e-04
1.759380e+03	-6.765227e-02	-9.142848e-02	-4.852586e-05	6.794684e-02	5.337452e-05	-3.096330e-04
1.771770e+03	-3.353330e-02	-1.085496e-01	-5.781650e-05	3.393277e-02	3.547420e-05	-3.982955e-04
1.784160e+03	4.801212e-03	-1.140000e-01	-5.621361e-05	-4.580068e-03	1.657469e-05	-2.517726e-04
1.796550e+03	4.351178e-02	-1.073194e-01	-1.015240e-04	-4.322212e-02	-3.653144e-05	-2.863326e-04
1.808940e+03	7.781492e-02	-8.630730e-02	-3.048165e-05	-7.761660e-02	9.540035e-06	-2.346735e-04
1.821330e+03	1.030916e-01	-5.431754e-02	-4.653885e-05	-1.030314e-01	-6.829438e-05	-2.219246e-04
1.833720e+03	1.169384e-01	-1.547101e-02	-4.162634e-05	-1.158433e-01	-4.791975e-05	-3.184931e-04
1.846110e+03	1.149667e-01	2.634565e-02	-1.190662e-06	-1.149697e-01	-3.251768e-05	-3.397901e-04
1.858500e+03	9.864381e-02	6.528694e-02	-2.587518e-05	-9.853559e-02	1.544112e-06	-1.404204e-04
1.870890e+03	6.918789e-02	9.655703e-02	-2.783962e-06	-6.904919e-02	-8.091098e-06	-1.661472e-04
1.883280e+03	3.053269e-02	1.145685e-01	-5.606549e-05	-3.041564e-02	1.629297e-05	-1.598403e-04
1.895670e+03	-1.259413e-02	1.180000e-01	4.426383e-05	1.280225e-02	-9.925479e-05	-1.927081e-04
1.908060e+03	-5.461257e-02	1.066111e-01	-1.214051e-05	5.471116e-02	-3.808814e-05	-1.313386e-04
1.920450e+03	-8.963644e-02	7.964722e-02	4.235750e-05	8.963832e-02	-5.482609e-05	3.356536e-06
1.932840e+03	-1.132161e-01	4.143537e-02	5.073681e-05	1.132161e-01	-5.046625e-05	-1.347207e-04
1.945230e+03	-1.209435e-01	-3.318065e-03	1.162193e-04	1.209435e-01	1.485163e-05	2.623309e-05
1.957620e+03	-1.117094e-01	-4.807421e-02	5.257570e-05	1.117134e-01	3.675230e-05	1.355560e-04
1.970010e+03	-8.544412e-02	-8.639726e-02	7.058498e-05	8.533263e-02	5.510367e-05	7.120191e-05
1.982400e+03	-4.708637e-02	-1.127221e-01	-4.085428e-05	4.707742e-02	1.453280e-05	1.112578e-05
1.994790e+03	-1.347772e-03	-1.210000e-01	-2.437026e-05	1.296326e-03	4.405388e-05	1.938889e-05
2.007180e+03	4.503800e-02	-1.145419e-01	2.770620e-05	-4.503902e-02	9.253953e-05	8.265833e-05
2.019570e+03	8.575435e-02	-8.859361e-02	-1.303952e-05	-8.586768e-02	3.608248e-05	1.346215e-04
2.031960e+03	1.137828e-01	-4.908929e-02	-9.750772e-06	-1.140048e-01	-2.200490e-05	2.495870e-04
2.044350e+03	1.238509e-01	-6.835885e-04	-2.031162e-05	-1.248538e-01	7.950713e-05	2.917253e-04
2.056740e+03	1.152346e-01	4.830737e-02	9.790647e-06	-1.150935e-01	-6.064798e-06	2.203486e-04
2.069130e+03	8.696960e-02	9.024199e-02	-7.472939e-05	-8.716689e-02	1.029485e-04	1.970408e-04
2.081520e+03	4.438446e-02	1.177898e-01	-3.470313e-05	-4.469443e-02	1.480120e-05	2.928943e-04
2.093910e+03	-6.634348e-03	1.268395e-01	-1.402052e-04	6.402643e-03	8.172549e-05	2.414015e-04
2.106300e+03	-5.793318e-02	1.140684e-01	-9.427777e-05	5.765602e-02	-6.886144e-05	3.287402e-04
2.118690e+03	-1.000783e-01	8.066682e-02	-7.500431e-05	9.986742e-02	-8.898535e-05	3.475058e-04
2.131080e+03	-1.252443e-01	3.247500e-02	1.395575e-04	1.252451e-01	-1.029318e-04	4.205666e-04
2.143470e+03	-1.282116e-01	-2.356239e-02	1.935254e-05	1.282303e-01	-6.760923e-05	4.467721e-04
2.155860e+03	-1.076963e-01	-7.652089e-02	9.008546e-05	1.066666e-01	-3.548484e-05	4.751943e-04
2.168250e+03	-6.441646e-02	-1.164232e-01	4.669347e-05	6.379275e-02	-3.878925e-06	6.315614e-04
2.180640e+03	-7.315981e-03	-1.324163e-01	3.754670e-05	6.812807e-03	4.293744e-05	5.473033e-04
2.193030e+03	5.332908e-02	-1.242546e-01	-4.317132e-05	-5.402018e-02	-1.179974e-04	6.520300e-04
2.205420e+03	1.046799e-01	-8.729518e-02	5.395699e-05	-1.055228e-01	6.711878e-05	7.757453e-04
2.217810e+03	1.343130e-01	-2.982801e-02	3.637651e-05	-1.353743e-01	8.584392e-06	9.561849e-04
2.230200e+03	1.334042e-01	3.837537e-02	4.275460e-05	-1.348267e-01	1.823264e-04	9.192501e-04
2.242590e+03	1.008019e-01	9.951058e-02	-7.630302e-05	-1.018148e-01	1.809998e-04	1.237696e-03
2.254980e+03	3.739990e-02	1.387346e-01	-1.331286e-04	-3.868262e-02	8.417156e-05	1.303281e-03
2.267370e+03	-3.845874e-02	1.395742e-01	-1.541557e-04	3.731641e-02	-1.964560e-05	1.205879e-03
2.279760e+03	-1.076249e-01	9.832560e-02	-6.619935e-05	1.056746e-01	-1.657468e-04	1.277785e-03
2.292150e+03	-1.453631e-01	2.373107e-02	-9.229605e-05	1.434275e-01	-2.296834e-04	1.251514e-03
2.304540e+03	-1.313253e-01	-6.305152e-02	1.558508e-04	1.304087e-01	-1.673639e-04	8.475881e-04
2.316930e+03	-6.730991e-02	-1.267069e-01	1.626908e-04	6.703590e-02	-1.368491e-04	2.076851e-04
2.329320e+03	2.331732e-02	-1.364529e-01	1.712286e-04	-2.305742e-02	-8.155327e-06	-2.668298e-04
2.341710e+03	9.941069e-02	-8.822499e-02	5.213871e-05	-9.863514e-02	4.930826e-05	-7.931746e-04
2.354100e+03	1.233202e-01	-1.849414e-04	3.895247e-05	-1.220572e-01	3.059245e-04	-1.347064e-03
2.366490e+03	8.158527e-02	7.624009e-02	-2.415018e-04	-7.924232e-02	6.221644e-05	-2.358014e-03
2.378880e+03	9.115162e-03	9.326226e-02	-2.172115e-04	-6.823418e-03	1.427121e-04	-2.321204e-03
2.391270e+03	-4.820527e-02	5.635231e-02	-3.802760e-04	5.057054e-02	-4.624905e-04	-2.282375e-03
2.403660e+03	-5.228005e-02	2.524957e-03	4.801018e-05	5.512571e-02	-3.309545e-04	-2.826125e-03
2.416050e+03	-2.326194e-02	-1.916359e-02	1.666114e-05	2.628811e-02	-4.466964e-04	-3.002472e-03
2.428440e+03	-2.810017e-03	-8.370931e-03	1.550143e-04	5.720051e-03	-4.595582e-05	-2.902690e-03
2.440830e+03	-1.237114e-02	2.174471e-03	1.334515e-04	1.550971e-02	1.340494e-04	-3.165150e-03
2.453220e+03	-2.621258e-02	-1.688873e-02	-1.370145e-04	2.883977e-02	-1.090351e-05	-2.594279e-03
2.465610e+03	-8.333292e-03	-4.744363e-02	-1.850890e-04	9.849456e-03	-1.689247e-04	-1.516099e-03
2.478000e+03	3.947348e-02	-4.366536e-02	4.407220e-05	-3.673756e-02	-4.799877e-06	-2.587645e-03
2.490390e+03	6.558143e-02	4.180538e-05	-1.112398e-05	-6.439463e-02	-3.289838e-05	-1.205470e-03
2.502780e+03	4.415120e-02	5.622437e-02	-4.623146e-05	-4.243761e-02	7.778402e-05	-1.761346e-03
2.515170e+03	-1.429914e-02	7.196263e-02	-6.083602e-05	1.457943e-02	1.641116e-04	-3.257621e-04
2.527560e+03	-6.901900e-02	3.468641e-02	-1.613393e-04	6.899498e-02	-1.462074e-04	2.454600e-05
2.539950e+03	-7.456374e-02	-3.240088e-02	-1.190561e-04	7.351160e-02	-1.944711e-04	9.569569e-04
2.552340e+03	-9.622799e-03	-7.997790e-02	4.897547e-05	7.764258e-03	-6.286485e-05	1.872369e-03
2.564730e+03	4.920570e-02	-6.682917e-02	4.420419e-05	-5.230574e-02	-1.599956e-04	3.079957e-03
2.577120e+03	8.427487e-02	7.335604e-04	1.602995e-04	-8.647612e-02	-2.124589e-05	2.151486e-03
2.589510e+03	5.094169e-02	6.951487e-02	-4.387495e-05	-5.199055e-02	8.368177e-05	1.124548e-03
2.601900e+03	-2.488619e-02	8.166229e-02	-1.022937e-04	2.555773e-02	1.136517e-04	-6.834615e-04
2.614290e+03	-7.903757e-02	2.389535e-02	-1.035916e-05	8.110617e-02	-2.810958e-05	-2.093732e-03
2.626680e+03	-5.954639e-02	-5.097561e-02	3.912119e-05	6.323666e-02	-3.132908e-05	-3.599829e-03
2.639070e+03	1.440139e-02	-7.347593e-02	1.687828e-04	-1.187422e-02	-8.286922e-06	-2.479856e-03
2.651460e+03	6.381187e-02	-2.052386e-02	1.155319e-05	-6.237859e-02	-1.131473e-04	-1.582605e-03
2.663850e+03	4.292576e-02	4.117223e-02	1.859670e-04	-4.336882e-02	1.163748e-04	3.711858e-04
2.676240e+03	-1.586845e-02	5.561876e-02	1.214238e-04	1.649760e-02	4.059128e-05	-5.821801e-04
2.688630e+03	-5.392057e-02	9.086285e-03	2.059949e-04	5.442352e-02	1.447037e-04	-5.075723e-04
2.701020e+03	-3.217139e-02	-4.277807e-02	3.251280e-05	3.342161e-02	7.547268e-05	-1.260332e-03
2.713410e+03	2.294623e-02	-5.106349e-02	2.947181e-04	-2.186940e-02	2.919365e-04	-9.999116e-04
2.725800e+03	5.383445e-02	-5.501975e-03	-1.388722e-04	-5.309589e-02	-5.367880e-05	-8.045055e-04
2.738190e+03	3.305156e-02	4.427245e-02	5.161079e-05	-3.355986e-02	1.576613e-05	5.417266e-04
2.750580e+03	-1.985101e-02	5.201105e-02	-1.625806e-04	1.833253e-02	-2.110201e-04	1.512133e-03
2.762970e+03	-5.665609e-02	1.125481e-02	2.554400e-04	5.485539e-02	1.614169e-04	1.870075e-03
2.775360e+03	-3.964431e-02	-4.125570e-02	6.900771e-05	3.730154e-02	3.645232e-05	2.319674e-03
2.787750e+03	1.405667e-02	-5.340410e-02	7.605486e-05	-1.451321e-02	1.070363e-04	4.635058e-04
2.800140e+03	5.138287e-02	-1.512691e-02	-7.270906e-05	-5.108520e-02	-2.856156e-05	-3.540098e-04
2.812530e+03	3.869505e-02	3.677086e-02	1.035960e-04	-3.804605e-02	2.064405e-04	-6.721952e-04
2.824920e+03	-1.166967e-02	4.940601e-02	-2.016084e-04	1.205010e-02	-2.444873e-04	-4.034375e-04
2.837310e+03	-4.803467e-02	1.247682e-02	3.260734e-05	4.892253e-02	-1.249220e-04	-9.290518e-04
2.849700e+03	-3.209134e-02	-3.640248e-02	-4.639999e-05	3.258175e-02	-2.174891e-04	-4.508251e-04
2.862090e+03	1.788042e-02	-4.424737e-02	2.808231e-04	-1.759239e-02	1.554663e-04	-2.390495e-04
2.874480e+03	4.568943e-02	-5.702774e-03	3.544993e-05	-4.559968e-02	1.045719e-04	4.068268e-05
2.886870e+03	2.746538e-02	3.875635e-02	1.354585e-04	-2.778693e-02	1.884277e-04	3.166266e-04
2.899260e+03	-2.002638e-02	4.263259e-02	-6.551537e-05	1.952690e-02	-6.179138e-05	4.555164e-04
2.911650e+03	-4.758516e-02	3.818873e-03	-1.140768e-04	4.648736e-02	-2.279753e-04	1.026930e-03
2.924040e+03	-2.868658e-02	-3.774517e-02	2.045558e-04	2.796645e-02	1.101553e-04	7.099625e-04
2.936430e+03	1.796538e-02	-4.296917e-02	-1.552236e-05	-1.907832e-02	1.030314e-05	1.089341e-03
2.948820e+03	4.440456e-02	-5.655366e-03	-1.120095e-04	-4.586601e-02	-1.473236e-05	1.518349e-03
2.961210e+03	2.639905e-02	3.502810e-02	-1.040866e-04	-2.798123e-02	-7.158801e-05	1.654173e-03
2.973600e+03	-1.636455e-02	4.036269e-02	-2.408368e-04	1.510770e-02	-2.608497e-04	1.363109e-03
2.985990e+03	-4.138597e-02	6.378745e-03	2.196581e-04	4.163708e-02	6.530991e-06	-2.788857e-04
2.998380e+03	-2.481598e-02	-3.281761e-02	-8.004925e-05	2.541524e-02	-2.239533e-04	-5.399509e-04
3.010770e+03	1.723835e-02	-3.393553e-02	3.123516e-04	-1.585525e-02	3.312994e-04	-1.327896e-03
3.023160e+03	3.744437e-02	-1.899736e-04	-1.043194e-04	-3.703068e-02	2.129122e-05	-4.562262e-04
3.035550e+03	1.692377e-02	3.236321e-02	-1.490203e-04	-1.685002e-02	-2.015167e-05	-5.930592e-05
3.047940e+03	-2.209530e-02	2.810612e-02	-1.284460e-04	2.114948e-02	-8.888882e-05	8.876322e-04
3.060330e+03	-3.565744e-02	-6.130542e-03	-2.236543e-04	3.519023e-02	-3.955700e-04	4.446823e-04
3.072720e+03	-1.150122e-02	-3.395041e-02	9.732202e-06	1.172957e-02	-2.364349e-04	-2.300957e-04
3.085110e+03	2.431099e-02	-2.579047e-02	3.602912e-04	-2.390203e-02	2.555188e-04	-3.004554e-04
3.097500e+03	3.383915e-02	9.471470e-03	1.879441e-04	-3.370981e-02	1.479174e-04	-1.788333e-04
3.109890e+03	8.705607e-03	3.431787e-02	3.678210e-05	-9.131205e-03	1.419909e-04	3.426119e-04
3.122280e+03	-2.714927e-02	2.440133e-02	4.468908e-05	2.645436e-02	-6.787228e-06	6.169104e-04
3.134670e+03	-3.563259e-02	-1.134082e-02	2.213086e-04	3.488789e-02	8.610498e-05	6.880530e-04
3.147060e+03	-7.518929e-03	-3.548550e-02	-5.375704e-05	7.640185e-03	-2.400437e-04	-1.188368e-04
3.159450e+03	2.679430e-02	-2.262609e-02	3.695846e-05	-2.678765e-02	1.921202e-06	-8.241627e-05
3.171840e+03	3.310186e-02	1.304519e-02	3.405899e-04	-3.269736e-02	3.845441e-04	-4.010320e-04
3.184230e+03	4.276232e-03	3.406426e-02	6.211143e-06	-4.474105e-03	1.314299e-04	1.595573e-04
3.196620e+03	-2.772106e-02	2.022153e-02	-1.414145e-04	2.778954e-02	-5.659380e-05	2.154774e-06
3.209010e+03	-3.173515e-02	-1.529569e-02	4.039917e-05	3.178070e-02	-1.217114e-05	-2.039392e-04
3.221400e+03	-8.889464e-04	-3.329543e-02	2.495117e-04	1.457342e-03	1.095610e-04	-6.242299e-04
3.233790e+03	3.013959e-02	-1.724526e-02	-2.172252e-04	-3.025162e-02	-2.746820e-04	9.843686e-05
3.246180e+03	2.932559e-02	1.812235e-02	-3.159557e-05	-2.907372e-02	1.599342e-05	-1.703963e-04
3.258570e+03	-2.730314e-03	3.299329e-02	2.996253e-05	2.334508e-03	5.053541e-05	3.904199e-04
3.270960e+03	-3.036419e-02	1.387692e-02	-2.873040e-07	3.004900e-02	4.747638e-05	1.359655e-04
3.283350e+03	-2.633290e-02	-1.973455e-02	-4.179499e-04	2.652894e-02	-4.390781e-04	-1.768296e-04
3.295740e+03	5.148117e-03	-3.291489e-02	1.187759e-04	-5.509970e-03	-1.348208e-05	2.664663e-04
3.308130e+03	3.087691e-02	-1.110238e-02	4.454431e-04	-3.062956e-02	2.904681e-04	-2.446966e-04
3.320520e+03	2.394974e-02	2.169340e-02	-2.938008e-04	-2.408545e-02	-2.168804e-04	1.360476e-04
3.332910e+03	-7.400042e-03	3.080924e-02	-1.344994e-04	6.801559e-03	-3.022263e-05	5.931542e-04
3.345300e+03	-3.046880e-02	8.511339e-03	3.640979e-04	3.054721e-02	3.887232e-04	-9.137523e-05
3.357690e+03	-2.105059e-02	-2.387469e-02	2.907153e-04	2.111293e-02	2.576607e-04	2.927545e-06
3.370080e+03	1.111728e-02	-2.922672e-02	6.861441e-05	-1.045388e-02	4.706970e-05	-6.030624e-04
3.382470e+03	3.016246e-02	-3.586216e-03	-3.162346e-04	-2.981363e-02	-2.597803e-04	-3.874546e-04
3.394860e+03	1.733398e-02	2.649781e-02	-3.686142e-05	-1.679029e-02	4.629327e-05	-5.432054e-04
3.407250e+03	-1.362375e-02	2.761778e-02	1.795846e-04	1.402439e-02	1.618291e-04	-3.819750e-04
3.419640e+03	-3.040179e-02	-4.207013e-04	9.142886e-05	3.020468e-02	7.743298e-05	5.938098e-05
3.432030e+03	-1.372146e-02	-2.637340e-02	8.175709e-05	1.392474e-02	4.832925e-06	-1.679433e-04
3.444420e+03	1.702285e-02	-2.377119e-02	-3.062289e-05	-1.699971e-02	-5.837335e-05	-3.606811e-05
3.456810e+03	2.756057e-02	4.971073e-03	3.978831e-05	-2.728672e-02	1.494141e-05	-2.594900e-04
3.469200e+03	8.736640e-03	2.619314e-02	-1.435909e-04	-9.325258e-03	-8.014516e-05	5.526889e-04
3.481590e+03	-1.956022e-02	2.078102e-02	-1.207254e-04	1.964204e-02	-1.241679e-04	-7.115051e-05
3.493980e+03	-2.740919e-02	-9.066812e-03	-2.277710e-05	2.703580e-02	-1.518974e-04	5.790036e-04
3.506370e+03	-4.428368e-03	-2.706949e-02	1.960122e-04	4.831991e-03	8.538874e-05	-4.075728e-04
3.518760e+03	2.206829e-02	-1.636867e-02	-2.627368e-04	-2.170922e-02	-2.068852e-04	-3.467568e-04
3.531150e+03	2.515440e-02	1.195234e-02	-2.229601e-04	-2.513263e-02	-1.343388e-04	-6.209802e-05
3.543540e+03	-2.279714e-05	2.683814e-02	2.747542e-05	-9.495089e-05	6.496247e-05	8.851313e-05
3.555930e+03	-2.471421e-02	1.175550e-02	2.122902e-04	2.488128e-02	1.204362e-04	-2.188797e-04
3.568320e+03	-2.081664e-02	-1.606362e-02	1.299209e-04	2.155964e-02	1.543704e-05	-7.085058e-04
3.580710e+03	4.743286e-03	-2.656603e-02	1.064477e-04	-4.616946e-03	-3.364012e-06	-1.289599e-04
3.593100e+03	2.590440e-02	-6.332569e-03	2.921169e-04	-2.558315e-02	2.058423e-04	-3.382269e-04
3.605490e+03	1.747641e-02	1.958354e-02	-2.864816e-04	-1.775083e-02	-1.894553e-04	2.797311e-04
3.617880e+03	-9.901716e-03	2.468775e-02	2.083610e-04	9.683082e-03	1.243710e-04	1.985641e-04
3.630270e+03	-2.569573e-02	2.442971e-03	1.765168e-04	2.566658e-02	8.425800e-05	5.414576e-05
3.642660e+03	-1.351153e-02	-2.248736e-02	1.052345e-04	1.341304e-02	-3.639081e-05	1.205504e-04
3.655050e+03	1.400063e-02	-2.248034e-02	3.182205e-04	-1.398251e-02	1.861474e-04	1.794724e-05
3.667440e+03	2.555138e-02	1.872183e-03	2.200845e-04	-2.566181e-02	1.897090e-04	1.485284e-04
3.679830e+03	9.395292e-03	2.398095e-02	-2.132345e-04	-9.365680e-03	-8.203640e-05	-2.221506e-05
3.692220e+03	-1.749779e-02	1.896294e-02	-2.410178e-04	1.733569e-02	-1.784032e-04	1.447260e-04
3.704610e+03	-2.437935e-02	-6.574770e-03	-4.002489e-04	2.488320e-02	-4.364124e-04	-5.498875e-04
3.717000e+03	-4.905376e-03	-2.608801e-02	6.849464e-06	4.653178e-03	-6.630592e-05	2.490224e-04
3.729390e+03	2.198610e-02	-1.497031e-02	-6.487823e-05	-2.156368e-02	-1.436828e-05	-3.060424e-04
3.741780e+03	2.318452e-02	1.213671e-02	6.655596e-05	-2.296005e-02	1.195838e-04	-1.975159e-04
3.754170e+03	-3.134007e-04	2.454794e-02	1.288512e-05	-1.138269e-04	9.082456e-05	4.228119e-04
3.766560e+03	-2.231957e-02	1.120576e-02	2.194843e-04	2.231725e-02	1.827094e-04	-7.907100e-05
3.778950e+03	-2.135053e-02	-1.518939e-02	-2.448180e-05	2.115425e-02	-1.688900e-04	2.537940e-04
3.791340e+03	4.498279e-03	-2.413369e-02	2.751373e-04	-4.426891e-03	9.152756e-05	-9.489698e-05
3.803730e+03	2.297166e-02	-6.708451e-03	3.863214e-05	-2.317205e-02	1.259724e-06	1.490498e-04
3.816120e+03	1.648759e-02	1.786234e-02	-9.162223e-05	-1.653982e-02	1.417115e-05	9.590255e-05
3.828510e+03	-9.093633e-03	2.328470e-02	3.567914e-05	9.301664e-03	2.673875e-05	-1.924013e-04
3.840900e+03	-2.357210e-02	2.279062e-03	-5.573956e-05	2.363802e-02	-7.189304e-05	-8.006993e-05
3.853290e+03	-1.274171e-02	-2.073771e-02	2.003418e-04	1.254812e-02	6.812200e-05	1.891337e-04
3.865680e+03	1.304554e-02	-2.001086e-02	-4.582724e-04	-1.377063e-02	-2.193212e-04	7.409830e-04
3.878070e+03	2.217272e-02	2.365796e-03	8.596158e-06	-2.235282e-02	5.100976e-05	1.095169e-04
3.890460e+03	8.308546e-03	2.147880e-02	-2.333687e-04	-8.292675e-03	-1.431320e-04	-1.878589e-05
3.902850e+03	-1.491686e-02	1.695374e-02	-2.820186e-04	1.507572e-02	-2.075828e-04	-1.141571e-04
3.915240e+03	-2.103676e-02	-5.417821e-03	-8.035701e-05	2.124337e-02	-1.348696e-04	-2.205902e-04
3.927630e+03	-4.932825e-03	-2.124152e-02	7.991783e-05	4.435939e-03	8.519351e-07	4.630906e-04
3.940020e+03	1.665499e-02	-1.249357e-02	-3.275990e-04	-1.665499e-02	-2.039854e-04	2.120071e-05
3.952410e+03	1.877052e-02	9.036838e-03	-3.106858e-04	-1.893319e-02	-9.115601e-05	8.561080e-05
3.964800e+03	6.404455e-04	2.005177e-02	-5.902175e-05	-6.066810e-04	3.405964e-06	-2.633125e-05
3.977190e+03	-1.760927e-02	8.971776e-03	1.998603e-04	1.763445e-02	4.379660e-05	2.353839e-05
3.989580e+03	-1.501944e-02	-1.129803e-02	-4.452993e-04	1.537205e-02	-2.615090e-04	-2.949320e-04
4.001970e+03	3.820854e-03	-1.838276e-02	-2.936348e-04	-3.776336e-03	-2.135882e-04	-4.782247e-05
4.014360e+03	1.883706e-02	-4.042451e-03	2.682152e-04	-1.864048e-02	1.684017e-04	-2.132451e-04
4.026750e+03	1.184189e-02	1.401063e-02	8.890417e-05	-1.197070e-02	6.878007e-05	1.454799e-04
4.039140e+03	-6.813088e-03	1.685084e-02	-1.189877e-04	7.094998e-03	-3.927785e-05	-2.157525e-04
4.051530e+03	-1.688954e-02	8.030932e-04	4.366530e-05	1.709427e-02	-1.794215e-06	-2.489764e-04
4.063920e+03	-7.629717e-03	-1.564559e-02	5.156280e-05	7.409616e-03	-2.729674e-05	2.107606e-04
4.076310e+03	1.035573e-02	-1.293442e-02	1.154871e-04	-1.036909e-02	5.253943e-05	-1.262498e-06
4.088700e+03	1.588660e-02	4.029657e-03	-4.473892e-05	-1.593398e-02	-2.151871e-05	2.441556e-05
4.101090e+03	3.881923e-03	1.570630e-02	1.258899e-04	-3.829229e-03	3.073817e-05	-4.377300e-05
4.113480e+03	-1.292188e-02	1.094155e-02	-1.217236e-04	1.288728e-02	-1.386448e-04	-8.647887e-06
4.125870e+03	-1.510126e-02	-6.910762e-03	-3.275216e-04	1.465712e-02	-1.959317e-04	4.534460e-04
4.138260e+03	1.877356e-05	-1.528499e-02	1.177193e-04	2.501175e-04	3.152538e-05	-1.580656e-04
4.150650e+03	1.404627e-02	-7.563878e-03	3.273031e-04	-1.399292e-02	1.214438e-04	-1.721451e-04
4.163040e+03	1.190719e-02	9.426105e-03	3.937851e-04	-1.188120e-02	2.044969e-04	8.777388e-06
4.175430e+03	-3.898741e-03	1.488802e-02	2.187062e-05	3.886970e-03	1.493768e-05	1.345960e-05
4.187820e+03	-1.416824e-02	3.415384e-03	-2.316635e-04	1.457295e-02	-1.195655e-04	-3.512524e-04
4.200210e+03	-9.309624e-03	-1.157201e-02	5.671948e-05	9.207237e-03	-2.148348e-05	8.949309e-05
4.212600e+03	6.202352e-03	-1.323238e-02	2.843749e-05	-6.395413e-03	8.371626e-06	1.751080e-04
4.224990e+03	1.421840e-02	1.980748e-04	1.010133e-04	-1.413726e-02	6.259221e-05	-1.201842e-04
4.237380e+03	5.461482e-03	1.319072e-02	-4.593377e-05	-5.357918e-03	-3.653121e-05	-1.094563e-04
4.249770e+03	-8.443872e-03	1.110196e-02	-5.826282e-05	8.660709e-03	-6.660648e-05	-1.798763e-04
4.262160e+03	-1.335084e-02	-3.161309e-03	-1.115506e-04	1.323353e-02	-1.175381e-04	3.834598e-05
4.274550e+03	-4.266643e-03	-1.254619e-02	5.147778e-04	4.075362e-03	9.458912e-05	2.043345e-04
4.286940e+03	1.007502e-02	-8.461353e-03	-8.395384e-05	-1.017724e-02	-4.338869e-05	1.565187e-04
4.299330e+03	1.174096e-02	5.439893e-03	-1.527630e-04	-1.182970e-02	1.285863e-05	1.014963e-05
4.311720e+03	-4.134527e-04	1.275578e-02	9.596529e-05	2.783528e-04	2.767478e-05	9.475218e-05
4.324110e+03	-1.134572e-02	5.872611e-03	1.825615e-04	1.144442e-02	1.634818e-05	-9.758848e-05
4.336500e+03	-9.615572e-03	-7.418479e-03	-4.894090e-05	9.722710e-03	-4.586448e-05	-7.846447e-05
4.348890e+03	1.797573e-03	-1.175662e-02	3.986439e-04	-1.956917e-03	1.350935e-04	1.644145e-04
4.361280e+03	1.130995e-02	-2.576054e-03	5.346658e-05	-1.120990e-02	-1.878186e-05	-6.322815e-05
4.373670e+03	7.437280e-03	8.292298e-03	-1.254535e-04	-7.533300e-03	-1.502783e-05	9.363560e-05
4.386060e+03	-5.498715e-03	1.032066e-02	5.190585e-05	5.152651e-03	-4.030515e-05	3.026163e-04
4.398450e+03	-1.044666e-02	3.827745e-04	-1.824183e-04	1.058065e-02	-8.731421e-05	-6.683620e-05
4.410840e+03	-5.218553e-03	-1.054814e-02	1.145195e-04	4.803305e-03	6.425414e-05	4.206153e-04
4.423230e+03	5.846193e-03	-8.238517e-03	1.345614e-04	-6.112432e-03	6.387386e-05	2.673377e-04
4.435620e+03	1.054804e-02	1.699588e-03	-3.102397e-05	-1.036039e-02	3.923805e-05	-8.698915e-05
4.448010e+03	2.753266e-03	9.781709e-03	3.473818e-06	-2.563102e-03	-2.443730e-05	-1.288556e-04
4.460400e+03	-7.440950e-03	6.133110e-03	3.176728e-04	7.307026e-03	8.049748e-05	4.488900e-05
4.472790e+03	-7.882553e-03	-3.828792e-03	1.153362e-04	8.087271e-03	3.719343e-05	-2.259858e-04
4.485180e+03	-8.532022e-05	-8.797225e-03	9.724196e-05	1.660957e-04	3.615787e-05	-7.776291e-05
4.497570e+03	8.350871e-03	-3.611703e-03	3.084716e-04	-8.019784e-03	1.089483e-04	-3.280473e-04
4.509960e+03	7.228003e-03	5.231967e-03	1.773702e-04	-6.970784e-03	1.054638e-04	-3.421971e-04
4.522350e+03	-1.879619e-03	8.159983e-03	-3.734005e-05	1.860163e-03	-2.739657e-05	-5.502238e-06
4.534740e+03	-8.055266e-03	1.530340e-03	1.423245e-04	7.844129e-03	5.629387e-05	2.100894e-04
4.547130e+03	-4.287281e-03	-6.394882e-03	6.645118e-05	4.456949e-03	3.276685e-05	-1.598445e-04
4.559520e+03	3.145470e-03	-6.970082e-03	9.215634e-05	-3.250597e-03	6.983085e-05	1.269755e-04
4.571910e+03	7.444981e-03	2.487629e-04	4.325849e-04	-7.263707e-03	1.322033e-04	-1.704755e-04
4.584300e+03	2.769424e-03	6.644413e-03	-9.539631e-05	-2.765566e-03	-5.521639e-05	-3.786281e-07
4.596690e+03	-4.301238e-03	5.744198e-03	-7.406413e-06	4.456625e-03	-3.855382e-05	-1.696041e-04
4.609080e+03	-5.192167e-03	-1.628604e-03	2.197194e-04	5.665586e-03	4.743555e-05	-4.800697e-04
4.621470e+03	-5.262301e-04	-6.209765e-03	3.074586e-05	6.325626e-04	3.909040e-05	-1.048487e-04
4.633860e+03	5.156045e-03	-3.245875e-03	-2.278299e-05	-5.213361e-03	1.094488e-05	5.480211e-05
4.646250e+03	5.078142e-03	3.273094e-03	-2.962152e-04	-5.259285e-03	-4.477448e-05	1.767492e-04
4.658640e+03	-1.140934e-03	6.006291e-03	1.385495e-04	9.655807e-04	3.328040e-06	1.806228e-04
4.671030e+03	-5.394398e-03	1.966535e-03	-1.837355e-04	5.332180e-03	-8.644688e-05	6.585855e-05
4.683420e+03	-3.682089e-03	-3.091167e-03	-6.962637e-05	3.854068e-03	-1.136795e-04	-1.599420e-04
4.695810e+03	1.835388e-03	-4.624954e-03	2.322965e-04	-1.771441e-03	6.407389e-05	-6.392202e-05
4.708200e+03	4.625666e-03	-5.676988e-05	-1.149391e-04	-4.666878e-03	1.709910e-06	2.617542e-05
4.720590e+03	2.058168e-03	4.402516e-03	2.849729e-04	-1.984112e-03	5.299514e-05	-5.356137e-05
4.732980e+03	-2.792186e-03	3.158705e-03	-5.993549e-05	2.786043e-03	1.928298e-05	9.314201e-06
4.745370e+03	-4.679622e-03	-1.585995e-03	7.744560e-05	4.447190e-03	6.816745e-06	2.276878e-04
4.757760e+03	-7.941599e-04	-3.906610e-03	3.542964e-04	7.978490e-04	2.936987e-05	-4.500300e-07
4.770150e+03	3.251373e-03	-1.987146e-03	7.965331e-05	-3.299437e-03	-1.041394e-05	4.925500e-05
4.782540e+03	3.356929e-03	2.151415e-03	6.091462e-06	-3.378449e-03	2.935450e-05	1.526933e-05
4.794930e+03	-3.250063e-04	4.049941e-03	4.039173e-04	5.732199e-04	9.467516e-05	-2.469898e-04
4.807320e+03	-3.499558e-03	1.445723e-03	2.967002e-04	3.664985e-03	-2.933944e-06	-1.658899e-04
4.819710e+03	-2.342063e-03	-2.340793e-03	-3.522627e-06	2.420583e-03	-3.279958e-05	-7.056419e-05
4.832100e+03	1.374655e-03	-3.338625e-03	2.202934e-05	-1.437234e-03	1.314182e-05	6.120990e-05
4.844490e+03	2.890541e-03	1.588543e-04	-2.241099e-04	-3.051308e-03	-4.036924e-05	1.503991e-04
4.856880e+03	1.137000e-03	3.416072e-03	2.245267e-04	-1.064614e-03	1.170214e-05	-6.937261e-05
4.869270e+03	-2.034344e-03	1.873636e-03	-1.378788e-04	2.029763e-03	-5.342169e-05	8.586811e-06
4.881660e+03	-2.338420e-03	-1.260102e-03	-1.705558e-04	2.505465e-03	-1.440453e-05	-1.732205e-04
4.894050e+03	-5.064207e-04	-2.679446e-03	-1.363783e-04	3.824716e-04	-5.756145e-05	1.555198e-04
4.906440e+03	2.388755e-03	-7.899402e-04	2.387593e-04	-2.301709e-03	-8.284423e-06	-5.813293e-05
4.918830e+03	2.020781e-03	1.676449e-03	-2.274825e-04	-2.004785e-03	-3.104052e-05	5.144426e-06
4.931220e+03	-6.529558e-05	2.324114e-03	6.630163e-05	3.877366e-04	2.332877e-05	-2.329221e-04
4.943610e+03	-2.007041e-03	2.594562e-04	-5.897272e-05	2.096339e-03	-1.378490e-05	-9.630388e-05
4.956000e+03	-8.129934e-04	-1.515159e-03	9.664081e-06	9.907938e-04	-1.846089e-05	-2.379965e-04
4.968390e+03	1.671216e-03	-1.705565e-03	-9.015082e-05	-1.477297e-03	-2.362700e-05	-1.795934e-04
4.980780e+03	1.825043e-03	7.951137e-04	1.450939e-04	-1.835936e-03	-1.366412e-05	1.606591e-05
4.993170e+03	3.491077e-04	1.844191e-03	-4.473442e-05	-3.385535e-04	-2.067495e-05	-1.014322e-05
5.005560e+03	-1.510117e-03	1.237063e-03	1.879149e-04	1.692197e-03	3.818600e-05	-1.779421e-04
5.017950e+03	-1.475615e-03	-9.705945e-04	4.655943e-05	1.552488e-03	-1.589160e-05	-7.055679e-05
5.030340e+03	5.617904e-04	-1.724673e-03	4.242566e-05	-5.009517e-04	5.754398e-06	-5.124975e-05
5.042730e+03	1.601351e-03	-3.532043e-04	1.096971e-04	-1.762602e-03	5.154369e-05	1.554878e-04
5.055120e+03	1.169765e-03	1.510518e-03	-3.478024e-05	-1.103469e-03	1.544570e-06	-7.858896e-05
5.067510e+03	-7.389987e-04	1.449998e-03	1.393802e-04	8.696839e-04	1.572185e-05	-1.386511e-04
5.079900e+03	-2.134988e-03	4.832125e-06	-9.912332e-05	1.854166e-03	-3.937347e-05	2.621433e-04
5.092290e+03	-4.107211e-04	-1.595228e-03	-7.021944e-05	3.248687e-04	2.067915e-05	7.782037e-05
5.104680e+03	1.374159e-03	-7.873536e-04	1.180000e-04	-1.381294e-03	1.462992e-05	8.257673e-06
5.117070e+03	1.162944e-03	8.852146e-04	-3.099309e-05	-1.252733e-03	4.769421e-07	9.043850e-05
5.129460e+03	-1.636658e-05	1.408944e-03	-1.189497e-04	1.139394e-04	-7.587610e-06	-1.288025e-04
5.141850e+03	-1.383486e-03	2.385285e-04	1.367869e-04	1.441232e-03	1.096830e-05	-5.874328e-05
5.154240e+03	-8.062762e-04	-1.374866e-03	3.502804e-05	7.964626e-04	1.866233e-05	2.863120e-05
5.166630e+03	6.846341e-04	-1.451564e-03	2.805400e-05	-7.715934e-04	4.516541e-05	9.026927e-05
5.179020e+03	1.602688e-03	1.609406e-04	-5.019980e-05	-1.512898e-03	2.539558e-05	-9.386299e-05
5.191410e+03	3.354595e-04	1.635408e-03	-1.167446e-05	-2.359756e-04	-1.152011e-05	-8.621349e-05
5.203800e+03	-1.017676e-03	1.270674e-03	-2.893635e-05	1.139179e-03	-4.095036e-05	-1.172256e-04
5.216190e+03	-1.140000e-03	-7.240217e-04	3.774808e-05	1.125984e-03	-5.068046e-06	3.711541e-06
5.228580e+03	2.089988e-04	-1.096234e-03	-1.504747e-06	-2.131326e-04	-3.955329e-06	-1.093665e-05
5.240970e+03	1.089484e-03	-3.250539e-04	5.593502e-05	-1.179210e-03	1.125963e-05	8.218011e-05
5.253360e+03	8.935319e-04	1.220858e-03	-6.331800e-05	-8.162446e-04	-1.628917e-05	-6.667825e-05
5.265750e+03	-6.240893e-04	8.897811e-04	-2.539953e-05	5.396020e-04	2.657032e-05	6.773852e-05
5.278140e+03	-1.208786e-03	5.759097e-05	-7.961180e-07	1.182371e-03	-1.461138e-05	2.820961e-05
5.290530e+03	-5.385547e-04	-1.023143e-03	-1.266128e-04	3.953584e-04	-2.463274e-05	1.293578e-04
5.302920e+03	7.696681e-04	-8.644076e-04	-6.399823e-05	-8.538935e-04	2.855892e-05	8.481452e-05
5.315310e+03	1.415259e-03	3.765317e-04	-1.013887e-04	-1.166998e-03	4.826257e-05	-2.542545e-04
5.327700e+03	-7.167120e-04	1.291681e-03	-5.325409e-05	5.413652e-04	-1.891848e-05	1.935039e-04
5.340090e+03	-7.507924e-04	-7.686777e-05	-5.968448e-05	8.889577e-04	5.587564e-05	-1.380146e-04
5.352480e+03	-2.157095e-04	-6.706884e-04	-5.091105e-05	4.160214e-04	2.071444e-05	-2.162962e-04
5.364870e+03	7.991148e-04	-5.842943e-04	5.945655e-05	-6.401282e-04	7.407270e-07	-1.675983e-04
5.377260e+03	1.089718e-03	6.217347e-05	4.407330e-05	-9.835750e-04	3.658568e-06	-1.089103e-04
5.389650e+03	2.643941e-04	5.124894e-04	-1.449841e-05	-2.103160e-04	4.188244e-05	-5.475702e-05
5.402040e+03	-6.786701e-04	6.456397e-04	-1.812857e-05	7.656612e-04	-2.052484e-05	-8.636003e-05
5.414430e+03	-1.039999e-03	-1.726865e-04	3.019085e-05	9.220166e-04	-1.689999e-05	1.149991e-04
5.426820e+03	6.298332e-04	-1.239971e-03	4.925078e-05	-5.097097e-04	6.389590e-05	-1.199578e-04
5.439210e+03	5.871885e-04	1.195843e-04	2.269528e-04	-6.752965e-04	8.993393e-07	8.948719e-05
5.451600e+03	4.637606e-04	7.540083e-04	6.368470e-05	-4.733456e-04	9.348706e-06	1.027852e-05
5.463990e+03	-5.769986e-04	8.710956e-04	1.021331e-06	6.311893e-04	-1.567044e-05	-5.526219e-05
5.476380e+03	-1.096622e-03	8.012019e-05	7.472494e-05	1.036183e-03	-3.698468e-05	5.422078e-05
