1.350510e+03	-1.271408e-01	5.673751e-02	4.196361e-05	1.278954e-01	-5.674278e-05	-1.905897e-05
1.362900e+03	-1.391317e-01	1.722415e-02	1.993383e-05	1.386009e-01	-5.129965e-05	4.811452e-04
1.375290e+03	-1.385478e-01	-2.266572e-02	-8.643137e-06	1.374055e-01	1.089978e-05	5.609106e-04
1.387680e+03	-1.264065e-01	-6.063790e-02	6.406294e-05	1.254065e-01	1.166877e-05	5.718135e-04
1.400070e+03	-1.032568e-01	-9.421124e-02	-1.984360e-05	1.024648e-01	-2.308326e-05	7.118618e-04
1.412460e+03	-7.147982e-02	-1.182397e-01	1.413556e-06	7.126529e-02	-6.328600e-06	2.461664e-04
1.424850e+03	-3.608365e-02	-1.332779e-01	-2.528526e-05	3.575646e-02	-2.831794e-05	2.488592e-04
1.437240e+03	2.765065e-03	-1.389634e-01	-2.972276e-05	-3.432900e-03	-7.338920e-05	6.699674e-04
1.449630e+03	4.202129e-02	-1.326833e-01	-1.597386e-06	-4.300853e-02	-3.144619e-06	9.930658e-04
1.462020e+03	7.826850e-02	-1.145508e-01	-2.009412e-06	-7.918762e-02	-2.570201e-05	9.441080e-04
1.474410e+03	1.076630e-01	-8.776949e-02	3.987656e-05	-1.087368e-01	-9.077287e-05	6.836536e-04
1.486800e+03	1.290336e-01	-5.293625e-02	7.557614e-05	-1.289935e-01	9.913116e-05	7.366092e-04
1.499190e+03	1.390000e-01	-1.390495e-02	4.163064e-05	-1.390647e-01	-1.039968e-04	5.712225e-04
1.511580e+03	1.367155e-01	2.653270e-02	8.482043e-05	-1.377155e-01	1.434173e-06	6.905626e-04
1.523970e+03	1.238001e-01	6.621967e-02	2.043805e-05	-1.253902e-01	9.991652e-05	1.137504e-03
1.536360e+03	9.895026e-02	9.961778e-02	3.459222e-05	-1.005335e-01	5.771473e-05	1.010151e-03
1.548750e+03	6.563578e-02	1.240218e-01	-8.172626e-05	-6.639893e-02	1.869788e-04	7.095074e-04
1.561140e+03	2.665277e-02	1.378834e-01	-3.110863e-05	-2.705231e-02	5.360789e-05	4.040875e-04
1.573530e+03	-1.484704e-02	1.403704e-01	-1.095054e-04	1.425340e-02	1.028315e-04	6.136041e-04
1.585920e+03	-5.623039e-02	1.310344e-01	-9.158991e-05	5.557303e-02	1.875409e-05	6.845656e-04
1.598310e+03	-9.366939e-02	1.089470e-01	-8.771822e-05	9.287495e-02	-1.190952e-05	7.996758e-04
1.610700e+03	-1.235957e-01	7.593339e-02	-1.074690e-04	1.225957e-01	-4.500607e-06	8.049763e-04
1.623090e+03	-1.415246e-01	3.476289e-02	-8.766067e-05	1.404478e-01	-7.068649e-06	5.861326e-04
1.635480e+03	-1.450000e-01	-1.074166e-02	5.615423e-05	1.450000e-01	-7.764133e-05	2.543346e-04
1.647870e+03	-1.350326e-01	-5.536604e-02	7.318641e-05	1.350717e-01	-3.123199e-05	2.929526e-06
1.660260e+03	-1.125342e-01	-9.563750e-02	1.645962e-05	1.116132e-01	-1.040771e-05	2.590254e-04
1.672650e+03	-7.676228e-02	-1.269383e-01	6.902638e-05	7.645893e-02	1.055568e-05	3.188213e-04
1.685040e+03	-3.186627e-02	-1.462226e-01	7.999882e-05	3.165697e-02	3.490303e-05	2.783718e-04
1.697430e+03	1.716963e-02	-1.490597e-01	-6.462954e-05	-1.747920e-02	-1.386005e-04	2.568805e-04
1.709820e+03	6.526782e-02	-1.360570e-01	3.837942e-05	-6.498884e-02	-2.420561e-05	-2.089833e-04
1.722210e+03	1.069790e-01	-1.076249e-01	1.004001e-04	-1.070034e-01	4.710260e-05	-3.268068e-04
1.734600e+03	1.385078e-01	-6.629830e-02	9.802747e-05	-1.385078e-01	6.365355e-05	-1.606731e-04
1.746990e+03	1.547403e-01	-1.607946e-02	6.340252e-05	-1.547403e-01	8.203415e-06	4.300842e-05
1.759380e+03	1.514483e-01	3.882803e-02	7.868501e-05	-1.514862e-01	4.033948e-05	2.985753e-05
1.771770e+03	1.289428e-01	8.936663e-02	-2.709759e-05	-1.282471e-01	1.777117e-04	-3.716304e-04
1.784160e+03	8.974548e-02	1.292335e-01	-8.253409e-07	-8.920582e-02	-4.228381e-05	-5.222525e-04
1.796550e+03	3.862088e-02	1.533241e-01	-6.471110e-05	-3.812166e-02	5.960445e-05	-5.863200e-04
1.808940e+03	-1.848980e-02	1.580000e-01	-1.212831e-04	1.899189e-02	5.521281e-05	-4.891306e-04
1.821330e+03	-7.549901e-02	1.414155e-01	-3.786228e-05	7.577078e-02	-3.891862e-05	-2.748802e-04
1.833720e+03	-1.228540e-01	1.050459e-01	-1.461347e-04	1.228430e-01	-7.346860e-05	-8.309347e-05
1.846110e+03	-1.545096e-01	5.172365e-02	-5.998734e-05	1.545096e-01	-9.911492e-05	-2.559697e-04
1.858500e+03	-1.629494e-01	-9.949547e-03	6.067478e-05	1.629485e-01	-1.149572e-04	-4.692795e-04
1.870890e+03	-1.472764e-01	-7.183923e-02	-1.143337e-04	1.482078e-01	-1.149621e-04	-5.030349e-04
1.883280e+03	-1.098367e-01	-1.229543e-01	6.077728e-05	1.100517e-01	-6.832177e-05	-5.338397e-04
1.895670e+03	-5.387145e-02	-1.573369e-01	4.456778e-05	5.424707e-02	-3.319343e-05	-2.923647e-04
1.908060e+03	1.212614e-02	-1.664683e-01	1.306774e-04	-1.198010e-02	1.351129e-05	-1.802391e-04
1.920450e+03	7.772289e-02	-1.498933e-01	1.856434e-05	-7.737396e-02	-1.063819e-04	-2.278682e-04
1.932840e+03	1.316578e-01	-1.062061e-01	5.490531e-05	-1.316677e-01	-6.878708e-05	-2.764870e-04
1.945230e+03	1.637727e-01	-4.454774e-02	9.234050e-05	-1.637727e-01	7.021450e-05	-3.819434e-04
1.957620e+03	1.687584e-01	2.650224e-02	7.192964e-05	-1.687411e-01	1.032207e-04	-2.257515e-05
1.970010e+03	1.438322e-01	9.476021e-02	-3.779616e-05	-1.444325e-01	3.084241e-04	9.961818e-05
1.982400e+03	9.192299e-02	1.464113e-01	-2.110202e-05	-9.187721e-02	1.132239e-05	9.387203e-05
1.994790e+03	2.183610e-02	1.718604e-01	-1.771700e-04	-2.216689e-02	1.664949e-04	2.975700e-04
2.007180e+03	-5.399809e-02	1.657773e-01	-1.589844e-04	5.400081e-02	5.125935e-06	6.553281e-05
2.019570e+03	-1.205494e-01	1.272347e-01	-1.727773e-04	1.205494e-01	-8.457152e-05	7.009652e-05
2.031960e+03	-1.654710e-01	6.302838e-02	-2.011572e-04	1.656073e-01	-1.446725e-04	1.684471e-04
2.044350e+03	-1.773805e-01	-1.676585e-02	-1.525114e-04	1.767459e-01	-2.270279e-04	3.893920e-04
2.056740e+03	-1.529484e-01	-9.476880e-02	2.100229e-04	1.529640e-01	-1.586325e-04	5.928373e-04
2.069130e+03	-9.371363e-02	-1.546657e-01	8.697282e-05	9.307718e-02	-1.495387e-04	6.631181e-04
2.081520e+03	-1.238352e-02	-1.819861e-01	3.869979e-05	1.158676e-02	-2.255468e-04	8.844055e-04
2.093910e+03	7.389605e-02	-1.672187e-01	1.412620e-04	-7.468137e-02	-1.228144e-04	7.888012e-04
2.106300e+03	1.461534e-01	-1.136035e-01	2.694976e-04	-1.471611e-01	2.497915e-04	1.051774e-03
2.118690e+03	1.836732e-01	-2.924495e-02	1.504261e-04	-1.851958e-01	-8.749237e-05	1.269811e-03
2.131080e+03	1.768351e-01	6.740748e-02	1.014014e-04	-1.776730e-01	4.949316e-04	1.420217e-03
2.143470e+03	1.179572e-01	1.488529e-01	-5.421046e-05	-1.199679e-01	1.982335e-04	1.639860e-03
2.155860e+03	2.422676e-02	1.913557e-01	-4.282607e-04	-2.588545e-02	4.096922e-04	1.648219e-03
2.168250e+03	-8.317994e-02	1.765454e-01	-2.977705e-04	8.037503e-02	-3.505768e-05	2.306072e-03
2.180640e+03	-1.680585e-01	1.030718e-01	-2.849816e-04	1.661050e-01	-2.568972e-04	2.281778e-03
2.193030e+03	-1.972997e-01	-1.286845e-02	-1.782736e-04	1.951998e-01	-3.752037e-04	2.478665e-03
2.205420e+03	-1.474593e-01	-1.307280e-01	-4.768902e-05	1.453407e-01	-4.257706e-04	2.212062e-03
2.217810e+03	-2.898294e-02	-1.904625e-01	4.474730e-04	2.719733e-02	-1.655549e-04	1.851398e-03
2.230200e+03	1.015695e-01	-1.576100e-01	3.652566e-04	-1.025606e-01	4.599445e-05	1.029798e-03
2.242590e+03	1.741003e-01	-3.831971e-02	2.650000e-04	-1.749898e-01	5.335323e-04	1.488512e-04
2.254980e+03	1.344939e-01	9.413287e-02	-1.037224e-04	-1.326479e-01	4.247153e-04	-1.377666e-03
2.267370e+03	1.237951e-02	1.421878e-01	-3.960583e-04	-9.779750e-03	3.525775e-04	-2.597866e-03
2.279760e+03	-8.603824e-02	7.435936e-02	-2.557035e-04	9.064053e-02	-1.075875e-04	-4.600065e-03
2.292150e+03	-7.695458e-02	-2.469589e-02	2.648318e-04	8.316559e-02	-5.425924e-04	-6.319073e-03
2.304540e+03	-1.510000e-02	-5.320000e-02	6.390000e-04	1.880000e-02	-7.350000e-04	-3.640000e-03
2.316930e+03	3.339355e-02	-1.022498e-02	1.649694e-04	-2.408447e-02	-1.072172e-03	-9.497763e-03
2.329320e+03	1.541919e-02	1.330000e-02	-1.617599e-03	-3.404733e-03	-1.487391e-03	-1.201955e-02
2.341710e+03	2.704301e-02	2.763045e-02	-3.162103e-05	-5.778229e-02	-3.874823e-03	3.072179e-02
2.354100e+03	1.928201e-02	1.423685e-02	1.399462e-03	-2.310146e-02	-2.042450e-03	4.061943e-03
2.366490e+03	-6.004415e-02	3.856903e-02	-3.065968e-03	3.718008e-02	-3.929570e-03	2.302212e-02
2.378880e+03	-4.805460e-02	2.514468e-02	-2.747616e-03	6.173500e-02	-2.713498e-02	-1.384432e-02
2.391270e+03	-3.284568e-02	-5.367014e-02	8.728048e-04	5.472947e-02	1.430783e-03	-2.202970e-02
2.403660e+03	4.489835e-02	-2.603827e-02	-1.011056e-02	-4.513178e-02	3.461169e-03	2.545239e-04
2.416050e+03	6.152562e-02	5.673809e-02	-5.314797e-04	-5.087962e-02	-1.524530e-03	-1.030515e-02
2.428440e+03	-2.904923e-02	8.034979e-02	-4.051183e-04	2.913683e-02	-3.830593e-03	-9.901772e-05
2.440830e+03	-9.280429e-02	1.695990e-02	1.264644e-03	9.173495e-02	2.255381e-04	1.302386e-03
2.453220e+03	-7.404805e-02	-7.192505e-02	5.332081e-04	7.453723e-02	-6.835656e-04	-4.963512e-04
2.465610e+03	1.374831e-02	-1.035850e-01	5.693481e-04	-1.627172e-02	1.214317e-03	2.460057e-03
2.478000e+03	9.019442e-02	-5.520110e-02	1.922037e-04	-9.654044e-02	1.078007e-03	6.776109e-03
2.490390e+03	9.850204e-02	3.676042e-02	-8.564097e-04	-1.077722e-01	4.220747e-04	8.817819e-03
2.502780e+03	3.436808e-02	1.051472e-01	-1.339715e-03	-4.277946e-02	8.721383e-05	8.394217e-03
2.515170e+03	-5.932415e-02	9.415501e-02	5.503949e-04	5.387625e-02	2.442785e-04	5.457474e-03
2.527560e+03	-1.083852e-01	1.109459e-02	2.085821e-04	1.053971e-01	-4.238296e-04	2.299522e-03
2.539950e+03	-6.487366e-02	-7.830430e-02	-1.221577e-04	6.673098e-02	5.930867e-06	-1.837736e-03
2.552340e+03	3.551875e-02	-8.745186e-02	-1.006713e-04	-2.957000e-02	1.635247e-04	-5.897207e-03
2.564730e+03	7.863666e-02	-1.166186e-02	4.106522e-03	-7.438141e-02	2.622409e-03	-4.139403e-03
2.577120e+03	2.122367e-02	5.492858e-02	6.710777e-05	-1.991797e-02	1.072136e-03	-1.253685e-03
2.589510e+03	-4.258029e-02	3.174985e-02	6.217070e-04	4.952137e-02	4.550373e-04	-6.878108e-03
2.601900e+03	-1.087179e-02	-2.351319e-02	4.853897e-04	-1.996264e-03	-2.482560e-03	1.293445e-02
2.614290e+03	3.875996e-02	-1.977370e-02	3.013268e-03	-3.699520e-02	-1.697023e-03	-1.819723e-03
2.626680e+03	2.802304e-02	3.936730e-02	-1.175874e-03	-2.200529e-02	1.783266e-03	-5.760485e-03
2.639070e+03	-1.160614e-02	3.539478e-02	1.219406e-02	2.265857e-02	1.467372e-03	-1.109453e-02
2.651460e+03	-4.032800e-02	-3.002937e-02	2.945630e-03	4.825874e-02	-3.787025e-05	-7.634184e-03
2.663850e+03	3.072954e-02	-4.183203e-02	1.188857e-03	-3.049303e-02	3.465759e-03	-4.933205e-04
2.676240e+03	7.097521e-02	9.339641e-03	-4.797893e-04	-6.362937e-02	-1.849465e-04	-6.989853e-03
2.688630e+03	1.902157e-02	7.158993e-02	-4.127534e-04	-1.316705e-02	-7.809001e-04	-5.783372e-03
2.701020e+03	-5.994530e-02	4.938037e-02	1.331462e-03	6.313590e-02	-2.348435e-04	-2.873856e-03
2.713410e+03	-8.241000e-02	-2.680971e-02	-1.348855e-04	7.979500e-02	4.385293e-04	2.602184e-03
2.725800e+03	-2.626267e-02	-8.748052e-02	6.649416e-04	2.116790e-02	3.137450e-04	5.076987e-03
2.738190e+03	5.462721e-02	-7.049548e-02	-5.762517e-04	-6.136750e-02	1.117918e-03	6.722150e-03
2.750580e+03	8.844302e-02	5.706655e-03	-1.380638e-03	-9.475193e-02	6.951701e-04	6.309897e-03
2.762970e+03	4.664663e-02	7.776274e-02	-1.040854e-03	-5.104033e-02	-7.352322e-04	4.390850e-03
2.775360e+03	-3.682634e-02	8.463014e-02	-3.094705e-04	3.447973e-02	-7.417020e-04	2.377220e-03
2.787750e+03	-8.834549e-02	1.541437e-02	1.127376e-03	8.848049e-02	-7.694965e-04	7.737878e-05
2.800140e+03	-5.481284e-02	-6.552813e-02	1.414548e-03	5.676309e-02	7.455402e-04	-1.884627e-03
2.812530e+03	3.109429e-02	-7.410841e-02	-7.741121e-04	-2.727130e-02	1.223588e-03	-3.916392e-03
2.824920e+03	7.487769e-02	-1.240300e-03	-1.990590e-03	-7.137155e-02	1.093158e-03	-3.528095e-03
2.837310e+03	2.533824e-02	6.147484e-02	-1.280332e-03	-2.335054e-02	-1.498130e-03	-1.855332e-03
2.849700e+03	-4.453714e-02	3.744601e-02	1.501047e-04	4.542699e-02	3.190447e-05	-8.731200e-04
2.862090e+03	-4.427524e-02	-3.448895e-02	-9.152418e-05	4.062440e-02	-3.703530e-03	3.600507e-03
2.874480e+03	1.964034e-02	-5.152070e-02	3.380770e-04	-1.678155e-02	-2.271476e-04	-2.821047e-03
2.886870e+03	5.822312e-02	2.785115e-03	4.841830e-04	-5.508853e-02	1.506002e-03	-3.105540e-03
2.899260e+03	1.919935e-02	5.533620e-02	-2.851148e-04	-1.681797e-02	1.055140e-03	-2.391744e-03
2.911650e+03	-4.220539e-02	3.761086e-02	-2.313383e-03	4.506481e-02	-3.088217e-04	-2.778066e-03
2.924040e+03	-5.493145e-02	-2.280764e-02	-1.237083e-03	5.715464e-02	-2.340227e-03	-2.141310e-03
2.936430e+03	-5.313785e-03	-6.218417e-02	1.940948e-04	4.896409e-03	-8.243238e-04	4.689150e-04
2.948820e+03	5.034718e-02	-3.394582e-02	1.436400e-03	-5.185353e-02	-5.439673e-04	1.606918e-03
2.961210e+03	5.337473e-02	2.626256e-02	7.477452e-04	-5.726293e-02	5.447227e-04	3.772653e-03
2.973600e+03	3.480596e-03	5.979072e-02	1.086053e-04	-7.477338e-03	9.715678e-04	4.018419e-03
2.985990e+03	-4.954550e-02	3.424396e-02	-7.709381e-04	4.625050e-02	7.195653e-04	3.246281e-03
2.998380e+03	-5.281931e-02	-2.462934e-02	-6.953434e-04	5.079834e-02	9.770311e-05	2.053709e-03
3.010770e+03	-2.114304e-03	-5.396352e-02	-3.471597e-04	1.788745e-03	-3.162283e-04	2.634944e-04
3.023160e+03	4.608492e-02	-2.454448e-02	2.538389e-04	-4.505566e-02	-6.827900e-05	-8.507110e-04
3.035550e+03	3.788316e-02	2.981407e-02	9.470612e-04	-3.589890e-02	-4.275362e-04	-2.039525e-03
3.047940e+03	-1.260542e-02	4.218356e-02	7.474480e-04	1.507414e-02	-1.591736e-04	-2.434329e-03
3.060330e+03	-3.845995e-02	-9.878341e-04	-1.129431e-03	4.164666e-02	4.779620e-04	-3.199604e-03
3.072720e+03	-9.400485e-03	-3.792390e-02	-7.741690e-04	1.183738e-02	-2.560406e-04	-2.532299e-03
3.085110e+03	2.614107e-02	-2.376122e-02	2.915468e-04	-2.780444e-02	1.615392e-03	1.689902e-03
3.097500e+03	3.448428e-02	2.393546e-02	3.679073e-04	-3.403764e-02	-1.591720e-03	-2.336933e-04
3.109890e+03	-6.566555e-03	3.949950e-02	9.738746e-05	8.449520e-03	-3.455848e-04	-1.880194e-03
3.122280e+03	-3.998127e-02	8.986014e-03	4.817351e-04	4.162589e-02	-3.641166e-04	-1.683199e-03
3.134670e+03	-2.540228e-02	-3.440308e-02	5.689357e-04	2.637489e-02	-2.938156e-04	-9.394508e-04
3.147060e+03	1.946334e-02	-4.031019e-02	5.034224e-04	-1.967727e-02	2.673863e-04	1.422782e-04
3.159450e+03	4.578057e-02	-1.316358e-03	-4.424277e-04	-4.669745e-02	3.088010e-04	9.390816e-04
3.171840e+03	2.417873e-02	4.027204e-02	-9.318312e-04	-2.547289e-02	-9.787632e-05	1.331738e-03
3.184230e+03	-2.576049e-02	4.158911e-02	-3.560521e-04	2.353429e-02	-2.813398e-04	2.232825e-03
3.196620e+03	-4.843713e-02	-1.189344e-03	1.858843e-04	4.638506e-02	-6.979711e-04	1.962172e-03
3.209010e+03	-2.315202e-02	-4.342229e-02	7.009073e-04	2.118419e-02	-1.792229e-04	1.912312e-03
3.221400e+03	2.768406e-02	-3.964832e-02	-9.099414e-05	-2.924828e-02	6.136573e-04	1.549563e-03
3.233790e+03	4.766123e-02	7.940599e-03	3.028126e-04	-4.790723e-02	7.166996e-05	6.874730e-05
3.246180e+03	1.604221e-02	4.709691e-02	-8.747322e-04	-1.533328e-02	8.932943e-05	-7.704065e-04
3.258570e+03	-3.543754e-02	3.291843e-02	3.249532e-04	3.758328e-02	-9.041957e-04	-2.003207e-03
3.270960e+03	-4.382567e-02	-1.923591e-02	9.810551e-04	4.493489e-02	-7.734451e-04	-9.009870e-04
3.283350e+03	1.260589e-03	-4.749997e-02	1.099779e-03	-8.569723e-05	-3.588199e-04	-1.177114e-03
3.295740e+03	4.366840e-02	-1.872970e-02	-5.063267e-07	-4.218159e-02	1.128926e-03	-1.433307e-03
3.308130e+03	3.523837e-02	3.104225e-02	-9.145710e-04	-3.300971e-02	3.542140e-04	-2.050459e-03
3.320520e+03	-1.532127e-02	4.447758e-02	-1.939785e-04	1.632501e-02	-1.456185e-04	-1.010404e-03
3.332910e+03	-4.523374e-02	6.901576e-03	-2.348670e-04	4.448004e-02	-5.330164e-04	7.042932e-04
3.345300e+03	-2.616189e-02	-3.700962e-02	1.003512e-03	2.548007e-02	-8.830575e-04	7.139443e-04
3.357690e+03	2.101414e-02	-4.138001e-02	8.793806e-05	-2.092498e-02	5.737172e-04	-3.126582e-05
3.370080e+03	4.465744e-02	-3.868787e-04	-1.914589e-04	-4.546351e-02	1.285472e-05	7.791044e-04
3.382470e+03	1.945345e-02	3.893988e-02	-3.555573e-04	-2.003197e-02	2.580614e-04	5.946049e-04
3.394860e+03	-2.597352e-02	3.584625e-02	-1.985881e-04	2.483046e-02	-3.770321e-04	1.196056e-03
3.407250e+03	-4.306451e-02	-5.585492e-03	7.647975e-04	4.202823e-02	-4.401572e-04	9.626982e-04
3.419640e+03	-1.487795e-02	-4.022251e-02	6.641132e-04	1.482592e-02	1.020729e-03	1.282721e-04
3.432030e+03	2.974162e-02	-2.797568e-02	2.659601e-04	-3.016887e-02	1.848252e-04	2.356642e-04
3.444420e+03	3.681329e-02	1.325476e-02	-1.055607e-03	-3.589154e-02	1.304901e-03	-9.010509e-04
3.456810e+03	2.198249e-03	3.820367e-02	-5.567713e-04	-2.201840e-03	-3.149968e-04	5.768290e-05
3.469200e+03	-3.459561e-02	1.711270e-02	4.109986e-04	3.449511e-02	-4.550507e-05	7.777633e-05
3.481590e+03	-2.745512e-02	-2.478630e-02	4.310415e-04	2.729008e-02	-2.687482e-04	2.286893e-04
3.493980e+03	1.147523e-02	-3.588698e-02	5.210068e-04	-1.088956e-02	3.948462e-04	-5.826176e-04
3.506370e+03	3.682582e-02	-2.776878e-03	3.707950e-04	-3.629538e-02	4.868697e-04	-5.682363e-04
3.518760e+03	1.939013e-02	3.225347e-02	-3.589492e-04	-1.832218e-02	-5.614621e-04	-1.188217e-03
3.531150e+03	-2.070951e-02	2.916367e-02	-6.116893e-04	2.108724e-02	-7.147021e-04	-3.659621e-04
3.543540e+03	-3.562437e-02	-6.648033e-03	2.428721e-04	3.579548e-02	1.353277e-04	-1.845667e-04
3.555930e+03	-9.210181e-03	-3.662791e-02	-1.983429e-05	8.943431e-03	1.078840e-03	2.143351e-04
3.568320e+03	2.774240e-02	-2.332476e-02	-1.742838e-04	-2.813763e-02	5.143126e-04	3.365509e-04
3.580710e+03	3.138551e-02	1.369703e-02	-8.704744e-04	-3.180909e-02	8.072770e-04	4.582381e-04
3.593100e+03	5.326605e-04	3.413668e-02	-3.825606e-04	-1.936343e-03	-2.970097e-04	1.385493e-03
3.605490e+03	-3.161364e-02	1.613088e-02	5.054720e-04	3.070875e-02	-2.657207e-04	9.219108e-04
3.617880e+03	-2.652043e-02	-2.107981e-02	3.354774e-04	2.560857e-02	7.202206e-05	9.710287e-04
3.630270e+03	7.469806e-03	-3.238370e-02	1.129613e-05	-7.229363e-03	4.577140e-04	-2.270503e-04
3.642660e+03	3.165175e-02	-6.273589e-03	-6.381234e-04	-3.089828e-02	5.188767e-04	-8.140826e-04
3.655050e+03	1.780005e-02	2.587882e-02	-9.912245e-04	-1.721715e-02	-1.016220e-04	-5.869421e-04
3.667440e+03	-1.754707e-02	2.640835e-02	-1.813750e-04	1.760373e-02	-4.023382e-04	-4.564492e-05
3.679830e+03	-3.129948e-02	-5.636497e-03	6.731053e-04	3.199911e-02	1.000933e-04	-6.269713e-04
3.692220e+03	-6.550037e-03	-2.983336e-02	1.165848e-03	7.297826e-03	5.738724e-04	-7.348620e-04
3.704610e+03	2.519424e-02	-1.818234e-02	-3.933437e-05	-2.380503e-02	9.489919e-04	-1.288500e-03
3.717000e+03	2.652703e-02	1.540392e-02	-6.991495e-04	-2.608193e-02	7.193878e-04	-4.118131e-04
3.729390e+03	-2.960306e-03	3.060206e-02	-3.405341e-04	3.089997e-03	-5.554089e-04	-3.281827e-05
3.741780e+03	-2.914764e-02	1.003845e-02	1.103044e-04	2.864908e-02	-7.112794e-04	4.990171e-04
3.754170e+03	-2.118197e-02	-2.171394e-02	6.106161e-04	2.167259e-02	-7.179053e-04	-4.839589e-04
3.766560e+03	1.098555e-02	-2.972612e-02	-2.043299e-04	-1.075806e-02	-8.170841e-04	-2.179579e-04
3.778950e+03	3.009482e-02	-2.192415e-03	-9.356749e-05	-2.952468e-02	1.687784e-04	-6.776950e-04
3.791340e+03	1.532980e-02	2.646699e-02	-5.729293e-05	-1.561054e-02	3.119828e-04	2.932450e-04
3.803730e+03	-1.750278e-02	2.422131e-02	-8.129245e-04	1.761326e-02	-3.003563e-04	-3.168646e-04
3.816120e+03	-2.780219e-02	-1.547892e-03	1.255582e-04	2.780283e-02	-2.432144e-04	-3.451288e-05
3.828510e+03	-7.500073e-03	-2.726297e-02	2.868172e-04	7.658320e-03	2.436475e-04	-1.038508e-04
3.840900e+03	2.125439e-02	-1.752017e-02	1.010117e-04	-2.067964e-02	7.239732e-04	-5.241555e-04
3.853290e+03	2.416080e-02	1.058497e-02	-6.663567e-04	-2.445929e-02	6.715655e-06	3.084386e-04
3.865680e+03	3.063673e-04	2.559502e-02	-1.638443e-04	-7.247598e-04	-6.779028e-04	4.071662e-04
3.878070e+03	-2.345148e-02	8.959782e-03	1.311225e-04	2.312371e-02	-4.640792e-04	3.600845e-04
3.890460e+03	-1.752731e-02	-1.660446e-02	8.423930e-04	1.838249e-02	2.927100e-04	-8.901191e-04
3.902850e+03	8.898184e-03	-2.330868e-02	1.055153e-04	-8.099115e-03	4.372296e-04	-7.554880e-04
3.915240e+03	2.509967e-02	-1.651205e-03	-8.338191e-04	-2.409411e-02	-1.935702e-04	-9.999797e-04
3.927630e+03	1.208924e-02	2.215060e-02	-1.368150e-04	-1.122705e-02	-1.329076e-05	-8.777661e-04
3.940020e+03	-1.389896e-02	1.986992e-02	3.233890e-04	1.460187e-02	-9.441355e-05	-6.805548e-04
3.952410e+03	-2.274847e-02	-5.334199e-03	2.375206e-04	2.293640e-02	5.572960e-05	-2.443903e-04
3.964800e+03	-3.814221e-03	-2.269591e-02	1.225957e-04	3.724080e-03	-4.334943e-05	7.561291e-05
3.977190e+03	1.780480e-02	-1.256053e-02	-2.502594e-04	-1.808386e-02	4.785670e-04	2.950275e-04
3.989580e+03	1.807705e-02	1.032064e-02	-6.461448e-04	-1.914850e-02	-2.972483e-04	1.032851e-03
4.001970e+03	-2.419814e-03	2.077198e-02	2.140000e-04	1.852546e-03	-3.633538e-04	5.333444e-04
4.014360e+03	-2.029486e-02	5.859741e-03	1.931427e-04	2.025753e-02	-3.052505e-04	6.244198e-05
4.026750e+03	-1.342148e-02	-1.643086e-02	3.399466e-04	1.304863e-02	6.206598e-05	3.981972e-04
4.039140e+03	9.341644e-03	-1.848870e-02	-5.502939e-04	-9.084943e-03	-2.393868e-04	-2.501927e-04
4.051530e+03	1.979401e-02	1.608955e-03	-3.534692e-04	-1.942095e-02	2.614360e-04	-3.405423e-04
4.063920e+03	6.022024e-03	1.840300e-02	-2.487568e-04	-5.991133e-03	-4.000803e-05	-1.262426e-04
4.076310e+03	-1.381906e-02	1.216578e-02	-6.750282e-05	1.440324e-02	-1.434971e-04	-5.439907e-04
4.088700e+03	-1.535612e-02	-8.469116e-03	4.383215e-04	1.651860e-02	-1.955824e-04	-1.194744e-03
4.101090e+03	1.311454e-03	-1.929880e-02	-1.906576e-04	-1.127117e-03	5.792107e-05	-1.780018e-04
4.113480e+03	1.725786e-02	-6.760890e-03	-7.990058e-04	-1.737568e-02	-3.285251e-05	-4.584970e-05
4.125870e+03	1.333318e-02	1.241280e-02	-2.821106e-04	-1.355254e-02	-5.014264e-04	2.498486e-04
4.138260e+03	-6.403588e-03	1.671767e-02	-1.173347e-04	6.953805e-03	-6.527479e-04	-4.800619e-04
4.150650e+03	-1.775431e-02	-8.141537e-05	-3.468218e-04	1.850443e-02	-3.794576e-04	-7.519890e-04
4.163040e+03	-7.557439e-03	-1.753308e-02	3.488954e-05	7.425994e-03	3.199123e-05	1.186232e-04
4.175430e+03	1.260890e-02	-1.433320e-02	-2.725661e-04	-1.259584e-02	-2.517739e-04	3.609628e-06
4.187820e+03	1.660896e-02	6.096827e-03	-2.459812e-04	-1.701017e-02	1.651423e-04	3.953120e-04
4.200210e+03	1.702927e-03	1.807428e-02	-1.032793e-03	-1.149694e-03	-1.112285e-04	-5.023272e-04
4.212600e+03	-1.535909e-02	8.174529e-03	3.367688e-04	1.532975e-02	-3.273460e-04	-4.336192e-06
4.224990e+03	-1.265507e-02	-1.065763e-02	3.614075e-04	1.317014e-02	2.177128e-04	-4.676204e-04
4.237380e+03	3.675619e-03	-1.737238e-02	-2.256985e-04	-4.049638e-03	-4.932887e-05	3.849915e-04
4.249770e+03	1.700432e-02	-3.675879e-03	2.752118e-04	-1.707955e-02	-3.564974e-04	1.087345e-04
4.262160e+03	9.430978e-03	1.328620e-02	1.324092e-04	-9.254023e-03	-6.127566e-04	-1.788210e-04
4.274550e+03	-9.310112e-03	1.361141e-02	-5.514972e-04	9.796360e-03	-1.845391e-04	-5.307462e-04
4.286940e+03	-1.581379e-02	-3.868958e-03	1.277557e-04	1.590303e-02	-2.541080e-04	-2.368123e-04
4.299330e+03	-3.870922e-03	-1.588947e-02	3.670764e-04	3.322497e-03	-1.251815e-04	6.667661e-04
4.311720e+03	1.399483e-02	-9.671542e-03	-5.701289e-04	-1.282652e-02	-4.878720e-05	-9.628183e-04
4.324110e+03	1.284008e-02	7.521872e-03	-6.126653e-04	-1.261296e-02	-1.188245e-04	-1.945625e-04
4.336500e+03	-2.127965e-03	1.426497e-02	3.001122e-04	1.944013e-03	-4.519640e-04	1.936422e-04
4.348890e+03	-1.355719e-02	3.650102e-03	-9.584337e-05	1.371500e-02	3.500862e-05	-1.342187e-04
4.361280e+03	-9.144518e-03	-1.082110e-02	4.398212e-04	8.521323e-03	-4.107948e-05	5.967687e-04
4.373670e+03	6.019249e-03	-1.311771e-02	-1.250140e-04	-6.199561e-03	-1.074192e-04	1.533212e-04
4.386060e+03	1.284257e-02	7.744150e-04	-4.288896e-04	-1.304283e-02	1.716684e-04	1.601571e-04
4.398450e+03	4.544124e-03	1.213818e-02	-1.250132e-04	-4.495404e-03	7.862955e-05	-4.604611e-05
4.410840e+03	-8.756036e-03	7.572814e-03	4.963688e-04	8.875273e-03	-4.646286e-04	-1.018479e-04
4.423230e+03	-1.115744e-02	-4.706488e-03	1.116470e-04	1.050452e-02	5.248658e-06	7.031828e-04
4.435620e+03	8.294098e-04	-1.209508e-02	5.160105e-04	-7.357360e-04	-2.749735e-04	-7.549068e-05
4.448010e+03	1.065683e-02	-4.260452e-03	-1.696933e-04	-1.026401e-02	1.940349e-04	-4.552001e-04
4.460400e+03	7.068302e-03	6.668848e-03	-4.039484e-04	-6.286263e-03	-2.661213e-04	-7.345523e-04
4.472790e+03	-3.683013e-03	8.933872e-03	-2.780424e-04	4.102785e-03	5.166599e-04	-3.549062e-04
4.485180e+03	-9.688098e-03	-1.533815e-04	-1.091916e-05	9.248710e-03	3.712240e-06	4.153387e-04
4.497570e+03	-3.286217e-03	-8.595207e-03	8.232349e-05	2.658589e-03	-3.183597e-05	5.724451e-04
4.509960e+03	6.327836e-03	-6.202840e-03	-8.309968e-04	-6.087539e-03	1.509990e-04	-2.309997e-04
4.522350e+03	7.448392e-03	2.959364e-03	-3.067299e-04	-6.844818e-03	-1.368549e-04	-6.697098e-04
4.534740e+03	-9.829432e-04	7.426354e-03	-1.809419e-04	1.443288e-03	-3.175649e-04	-4.606177e-04
4.547130e+03	-7.006805e-03	1.504903e-03	2.845983e-04	7.212630e-03	-2.067822e-05	-1.990480e-04
4.559520e+03	-4.537196e-03	-5.998233e-03	1.933584e-05	4.763579e-03	-2.478657e-04	-2.536147e-04
4.571910e+03	3.850004e-03	-5.707273e-03	-5.028264e-04	-3.762550e-03	7.212154e-04	-8.462453e-05
4.584300e+03	6.199139e-03	1.626297e-03	-3.993318e-04	-6.515914e-03	-2.815451e-05	2.884247e-04
4.596690e+03	1.849462e-03	5.978991e-03	1.749612e-04	-2.012281e-03	-9.901190e-05	1.473450e-04
4.609080e+03	-4.901174e-03	3.924666e-03	-5.309571e-05	4.112633e-03	2.084854e-04	7.832749e-04
4.621470e+03	-4.383734e-03	-3.556342e-03	-3.718861e-04	4.698550e-03	9.274282e-04	-3.058446e-04
4.633860e+03	1.487716e-03	-6.017653e-03	-1.955330e-04	-8.760461e-04	7.672096e-05	-6.008687e-04
4.646250e+03	5.448059e-03	-1.010941e-03	6.097950e-05	-5.190913e-03	-8.831299e-05	-3.379267e-04
4.658640e+03	1.797059e-03	4.942496e-03	-1.345349e-04	-1.963236e-03	-4.572329e-04	9.606558e-05
4.671030e+03	-2.836074e-03	3.056899e-03	9.128975e-05	2.784991e-03	3.939809e-04	-1.182622e-05
4.683420e+03	-3.652369e-03	-2.525163e-03	3.299883e-04	3.140077e-03	2.569912e-04	5.109670e-04
4.695810e+03	8.530605e-04	-4.969985e-03	7.933042e-05	-9.010659e-04	3.341169e-04	3.871868e-05
4.708200e+03	3.987466e-03	-1.993083e-03	1.611325e-04	-3.196641e-03	-4.476057e-04	-6.844937e-04
4.720590e+03	2.134780e-03	3.239977e-03	3.646714e-05	-1.614673e-03	-2.395738e-04	-3.441424e-04
4.732980e+03	-2.876479e-03	3.645055e-03	-9.074141e-05	2.598854e-03	-5.453891e-04	2.752883e-04
4.745370e+03	-3.996081e-03	-1.487879e-03	1.088753e-04	3.611092e-03	-3.389111e-04	3.824107e-04
4.757760e+03	-2.257052e-04	-4.120535e-03	-5.410192e-05	3.898551e-05	-6.859992e-05	1.782346e-04
4.770150e+03	3.586141e-03	-1.425398e-03	-2.239441e-04	-3.348125e-03	1.889671e-05	-1.609840e-04
4.782540e+03	2.749844e-03	2.895265e-03	-1.404013e-04	-2.962605e-03	1.582283e-04	2.398622e-04
4.794930e+03	-1.966076e-03	3.078919e-03	-9.614533e-06	2.243832e-03	2.407784e-04	-2.660838e-04
4.807320e+03	-3.692830e-03	-8.485255e-04	1.754931e-05	3.621800e-03	2.525076e-04	1.624786e-05
4.819710e+03	-4.925504e-05	-3.649530e-03	-1.586295e-04	-5.093869e-04	3.649403e-04	4.124801e-04
4.832100e+03	3.629345e-03	-1.063123e-03	-5.331117e-04	-4.185800e-03	-2.669798e-04	5.291697e-04
4.844490e+03	2.253276e-03	2.521939e-03	-3.279708e-04	-3.061887e-03	-9.313040e-04	6.936785e-04
4.856880e+03	-1.609853e-03	2.997855e-03	-8.195954e-05	8.545002e-04	-2.538270e-04	5.219773e-04
4.869270e+03	-3.714740e-03	-8.852249e-04	1.421306e-04	3.646051e-03	1.992019e-04	6.640352e-05
4.881660e+03	-8.477756e-04	-3.746174e-03	8.270626e-05	1.092868e-03	2.462875e-04	-2.574358e-04
4.894050e+03	3.308172e-03	-2.002908e-03	9.381818e-05	-3.015518e-03	1.018514e-04	-3.084858e-04
4.906440e+03	3.373143e-03	2.299971e-03	-2.575496e-04	-3.538567e-03	-1.149334e-04	2.751877e-04
4.918830e+03	-1.482931e-03	3.848338e-03	1.160562e-04	1.806394e-03	8.570046e-05	-4.104788e-04
4.931220e+03	-4.473463e-03	-2.248454e-04	8.805358e-05	4.418007e-03	-2.204381e-04	1.087452e-04
4.943610e+03	-1.527332e-03	-3.989584e-03	-3.529312e-04	1.333807e-03	-3.525962e-04	2.397849e-04
4.956000e+03	3.201589e-03	-3.067785e-03	3.784257e-04	-3.199595e-03	3.331517e-04	-3.353810e-06
4.968390e+03	3.741913e-03	2.035977e-03	2.750366e-04	-3.733883e-03	2.579740e-04	-1.834738e-05
4.980780e+03	-6.961865e-04	4.015389e-03	5.548721e-05	2.633084e-04	1.668587e-04	3.810352e-04
4.993170e+03	-4.528884e-03	1.253238e-03	-1.181302e-04	4.658129e-03	-4.001408e-05	-7.123062e-05
5.005560e+03	-2.492625e-03	-3.704370e-03	1.886090e-04	2.911978e-03	1.193622e-04	-3.115094e-04
5.017950e+03	3.706380e-03	-2.934704e-03	-6.960187e-04	-3.214247e-03	-5.086290e-04	-4.915754e-04
5.030340e+03	5.007084e-03	1.231544e-03	-6.893396e-04	-5.512673e-03	-2.731913e-04	4.941935e-04
5.042730e+03	8.995577e-04	3.647071e-03	4.877465e-04	-8.851560e-04	7.889696e-04	-1.503109e-05
5.055120e+03	-4.959301e-03	1.970286e-03	-4.202623e-04	4.644316e-03	-4.392368e-04	3.289730e-04
5.067510e+03	-4.371454e-03	-4.436866e-03	2.553217e-04	3.802514e-03	1.476587e-04	3.661194e-04
5.079900e+03	2.307622e-03	-5.803278e-03	2.299787e-04	-2.452577e-03	3.047185e-04	1.015013e-04
5.092290e+03	5.822052e-03	-1.288950e-04	2.261448e-04	-5.711656e-03	1.072032e-04	-9.352611e-05
5.104680e+03	2.646483e-03	5.972034e-03	2.440204e-05	-2.273192e-03	-1.337232e-04	-4.040360e-04
5.117070e+03	-4.420033e-03	3.568118e-03	1.409394e-04	4.145465e-03	1.550499e-04	2.732846e-04
5.129460e+03	-6.467621e-03	-2.126829e-03	4.007469e-04	6.322613e-03	-1.408818e-04	1.403326e-04
5.141850e+03	-4.755594e-04	-6.705931e-03	-2.858594e-05	-6.132020e-05	7.042138e-05	4.854423e-04
5.154240e+03	6.294076e-03	-2.526612e-03	2.076095e-04	-6.080802e-03	2.259046e-04	-2.125340e-04
5.166630e+03	4.581598e-03	4.445816e-03	1.546657e-04	-4.388767e-03	1.866197e-04	-2.382635e-04
5.179020e+03	-2.852369e-03	5.165315e-03	-2.023096e-04	2.857891e-03	1.699431e-04	-1.342161e-05
5.191410e+03	-6.596062e-03	-1.225736e-03	4.549228e-04	6.708104e-03	1.923967e-04	-7.723642e-05
5.203800e+03	-2.510863e-03	-6.730350e-03	8.742541e-05	2.004375e-03	1.168107e-04	5.108340e-04
5.216190e+03	5.895561e-03	-4.584334e-03	5.957819e-04	-5.581193e-03	1.099193e-04	-3.395317e-04
5.228580e+03	5.802720e-03	3.200263e-03	2.676511e-05	-5.901585e-03	5.012075e-05	9.465334e-05
5.240970e+03	-1.026146e-03	7.150740e-03	2.997064e-05	1.161535e-03	-2.211918e-04	-1.266585e-04
5.253360e+03	-6.919196e-03	9.546352e-04	-6.970594e-05	6.951027e-03	6.074583e-05	-4.279588e-05
5.265750e+03	-5.279992e-03	-6.923883e-03	6.175477e-04	4.924222e-03	2.385507e-04	3.642535e-04
5.278140e+03	3.298904e-03	-6.148663e-03	5.715637e-04	-3.690283e-03	2.071099e-05	3.963859e-04
5.290530e+03	7.372524e-03	1.231549e-03	1.525432e-04	-7.245015e-03	9.458006e-06	-1.295076e-04
5.302920e+03	8.881106e-04	6.947552e-03	-7.192953e-05	-8.299531e-04	1.985176e-04	-3.302207e-05
5.315310e+03	-7.161487e-03	3.860944e-03	-1.841403e-04	6.907667e-03	1.150856e-04	1.921380e-04
5.327700e+03	-6.187008e-03	-5.196403e-03	6.515518e-04	6.377275e-03	-2.750357e-04	-1.664215e-04
5.340090e+03	3.586031e-03	-8.749885e-03	-2.497601e-04	-2.965004e-03	-1.335729e-04	-6.134154e-04
5.352480e+03	7.798425e-03	-1.455470e-03	-4.103761e-04	-8.074537e-03	2.685525e-04	3.035896e-04
5.364870e+03	4.003531e-03	6.827911e-03	-6.044004e-05	-4.015319e-03	-3.013027e-05	-2.275036e-05
5.377260e+03	-5.495138e-03	6.426181e-03	3.668153e-04	5.475286e-03	-2.867394e-04	1.855515e-05
5.389650e+03	-7.754330e-03	-3.072150e-03	7.310222e-05	8.017214e-03	-1.001255e-04	-2.968188e-04
5.402040e+03	-3.349371e-04	-8.971217e-03	-7.979971e-05	7.636605e-04	3.480341e-05	-4.278717e-04
5.414430e+03	7.934491e-03	-3.079938e-03	5.597019e-05	-8.420725e-03	-3.106646e-04	4.710094e-04
5.426820e+03	5.820127e-03	5.933697e-03	2.220691e-04	-5.962898e-03	-1.407646e-04	1.420446e-04
5.439210e+03	-2.831753e-03	7.630562e-03	4.431717e-04	3.360614e-03	-5.735046e-04	-4.627288e-04
5.451600e+03	-8.399896e-03	2.195727e-04	3.358104e-04	8.449913e-03	-5.177735e-04	-5.150718e-05
5.463990e+03	-3.738287e-03	-8.102777e-03	-4.225476e-05	3.511983e-03	2.751158e-04	2.148051e-04
5.476380e+03	5.944794e-03	-6.213986e-03	2.916108e-04	-6.067339e-03	-3.373610e-04	9.982347e-05
5.488770e+03	7.796069e-03	3.636307e-03	3.349987e-04	-7.789231e-03	-5.118940e-04	1.950684e-05
5.501160e+03	-2.727574e-04	7.853752e-03	-8.215713e-05	9.793798e-04	1.891544e-05	-7.186317e-04
5.513550e+03	-8.250629e-03	2.106786e-03	2.992235e-05	8.799855e-03	-3.152483e-04	-5.596047e-04
5.525940e+03	-6.391744e-03	-7.233456e-03	-3.605294e-05	6.350315e-03	3.936555e-04	-6.392959e-05
5.538330e+03	3.600566e-03	-8.585336e-03	-3.203311e-05	-3.837562e-03	4.723914e-04	2.475448e-04
5.550720e+03	9.399485e-03	-9.891432e-06	-1.469303e-04	-9.669032e-03	8.862828e-05	2.735000e-04
5.563110e+03	3.561490e-03	8.404278e-03	-3.234774e-05	-3.451063e-03	-6.678019e-04	-1.021731e-04
5.575500e+03	-6.489197e-03	6.038048e-03	-4.284357e-05	6.330288e-03	-3.932780e-04	1.368191e-04
5.587890e+03	-8.370891e-03	-3.627415e-03	1.438784e-04	7.877208e-03	1.720974e-04	4.407782e-04
5.600280e+03	4.119542e-04	-9.588652e-03	3.391362e-05	-3.474071e-04	2.560741e-04	-5.524394e-05
5.612670e+03	9.378452e-03	-2.654315e-03	4.080216e-05	-9.545662e-03	-3.078913e-04	1.620771e-04
5.625060e+03	5.709731e-03	6.844136e-03	-1.899727e-04	-5.367684e-03	3.702765e-04	-3.440978e-04
5.637450e+03	-4.512594e-03	8.438980e-03	-8.482227e-05	4.661440e-03	4.782367e-05	-1.454918e-04
5.649840e+03	-9.462021e-03	-1.124937e-03	1.015082e-05	9.616536e-03	-3.058561e-04	-1.522712e-04
5.662230e+03	-2.235463e-03	-9.152832e-03	1.789977e-04	1.851395e-03	-5.514063e-05	3.165512e-04
5.674620e+03	8.001464e-03	-6.410909e-03	-6.227154e-05	-8.655072e-03	3.888047e-04	6.312192e-04
5.687010e+03	8.400291e-03	4.524074e-03	-2.137574e-04	-8.595780e-03	8.394962e-05	1.807743e-04
5.699400e+03	-1.217128e-03	1.002962e-02	-5.605970e-05	1.446936e-03	-8.256814e-05	-2.605568e-04
5.711790e+03	-1.013964e-02	2.275813e-03	-4.368066e-05	1.026578e-02	2.343711e-04	-1.429363e-04
5.724180e+03	-6.086557e-03	-7.162785e-03	3.359103e-04	5.828195e-03	6.716314e-04	2.587345e-04
5.736570e+03	4.731532e-03	-8.252103e-03	1.290158e-04	-5.126114e-03	4.999061e-04	4.263077e-04
5.748960e+03	9.797892e-03	1.165049e-03	-2.577796e-04	-9.876160e-03	-1.918520e-04	9.312947e-05
5.761350e+03	1.983800e-03	8.589197e-03	-1.989778e-04	-2.300353e-03	9.887880e-05	3.018831e-04
5.773740e+03	-8.551773e-03	5.373249e-03	-8.366880e-05	8.547944e-03	7.203516e-05	-1.035972e-05
5.786130e+03	-8.473023e-03	-5.631619e-03	1.908517e-04	8.359409e-03	-1.562339e-05	1.631829e-04
5.798520e+03	1.945447e-03	-9.510617e-03	3.045914e-04	-1.764355e-03	2.129644e-04	-1.935322e-04
5.810910e+03	9.586339e-03	-2.743866e-03	-1.858849e-04	-9.846564e-03	1.251984e-06	2.516585e-04
5.823300e+03	5.747634e-03	8.286886e-03	-2.883573e-04	-5.721068e-03	-1.194240e-04	-1.786928e-05
5.835690e+03	-5.261063e-03	8.691417e-03	1.516129e-04	5.270868e-03	2.233096e-05	-6.677253e-06
5.848080e+03	-9.463582e-03	-1.135579e-03	6.170895e-04	9.706426e-03	2.699242e-04	-2.655514e-04
5.860470e+03	-2.022528e-03	-9.296551e-03	5.066719e-05	2.297935e-03	3.728387e-05	-2.347194e-04
5.872860e+03	7.873469e-03	-6.412218e-03	-3.307302e-04	-8.259025e-03	-9.802158e-05	3.727151e-04
5.885250e+03	8.200795e-03	5.317835e-03	1.463282e-04	-8.401057e-03	1.498289e-04	1.608904e-04
5.897640e+03	-2.744796e-03	9.452998e-03	-3.230510e-04	2.392972e-03	-1.773077e-04	3.512816e-04
5.910030e+03	-9.096075e-03	2.853889e-03	5.433445e-04	9.638270e-03	1.320116e-04	-5.500488e-04
5.922420e+03	-5.677359e-03	-8.925116e-03	2.799915e-04	5.616401e-03	1.657460e-05	8.762749e-05
5.934810e+03	4.462892e-03	-9.082000e-03	-3.690778e-04	-4.987835e-03	-6.298930e-06	5.384705e-04
5.947200e+03	9.254016e-03	1.358687e-03	8.500596e-05	-9.655421e-03	1.567696e-04	3.671053e-04
5.959590e+03	1.879518e-03	9.133054e-03	-4.619036e-04	-2.277419e-03	-1.164659e-04	3.481407e-04
5.971980e+03	-8.022299e-03	5.724498e-03	2.707721e-04	7.462234e-03	-1.216986e-04	5.329817e-04
5.984370e+03	-7.658929e-03	-5.978067e-03	-1.048428e-04	7.599163e-03	-9.824732e-05	3.228199e-05
5.996760e+03	1.460817e-03	-9.818674e-03	-4.091857e-04	-1.712474e-03	9.963016e-05	2.274292e-04
6.009150e+03	8.527101e-03	-1.656233e-03	-5.652830e-04	-9.081349e-03	7.956967e-05	6.065656e-04
6.021540e+03	4.496060e-03	8.406230e-03	-4.449304e-04	-4.965623e-03	-5.984800e-05	4.472034e-04
6.033930e+03	-5.122915e-03	8.395471e-03	3.078662e-04	5.214488e-03	-1.939116e-04	-1.536751e-04
6.046320e+03	-9.988208e-03	-2.648245e-03	9.567221e-05	9.817493e-03	-1.783076e-04	1.406583e-04
6.058710e+03	-1.810266e-03	-1.011364e-02	-2.498238e-05	1.939909e-03	1.189226e-04	-1.189978e-04
6.071100e+03	8.990837e-03	-5.227833e-03	-1.913501e-04	-8.808659e-03	3.265404e-04	-1.920306e-04
6.083490e+03	8.301454e-03	5.618184e-03	-3.560936e-04	-8.541670e-03	1.587787e-04	2.521193e-04
6.095880e+03	-1.269570e-03	9.240919e-03	-1.592040e-06	1.367672e-03	-9.189633e-05	-7.738086e-05
6.108270e+03	-8.782312e-03	1.667074e-03	-1.637506e-04	9.152792e-03	-5.610618e-05	-3.329742e-04
6.120660e+03	-5.130508e-03	-8.171750e-03	-2.377130e-05	5.416089e-03	-3.650351e-06	-2.501788e-04
6.133050e+03	5.016082e-03	-8.649320e-03	-2.735495e-04	-4.821717e-03	1.664960e-04	-1.451349e-04
6.145440e+03	8.893160e-03	1.413047e-03	-3.713325e-04	-9.140493e-03	2.567019e-04	2.666296e-04
6.157830e+03	2.061636e-03	9.084995e-03	-3.991332e-05	-2.424183e-03	-1.107993e-04	3.536029e-04
6.170220e+03	-6.537265e-03	5.103157e-03	3.442001e-04	6.604267e-03	-3.621190e-04	-6.948919e-05
6.182610e+03	-8.332595e-03	-5.384180e-03	-1.926560e-04	8.252764e-03	1.217406e-04	5.418720e-05
6.195000e+03	7.331818e-05	-9.029765e-03	-2.508724e-04	-1.004490e-04	2.326377e-04	2.729604e-05
6.207390e+03	8.324372e-03	-2.667137e-03	-9.168242e-05	-8.312114e-03	9.350763e-05	-2.573678e-06
6.219780e+03	5.547157e-03	5.711942e-03	-1.358706e-04	-5.292445e-03	-9.451169e-06	-2.108571e-04
6.232170e+03	-3.403009e-03	6.790414e-03	-1.497815e-04	3.334196e-03	5.316105e-05	4.609090e-05
6.244560e+03	-7.401695e-03	-4.945998e-04	1.320334e-04	6.795003e-03	-9.821823e-05	5.933245e-04
6.256950e+03	-2.226355e-03	-7.081303e-03	1.097394e-05	1.837321e-03	1.747644e-04	3.265641e-04
6.269340e+03	6.202811e-03	-5.189933e-03	-1.810803e-04	-6.262747e-03	3.792149e-04	5.726022e-05
6.281730e+03	6.858150e-03	3.171463e-03	-2.392931e-04	-6.901535e-03	3.232723e-04	5.659615e-05
6.294120e+03	-1.076308e-03	6.672169e-03	-1.324689e-04	1.570121e-03	-5.123547e-05	-4.938949e-04
6.306510e+03	-6.799199e-03	3.018591e-03	5.718110e-05	6.199051e-03	-2.935535e-04	6.501765e-04
6.318900e+03	-4.408282e-03	-5.477992e-03	-3.762604e-05	4.210328e-03	1.980420e-04	1.607732e-04
6.331290e+03	3.223501e-03	-6.231563e-03	3.990855e-05	-3.450589e-03	7.024483e-05	1.772822e-04
6.343680e+03	6.118587e-03	5.261443e-04	-3.266111e-05	-5.924673e-03	-1.356252e-04	-1.794995e-04
6.356070e+03	1.761608e-03	5.886680e-03	-3.093525e-06	-1.504999e-03	-4.410478e-04	-2.535541e-04
6.368460e+03	-4.359585e-03	4.111109e-03	-9.027069e-05	4.055801e-03	8.376410e-05	3.325171e-04
6.380850e+03	-5.526633e-03	-2.937121e-03	9.221651e-05	5.564854e-03	-1.855213e-04	-6.609764e-05
6.393240e+03	3.144643e-04	-6.240255e-03	4.807710e-05	-3.805598e-04	-2.546780e-04	6.199794e-05
6.405630e+03	5.521583e-03	-2.659307e-03	-2.652329e-05	-5.644995e-03	-1.541406e-04	1.360146e-04
6.418020e+03	3.889611e-03	3.943129e-03	-6.573146e-05	-3.907731e-03	-2.211143e-05	1.499809e-05
6.430410e+03	-2.078883e-03	4.726763e-03	-9.090468e-05	2.023304e-03	-9.935411e-05	4.013071e-05
6.442800e+03	-5.054250e-03	-2.809369e-04	3.147551e-05	4.969034e-03	1.462482e-04	1.152755e-04
6.455190e+03	-2.038116e-03	-4.192743e-03	2.405497e-06	2.273482e-03	1.758728e-04	-2.301812e-04
6.467580e+03	3.204979e-03	-2.931461e-03	8.725689e-05	-2.890355e-03	2.933814e-04	-3.056169e-04
6.479970e+03	3.801044e-03	1.330805e-03	3.191506e-05	-3.807238e-03	2.166511e-04	8.750872e-07
6.492360e+03	-2.723250e-05	4.091115e-03	-3.115664e-04	-5.606567e-05	-5.126386e-04	9.026457e-05
6.504750e+03	-3.963261e-03	2.054325e-03	-2.366085e-04	4.209521e-03	-6.128002e-04	-2.484065e-04
6.517140e+03	-2.965315e-03	-3.017004e-03	1.887971e-04	2.906613e-03	1.680454e-04	4.465497e-05
6.529530e+03	1.409346e-03	-4.306842e-03	3.015727e-04	-1.765875e-03	4.875447e-04	3.989905e-04
6.541920e+03	3.576486e-03	-1.012780e-03	1.243645e-04	-4.050010e-03	3.269515e-04	4.697344e-04
6.554310e+03	1.594659e-03	2.489523e-03	-3.131560e-04	-2.045549e-03	-2.142493e-04	5.080762e-04
6.566700e+03	-2.221060e-03	2.449045e-03	-5.331127e-04	2.165470e-03	-4.812563e-04	5.893074e-05
6.579090e+03	-2.943280e-03	-1.291605e-03	-1.805539e-04	2.652460e-03	-3.018808e-04	2.849926e-04
6.591480e+03	-4.728362e-05	-2.697250e-03	-3.107283e-04	3.880234e-05	-3.445437e-04	-2.123316e-05
6.603870e+03	2.548910e-03	-1.295564e-03	1.273669e-04	-2.757277e-03	9.971862e-06	9.230380e-05
6.616260e+03	2.223512e-03	2.446715e-03	-1.107887e-04	-1.813097e-03	-1.570946e-04	-3.917256e-04
6.628650e+03	-2.569889e-04	2.756835e-03	6.010219e-05	5.820481e-04	-3.448675e-06	-2.859298e-04
6.641040e+03	-2.713142e-03	5.307035e-05	8.383790e-05	2.599091e-03	2.995390e-05	1.060524e-04
6.653430e+03	-1.482409e-03	-1.728747e-03	3.616353e-05	1.423783e-03	6.775156e-05	5.187861e-05
6.665820e+03	1.388926e-03	-1.859226e-03	1.567989e-04	-1.389794e-03	9.906611e-05	-3.579536e-06
6.678210e+03	2.099979e-03	-7.361611e-04	-2.687430e-04	-2.290062e-03	-6.591962e-05	2.011072e-04
6.690600e+03	8.620109e-04	1.132168e-03	-5.180573e-04	-7.620830e-04	-1.271446e-04	-1.237990e-04
6.702990e+03	-2.347892e-04	1.065213e-03	-4.062617e-04	4.799299e-04	-6.087863e-05	-2.439989e-04
6.715380e+03	-8.869809e-04	5.876933e-04	-9.630562e-05	9.159449e-04	-7.693496e-05	-2.814278e-05
6.727770e+03	-1.027317e-03	-5.960285e-04	-5.726618e-04	5.495619e-04	-1.574962e-04	4.481391e-04
6.740160e+03	6.117390e-04	-1.019551e-03	-2.141597e-04	-5.482384e-04	3.802612e-05	-1.280710e-05
6.752550e+03	-1.117003e-04	-6.353536e-04	-4.662107e-04	1.967077e-04	-4.206467e-05	-9.052374e-05
6.764940e+03	3.416054e-05	-4.279837e-04	-1.649939e-04	3.243391e-04	-1.520000e-04	-3.579977e-04
6.777330e+03	9.133823e-04	-7.188967e-04	-2.922390e-04	-5.075698e-04	-1.357033e-04	-3.734773e-04
6.789720e+03	7.938141e-04	-9.602313e-04	4.494614e-05	-6.414847e-04	-5.353781e-05	-8.818552e-05
6.802110e+03	6.514687e-04	-3.608658e-04	1.207490e-04	-1.040988e-03	-6.206103e-05	3.305809e-04
6.814500e+03	6.810040e-04	-3.918706e-04	-2.316017e-04	-9.524074e-04	2.401763e-05	2.938465e-04
6.826890e+03	8.071567e-04	2.339344e-03	6.701243e-05	-1.499149e-03	-9.987543e-06	7.458357e-04
6.839280e+03	-1.567775e-04	2.962587e-03	2.797778e-04	-8.885055e-04	3.557549e-05	8.576588e-04
6.851670e+03	-5.654524e-04	1.471759e-03	3.146436e-04	4.178134e-04	-1.021311e-04	1.497017e-04
6.864060e+03	-1.107523e-03	-5.503713e-04	2.474535e-04	1.976568e-03	-3.060529e-05	-8.709089e-04
6.876450e+03	-6.834207e-04	-2.071261e-03	-1.360004e-04	1.578702e-03	1.766695e-04	-8.913958e-04
6.888840e+03	1.950014e-04	-9.965148e-04	-3.063393e-04	-9.043399e-05	3.434328e-04	-9.872221e-05
6.901230e+03	8.339875e-04	-1.002969e-03	-3.910649e-04	-1.111143e-03	2.909092e-04	2.733256e-04
6.913620e+03	1.475004e-03	-6.306723e-04	-3.860423e-05	-1.573938e-03	-1.840720e-04	9.889875e-05
6.926010e+03	-4.104238e-04	7.218773e-04	-2.253745e-04	-7.725063e-05	-1.578123e-04	4.836739e-04
6.938400e+03	-6.684248e-04	3.845027e-04	-6.188816e-05	2.793874e-04	-1.237937e-04	3.604925e-04
6.950790e+03	-1.396048e-05	2.411708e-05	-3.283971e-04	1.263977e-05	2.822041e-04	1.493153e-06
6.963180e+03	2.226531e-04	-5.059263e-04	1.394873e-04	1.099823e-04	-1.107818e-04	-3.254421e-04
6.975570e+03	7.510885e-04	-5.517733e-04	-8.537894e-05	-2.465497e-04	4.729104e-05	-3.609875e-04
