1.338120e+03	9.364132e-02	3.603204e-02	-7.580450e-05	-9.326654e-02	-6.203982e-05	-8.497857e-05
1.350510e+03	8.144570e-02	5.931550e-02	9.152541e-06	-8.139250e-02	2.193130e-05	-9.202346e-05
1.362900e+03	6.283192e-02	7.863497e-02	-5.236953e-05	-6.282443e-02	6.224701e-05	1.356556e-05
1.375290e+03	4.014325e-02	9.239166e-02	-3.622152e-06	-4.039118e-02	-3.086838e-06	2.159974e-04
1.387680e+03	1.428932e-02	9.983088e-02	-3.947094e-05	-1.468718e-02	2.163660e-05	3.381832e-04
1.400070e+03	-1.258901e-02	1.002580e-01	-4.066563e-05	1.227856e-02	-9.870322e-06	2.988263e-04
1.412460e+03	-3.844262e-02	9.260505e-02	1.556232e-05	3.833616e-02	-4.211576e-05	1.150088e-04
1.424850e+03	-6.092627e-02	7.955391e-02	-9.525767e-06	6.083273e-02	-3.464493e-05	1.013895e-04
1.437240e+03	-8.014788e-02	6.081482e-02	-1.074655e-06	7.995423e-02	-3.324361e-05	2.507580e-04
1.449630e+03	-9.419922e-02	3.765308e-02	2.741341e-05	9.362501e-02	-2.815730e-05	6.148282e-04
1.462020e+03	-1.010000e-01	1.112354e-02	7.369959e-05	1.000000e-01	-2.149517e-05	6.337697e-04
1.474410e+03	-9.992367e-02	-1.619037e-02	4.309441e-05	9.916428e-02	-1.966852e-06	3.556566e-04
1.486800e+03	-9.157210e-02	-4.202235e-02	1.705777e-05	9.137794e-02	2.714907e-05	2.374274e-04
1.499190e+03	-7.730015e-02	-6.484437e-02	4.877527e-05	7.704991e-02	1.530763e-05	2.963679e-04
1.511580e+03	-5.743881e-02	-8.319584e-02	1.615424e-05	5.702980e-02	1.712036e-05	3.704682e-04
1.523970e+03	-3.317050e-02	-9.580837e-02	4.698602e-06	3.266796e-02	2.683432e-05	5.361109e-04
1.536360e+03	-6.277479e-03	-1.010000e-01	3.012202e-05	5.742280e-03	3.307292e-05	5.377808e-04
1.548750e+03	2.123190e-02	-9.916351e-02	-1.433809e-07	-2.158910e-02	1.530544e-05	3.493700e-04
1.561140e+03	4.713544e-02	-8.960995e-02	-1.539038e-05	-4.723443e-02	4.875163e-06	1.457225e-04
1.573530e+03	6.988563e-02	-7.408079e-02	-2.918699e-05	-7.022841e-02	-2.647282e-05	3.179478e-04
1.585920e+03	8.796884e-02	-5.256651e-02	1.065636e-05	-8.850689e-02	4.445196e-05	5.447464e-04
1.598310e+03	9.980988e-02	-2.626598e-02	-1.293836e-05	-9.991225e-02	-2.399647e-05	5.194886e-04
1.610700e+03	1.029289e-01	2.554302e-03	-8.873497e-06	-1.029286e-01	7.042535e-05	3.553442e-04
1.623090e+03	9.841752e-02	3.114456e-02	-1.754163e-05	-9.849312e-02	2.016243e-06	8.424291e-05
1.635480e+03	8.630778e-02	5.739962e-02	-6.693133e-06	-8.642646e-02	1.787439e-05	9.922121e-05
1.647870e+03	6.710941e-02	7.962523e-02	-7.141974e-05	-6.739497e-02	8.027349e-05	2.400950e-04
1.660260e+03	4.210055e-02	9.596119e-02	-3.610624e-05	-4.242970e-02	-1.815161e-06	3.188391e-04
1.672650e+03	1.317707e-02	1.048130e-01	-5.942933e-05	-1.351555e-02	5.242477e-07	2.999241e-04
1.685040e+03	-1.701584e-02	1.043094e-01	-5.699160e-05	1.691780e-02	-1.723560e-05	9.830173e-05
1.697430e+03	-4.596586e-02	9.494049e-02	-7.087586e-05	4.606808e-02	-2.631806e-05	-9.594853e-05
1.709820e+03	-7.191122e-02	7.837306e-02	1.607062e-05	7.193536e-02	-7.064423e-05	3.161228e-06
1.722210e+03	-9.251563e-02	5.466329e-02	5.653119e-05	9.240952e-02	-4.629219e-05	1.516288e-04
1.734600e+03	-1.046295e-01	2.494454e-02	1.593459e-05	1.046334e-01	-5.711999e-05	1.110482e-04
1.746990e+03	-1.079952e-01	-7.513326e-03	1.156555e-04	1.079952e-01	-2.444433e-05	3.053812e-05
1.759380e+03	-1.008605e-01	-3.961106e-02	2.662560e-05	1.009747e-01	-1.463459e-05	-2.742821e-04
1.771770e+03	-8.463444e-02	-6.812548e-02	1.029967e-04	8.503418e-02	2.615419e-05	-3.131039e-04
1.784160e+03	-6.081233e-02	-9.093803e-02	1.485374e-05	6.106652e-02	1.500467e-05	-2.622411e-04
1.796550e+03	-3.052491e-02	-1.062057e-01	5.886078e-05	3.052182e-02	6.109701e-05	-5.125716e-05
1.808940e+03	3.428812e-03	-1.100000e-01	3.480636e-05	-3.364203e-03	5.790846e-05	-5.599423e-05
1.821330e+03	3.757268e-02	-1.044345e-01	-1.743932e-05	-3.736439e-02	-1.282429e-05	-2.868566e-04
1.833720e+03	6.820945e-02	-8.806868e-02	1.383372e-05	-6.783942e-02	4.782244e-05	-3.742368e-04
1.846110e+03	9.287045e-02	-6.290237e-02	-1.645867e-05	-9.238031e-02	-2.681258e-06	-3.540721e-04
1.858500e+03	1.083275e-01	-3.074860e-02	-6.867360e-06	-1.081052e-01	2.203569e-05	-2.406832e-04
1.870890e+03	1.128815e-01	5.317189e-03	-2.645774e-05	-1.128815e-01	6.435137e-05	-1.488965e-04
1.883280e+03	1.055122e-01	4.165852e-02	-3.635835e-05	-1.055259e-01	4.689470e-06	-3.149860e-04
1.895670e+03	8.713362e-02	7.330546e-02	-5.343951e-05	-8.676270e-02	4.960553e-05	-3.774439e-04
1.908060e+03	5.913951e-02	9.744339e-02	-6.223192e-05	-5.863095e-02	2.870837e-05	-4.779448e-04
1.920450e+03	2.478379e-02	1.114351e-01	-9.453399e-05	-2.441577e-02	1.204924e-05	-3.868200e-04
1.932840e+03	-1.284201e-02	1.140000e-01	-7.928557e-05	1.295537e-02	-3.636175e-05	-1.058131e-04
1.945230e+03	-4.952643e-02	1.039750e-01	-5.245268e-05	4.962643e-02	-8.682433e-05	-1.492871e-04
1.957620e+03	-8.115844e-02	8.183450e-02	1.453956e-05	8.125606e-02	-1.154646e-04	-1.870885e-04
1.970010e+03	-1.033148e-01	5.072489e-02	1.796564e-05	1.040584e-01	-9.715742e-05	-2.600418e-04
1.982400e+03	-1.150782e-01	1.367296e-02	8.396308e-05	1.150767e-01	-8.771089e-05	-3.339758e-04
1.994790e+03	-1.132924e-01	-2.552582e-02	1.288657e-04	1.138326e-01	-4.224025e-05	-1.768355e-04
2.007180e+03	-9.847114e-02	-6.205468e-02	-7.041186e-05	9.841107e-02	-4.823130e-05	5.211560e-06
2.019570e+03	-7.198729e-02	-9.155882e-02	9.500569e-05	7.215913e-02	9.146948e-06	-1.198086e-04
2.031960e+03	-3.690010e-02	-1.105511e-01	6.453228e-05	3.711538e-02	3.977455e-05	-1.778387e-04
2.044350e+03	2.160508e-03	-1.159157e-01	6.044220e-05	-1.911763e-03	4.129034e-05	-2.448765e-04
2.056740e+03	4.112377e-02	-1.097799e-01	2.626768e-05	-4.102571e-02	1.812045e-05	-1.051216e-04
2.069130e+03	7.575449e-02	-8.918425e-02	9.506503e-05	-7.582954e-02	1.346905e-04	5.202220e-05
2.081520e+03	1.021388e-01	-5.845346e-02	4.899945e-05	-1.021320e-01	6.941103e-05	1.206092e-04
2.093910e+03	1.157262e-01	-1.979076e-02	2.254182e-05	-1.168537e-01	1.275231e-04	1.982125e-04
2.106300e+03	1.157325e-01	2.124034e-02	-1.394256e-06	-1.157325e-01	9.898681e-05	3.378745e-05
2.118690e+03	1.011794e-01	5.978944e-02	-4.020074e-05	-1.011794e-01	1.001010e-04	-1.230702e-05
2.131080e+03	7.483038e-02	9.079402e-02	-1.044469e-04	-7.481922e-02	6.487588e-05	-3.888794e-05
2.143470e+03	3.915966e-02	1.116265e-01	-1.557980e-04	-3.936690e-02	8.011735e-05	2.151079e-04
2.155860e+03	-2.071524e-03	1.178310e-01	-1.711260e-04	1.864119e-03	-1.335396e-05	1.969075e-04
2.168250e+03	-4.312354e-02	1.105113e-01	-1.427821e-04	4.302749e-02	-9.713601e-05	1.272322e-04
2.180640e+03	-7.874705e-02	8.852562e-02	-9.356122e-05	7.872492e-02	-1.329891e-04	2.988049e-05
2.193030e+03	-1.046534e-01	5.569524e-02	-1.862282e-05	1.046534e-01	-1.412098e-04	8.012924e-05
2.205420e+03	-1.186676e-01	1.520420e-02	1.907152e-05	1.186676e-01	-1.493207e-04	2.946222e-04
2.217810e+03	-1.175219e-01	-2.800415e-02	5.854219e-05	1.164897e-01	-1.342953e-04	3.964428e-04
2.230200e+03	-9.932321e-02	-6.778472e-02	2.729379e-04	9.896255e-02	-4.846663e-05	3.473907e-04
2.242590e+03	-6.853750e-02	-9.863742e-02	1.028731e-04	6.835450e-02	-3.667920e-05	2.337135e-04
2.254980e+03	-2.866867e-02	-1.168639e-01	5.668629e-05	2.846715e-02	-5.802794e-05	1.765350e-04
2.267370e+03	1.509522e-02	-1.193819e-01	1.435014e-04	-1.528157e-02	9.106396e-05	1.858679e-04
2.279760e+03	5.760371e-02	-1.072967e-01	9.887468e-05	-5.790421e-02	1.281788e-04	2.893604e-04
2.292150e+03	9.337163e-02	-7.862134e-02	3.922179e-05	-9.347848e-02	4.336570e-05	2.580201e-04
2.304540e+03	1.161975e-01	-3.895150e-02	4.117156e-05	-1.161975e-01	9.711291e-05	4.055150e-04
2.316930e+03	1.220000e-01	7.304999e-03	-1.507182e-05	-1.220000e-01	2.370544e-04	2.599076e-04
2.329320e+03	1.115917e-01	5.290599e-02	-2.702794e-05	-1.116435e-01	6.926147e-05	2.162518e-04
2.341710e+03	8.405050e-02	9.133287e-02	-1.024322e-04	-8.429312e-02	8.865427e-05	2.312382e-04
2.354100e+03	4.346394e-02	1.175651e-01	-1.683377e-04	-4.396668e-02	9.360549e-05	4.357654e-04
2.366490e+03	-4.983851e-03	1.259045e-01	-1.255706e-04	4.585467e-03	-7.154627e-05	4.670856e-04
2.378880e+03	-5.366922e-02	1.148947e-01	-2.456907e-04	5.334192e-02	-4.301811e-05	3.233810e-04
2.391270e+03	-9.486739e-02	8.539466e-02	-1.172395e-04	9.445782e-02	-1.764476e-04	3.416058e-04
2.403660e+03	-1.218945e-01	4.120989e-02	-2.330265e-05	1.219098e-01	-2.264329e-04	2.564463e-04
2.416050e+03	-1.289970e-01	-1.082169e-02	9.643171e-06	1.289970e-01	-2.279865e-04	4.157073e-04
2.428440e+03	-1.152681e-01	-6.321340e-02	2.408249e-04	1.148242e-01	-1.516714e-04	5.396185e-04
2.440830e+03	-7.925238e-02	-1.057066e-01	1.749520e-04	7.866147e-02	-1.181451e-04	5.469883e-04
2.453220e+03	-2.807652e-02	-1.304292e-01	1.921006e-04	2.758243e-02	-4.667948e-07	5.049787e-04
2.465610e+03	2.981003e-02	-1.315192e-01	1.709980e-04	-3.031640e-02	4.964958e-05	5.232931e-04
2.478000e+03	8.404973e-02	-1.065272e-01	1.480215e-04	-8.486291e-02	1.120484e-04	7.635075e-04
2.490390e+03	1.231977e-01	-5.963194e-02	1.334148e-04	-1.242017e-01	2.712915e-04	8.077594e-04
2.502780e+03	1.386613e-01	3.064533e-03	1.322472e-05	-1.396613e-01	3.146397e-04	1.011625e-03
2.515170e+03	1.240566e-01	6.789146e-02	-8.667423e-05	-1.250530e-01	2.595063e-04	1.177544e-03
2.527560e+03	7.741928e-02	1.204383e-01	-1.984248e-04	-7.857215e-02	1.982938e-04	1.211062e-03
2.539950e+03	9.918186e-03	1.430703e-01	-3.866837e-04	-1.142745e-02	1.784906e-04	1.532033e-03
2.552340e+03	-6.466054e-02	1.319237e-01	-2.763338e-04	6.280232e-02	-1.818554e-04	1.795675e-03
2.564730e+03	-1.252612e-01	8.138637e-02	-2.512727e-04	1.232564e-01	-3.213989e-04	1.956549e-03
2.577120e+03	-1.499235e-01	-4.519936e-04	3.537295e-05	1.479235e-01	-4.358656e-04	1.863025e-03
2.589510e+03	-1.229141e-01	-8.687612e-02	2.942294e-04	1.208833e-01	-3.527512e-04	1.683319e-03
2.601900e+03	-4.511882e-02	-1.407616e-01	3.910792e-04	4.380962e-02	-1.444988e-04	1.264051e-03
2.614290e+03	5.158295e-02	-1.345363e-01	3.697720e-04	-5.187933e-02	1.432553e-04	3.046477e-04
2.626680e+03	1.219598e-01	-6.460223e-02	2.177588e-04	-1.209697e-01	3.252811e-04	-9.097614e-04
2.639070e+03	1.246791e-01	3.291055e-02	-4.892701e-05	-1.225230e-01	5.144711e-04	-2.164017e-03
2.651460e+03	5.801721e-02	9.903080e-02	-4.058166e-04	-5.498196e-02	4.177897e-04	-3.078865e-03
2.663850e+03	-2.764363e-02	9.260717e-02	-5.551862e-04	3.127070e-02	7.573261e-05	-3.650942e-03
2.676240e+03	-6.981156e-02	3.105050e-02	-1.737372e-04	7.416617e-02	-4.874033e-04	-4.280058e-03
2.688630e+03	-5.023466e-02	-2.795528e-02	2.622822e-04	5.465867e-02	-4.646021e-04	-4.472174e-03
2.701020e+03	-2.740585e-03	-3.856783e-02	3.965173e-04	7.782940e-03	-3.203519e-05	-5.039459e-03
2.713410e+03	1.707018e-02	-1.285151e-02	4.246771e-04	-1.276616e-02	3.134504e-04	-4.343862e-03
2.725800e+03	5.231249e-03	1.877942e-03	-1.090436e-05	-1.241843e-03	3.179177e-04	-3.971446e-03
2.738190e+03	-4.398721e-03	-8.076126e-03	-3.747842e-04	7.512023e-03	9.479177e-05	-3.137281e-03
2.750580e+03	8.795066e-03	-1.949785e-02	-2.846114e-04	-6.401620e-03	-1.252245e-04	-2.404535e-03
2.762970e+03	2.960016e-02	-7.834034e-03	7.151771e-05	-2.862499e-02	-2.330215e-04	-1.001046e-03
2.775360e+03	2.945934e-02	2.257174e-02	1.092217e-04	-3.063614e-02	-1.394517e-04	1.214608e-03
2.787750e+03	-5.116315e-04	4.490220e-02	3.149339e-04	-3.140350e-03	9.147119e-05	3.676588e-03
2.800140e+03	-4.092375e-02	3.411794e-02	9.093790e-05	3.594737e-02	2.052789e-04	5.021621e-03
2.812530e+03	-5.921065e-02	-8.825253e-03	-7.485259e-05	5.418797e-02	1.980967e-04	5.125221e-03
2.824920e+03	-3.534406e-02	-5.430972e-02	-4.188103e-06	3.162145e-02	-2.355999e-05	3.696498e-03
2.837310e+03	2.085005e-02	-6.517574e-02	3.186265e-05	-2.199239e-02	4.764347e-05	1.131708e-03
2.849700e+03	6.842402e-02	-2.607960e-02	-1.809442e-05	-6.669048e-02	-3.900104e-05	-1.707804e-03
2.862090e+03	6.661397e-02	3.789683e-02	-7.067136e-05	-6.290763e-02	-1.083066e-05	-3.644500e-03
2.874480e+03	1.101815e-02	7.518173e-02	-1.162107e-04	-6.540507e-03	-1.452051e-04	-4.479583e-03
2.886870e+03	-5.319362e-02	5.045544e-02	-5.136021e-05	5.706152e-02	-2.320527e-04	-3.844643e-03
2.899260e+03	-6.900760e-02	-1.610059e-02	2.541343e-04	7.119171e-02	-8.609274e-05	-2.096025e-03
2.911650e+03	-2.495367e-02	-6.552005e-02	2.010185e-04	2.506275e-02	5.777415e-05	-1.189065e-04
2.924040e+03	3.797560e-02	-5.384563e-02	5.161218e-05	-3.951920e-02	2.466242e-04	1.544524e-03
2.936430e+03	6.214720e-02	2.146516e-03	-1.064341e-04	-6.444241e-02	1.597122e-04	2.285622e-03
2.948820e+03	3.122022e-02	5.277981e-02	-1.321788e-04	-3.318316e-02	-1.919258e-05	2.018197e-03
2.961210e+03	-2.615153e-02	5.343285e-02	-3.824509e-05	2.495031e-02	-8.434473e-05	1.187673e-03
2.973600e+03	-5.597015e-02	6.375547e-03	1.101448e-04	5.554005e-02	-6.441402e-05	3.983395e-04
2.985990e+03	-2.680968e-02	-4.925063e-02	5.097450e-05	2.691926e-02	4.073857e-05	-5.161798e-05
2.998380e+03	2.260483e-02	-5.094298e-02	-5.794375e-06	-2.279580e-02	1.260569e-04	1.631949e-04
3.010770e+03	5.445501e-02	-4.398979e-03	-1.347153e-04	-5.465513e-02	1.431574e-04	1.952267e-04
3.023160e+03	2.952504e-02	4.706445e-02	-1.543051e-04	-2.937368e-02	-2.467326e-05	-1.536519e-04
3.035550e+03	-2.811473e-02	4.901360e-02	-1.868032e-05	2.892345e-02	-1.993557e-04	-8.429804e-04
3.047940e+03	-5.768018e-02	-2.057004e-03	1.390130e-04	5.916880e-02	-1.568158e-04	-1.480357e-03
3.060330e+03	-2.774692e-02	-5.541296e-02	2.711153e-04	2.967268e-02	-3.226359e-05	-1.906150e-03
3.072720e+03	3.579766e-02	-5.648572e-02	1.999878e-04	-3.402678e-02	1.944175e-04	-1.790393e-03
3.085110e+03	7.066410e-02	-8.139105e-04	-1.317378e-04	-6.955615e-02	3.013887e-04	-1.076167e-03
3.097500e+03	4.296456e-02	6.033726e-02	-3.848016e-04	-4.264043e-02	7.834912e-05	-3.858622e-04
3.109890e+03	-2.446910e-02	7.268296e-02	-3.633235e-04	2.429310e-02	-2.121201e-04	2.338351e-04
3.122280e+03	-7.522593e-02	2.660575e-02	-1.028515e-04	7.462555e-02	-4.400778e-04	6.332800e-04
3.134670e+03	-6.976864e-02	-4.326458e-02	3.237763e-04	6.895454e-02	-3.948692e-04	8.082497e-04
3.147060e+03	-9.943178e-03	-8.117649e-02	4.601462e-04	8.912917e-03	-4.052169e-05	1.032722e-03
3.159450e+03	5.800544e-02	-5.930862e-02	3.193827e-04	-5.935237e-02	4.219799e-04	1.345881e-03
3.171840e+03	8.135687e-02	9.254610e-03	-6.971449e-05	-8.297609e-02	4.945174e-04	1.637209e-03
3.184230e+03	4.254383e-02	7.044476e-02	-4.375909e-04	-4.426264e-02	3.294280e-04	1.729903e-03
3.196620e+03	-2.951007e-02	7.533426e-02	-4.926577e-04	2.823324e-02	-1.216632e-04	1.250101e-03
3.209010e+03	-7.614772e-02	2.077451e-02	-1.700819e-04	7.584255e-02	-4.550459e-04	2.846701e-04
3.221400e+03	-5.787759e-02	-4.793755e-02	2.462584e-04	5.858571e-02	-4.188427e-04	-6.929469e-04
3.233790e+03	8.322386e-03	-7.043436e-02	3.824877e-04	-6.848861e-03	-1.470229e-04	-1.504749e-03
3.246180e+03	6.161423e-02	-3.003516e-02	3.603311e-04	-5.981813e-02	1.824676e-04	-1.799934e-03
3.258570e+03	5.549248e-02	3.466727e-02	6.718589e-05	-5.377661e-02	3.676112e-04	-1.699182e-03
3.270960e+03	-1.240612e-03	6.126320e-02	-2.521064e-04	2.453202e-03	2.520347e-04	-1.215969e-03
3.283350e+03	-5.125619e-02	2.876681e-02	-2.484059e-04	5.208631e-02	-3.539770e-05	-8.030351e-04
3.295740e+03	-4.964908e-02	-2.912115e-02	-7.949469e-05	5.000963e-02	-2.130395e-04	-4.235422e-04
3.308130e+03	-9.515363e-04	-5.597505e-02	8.119368e-05	1.006192e-03	-2.723809e-04	-4.698374e-05
3.320520e+03	4.604346e-02	-3.013571e-02	1.866249e-04	-4.624863e-02	-3.796882e-05	2.574557e-04
3.332910e+03	4.920626e-02	2.263515e-02	4.157832e-05	-5.003854e-02	1.106902e-04	8.020190e-04
3.345300e+03	6.663322e-03	5.218607e-02	-5.998786e-05	-7.940555e-03	1.176008e-04	1.291830e-03
3.357690e+03	-4.137583e-02	3.463154e-02	-1.220370e-04	3.996964e-02	-5.428025e-05	1.459262e-03
3.370080e+03	-5.108799e-02	-1.557374e-02	-2.898535e-05	4.986671e-02	-1.104742e-04	1.224363e-03
3.382470e+03	-1.405462e-02	-5.152876e-02	1.466203e-04	1.341870e-02	-8.244966e-05	6.504420e-04
3.394860e+03	3.610978e-02	-3.863981e-02	2.045142e-04	-3.604205e-02	5.968654e-05	-4.036449e-05
3.407250e+03	5.245517e-02	1.043919e-02	1.026953e-05	-5.174473e-02	2.231754e-04	-7.808246e-04
3.419640e+03	1.826394e-02	4.977758e-02	-2.097224e-04	-1.709153e-02	1.521578e-04	-1.194801e-03
3.432030e+03	-3.358415e-02	4.064813e-02	-2.108651e-04	3.488467e-02	-1.008809e-04	-1.298725e-03
3.444420e+03	-5.189995e-02	-8.682457e-03	-1.084502e-05	5.319995e-02	-2.279387e-04	-1.309836e-03
3.456810e+03	-1.952127e-02	-4.983231e-02	1.921024e-04	2.057826e-02	-2.210334e-04	-1.030838e-03
3.469200e+03	3.338654e-02	-4.401327e-02	2.576767e-04	-3.280776e-02	9.659789e-06	-6.216101e-04
3.481590e+03	5.527748e-02	4.201020e-03	1.506299e-04	-5.515506e-02	2.493056e-04	-1.646288e-04
3.493980e+03	2.790661e-02	5.011098e-02	-4.915008e-05	-2.828170e-02	2.319975e-04	3.001647e-04
3.506370e+03	-2.626506e-02	5.270366e-02	-2.879408e-04	2.555800e-02	1.242090e-04	7.153673e-04
3.518760e+03	-5.922509e-02	9.097237e-03	-1.924006e-04	5.802509e-02	-1.633016e-04	1.132211e-03
3.531150e+03	-4.338014e-02	-4.363266e-02	2.399754e-05	4.208358e-02	-2.366613e-04	1.247220e-03
3.543540e+03	1.023958e-02	-6.051676e-02	2.121203e-04	-1.138016e-02	-1.803826e-04	1.125380e-03
3.555930e+03	5.614502e-02	-2.669572e-02	2.559255e-04	-5.686263e-02	3.781662e-05	7.124081e-04
3.568320e+03	5.419372e-02	3.067225e-02	1.167669e-04	-5.439425e-02	2.378738e-04	2.275301e-04
3.580710e+03	5.971588e-03	6.132907e-02	-1.588801e-04	-5.646510e-03	2.450991e-04	-3.350623e-04
3.593100e+03	-4.660401e-02	3.851295e-02	-2.636541e-04	4.742035e-02	5.572210e-05	-7.890785e-04
3.605490e+03	-5.678745e-02	-1.787351e-02	-1.285290e-04	5.768745e-02	-1.665759e-04	-9.133127e-04
3.617880e+03	-1.546044e-02	-5.719553e-02	8.559598e-05	1.631642e-02	-1.628999e-04	-9.121203e-04
3.630270e+03	3.848948e-02	-4.351059e-02	1.689932e-04	-3.779511e-02	-1.907518e-04	-6.780970e-04
3.642660e+03	5.653823e-02	8.147674e-03	1.203295e-04	-5.613626e-02	8.634494e-05	-4.273201e-04
3.655050e+03	2.366845e-02	5.133261e-02	-3.736744e-05	-2.352386e-02	1.565372e-04	-1.451834e-04
3.667440e+03	-2.901927e-02	4.732699e-02	-1.037360e-04	2.893475e-02	2.750831e-05	1.391633e-04
3.679830e+03	-5.481630e-02	2.322894e-03	-1.031130e-04	5.441799e-02	-1.146757e-04	4.246871e-04
3.692220e+03	-3.276814e-02	-4.307120e-02	3.125703e-05	3.206449e-02	-9.686495e-05	6.114180e-04
3.704610e+03	1.642293e-02	-5.099580e-02	1.251786e-04	-1.721751e-02	-4.381185e-05	7.841824e-04
3.717000e+03	4.941929e-02	-1.455355e-02	1.366258e-04	-5.008916e-02	5.737222e-05	6.958387e-04
3.729390e+03	3.941023e-02	3.273174e-02	8.533029e-06	-3.997092e-02	1.247473e-04	5.004195e-04
3.741780e+03	-5.196253e-03	4.937141e-02	-9.933155e-05	5.004509e-03	6.724020e-05	2.012133e-04
3.754170e+03	-4.380812e-02	2.244538e-02	-7.037042e-05	4.397846e-02	-4.444179e-05	-1.473092e-04
3.766560e+03	-4.089809e-02	-2.401203e-02	3.490773e-05	4.144855e-02	-1.104942e-04	-5.131391e-04
3.778950e+03	-9.999061e-04	-4.607575e-02	7.143938e-05	1.635001e-03	-7.573919e-05	-6.384058e-04
3.791340e+03	3.822858e-02	-2.476963e-02	1.388729e-04	-3.742961e-02	6.756887e-06	-7.659754e-04
3.803730e+03	4.080927e-02	1.931754e-02	3.225424e-05	-4.010742e-02	1.175444e-04	-6.673881e-04
3.816120e+03	4.750527e-03	4.294566e-02	-8.335293e-05	-4.284119e-03	7.708195e-05	-4.859495e-04
3.828510e+03	-3.496311e-02	2.689728e-02	-9.191933e-05	3.522947e-02	-2.831546e-05	-2.689031e-04
3.840900e+03	-4.105978e-02	-1.544190e-02	7.970243e-06	4.106503e-02	-8.571707e-05	-1.857330e-05
3.853290e+03	-9.600375e-03	-4.328688e-02	9.454463e-05	9.273799e-03	-4.039673e-05	3.377996e-04
3.865680e+03	3.104287e-02	-3.128126e-02	1.139843e-04	-3.152517e-02	-6.853168e-06	5.436763e-04
3.878070e+03	4.260000e-02	8.891597e-03	-5.565225e-06	-4.329962e-02	1.567507e-04	6.455850e-04
3.890460e+03	1.592986e-02	4.098188e-02	-1.285177e-04	-1.652791e-02	9.857514e-05	6.568794e-04
3.902850e+03	-2.583625e-02	3.607612e-02	-1.841264e-04	2.535022e-02	6.916179e-07	4.546390e-04
3.915240e+03	-4.392266e-02	-1.935400e-03	-6.927309e-05	4.364065e-02	-1.540606e-04	2.043600e-04
3.927630e+03	-2.203533e-02	-3.863943e-02	1.551360e-04	2.218963e-02	-1.126028e-04	-1.558547e-04
3.940020e+03	2.121836e-02	-3.960280e-02	1.929294e-04	-2.081530e-02	-8.808699e-07	-4.070165e-04
3.952410e+03	4.436365e-02	-2.993139e-03	1.069625e-04	-4.376298e-02	1.192941e-04	-6.485964e-04
3.964800e+03	2.647841e-02	3.649603e-02	-1.016347e-04	-2.588088e-02	1.755025e-04	-6.355720e-04
3.977190e+03	-1.640690e-02	4.200814e-02	-1.927964e-04	1.700092e-02	2.655747e-05	-5.825476e-04
3.989580e+03	-4.363711e-02	8.459038e-03	-8.588505e-05	4.406326e-02	-1.152938e-04	-4.301687e-04
4.001970e+03	-3.131704e-02	-3.323882e-02	8.473548e-05	3.155142e-02	-1.604152e-04	-1.944540e-04
4.014360e+03	1.078969e-02	-4.410153e-02	1.215037e-04	-1.085669e-02	1.305266e-05	1.145444e-04
4.026750e+03	4.381304e-02	-1.558542e-02	1.005821e-04	-4.408727e-02	5.787952e-05	2.990314e-04
4.039140e+03	3.695515e-02	2.763226e-02	-2.818258e-05	-3.753361e-02	1.449298e-04	5.351034e-04
4.051530e+03	-2.243457e-03	4.649091e-02	-1.233580e-04	1.606489e-03	7.342957e-05	6.358613e-04
4.063920e+03	-3.971855e-02	2.451208e-02	-7.306998e-05	3.922121e-02	-7.908681e-05	4.980235e-04
4.076310e+03	-4.282733e-02	-1.927142e-02	3.159481e-05	4.259202e-02	-1.636535e-04	3.225838e-04
4.088700e+03	-7.559008e-03	-4.499077e-02	1.731627e-04	7.423481e-03	-6.629843e-05	1.059222e-04
4.101090e+03	3.393966e-02	-3.133359e-02	1.287892e-04	-3.378209e-02	1.018974e-04	-1.825428e-04
4.113480e+03	4.398467e-02	1.096682e-02	1.320611e-06	-4.362254e-02	1.472054e-04	-3.727381e-04
4.125870e+03	1.480039e-02	4.324478e-02	-1.078109e-04	-1.429916e-02	5.871977e-05	-5.608131e-04
4.138260e+03	-2.747269e-02	3.553063e-02	-1.463506e-04	2.807483e-02	-1.171836e-04	-5.878789e-04
4.150650e+03	-4.430375e-02	-3.980417e-03	3.596607e-05	4.470375e-02	-1.904716e-04	-4.488000e-04
4.163040e+03	-2.067569e-02	-3.938530e-02	1.638324e-04	2.102632e-02	-1.060412e-04	-3.129281e-04
4.175430e+03	2.144626e-02	-3.887184e-02	1.715814e-04	-2.129135e-02	7.441273e-05	-1.078417e-04
4.187820e+03	4.315527e-02	-3.308262e-03	3.113314e-05	-4.323676e-02	2.003640e-04	1.097567e-04
4.200210e+03	2.657421e-02	3.450459e-02	-1.075106e-04	-2.693253e-02	1.264064e-04	3.717556e-04
4.212600e+03	-1.368105e-02	4.057428e-02	-2.148625e-04	1.338691e-02	2.244026e-05	3.810249e-04
4.224990e+03	-4.179737e-02	1.175612e-02	-1.286896e-04	4.139733e-02	-1.788071e-04	4.360412e-04
4.237380e+03	-3.221650e-02	-2.766169e-02	8.980724e-05	3.191897e-02	-2.001667e-04	3.140533e-04
4.249770e+03	5.319129e-03	-4.163372e-02	2.446530e-04	-5.505719e-03	-5.654262e-05	1.810758e-04
4.262160e+03	3.721428e-02	-1.807848e-02	1.557111e-04	-3.718186e-02	9.843216e-05	-1.786841e-05
4.274550e+03	3.545897e-02	2.138758e-02	-3.668173e-06	-3.524339e-02	2.537113e-04	-2.169395e-04
4.286940e+03	1.257861e-03	3.965750e-02	-2.042442e-04	-9.209475e-04	1.319785e-04	-2.986483e-04
4.299330e+03	-3.329518e-02	2.246352e-02	-1.686314e-04	3.367218e-02	-5.732720e-05	-4.156768e-04
4.311720e+03	-3.607474e-02	-1.581491e-02	-3.557732e-05	3.647474e-02	-1.947256e-04	-4.641832e-04
4.324110e+03	-5.940779e-03	-3.898528e-02	1.582663e-04	6.310946e-03	-1.317454e-04	-3.695163e-04
4.336500e+03	2.937691e-02	-2.611755e-02	1.692291e-04	-2.917996e-02	-4.328781e-05	-2.146438e-04
4.348890e+03	3.788189e-02	1.043479e-02	1.392027e-04	-3.777986e-02	1.282218e-04	-8.912829e-05
4.361280e+03	1.161382e-02	3.679422e-02	-7.481641e-05	-1.174626e-02	1.613530e-04	1.324848e-04
4.373670e+03	-2.474143e-02	2.987494e-02	-1.357428e-04	2.449406e-02	6.507930e-05	2.130079e-04
4.386060e+03	-3.764090e-02	-4.075699e-03	-8.349531e-05	3.724055e-02	-9.197371e-05	3.397326e-04
4.398450e+03	-1.758783e-02	-3.446050e-02	-3.736344e-06	1.720979e-02	-1.248663e-04	3.536818e-04
4.410840e+03	1.871625e-02	-3.284526e-02	1.156076e-04	-1.902069e-02	-1.150888e-04	2.443256e-04
4.423230e+03	3.769066e-02	-2.345653e-03	1.198837e-04	-3.779089e-02	-4.775122e-05	9.799394e-05
4.435620e+03	2.253976e-02	3.008772e-02	5.126459e-06	-2.253533e-02	1.090306e-04	-3.483167e-05
4.448010e+03	-1.286001e-02	3.542395e-02	-1.776564e-05	1.302779e-02	7.123759e-05	-1.488175e-04
4.460400e+03	-3.551287e-02	8.157485e-03	-7.382780e-05	3.581287e-02	-4.277048e-05	-2.725676e-04
4.472790e+03	-2.605553e-02	-2.607572e-02	8.225518e-06	2.643005e-02	-6.824713e-05	-3.664903e-04
4.485180e+03	7.945001e-03	-3.538648e-02	7.447758e-05	-7.640499e-03	-8.197927e-05	-3.172908e-04
4.497570e+03	3.476997e-02	-1.277026e-02	8.593173e-05	-3.446997e-02	1.657479e-05	-2.810971e-04
4.509960e+03	2.925725e-02	2.186114e-02	9.749663e-06	-2.905926e-02	8.267733e-05	-1.656290e-04
4.522350e+03	-2.321036e-03	3.607618e-02	-8.727990e-05	2.359344e-03	7.290850e-05	-4.113356e-05
4.534740e+03	-3.153059e-02	1.783547e-02	-4.779901e-05	3.143059e-02	-2.518608e-05	7.990234e-05
4.547130e+03	-3.233895e-02	-1.641019e-02	-2.114259e-05	3.213017e-02	-9.208685e-05	1.866647e-04
4.559520e+03	-4.202694e-03	-3.517692e-02	3.639319e-05	3.914461e-03	-8.071673e-05	2.815045e-04
4.571910e+03	2.746457e-02	-2.298038e-02	1.209608e-04	-2.766070e-02	4.773249e-05	2.227984e-04
4.584300e+03	3.411110e-02	1.031434e-02	4.474473e-05	-3.431295e-02	8.137396e-05	1.847322e-04
4.596690e+03	1.001509e-02	3.375664e-02	-5.881568e-05	-1.010820e-02	7.859303e-05	8.847140e-05
4.609080e+03	-2.288519e-02	2.692510e-02	-7.489927e-05	2.291547e-02	-1.429981e-05	-1.048554e-05
4.621470e+03	-3.379793e-02	-4.521626e-03	-2.033011e-05	3.395015e-02	-8.391804e-05	-1.806083e-04
4.633860e+03	-1.470537e-02	-3.150230e-02	8.016223e-05	1.491990e-02	-7.302025e-05	-2.006398e-04
4.646250e+03	1.821878e-02	-2.906707e-02	1.016895e-04	-1.802044e-02	-1.965915e-05	-2.630000e-04
4.658640e+03	3.417476e-02	-6.296617e-04	3.287354e-05	-3.387470e-02	1.124752e-04	-2.389456e-04
4.671030e+03	1.923924e-02	2.807830e-02	-2.857087e-05	-1.904831e-02	8.928607e-05	-2.120647e-04
4.683420e+03	-1.314386e-02	3.152020e-02	-7.169875e-05	1.323569e-02	1.387593e-05	-8.928719e-05
4.695810e+03	-3.266318e-02	5.896712e-03	-6.327443e-05	3.266205e-02	-6.795911e-05	-9.740652e-06
4.708200e+03	-2.300052e-02	-2.446170e-02	1.156311e-05	2.289253e-02	-8.733207e-05	9.419847e-05
4.720590e+03	7.756299e-03	-3.199194e-02	1.043080e-04	-7.863588e-03	-5.194630e-05	1.803287e-04
4.732980e+03	3.140834e-02	-1.108761e-02	8.303773e-05	-3.160893e-02	6.339999e-05	2.020000e-04
4.745370e+03	2.612976e-02	1.982037e-02	1.013579e-05	-2.633013e-02	7.616726e-05	1.879932e-04
4.757760e+03	-2.238578e-03	3.259352e-02	-7.946035e-05	2.111838e-03	9.599149e-05	1.331114e-04
4.770150e+03	-2.829857e-02	1.597597e-02	-4.533152e-05	2.829857e-02	-1.741580e-05	3.103900e-05
4.782540e+03	-2.882885e-02	-1.493563e-02	1.763549e-05	2.894828e-02	-7.537086e-05	-7.224748e-05
4.794930e+03	-2.815185e-03	-3.163314e-02	6.066759e-05	2.976519e-03	-3.094154e-05	-1.370000e-04
4.807320e+03	2.526599e-02	-1.965560e-02	8.195266e-05	-2.506520e-02	5.127586e-05	-1.823706e-04
4.819710e+03	2.994753e-02	1.022749e-02	-3.291422e-05	-2.974753e-02	9.844517e-05	-1.957961e-04
4.832100e+03	7.568110e-03	3.036499e-02	-1.142625e-04	-7.356374e-03	6.676353e-05	-2.079642e-04
4.844490e+03	-2.130460e-02	2.271897e-02	-8.395425e-05	2.144729e-02	-8.074261e-05	-1.393399e-04
4.856880e+03	-3.015830e-02	-5.465007e-03	2.164306e-05	3.020111e-02	-1.031459e-04	-2.132983e-05
4.869270e+03	-1.204254e-02	-2.881682e-02	1.154610e-04	1.204297e-02	-7.850077e-05	-1.375922e-05
4.881660e+03	1.724120e-02	-2.555045e-02	1.366265e-04	-1.734185e-02	3.691446e-05	1.115209e-04
4.894050e+03	3.050401e-02	2.230603e-04	6.133145e-05	-3.060401e-02	1.099228e-04	1.337600e-04
4.906440e+03	1.660268e-02	2.579126e-02	-8.631448e-05	-1.670328e-02	1.424501e-04	1.478252e-04
4.918830e+03	-1.237215e-02	2.797062e-02	-1.240850e-04	1.223187e-02	2.715210e-05	1.448683e-04
4.931220e+03	-2.951109e-02	4.935059e-03	-4.700518e-05	2.941109e-02	-1.044945e-04	6.653234e-05
4.943610e+03	-2.021670e-02	-2.226773e-02	7.779813e-05	2.021902e-02	-1.537914e-04	8.536981e-06
4.956000e+03	7.558581e-03	-2.852066e-02	1.337093e-04	-7.470912e-03	-1.853699e-05	-8.838235e-05
4.968390e+03	2.797880e-02	-9.272175e-03	8.387390e-05	-2.777864e-02	6.622663e-05	-1.507524e-04
4.980780e+03	2.311651e-02	1.819730e-02	-1.160412e-05	-2.292747e-02	1.512883e-04	-1.660000e-04
4.993170e+03	-2.667686e-03	2.865144e-02	-1.112134e-04	2.832798e-03	4.597743e-05	-1.756529e-04
5.005560e+03	-2.567768e-02	1.332855e-02	-8.913286e-05	2.582465e-02	-6.452215e-05	-1.588944e-04
5.017950e+03	-2.495414e-02	-1.423621e-02	-9.314656e-06	2.505414e-02	-1.266594e-04	-7.967832e-05
5.030340e+03	-1.648194e-03	-2.808554e-02	8.693758e-05	1.695439e-03	-1.367726e-04	-4.028118e-05
5.042730e+03	2.270402e-02	-1.676208e-02	1.395996e-04	-2.271294e-02	1.920010e-05	2.129094e-05
5.055120e+03	2.599728e-02	9.693693e-03	4.166057e-05	-2.608961e-02	8.676647e-05	3.062290e-05
5.067510e+03	6.194527e-03	2.689976e-02	-4.090249e-05	-6.284862e-03	1.246385e-04	8.910320e-05
5.079900e+03	-1.903645e-02	1.987409e-02	-1.423470e-04	1.895023e-02	2.160701e-05	1.081260e-04
5.092290e+03	-2.679502e-02	-5.144340e-03	-2.433360e-05	2.669427e-02	-8.701511e-05	6.315241e-05
5.104680e+03	-1.015686e-02	-2.479348e-02	4.311894e-05	1.015977e-02	-8.674360e-05	-5.509026e-06
5.117070e+03	1.530129e-02	-2.193518e-02	1.171923e-04	-1.519527e-02	-5.076479e-05	-7.905653e-05
5.129460e+03	2.580554e-02	9.555585e-04	4.939507e-05	-2.567228e-02	9.532864e-05	-1.082825e-04
5.141850e+03	1.336009e-02	2.266509e-02	-4.002477e-05	-1.326889e-02	7.670855e-05	-1.012034e-04
5.154240e+03	-1.150143e-02	2.309513e-02	-1.248472e-04	1.170413e-02	2.352863e-05	-1.529506e-04
5.166630e+03	-2.538934e-02	2.777442e-03	-8.006563e-05	2.548931e-02	-8.306940e-05	-1.408747e-04
5.179020e+03	-1.594903e-02	-1.971083e-02	3.543643e-05	1.604746e-02	-8.669009e-05	-8.025828e-05
5.191410e+03	7.943007e-03	-2.419523e-02	1.379843e-04	-7.863956e-03	-2.645189e-05	-8.531685e-05
5.203800e+03	2.398502e-02	-6.288397e-03	9.704605e-05	-2.398502e-02	6.593592e-05	-1.404068e-05
5.216190e+03	1.832658e-02	1.683472e-02	-2.325946e-05	-1.838461e-02	1.086437e-04	5.345870e-05
5.228580e+03	-4.097376e-03	2.393733e-02	-5.087056e-05	3.988405e-03	6.522072e-05	1.035984e-04
5.240970e+03	-2.266464e-02	9.737089e-03	-1.002503e-04	2.256839e-02	-6.654693e-05	1.039039e-04
5.253360e+03	-2.044329e-02	-1.326997e-02	-6.133056e-05	2.044597e-02	-9.772066e-05	3.651532e-05
5.265750e+03	-1.421293e-05	-2.402199e-02	8.337638e-05	3.289019e-06	-9.218148e-05	7.488023e-06
5.278140e+03	2.011186e-02	-1.304116e-02	1.063470e-04	-2.005805e-02	-1.160934e-05	-5.153537e-05
5.290530e+03	2.199040e-02	9.727321e-03	4.637571e-05	-2.189040e-02	8.950503e-05	-9.680841e-05
5.302920e+03	3.712359e-03	2.310551e-02	-8.101844e-06	-3.596382e-03	6.297366e-05	-1.176011e-04
5.315310e+03	-1.742234e-02	1.562716e-02	-8.384914e-05	1.752203e-02	1.292241e-05	-9.155766e-05
5.327700e+03	-2.218715e-02	-6.013714e-03	-7.245508e-06	2.228715e-02	-7.828540e-05	-1.140179e-04
5.340090e+03	-7.099043e-03	-2.160753e-02	5.593833e-05	7.177323e-03	-5.086255e-05	-8.299682e-05
5.352480e+03	1.432929e-02	-1.783841e-02	8.225102e-05	-1.430749e-02	-3.248951e-06	-7.665150e-05
5.364870e+03	2.225997e-02	2.267988e-03	5.683745e-05	-2.218440e-02	6.954185e-05	-4.015371e-05
5.377260e+03	1.026547e-02	2.017846e-02	-1.899784e-06	-1.028205e-02	8.085946e-05	1.500054e-05
5.389650e+03	-1.093273e-02	1.932236e-02	-7.131373e-05	1.092630e-02	2.305602e-05	5.341248e-06
5.402040e+03	-2.194788e-02	1.421717e-03	-8.850516e-05	2.194788e-02	-6.074760e-05	2.656056e-05
5.414430e+03	-1.311920e-02	-1.730722e-02	8.467422e-07	1.312120e-02	-1.006576e-04	2.953342e-05
5.426820e+03	7.147050e-03	-2.044502e-02	6.787154e-05	-7.145559e-03	1.437954e-05	-4.298165e-06
5.439210e+03	2.052141e-02	-5.097199e-03	3.539980e-05	-2.052141e-02	4.123818e-05	-3.248222e-05
5.451600e+03	1.554082e-02	1.409114e-02	5.940669e-06	-1.543526e-02	5.450594e-05	-3.259634e-05
5.463990e+03	-3.346638e-03	2.026558e-02	-5.386061e-05	3.407097e-03	2.755085e-05	-6.502979e-05
5.476380e+03	-1.876552e-02	8.208156e-03	-5.347989e-05	1.886702e-02	-6.203463e-05	-9.336042e-05
5.488770e+03	-1.673149e-02	-1.085319e-02	4.401444e-05	1.675293e-02	-4.815853e-05	-7.188450e-05
5.501160e+03	-9.018125e-05	-1.968999e-02	7.771096e-05	1.969666e-04	-1.275597e-05	-1.068298e-04
5.513550e+03	1.604574e-02	-1.082797e-02	9.923442e-05	-1.594574e-02	5.951405e-05	-6.664926e-05
5.525940e+03	1.759293e-02	7.297518e-03	-5.757577e-06	-1.760017e-02	6.940603e-05	-1.134103e-05
5.538330e+03	3.494339e-03	1.798940e-02	-4.603883e-05	-3.453896e-03	4.930147e-05	-4.993476e-05
5.550720e+03	-1.316210e-02	1.270441e-02	-6.212456e-05	1.315683e-02	-2.854910e-05	-6.831509e-06
5.563110e+03	-1.713750e-02	-3.978040e-03	4.046937e-06	1.713750e-02	-7.353248e-05	5.354306e-06
5.575500e+03	-6.055315e-03	-1.641463e-02	5.327390e-05	6.067059e-03	-4.773072e-05	-1.139367e-05
5.587890e+03	1.002443e-02	-1.385503e-02	1.119767e-04	-1.006406e-02	2.219779e-05	4.800181e-05
5.600280e+03	1.663366e-02	7.776819e-04	3.455293e-05	-1.663366e-02	7.014132e-05	8.472690e-06
5.612670e+03	8.288035e-03	1.399358e-02	-3.115502e-05	-8.286364e-03	6.166605e-05	6.201758e-06
5.625060e+03	-6.855177e-03	1.433396e-02	-5.077520e-05	6.894482e-03	3.672510e-06	-3.477791e-05
5.637450e+03	-1.502359e-02	1.974428e-03	-2.139460e-05	1.510441e-02	-3.302611e-05	-4.876724e-05
5.649840e+03	-9.593335e-03	-1.138205e-02	2.277951e-05	9.664393e-03	-4.122829e-05	-7.429553e-05
5.662230e+03	4.139701e-03	-1.383463e-02	6.153279e-05	-4.059253e-03	-4.097957e-05	-7.811976e-05
5.674620e+03	1.333432e-02	-4.062019e-03	3.661520e-05	-1.325356e-02	2.452265e-05	-1.040006e-04
5.687010e+03	1.051080e-02	8.788390e-03	-9.814371e-06	-1.049847e-02	5.171845e-05	-4.812446e-05
5.699400e+03	-1.541264e-03	1.303119e-02	-4.288656e-05	1.597979e-03	5.196780e-05	-5.884064e-05
5.711790e+03	-1.163543e-02	5.716904e-03	-1.832143e-05	1.161579e-02	-9.990678e-07	-4.132087e-05
5.724180e+03	-1.062842e-02	-6.289919e-03	-5.823617e-06	1.065001e-02	-4.210497e-05	-7.132747e-06
5.736570e+03	-6.185672e-04	-1.189166e-02	4.375994e-05	6.164504e-04	-2.886234e-05	2.950709e-06
5.748960e+03	9.216284e-03	-6.805713e-03	5.018841e-05	-9.216734e-03	3.221034e-05	3.081276e-06
5.761350e+03	1.043009e-02	3.879181e-03	-1.030791e-05	-1.042783e-02	4.385338e-05	6.325612e-06
5.773740e+03	2.369978e-03	1.028831e-02	1.490705e-06	-2.390418e-03	1.658047e-05	1.619526e-05
5.786130e+03	-7.198412e-03	7.392282e-03	-2.240939e-05	7.229989e-03	-6.481080e-06	-3.115853e-05
5.798520e+03	-9.598032e-03	-1.921652e-03	-1.526691e-06	9.601905e-03	-2.476259e-05	-2.989372e-06
5.810910e+03	-3.508254e-03	-8.873775e-03	6.287130e-06	3.515519e-03	-3.373461e-05	-4.982150e-06
5.823300e+03	5.177554e-03	-7.376882e-03	7.305725e-05	-5.118431e-03	-4.061377e-06	-5.777772e-05
5.835690e+03	8.656767e-03	2.866259e-04	4.327709e-05	-8.566882e-03	4.282170e-05	-8.477604e-05
5.848080e+03	4.336520e-03	7.003724e-03	-2.941438e-05	-4.247659e-03	4.820144e-05	-8.939924e-05
5.860470e+03	-3.288074e-03	7.109588e-03	-4.555795e-05	3.334114e-03	2.870658e-05	-4.144135e-05
5.872860e+03	-7.151206e-03	9.516048e-04	-1.750302e-05	7.184367e-03	-4.551930e-05	-3.389231e-05
5.885250e+03	-4.604863e-03	-5.375770e-03	-1.853105e-05	4.654886e-03	-4.546572e-05	-4.236672e-05
5.897640e+03	1.940243e-03	-6.341136e-03	3.228577e-05	-1.886135e-03	-3.136178e-05	-5.342220e-05
5.910030e+03	6.098768e-03	-1.911810e-03	5.241567e-05	-6.118396e-03	1.756449e-05	1.747947e-05
5.922420e+03	4.659425e-03	3.806157e-03	-1.200325e-05	-4.638647e-03	2.683885e-05	-2.295644e-05
5.934810e+03	-5.822600e-04	5.538221e-03	8.057806e-06	5.958043e-04	2.799311e-05	-1.559549e-05
5.947200e+03	-4.618926e-03	2.397291e-03	-1.883758e-05	4.639518e-03	3.279174e-05	-1.735217e-05
5.959590e+03	-4.200830e-03	-2.366904e-03	-4.273654e-06	4.238962e-03	-1.217079e-05	-4.013866e-05
5.971980e+03	-4.259797e-04	-4.411637e-03	6.673083e-06	4.587181e-04	-1.698674e-05	-3.366922e-05
5.984370e+03	3.317792e-03	-2.498995e-03	1.375866e-05	-3.261158e-03	-3.404335e-05	-5.205686e-05
5.996760e+03	3.637439e-03	1.380198e-03	3.784600e-05	-3.617559e-03	-1.054982e-05	-1.162328e-05
6.009150e+03	8.483189e-04	3.423467e-03	6.624210e-06	-7.836031e-04	2.121383e-05	-6.289874e-05
6.021540e+03	-2.134095e-03	2.365367e-03	-1.433453e-05	2.194251e-03	-5.904102e-06	-6.454506e-05
6.033930e+03	-2.806657e-03	-4.737126e-04	8.722374e-06	2.825937e-03	-6.435673e-06	-2.136711e-05
6.046320e+03	-9.980566e-04	-2.271643e-03	-1.632794e-05	1.058860e-03	1.704140e-05	-5.168326e-05
6.058710e+03	1.214661e-03	-1.894196e-03	2.194148e-05	-1.198949e-03	-6.607191e-06	-1.122798e-05
6.071100e+03	1.880889e-03	-4.324287e-06	2.532894e-05	-1.865823e-03	-4.817977e-05	-1.122781e-05
6.083490e+03	9.945959e-04	1.307544e-03	3.139067e-05	-9.720198e-04	-1.770979e-05	-2.030998e-05
6.095880e+03	-4.272622e-04	1.347519e-03	4.439345e-05	4.538884e-04	-6.908889e-06	-2.096715e-05
6.108270e+03	-1.081081e-03	4.040823e-04	2.634080e-05	1.082783e-03	-7.532561e-06	-5.200844e-06
6.120660e+03	-7.330821e-04	-4.804243e-04	2.902211e-05	7.558324e-04	-7.661407e-06	-1.273636e-05
6.133050e+03	-7.007557e-05	-6.263907e-04	-1.599594e-05	5.378628e-05	3.828897e-05	1.519779e-05
6.145440e+03	2.509750e-04	-3.248811e-04	2.476917e-05	-2.269846e-04	2.099511e-05	-2.429273e-05
6.157830e+03	2.300121e-04	-1.101266e-04	1.205937e-05	-2.222526e-04	1.925420e-05	-7.131068e-06
6.170220e+03	2.965366e-04	-7.986233e-05	-6.948932e-07	-2.626227e-04	6.009863e-06	-3.187469e-05
6.182610e+03	4.828065e-04	6.932213e-05	3.274052e-05	-4.423233e-04	1.184034e-05	-4.102418e-05
6.195000e+03	3.658301e-04	5.170855e-04	2.332809e-05	-3.004680e-04	-1.529915e-05	-5.985774e-05
6.207390e+03	-2.539285e-04	7.788610e-04	3.408898e-05	3.018208e-04	-3.781237e-06	-4.766197e-05
6.219780e+03	-9.189321e-04	2.653799e-04	2.787288e-05	9.520272e-04	1.247190e-05	-3.363508e-05
6.232170e+03	-8.752740e-04	-7.469318e-04	1.532964e-05	8.915482e-04	-9.527020e-06	-1.261439e-05
6.244560e+03	1.415391e-04	-1.320335e-03	-3.099032e-06	-1.654459e-04	-3.015499e-06	2.410574e-05
6.256950e+03	1.340817e-03	-6.890877e-04	3.822509e-05	-1.368771e-03	1.688944e-05	2.112126e-05
6.269340e+03	1.460105e-03	7.745426e-04	-1.129999e-05	-1.430146e-03	-4.871432e-07	-2.109994e-05
6.281730e+03	1.801843e-04	1.753206e-03	3.140449e-05	-1.816713e-04	7.146386e-06	1.119140e-06
6.294120e+03	-1.482252e-03	1.222431e-03	1.227665e-05	1.511631e-03	-1.300276e-05	-3.897218e-05
6.306510e+03	-1.919138e-03	-6.797520e-04	1.925549e-05	1.954932e-03	4.194430e-06	-3.276735e-05
6.318900e+03	-5.126901e-04	-2.142858e-03	1.202061e-05	5.388525e-04	3.420311e-05	-2.682999e-05
6.331290e+03	1.556690e-03	-1.715278e-03	-1.100828e-05	-1.536758e-03	3.687560e-06	-2.302369e-05
6.343680e+03	2.470898e-03	3.860534e-04	-1.312805e-05	-2.449124e-03	3.790734e-05	-1.812126e-05
6.356070e+03	1.017331e-03	2.331636e-03	9.847539e-06	-9.985701e-04	7.989393e-06	-1.844679e-05
6.368460e+03	-1.439108e-03	2.229845e-03	-4.359399e-06	1.480901e-03	1.140851e-06	-4.415437e-05
6.380850e+03	-2.641866e-03	2.044672e-05	-3.772304e-06	2.700657e-03	-2.892486e-05	-5.933551e-05
6.393240e+03	-1.481460e-03	-2.412045e-03	3.781128e-05	1.501089e-03	-1.504171e-05	-1.970142e-05
6.405630e+03	1.206178e-03	-2.621833e-03	5.036024e-05	-1.207441e-03	5.805739e-06	-6.097850e-06
6.418020e+03	2.900000e-03	-3.639770e-04	2.246462e-05	-2.920000e-03	1.524203e-05	2.417420e-05
6.430410e+03	1.951736e-03	2.372252e-03	4.237159e-06	-1.989488e-03	1.212496e-05	3.759649e-05
6.442800e+03	-9.533565e-04	2.966970e-03	3.604030e-06	9.141397e-04	1.466073e-05	3.555903e-05
6.455190e+03	-3.092704e-03	8.274083e-04	1.021212e-05	3.078857e-03	1.985510e-05	5.680872e-06
6.467580e+03	-2.364592e-03	-2.133894e-03	2.581692e-05	2.396930e-03	1.174942e-05	-2.799633e-05
6.479970e+03	5.655367e-04	-3.242089e-03	1.612201e-05	-5.379066e-04	-4.569552e-05	-2.722352e-05
6.492360e+03	3.152586e-03	-1.304224e-03	3.686302e-05	-3.112022e-03	2.585096e-07	-4.462978e-05
6.504750e+03	2.876490e-03	1.902195e-03	1.556753e-05	-2.812224e-03	3.679562e-05	-5.662915e-05
6.517140e+03	-6.724656e-05	3.477550e-03	-1.781104e-05	1.042050e-04	1.141075e-05	-3.704370e-05
6.529530e+03	-2.991654e-03	1.848307e-03	-1.035432e-05	3.027560e-03	-2.044814e-05	-3.968175e-05
6.541920e+03	-3.155276e-03	-1.537608e-03	-5.680683e-06	3.143352e-03	-9.908164e-06	1.292600e-05
6.554310e+03	-3.748919e-04	-3.528161e-03	2.805457e-05	3.757380e-04	-2.019984e-05	2.823252e-06
6.566700e+03	2.695371e-03	-2.178498e-03	3.999428e-05	-2.715549e-03	9.516459e-06	2.319453e-05
6.579090e+03	3.423523e-03	1.085276e-03	1.613940e-05	-3.442039e-03	5.421614e-05	1.754958e-05
6.591480e+03	8.847990e-04	3.390438e-03	-4.354624e-07	-9.262954e-04	8.457093e-06	3.166641e-05
6.603870e+03	-2.402945e-03	2.602738e-03	-2.531846e-06	2.390894e-03	8.749841e-06	8.526626e-06
6.616260e+03	-3.436990e-03	-6.223065e-04	-6.506727e-06	3.437636e-03	-4.062115e-06	4.044578e-06
6.628650e+03	-1.332414e-03	-3.296554e-03	2.216932e-07	1.324972e-03	4.128786e-06	4.740827e-06
6.641040e+03	2.055321e-03	-2.892777e-03	6.399425e-06	-2.004352e-03	7.879729e-06	-4.692303e-05
6.653430e+03	3.514800e-03	1.628883e-04	7.707516e-06	-3.474790e-03	1.587461e-05	-4.049444e-05
6.665820e+03	1.736998e-03	3.062537e-03	-1.938949e-05	-1.711437e-03	1.748980e-05	-2.453105e-05
6.678210e+03	-1.625087e-03	3.133144e-03	-3.043631e-06	1.648416e-03	-1.553227e-05	-2.057348e-05
6.690600e+03	-3.476003e-03	3.158351e-04	2.567332e-05	3.490192e-03	-2.396549e-05	-9.699608e-06
6.702990e+03	-2.121500e-03	-2.835368e-03	3.247661e-05	2.120832e-03	-1.761455e-06	3.465128e-08
6.715380e+03	1.182571e-03	-3.272365e-03	2.244800e-05	-1.192639e-03	-2.504842e-05	1.024274e-05
6.727770e+03	3.439069e-03	-7.858226e-04	2.402792e-05	-3.438637e-03	4.275636e-05	-4.539407e-06
6.740160e+03	2.491559e-03	2.476240e-03	-1.151213e-05	-2.487506e-03	1.547126e-05	-2.308654e-06
6.752550e+03	-6.635838e-04	3.352757e-03	-2.626283e-05	6.670549e-04	2.088811e-05	-6.694891e-06
6.764940e+03	-3.190083e-03	1.214155e-03	2.069390e-07	3.195233e-03	-1.912342e-05	-2.013800e-06
6.777330e+03	-2.763056e-03	-1.969569e-03	-1.671753e-05	2.753951e-03	-2.872692e-05	1.768255e-05
6.789720e+03	1.633568e-04	-3.348152e-03	1.033722e-05	-1.496562e-04	-3.264085e-05	-1.350156e-05
6.802110e+03	2.914622e-03	-1.642639e-03	1.861591e-05	-2.910944e-03	1.015884e-05	-1.111920e-05
6.814500e+03	2.919574e-03	1.571740e-03	1.385897e-05	-2.942767e-03	1.228916e-05	9.475095e-06
6.826890e+03	2.123445e-04	3.192778e-03	1.140686e-05	-1.933089e-04	2.317984e-05	-2.013159e-05
6.839280e+03	-2.554179e-03	1.933227e-03	-1.708932e-06	2.575693e-03	-4.430010e-06	-1.302979e-05
6.851670e+03	-2.910481e-03	-1.150240e-03	-3.016361e-06	2.922448e-03	-7.624058e-06	-8.340270e-06
6.864060e+03	-5.705862e-04	-3.059140e-03	-2.782217e-05	5.589602e-04	-1.365755e-05	1.327071e-05
6.876450e+03	2.299379e-03	-2.183707e-03	2.993306e-05	-2.289641e-03	-3.805029e-05	-1.288991e-05
6.888840e+03	3.083263e-03	7.768246e-04	4.705048e-06	-3.034334e-03	-7.767112e-06	-4.678206e-05
6.901230e+03	9.906355e-04	2.880373e-03	2.499265e-05	-9.519418e-04	6.257257e-06	-3.567658e-05
6.913620e+03	-1.888307e-03	2.444242e-03	6.420988e-06	1.909089e-03	8.594679e-06	-2.303866e-05
6.926010e+03	-2.885612e-03	-3.540725e-04	1.191175e-05	2.903811e-03	2.860733e-06	-2.131951e-05
6.938400e+03	-1.314700e-03	-2.673790e-03	2.636480e-05	1.315848e-03	-9.896781e-06	-3.061682e-06
6.950790e+03	1.542637e-03	-2.457105e-03	1.290397e-05	-1.541919e-03	6.588303e-06	-5.844253e-06
6.963180e+03	2.888865e-03	-6.410781e-05	1.425882e-05	-2.898750e-03	2.079828e-05	9.108645e-06
6.975570e+03	1.588372e-03	2.381119e-03	1.289737e-05	-1.568090e-03	-6.368075e-06	-1.983241e-05
6.987960e+03	-1.126343e-03	2.610977e-03	-1.059075e-06	1.146525e-03	-2.379786e-05	-2.222449e-05
7.000350e+03	-2.672699e-03	4.273796e-04	1.507527e-05	2.692638e-03	-6.868766e-06	-2.608556e-05
7.012740e+03	-1.758865e-03	-2.033859e-03	3.089920e-05	1.797691e-03	7.112818e-06	-3.802046e-05
7.025130e+03	7.812197e-04	-2.539324e-03	2.904199e-05	-7.528761e-04	8.419327e-07	-2.587135e-05
7.037520e+03	2.571381e-03	-7.280789e-04	4.185760e-05	-2.541697e-03	-2.776414e-06	-2.569780e-05
7.049910e+03	1.974480e-03	1.726016e-03	6.694786e-06	-1.984639e-03	1.280012e-05	7.331051e-06
7.062300e+03	-7.117100e-04	2.347509e-03	1.504473e-05	6.471360e-04	-7.332587e-06	6.647540e-05
7.074690e+03	-2.258149e-03	1.062587e-03	2.765428e-05	2.256597e-03	-1.236142e-05	4.303897e-06
7.087080e+03	-2.081410e-03	-1.330747e-03	1.842716e-05	2.070247e-03	3.548092e-05	-5.025753e-06
7.099470e+03	2.066886e-05	-2.327480e-03	-6.043477e-06	-1.180686e-05	3.698227e-06	-1.004647e-05
7.111860e+03	1.999013e-03	-1.247527e-03	1.682629e-05	-2.009387e-03	1.490225e-05	7.842583e-07
7.124250e+03	2.055774e-03	1.042505e-03	-3.498870e-05	-2.042484e-03	8.074876e-06	-1.791952e-05
7.136640e+03	3.278286e-04	2.288065e-03	4.706339e-06	-2.719571e-04	-3.591602e-05	-5.470422e-05
7.149030e+03	-1.654074e-03	1.395254e-03	1.334833e-05	1.694356e-03	3.849014e-06	-3.958278e-05
7.161420e+03	-2.032419e-03	-6.680459e-04	2.237975e-05	2.072887e-03	4.548543e-06	-4.647139e-05
7.173810e+03	-5.031830e-04	-2.069193e-03	2.595713e-05	5.062634e-04	6.130855e-06	-1.486362e-06
7.186200e+03	1.483297e-03	-1.476745e-03	3.848696e-05	-1.472598e-03	3.598269e-05	-1.144157e-05
7.198590e+03	1.980000e-03	4.844515e-04	2.134462e-06	-1.999999e-03	-9.998841e-06	1.839822e-05
7.210980e+03	6.334999e-04	1.879036e-03	-1.789141e-05	-6.416535e-04	-3.961414e-06	7.056481e-06
7.223370e+03	-1.191450e-03	1.552642e-03	5.296594e-07	1.186792e-03	-1.655636e-05	-2.327544e-07
7.235760e+03	-1.870981e-03	-1.398305e-04	1.492144e-05	1.888599e-03	-1.837510e-05	-1.394742e-05
7.248150e+03	-8.035675e-04	-1.665732e-03	1.411477e-05	8.271942e-04	-5.673051e-06	-2.411130e-05
7.260540e+03	9.581231e-04	-1.605855e-03	1.054877e-05	-9.426357e-04	4.186770e-05	-1.531705e-05
7.272930e+03	1.824735e-03	-6.088882e-05	-2.450413e-05	-1.795535e-03	1.832445e-05	-2.894280e-05
7.285320e+03	1.045146e-03	1.470211e-03	-8.648697e-06	-1.006555e-03	1.350363e-05	-4.112379e-05
7.297710e+03	-6.806347e-04	1.619663e-03	2.668854e-06	7.304799e-04	-2.327494e-05	-4.749296e-05
7.310100e+03	-1.668293e-03	2.090215e-04	2.206847e-05	1.699439e-03	-6.376343e-06	-2.634958e-05
7.322490e+03	-1.104354e-03	-1.207328e-03	5.438509e-06	1.144635e-03	-1.300512e-05	-4.488077e-05
7.334880e+03	4.374062e-04	-1.525327e-03	5.386403e-05	-4.220539e-04	3.677810e-05	-1.542925e-05
7.347270e+03	1.505842e-03	-4.381084e-04	6.666389e-06	-1.499039e-03	1.732025e-05	-1.413161e-05
7.359660e+03	1.164548e-03	1.025239e-03	-9.230939e-06	-1.174826e-03	2.967940e-05	1.317301e-05
7.372050e+03	-2.324450e-04	1.493103e-03	-1.442295e-05	2.405834e-04	-2.712819e-05	-7.597473e-06
7.384440e+03	-1.352486e-03	5.899091e-04	-5.963232e-06	1.372426e-03	-5.399527e-05	-1.301946e-05
7.396830e+03	-1.255481e-03	-8.087734e-04	1.789118e-05	1.285817e-03	-4.975119e-06	-3.260288e-05
7.409220e+03	3.821607e-05	-1.418210e-03	3.255247e-05	7.888431e-06	1.388895e-05	-4.475958e-05
7.421610e+03	1.249760e-03	-7.337234e-04	-2.991508e-07	-1.215580e-03	1.868512e-05	-3.633086e-05
7.434000e+03	1.296113e-03	6.600420e-04	-1.403073e-06	-1.281325e-03	2.690526e-06	-1.249411e-05
7.446390e+03	2.385949e-04	1.418675e-03	-8.353100e-06	-1.918017e-04	-7.510208e-06	-4.605644e-05
7.458780e+03	-1.026293e-03	8.808621e-04	1.363306e-05	1.013870e-03	-1.779545e-05	1.383508e-05
7.471170e+03	-1.289400e-03	-3.403962e-04	2.985408e-05	1.293532e-03	-9.388640e-07	-9.212773e-07
7.483560e+03	-3.769816e-04	-1.248648e-03	1.882599e-05	3.918549e-04	-7.430038e-06	-1.527360e-05
7.495950e+03	8.211425e-04	-1.008191e-03	2.878002e-06	-7.831906e-04	2.361631e-05	-3.756270e-05
7.508340e+03	1.259705e-03	1.473140e-04	-5.756750e-06	-1.209773e-03	-1.151451e-05	-4.656356e-05
7.520730e+03	6.200718e-04	1.077214e-03	-2.273329e-05	-5.879769e-04	2.361992e-05	-3.125749e-05
7.533120e+03	-5.242405e-04	1.038151e-03	-3.013987e-06	5.494350e-04	-1.030705e-05	-2.487042e-05
7.545510e+03	-1.066913e-03	1.160685e-04	1.544656e-05	1.093819e-03	-2.459436e-05	-2.266457e-05
7.557900e+03	-6.659481e-04	-8.517006e-04	1.309931e-05	6.824470e-04	-2.224269e-06	-1.240985e-05
7.570290e+03	3.436145e-04	-9.912685e-04	4.224770e-05	-3.252792e-04	3.077698e-05	-1.853779e-05
7.582680e+03	9.860696e-04	-2.446489e-04	1.802519e-05	-9.479293e-04	7.509078e-06	-3.724761e-05
7.595070e+03	7.909503e-04	6.118923e-04	3.808269e-06	-7.342371e-04	2.587444e-05	-5.413499e-05
7.607460e+03	-7.196469e-05	9.365732e-04	4.756562e-06	9.726212e-05	1.416739e-05	-2.346388e-05
7.619850e+03	-8.003245e-04	4.206545e-04	-5.465718e-06	8.015102e-04	-1.557560e-05	-3.911390e-06
7.632240e+03	-7.469089e-04	-3.892014e-04	2.231728e-05	7.574228e-04	-3.427637e-06	-4.534319e-06
7.644630e+03	-5.709954e-05	-8.326077e-04	5.244057e-06	7.123754e-05	-2.077201e-05	-1.472878e-05
7.657020e+03	6.799751e-04	-4.885136e-04	3.791292e-05	-6.518125e-04	1.505569e-06	-3.000656e-05
7.669410e+03	8.065742e-04	2.868405e-04	2.422962e-05	-7.748416e-04	2.794369e-06	-3.562841e-05
7.681800e+03	2.838524e-04	7.596786e-04	-4.926618e-06	-2.375104e-04	1.071959e-05	-4.635135e-05
7.694190e+03	-4.944864e-04	6.073576e-04	5.968757e-06	5.327332e-04	-1.547229e-06	-3.556200e-05
7.706580e+03	-6.627414e-04	-2.382347e-05	6.155581e-06	7.329393e-04	-4.406518e-06	-7.071675e-05
7.718970e+03	-3.853460e-04	-5.628060e-04	1.524976e-05	3.916675e-04	-2.612092e-05	-4.794199e-06
7.731360e+03	2.609202e-04	-6.359836e-04	1.368839e-05	-2.480548e-04	-4.033933e-06	-1.309963e-05
7.743750e+03	6.562085e-04	-1.706757e-04	9.399017e-06	-6.299958e-04	7.662953e-06	-2.462638e-05
7.756140e+03	5.061762e-04	4.134184e-04	1.675962e-05	-4.641066e-04	-1.763663e-06	-4.177266e-05
7.768530e+03	1.958901e-05	6.039842e-04	1.788394e-05	-1.369262e-07	-1.588451e-05	-1.948584e-05
7.780920e+03	-4.394825e-04	3.414479e-04	-1.270473e-05	4.595707e-04	-9.425050e-06	-2.074280e-05
7.793310e+03	-4.812513e-04	-1.431078e-04	-5.216697e-06	5.031741e-04	-6.940362e-08	-1.844445e-05
7.805700e+03	-1.862491e-04	-4.508723e-04	2.212157e-05	2.092571e-04	-1.403626e-05	-2.219882e-05
7.818090e+03	2.530053e-04	-3.610679e-04	2.230520e-06	-2.594294e-04	9.604642e-06	3.616547e-06
7.830480e+03	4.686694e-04	-3.208988e-05	2.443263e-06	-4.275982e-04	-2.695507e-05	-4.127391e-05
7.842870e+03	2.777139e-04	3.150786e-04	1.272736e-05	-2.348277e-04	1.581581e-05	-4.281139e-05
7.855260e+03	-9.256634e-05	3.896490e-04	1.144275e-05	1.351391e-04	1.056230e-05	-4.279097e-05
7.867650e+03	-3.658318e-04	1.220062e-04	-8.722376e-07	4.093423e-04	-4.410119e-06	-4.311103e-05
7.880040e+03	-2.585153e-04	-1.858118e-04	2.078512e-05	2.822483e-04	4.479932e-06	-2.449198e-05
7.892430e+03	1.270876e-05	-3.036030e-04	-3.445029e-06	-8.114165e-06	-1.182923e-05	-3.987785e-06
7.904820e+03	2.780075e-04	-2.142435e-04	2.890908e-05	-2.659996e-04	-1.430960e-05	-1.284089e-05
7.917210e+03	3.328506e-04	8.154434e-05	1.112668e-05	-3.173807e-04	5.924406e-07	-1.773671e-05
7.929600e+03	1.379302e-04	3.162547e-04	2.515983e-05	-1.336494e-04	1.238103e-05	-6.292750e-06
7.941990e+03	-1.775476e-04	3.036676e-04	-2.822846e-06	1.816260e-04	-4.512527e-06	-3.629034e-06
7.954380e+03	-3.272593e-04	6.614052e-05	4.662057e-06	3.444889e-04	2.339636e-05	-1.782312e-05
7.966770e+03	-2.628464e-04	-2.427160e-04	6.486578e-06	2.723737e-04	5.744013e-06	-9.621377e-06
7.979160e+03	6.814255e-05	-3.404773e-04	-6.557672e-06	-4.416763e-05	3.212929e-06	-2.276088e-05
7.991550e+03	2.861792e-04	-2.009173e-04	2.143150e-05	-2.427731e-04	-5.452168e-06	-4.599014e-05
8.003940e+03	4.120620e-04	1.297974e-04	5.739221e-06	-3.733049e-04	2.846211e-05	-3.959525e-05
8.016330e+03	1.540494e-04	3.587701e-04	1.285622e-05	-9.718701e-05	-1.626384e-06	-5.250175e-05
8.028720e+03	-2.040606e-04	3.080103e-04	7.766573e-06	2.544454e-04	2.740268e-06	-5.026929e-05
8.041110e+03	-3.278347e-04	-1.155050e-05	2.365919e-05	3.697780e-04	-5.570789e-06	-4.173794e-05
8.053500e+03	-1.813765e-04	-3.196575e-04	1.227974e-05	2.205731e-04	-3.573541e-06	-3.778964e-05
8.065890e+03	1.331638e-04	-3.352481e-04	2.959858e-05	-1.293912e-04	3.579366e-06	-4.539477e-06
8.078280e+03	3.823353e-04	-1.069259e-04	1.932560e-05	-3.543221e-04	3.987597e-06	-2.604495e-05
