1.499190e+03	-3.692243e-02	-1.072509e-01	-1.706420e-05	3.723521e-02	1.713422e-06	-2.863526e-04
1.511580e+03	-4.281254e-03	-1.109798e-01	-3.123685e-05	4.231894e-03	-3.838084e-05	5.446317e-05
1.523970e+03	2.481319e-02	-1.074592e-01	-2.681792e-05	-2.461676e-02	-5.133824e-05	-2.606279e-04
1.536360e+03	5.271037e-02	-9.679504e-02	-1.085320e-05	-5.230663e-02	-6.773868e-05	-3.689645e-04
1.548750e+03	7.647377e-02	-7.916811e-02	-9.570658e-06	-7.620759e-02	-6.584268e-05	-2.722668e-04
1.561140e+03	9.503436e-02	-5.624031e-02	3.306761e-05	-9.504579e-02	2.373984e-06	3.829747e-05
1.573530e+03	1.066777e-01	-2.848544e-02	2.371558e-05	-1.066777e-01	-1.152801e-05	2.391326e-04
1.585920e+03	1.100000e-01	1.209950e-03	3.505359e-05	-1.100000e-01	-1.038127e-05	2.478919e-04
1.598310e+03	1.052389e-01	3.104689e-02	3.234635e-05	-1.052551e-01	1.332569e-05	2.161092e-04
1.610700e+03	9.274931e-02	5.755840e-02	6.849314e-07	-9.279237e-02	9.312263e-05	8.371012e-06
1.623090e+03	7.406905e-02	7.980909e-02	2.260097e-05	-7.420327e-02	7.090134e-06	7.317903e-05
1.635480e+03	5.010224e-02	9.674711e-02	-1.198854e-05	-5.050096e-02	1.870132e-05	3.966359e-04
1.647870e+03	2.240823e-02	1.068569e-01	-2.807684e-05	-2.302786e-02	2.972962e-05	6.110275e-04
1.660260e+03	-6.896713e-03	1.087931e-01	-3.738621e-05	6.462526e-03	1.060945e-05	4.403444e-04
1.672650e+03	-3.520348e-02	1.020348e-01	-4.847573e-05	3.490562e-02	2.092100e-05	2.585588e-04
1.685040e+03	-6.102280e-02	8.974583e-02	-2.392291e-05	6.068566e-02	-1.965112e-05	3.222483e-04
1.697430e+03	-8.297195e-02	7.055363e-02	-1.358934e-05	8.246754e-02	-2.472195e-06	5.101222e-04
1.709820e+03	-9.945628e-02	4.599151e-02	-1.218652e-05	9.845345e-02	-4.011634e-05	6.789233e-04
1.722210e+03	-1.080384e-01	1.758673e-02	9.041490e-06	1.077635e-01	-1.347038e-05	7.933614e-04
1.734600e+03	-1.092148e-01	-1.224501e-02	8.452964e-05	1.082081e-01	-2.056913e-05	6.633275e-04
1.746990e+03	-1.009240e-01	-4.091065e-02	2.967533e-05	1.008504e-01	-2.620268e-05	4.455495e-04
1.759380e+03	-8.637329e-02	-6.649790e-02	2.913591e-05	8.596286e-02	-3.812898e-05	4.163072e-04
1.771770e+03	-6.570140e-02	-8.749005e-02	2.207463e-05	6.510717e-02	-8.756012e-06	5.767575e-04
1.784160e+03	-3.999027e-02	-1.021449e-01	4.063110e-05	3.920075e-02	-5.745180e-06	7.745927e-04
1.796550e+03	-1.041955e-02	-1.099558e-01	-3.402784e-05	9.693545e-03	-6.316787e-05	7.263974e-04
1.808940e+03	2.001208e-02	-1.077177e-01	3.024443e-05	-2.045198e-02	-5.503249e-07	5.242350e-04
1.821330e+03	4.858267e-02	-9.843928e-02	1.997416e-05	-4.887638e-02	2.518268e-05	3.121196e-04
1.833720e+03	7.406030e-02	-8.195782e-02	2.847737e-05	-7.443526e-02	1.403222e-05	3.936409e-04
1.846110e+03	9.480245e-02	-5.833272e-02	2.812065e-05	-9.505503e-02	6.251599e-06	5.745414e-04
1.858500e+03	1.079489e-01	-2.969015e-02	5.239143e-05	-1.089463e-01	1.742696e-05	5.910235e-04
1.870890e+03	1.120000e-01	2.224107e-03	2.328061e-05	-1.125703e-01	7.970622e-05	4.814789e-04
1.883280e+03	1.079215e-01	3.433473e-02	8.268243e-06	-1.079191e-01	6.135824e-05	3.005646e-04
1.895670e+03	9.349114e-02	6.386220e-02	-2.825246e-05	-9.366825e-02	1.009967e-04	2.055767e-04
1.908060e+03	7.170962e-02	8.838464e-02	-4.422403e-05	-7.184413e-02	5.713092e-05	1.446638e-04
1.920450e+03	4.343945e-02	1.055883e-01	-5.315700e-05	-4.363923e-02	3.955156e-05	1.838874e-04
1.932840e+03	1.055398e-02	1.145762e-01	-8.906310e-05	-1.083335e-02	2.844698e-05	2.955362e-04
1.945230e+03	-2.377645e-02	1.130640e-01	-1.158449e-04	2.363585e-02	9.858183e-06	1.839214e-04
1.957620e+03	-5.644961e-02	1.017398e-01	-5.396121e-05	5.644287e-02	-2.254058e-05	-6.297017e-05
1.970010e+03	-8.449179e-02	8.064611e-02	-7.873215e-05	8.471805e-02	-5.183002e-05	-1.711360e-04
1.982400e+03	-1.058177e-01	5.198444e-02	-4.492803e-06	1.058095e-01	-7.345436e-05	1.694673e-05
1.994790e+03	-1.186043e-01	1.727313e-02	-3.838440e-06	1.186043e-01	-8.689135e-05	3.845919e-05
2.007180e+03	-1.180356e-01	-2.052854e-02	2.594572e-05	1.180145e-01	-7.312087e-05	-3.438705e-05
2.019570e+03	-1.054962e-01	-5.660394e-02	8.246218e-05	1.065133e-01	-7.328149e-05	-2.785276e-04
2.031960e+03	-8.307481e-02	-8.728079e-02	7.869232e-05	8.340755e-02	-3.797166e-05	-3.976040e-04
2.044350e+03	-5.166426e-02	-1.096655e-01	4.901689e-05	5.211872e-02	-3.924556e-05	-4.259237e-04
2.056740e+03	-1.428930e-02	-1.209144e-01	3.513242e-05	1.458908e-02	-2.664197e-05	-3.281402e-04
2.069130e+03	2.575372e-02	-1.202887e-01	5.748899e-05	-2.545372e-02	-2.125943e-05	-2.871636e-04
2.081520e+03	6.379164e-02	-1.064584e-01	6.671242e-05	-6.349589e-02	6.020928e-05	-3.134302e-04
2.093910e+03	9.545421e-02	-7.957189e-02	6.267167e-05	-9.500713e-02	1.091556e-04	-4.504480e-04
2.106300e+03	1.169765e-01	-4.390589e-02	6.022905e-05	-1.166175e-01	5.593457e-05	-5.260204e-04
2.118690e+03	1.259777e-01	-2.586485e-03	1.614025e-05	-1.249771e-01	1.262451e-04	-4.074614e-04
2.131080e+03	1.199856e-01	4.019176e-02	-1.562113e-05	-1.197502e-01	9.318124e-05	-4.553031e-04
2.143470e+03	9.963160e-02	7.866801e-02	-1.030207e-05	-9.953015e-02	7.467171e-05	-3.202980e-04
2.155860e+03	6.702131e-02	1.077868e-01	-1.456738e-04	-6.651263e-02	1.441378e-04	-4.656293e-04
2.168250e+03	2.622988e-02	1.247797e-01	-1.333829e-04	-2.562214e-02	2.834448e-05	-5.629068e-04
2.180640e+03	-1.806289e-02	1.263580e-01	-1.432492e-04	1.858209e-02	-7.157824e-06	-5.470209e-04
2.193030e+03	-6.060000e-02	1.132533e-01	-1.509673e-04	6.120226e-02	-3.016317e-05	-5.283117e-04
2.205420e+03	-9.702496e-02	8.490016e-02	-6.891097e-05	9.711217e-02	-1.190417e-04	-2.263443e-04
2.217810e+03	-1.207479e-01	4.577700e-02	-6.554618e-05	1.206919e-01	-1.393311e-04	-2.458006e-04
2.230200e+03	-1.289620e-01	-8.389304e-05	8.590519e-05	1.299378e-01	-1.588077e-04	-2.222997e-04
2.242590e+03	-1.217659e-01	-4.604117e-02	1.504276e-04	1.216227e-01	-8.050720e-05	-2.795394e-04
2.254980e+03	-9.673457e-02	-8.599688e-02	2.615903e-05	9.705557e-02	-1.198069e-04	-3.520480e-04
2.267370e+03	-6.013590e-02	-1.154246e-01	1.933149e-04	6.044736e-02	7.934457e-06	-2.881640e-04
2.279760e+03	-1.552947e-02	-1.288178e-01	8.097760e-05	1.559398e-02	-6.523510e-05	-7.366378e-05
2.292150e+03	3.189557e-02	-1.267146e-01	1.909340e-04	-3.179451e-02	7.131472e-05	-3.903006e-05
2.304540e+03	7.544582e-02	-1.065967e-01	1.363508e-04	-7.533683e-02	6.424421e-05	-1.292737e-04
2.316930e+03	1.084008e-01	-7.231647e-02	8.176429e-05	-1.084062e-01	3.301986e-05	-2.277173e-05
2.329320e+03	1.278326e-01	-2.817349e-02	7.601609e-05	-1.278326e-01	1.302466e-04	-4.164323e-05
2.341710e+03	1.291856e-01	2.032326e-02	4.415212e-05	-1.297014e-01	2.078359e-04	1.377577e-04
2.354100e+03	1.135089e-01	6.627767e-02	-2.431278e-05	-1.135829e-01	1.671978e-04	3.132281e-04
2.366490e+03	8.098214e-02	1.038462e-01	-1.121707e-04	-8.126817e-02	1.550891e-04	2.330827e-04
2.378880e+03	3.771394e-02	1.260628e-01	-2.097495e-04	-3.781238e-02	1.880448e-04	8.730856e-05
2.391270e+03	-1.090845e-02	1.308536e-01	-1.802467e-04	1.085289e-02	2.407413e-05	6.010165e-05
2.403660e+03	-5.862856e-02	1.178558e-01	-2.034851e-04	5.844943e-02	-5.587192e-05	1.871400e-04
2.416050e+03	-9.890245e-02	8.842704e-02	-1.909423e-04	9.820796e-02	-1.293387e-04	3.763247e-04
2.428440e+03	-1.246873e-01	4.536330e-02	-1.402353e-04	1.247094e-01	-1.788206e-04	5.036197e-04
2.440830e+03	-1.328967e-01	-5.138198e-03	-1.038934e-05	1.320000e-01	-2.087064e-04	4.894439e-04
2.453220e+03	-1.221516e-01	-5.514561e-02	5.374517e-05	1.211364e-01	-1.932492e-04	4.150196e-04
2.465610e+03	-9.202534e-02	-9.730821e-02	6.613480e-05	9.161538e-02	-1.903403e-04	4.584997e-04
2.478000e+03	-4.821500e-02	-1.260034e-01	1.428432e-04	4.773314e-02	-9.281037e-05	5.199886e-04
2.490390e+03	3.631955e-03	-1.347656e-01	2.331086e-04	-4.193423e-03	-2.513502e-06	5.766267e-04
2.502780e+03	5.638209e-02	-1.236248e-01	2.327000e-04	-5.678074e-02	7.571352e-05	4.422123e-04
2.515170e+03	1.006828e-01	-9.214518e-02	1.521071e-04	-1.007778e-01	6.654222e-05	5.181122e-04
2.527560e+03	1.288990e-01	-4.471767e-02	9.791998e-05	-1.299668e-01	1.297758e-04	4.928906e-04
2.539950e+03	1.369588e-01	1.090248e-02	8.055449e-05	-1.370000e-01	2.530429e-04	3.779140e-04
2.552340e+03	1.222392e-01	6.622924e-02	-1.119639e-06	-1.226490e-01	2.351188e-04	5.705182e-04
2.564730e+03	8.491992e-02	1.116385e-01	-1.753727e-04	-8.549878e-02	3.779066e-04	6.155566e-04
2.577120e+03	3.140978e-02	1.385536e-01	-1.784602e-04	-3.175085e-02	7.802707e-05	3.841152e-04
2.589510e+03	-2.989500e-02	1.402042e-01	-3.699332e-04	2.931810e-02	6.473743e-05	5.356601e-04
2.601900e+03	-8.721373e-02	1.147894e-01	-2.170442e-04	8.663571e-02	-1.633679e-04	5.758714e-04
2.614290e+03	-1.299802e-01	6.611539e-02	-1.479062e-04	1.290774e-01	-3.151103e-04	6.876912e-04
2.626680e+03	-1.460000e-01	1.817759e-03	-5.534123e-05	1.458599e-01	-2.844462e-04	7.960281e-04
2.639070e+03	-1.349919e-01	-6.572057e-02	1.889999e-04	1.339919e-01	-2.379990e-04	9.700068e-04
2.651460e+03	-8.940463e-02	-1.221294e-01	1.576359e-04	8.835205e-02	-2.010960e-04	1.062017e-03
2.663850e+03	-2.174036e-02	-1.507273e-01	2.603714e-04	2.042996e-02	-1.091185e-04	1.298061e-03
2.676240e+03	5.520595e-02	-1.440900e-01	2.567598e-04	-5.667959e-02	1.297512e-04	1.433272e-03
2.688630e+03	1.219150e-01	-9.783211e-02	2.681073e-04	-1.231998e-01	1.541983e-04	1.670916e-03
2.701020e+03	1.550018e-01	-2.036636e-02	7.649470e-05	-1.566918e-01	2.445599e-04	1.730076e-03
2.713410e+03	1.415211e-01	6.989717e-02	7.901515e-05	-1.434717e-01	5.133107e-04	2.022874e-03
2.725800e+03	7.857694e-02	1.393210e-01	-2.411988e-04	-7.968139e-02	4.907510e-04	1.246811e-03
2.738190e+03	-1.758119e-02	1.558500e-01	-4.656215e-04	1.645448e-02	8.452859e-05	1.071070e-03
2.750580e+03	-1.077885e-01	1.119522e-01	-5.453244e-04	1.074513e-01	-2.920389e-04	6.299038e-04
2.762970e+03	-1.473994e-01	1.671459e-02	-6.943110e-05	1.482238e-01	-4.929120e-04	-5.939642e-04
2.775360e+03	-1.143245e-01	-8.281884e-02	2.873405e-04	1.152978e-01	-4.726154e-04	-1.213318e-03
2.787750e+03	-1.818896e-02	-1.249210e-01	5.154988e-04	2.205917e-02	-1.753714e-04	-3.847779e-03
2.800140e+03	6.958813e-02	-8.753657e-02	2.314385e-04	-6.624355e-02	1.236426e-04	-3.306263e-03
2.812530e+03	9.330212e-02	-7.869427e-03	8.354507e-04	-9.156287e-02	5.950733e-04	-1.815605e-03
2.824920e+03	5.313646e-02	5.876636e-02	-4.245189e-04	-4.785275e-02	2.865677e-04	-5.192709e-03
2.837310e+03	-1.125470e-02	5.277905e-02	-6.602875e-04	1.582534e-02	-7.319250e-05	-4.600838e-03
2.849700e+03	-2.868425e-02	8.554034e-03	-1.759700e-04	3.390685e-02	-2.023081e-04	-5.345884e-03
2.862090e+03	-7.958352e-03	-1.734056e-02	-7.179569e-05	9.884520e-03	-2.616319e-04	-1.963927e-03
2.874480e+03	2.508216e-02	8.769009e-04	8.705800e-05	-1.904484e-02	-1.337141e-04	-5.981697e-03
2.886870e+03	1.376256e-03	2.797159e-02	-7.433507e-04	6.367165e-04	-9.507639e-05	-2.108675e-03
2.899260e+03	-3.427484e-02	1.899581e-02	-4.584136e-04	3.611823e-02	3.474745e-05	-2.040939e-03
2.911650e+03	-4.462595e-02	-2.372621e-02	-3.454730e-04	4.551319e-02	-3.190262e-05	-8.544576e-04
2.924040e+03	-7.141970e-03	-5.829030e-02	-4.026122e-05	6.117952e-03	-5.893357e-05	9.200679e-04
2.936430e+03	5.114211e-02	-4.596416e-02	-1.353550e-04	-5.220819e-02	-1.099792e-04	1.297381e-03
2.948820e+03	7.031763e-02	1.376663e-02	1.156654e-04	-7.348387e-02	2.854828e-05	3.408191e-03
2.961210e+03	3.635337e-02	7.303204e-02	-8.511777e-06	-3.981190e-02	1.127203e-04	3.326103e-03
2.973600e+03	-3.664646e-02	7.943700e-02	-8.041327e-05	3.332943e-02	8.970587e-05	3.284984e-03
2.985990e+03	-8.975359e-02	2.643870e-02	-3.204980e-04	8.885436e-02	-4.196625e-05	9.631507e-04
2.998380e+03	-7.963028e-02	-5.843170e-02	-1.267204e-04	7.928095e-02	-1.741952e-04	3.821292e-04
3.010770e+03	-1.361342e-03	-9.991760e-02	2.608499e-04	2.995349e-03	-2.630636e-05	-1.619637e-03
3.023160e+03	8.108538e-02	-6.484108e-02	-8.257947e-05	-7.823103e-02	-9.534765e-05	-2.737240e-03
3.035550e+03	1.000500e-01	2.681683e-02	-9.674129e-05	-9.767045e-02	1.504733e-04	-2.792094e-03
3.047940e+03	3.873970e-02	9.667900e-02	1.844485e-04	-3.620893e-02	1.624554e-04	-2.591977e-03
3.060330e+03	-5.499153e-02	8.354947e-02	-3.712665e-04	5.560015e-02	-3.148586e-05	-5.941100e-04
3.072720e+03	-9.637700e-02	2.875193e-03	-1.812462e-05	9.561477e-02	-1.390986e-04	8.957032e-04
3.085110e+03	-5.528961e-02	-7.475618e-02	3.880402e-04	5.402683e-02	-7.247361e-05	1.383995e-03
3.097500e+03	2.930512e-02	-8.448134e-02	-2.312413e-05	-2.962152e-02	-5.126968e-05	3.369540e-04
3.109890e+03	8.034882e-02	-2.559500e-02	-4.370421e-05	-8.096064e-02	1.464884e-04	7.250762e-04
3.122280e+03	6.246094e-02	4.925590e-02	-1.156847e-04	-6.297745e-02	1.675473e-04	4.743997e-04
3.134670e+03	-4.812647e-03	7.509037e-02	-5.814197e-04	4.766714e-03	7.326777e-05	6.226874e-05
3.147060e+03	-5.844794e-02	3.528608e-02	2.399730e-04	5.869864e-02	-2.904676e-05	-3.308994e-04
3.159450e+03	-5.426106e-02	-2.863236e-02	-2.292066e-04	5.458919e-02	-9.473999e-05	-3.424386e-04
3.171840e+03	-9.514342e-03	-5.553773e-02	5.692608e-04	6.869286e-03	-3.804165e-05	2.581032e-03
3.184230e+03	4.512162e-02	-2.823615e-02	3.840875e-04	-4.394536e-02	6.164348e-05	-1.132244e-03
3.196620e+03	3.758127e-02	2.057904e-02	-1.045302e-03	-3.873756e-02	1.040546e-04	1.196529e-03
3.209010e+03	-2.857239e-04	4.322077e-02	-4.801733e-04	2.437592e-03	-4.106224e-05	-2.165114e-03
3.221400e+03	-3.692525e-02	1.542058e-02	-8.555402e-05	3.914732e-02	-1.200237e-04	-2.289525e-03
3.233790e+03	-2.906807e-02	-3.136257e-02	2.191235e-04	3.020736e-02	-1.284534e-04	-1.305352e-03
3.246180e+03	1.719733e-02	-4.238146e-02	1.057885e-04	-1.602409e-02	-1.032990e-05	-1.192455e-03
3.258570e+03	4.693452e-02	-6.205973e-03	-9.826514e-05	-4.685689e-02	1.598430e-04	-8.150655e-05
3.270960e+03	3.237007e-02	4.450504e-02	-1.685410e-04	-3.136141e-02	1.679705e-04	-9.661814e-04
3.283350e+03	-2.419214e-02	5.200531e-02	4.029580e-04	2.334298e-02	2.442678e-05	8.718032e-04
3.295740e+03	-5.848635e-02	1.032309e-02	3.421543e-04	5.878527e-02	-1.281014e-04	-3.848932e-04
3.308130e+03	-4.422365e-02	-4.762827e-02	-2.568452e-05	4.347944e-02	-1.442886e-04	7.493817e-04
3.320520e+03	1.612731e-02	-6.563594e-02	3.279903e-04	-1.705642e-02	-5.915135e-05	8.966218e-04
3.332910e+03	6.079753e-02	-2.267410e-02	-1.178422e-04	-6.362710e-02	1.977304e-04	2.866848e-03
3.345300e+03	5.704919e-02	4.314511e-02	-2.456881e-06	-5.808258e-02	2.602610e-04	1.043286e-03
3.357690e+03	-9.558348e-04	7.221195e-02	-2.555556e-04	1.175533e-03	5.514569e-05	-2.557500e-04
3.370080e+03	-6.106033e-02	3.876929e-02	-7.966050e-04	6.118511e-02	-1.823601e-04	-1.221042e-04
3.382470e+03	-6.685130e-02	-2.896413e-02	-7.113145e-05	6.697864e-02	-2.805029e-04	-2.360800e-04
3.394860e+03	-1.061805e-02	-7.071828e-02	5.179189e-04	1.192941e-02	-1.266772e-04	-1.315376e-03
3.407250e+03	5.547732e-02	-4.828638e-02	6.439717e-05	-5.329634e-02	9.900461e-05	-1.997142e-03
3.419640e+03	6.879309e-02	1.776032e-02	2.154229e-04	-6.734503e-02	2.862538e-04	-1.521815e-03
3.432030e+03	1.960228e-02	6.380718e-02	6.994313e-05	-1.892366e-02	2.066993e-04	-7.346046e-04
3.444420e+03	-4.343809e-02	4.915643e-02	-3.039396e-04	4.337212e-02	-1.885566e-05	6.514704e-05
3.456810e+03	-6.212452e-02	-9.958105e-03	2.114041e-04	6.202938e-02	-1.880641e-04	9.653037e-05
3.469200e+03	-2.261563e-02	-5.665533e-02	1.031931e-03	2.271862e-02	-1.409578e-04	-5.855911e-05
3.481590e+03	3.098554e-02	-4.880601e-02	7.660997e-04	-3.257422e-02	8.051111e-05	1.453383e-03
3.493980e+03	5.805665e-02	3.531057e-03	2.457741e-04	-5.690000e-02	1.337904e-04	-1.126866e-03
3.506370e+03	2.603889e-02	4.724991e-02	3.744138e-04	-2.670869e-02	2.329056e-04	6.770657e-04
3.518760e+03	-2.504227e-02	4.677583e-02	-9.952726e-05	2.460530e-02	8.195656e-05	3.393175e-04
3.531150e+03	-5.163576e-02	3.864439e-03	-5.954424e-05	5.059027e-02	-1.155402e-04	9.327553e-04
3.543540e+03	-2.922163e-02	-4.042721e-02	3.378984e-04	2.880725e-02	-1.670817e-04	4.137180e-04
3.555930e+03	2.058257e-02	-4.388428e-02	1.957411e-05	-1.958782e-02	-5.368897e-05	-9.814939e-04
3.568320e+03	4.530216e-02	-6.456918e-03	5.406005e-04	-4.460808e-02	8.675535e-05	-5.678755e-04
3.580710e+03	2.752288e-02	3.671645e-02	-1.695950e-04	-2.652924e-02	1.863378e-04	-9.612571e-04
3.593100e+03	-1.725599e-02	4.083327e-02	4.061587e-04	1.744635e-02	8.335546e-05	-3.548300e-04
3.605490e+03	-4.231428e-02	3.468994e-03	2.014539e-04	4.247920e-02	-8.708103e-05	-1.474065e-04
3.617880e+03	-2.275310e-02	-3.518330e-02	-1.620592e-04	2.354527e-02	-1.320827e-04	-7.323970e-04
3.630270e+03	1.856509e-02	-3.922564e-02	9.295190e-05	-1.844764e-02	-3.330992e-05	-2.483708e-04
3.642660e+03	4.394559e-02	-4.381978e-03	6.540721e-05	-4.308339e-02	1.192737e-04	-7.781145e-04
3.655050e+03	2.594962e-02	3.747167e-02	2.359834e-04	-2.544936e-02	1.519710e-04	-4.670089e-04
3.667440e+03	-1.622573e-02	4.201689e-02	-1.113003e-03	1.671900e-02	4.948668e-05	-5.557420e-04
3.679830e+03	-4.535167e-02	7.289788e-03	-4.299064e-04	4.434544e-02	-8.100565e-05	8.302588e-04
3.692220e+03	-3.035417e-02	-3.453064e-02	6.813924e-04	2.970501e-02	-7.081455e-05	6.743055e-04
3.704610e+03	1.384401e-02	-4.474679e-02	7.131272e-05	-1.344983e-02	-4.795044e-06	-3.690934e-04
3.717000e+03	4.367024e-02	-1.212340e-02	-5.532523e-05	-4.344406e-02	9.329940e-05	-4.391414e-04
3.729390e+03	3.455045e-02	3.139110e-02	-2.823194e-04	-3.399126e-02	1.154054e-04	-3.904141e-04
3.741780e+03	-9.496568e-03	4.471423e-02	-1.051863e-04	9.117040e-03	7.530178e-05	3.331280e-04
3.754170e+03	-4.113336e-02	1.620521e-02	2.325706e-04	4.198679e-02	-1.036740e-04	-7.581631e-04
3.766560e+03	-3.638648e-02	-2.760888e-02	1.136159e-04	3.606248e-02	-1.042794e-04	2.317391e-04
3.778950e+03	6.406503e-03	-4.474964e-02	5.192623e-04	-5.820680e-03	-3.731660e-06	-4.827079e-04
3.791340e+03	4.134620e-02	-1.900388e-02	-1.869081e-04	-4.106336e-02	1.009559e-04	-2.934548e-04
3.803730e+03	3.823914e-02	2.645807e-02	4.346168e-05	-3.746400e-02	1.843136e-04	-8.286636e-04
3.816120e+03	-1.320958e-03	4.500656e-02	6.744027e-05	1.869534e-03	9.801577e-05	-5.266241e-04
3.828510e+03	-3.958207e-02	2.266774e-02	-3.928618e-04	3.928693e-02	-8.126071e-05	2.259516e-04
3.840900e+03	-3.960120e-02	-2.070290e-02	1.088962e-03	3.941944e-02	-1.345586e-04	2.629949e-04
3.853290e+03	-4.018074e-03	-4.470711e-02	-6.811299e-06	3.579702e-03	-2.457052e-05	4.618839e-04
3.865680e+03	3.407978e-02	-2.723969e-02	8.715956e-05	-3.469151e-02	7.110458e-05	5.879720e-04
3.878070e+03	4.136147e-02	1.638258e-02	1.109627e-04	-4.113539e-02	1.310000e-04	-2.405109e-04
3.890460e+03	8.323558e-03	4.341239e-02	-2.392913e-04	-8.339605e-03	1.360630e-04	1.878278e-05
3.902850e+03	-3.198208e-02	2.878276e-02	-1.917575e-04	3.152875e-02	-2.940996e-05	3.979807e-04
3.915240e+03	-4.205997e-02	-1.073525e-02	1.114775e-04	4.132737e-02	-1.602368e-04	7.688138e-04
3.927630e+03	-9.936218e-03	-3.991756e-02	3.492117e-04	1.062947e-02	-9.903426e-05	-6.216093e-04
3.940020e+03	2.685736e-02	-3.009452e-02	2.269031e-04	-2.682903e-02	4.444154e-05	3.553670e-05
3.952410e+03	3.977951e-02	7.799934e-03	1.696305e-04	-3.904911e-02	1.965730e-04	-6.859155e-04
3.964800e+03	1.535624e-02	3.717423e-02	5.481930e-04	-1.401080e-02	1.406674e-04	-1.284684e-03
3.977190e+03	-2.410175e-02	3.133794e-02	3.123243e-04	2.427595e-02	2.446122e-06	-2.745994e-04
3.989580e+03	-3.748667e-02	-4.971927e-03	-5.952779e-04	3.762739e-02	-1.072835e-04	-2.190425e-04
4.001970e+03	-1.459283e-02	-3.536753e-02	2.141370e-04	1.519103e-02	-1.377786e-04	-5.888035e-04
4.014360e+03	2.090339e-02	-3.187975e-02	-1.871531e-04	-2.083543e-02	2.453360e-05	-6.005714e-05
4.026750e+03	3.865903e-02	1.213918e-03	-4.142625e-04	-3.777011e-02	1.654105e-04	-9.434850e-04
4.039140e+03	1.882330e-02	3.326527e-02	1.457903e-04	-1.839390e-02	1.179475e-04	-4.110851e-04
4.051530e+03	-1.867997e-02	3.164681e-02	-2.556818e-04	1.822470e-02	4.245945e-05	4.941558e-04
4.063920e+03	-3.579694e-02	1.879435e-03	-4.435086e-05	3.546909e-02	-7.862512e-05	3.128301e-04
4.076310e+03	-1.986692e-02	-2.948381e-02	5.295798e-04	1.937737e-02	-8.185574e-05	5.116495e-04
4.088700e+03	1.521758e-02	-3.244782e-02	-3.268284e-05	-1.514069e-02	1.707245e-05	-1.793634e-04
4.101090e+03	3.474132e-02	-2.781261e-03	1.766261e-04	-3.409490e-02	1.128022e-04	-6.798678e-04
4.113480e+03	2.125712e-02	3.043359e-02	3.216502e-04	-2.035598e-02	8.193086e-05	-8.859793e-04
4.125870e+03	-1.344879e-02	3.248295e-02	1.267540e-04	1.359727e-02	6.077912e-05	-1.668802e-04
4.138260e+03	-3.449475e-02	5.973888e-03	-3.681123e-05	3.402527e-02	-1.280417e-04	4.034938e-04
4.150650e+03	-2.077489e-02	-2.645658e-02	-3.143288e-04	2.106183e-02	-9.911203e-05	-3.506212e-04
4.163040e+03	1.128185e-02	-3.147563e-02	2.766677e-04	-1.116539e-02	-8.177659e-05	-1.088609e-04
4.175430e+03	3.263946e-02	-7.654895e-03	1.455524e-04	-3.215836e-02	5.420093e-05	-5.250317e-04
4.187820e+03	2.348360e-02	2.493459e-02	1.241029e-04	-2.276535e-02	1.140000e-04	-7.050044e-04
4.200210e+03	-1.048504e-02	3.151987e-02	-5.564211e-04	9.756309e-03	4.697131e-05	6.958018e-04
4.212600e+03	-3.148827e-02	7.732570e-03	1.279599e-04	3.100554e-02	-3.675718e-05	3.913351e-04
4.224990e+03	-2.315274e-02	-2.228686e-02	-3.227441e-04	2.268532e-02	-8.064078e-05	3.965151e-04
4.237380e+03	7.744319e-03	-3.039002e-02	6.284957e-04	-7.629618e-03	-2.931086e-05	-1.372053e-04
4.249770e+03	3.156740e-02	-8.508186e-03	-4.065508e-04	-3.073229e-02	5.053937e-05	-7.677876e-04
4.262160e+03	2.401175e-02	2.209121e-02	1.413657e-04	-2.338710e-02	7.084165e-05	-5.860849e-04
4.274550e+03	-5.085764e-03	3.078048e-02	-4.829542e-04	5.717786e-03	-7.038640e-06	-5.838746e-04
4.286940e+03	-2.876099e-02	1.161454e-02	9.614951e-06	2.892735e-02	-8.758443e-05	-2.201812e-04
4.299330e+03	-2.465386e-02	-1.815025e-02	3.598765e-04	2.427961e-02	-8.174781e-05	3.296948e-04
4.311720e+03	4.917046e-03	-3.078935e-02	-3.449945e-04	-4.260142e-03	4.059545e-05	-5.955316e-04
4.324110e+03	2.618205e-02	-1.114475e-02	1.295090e-05	-2.666030e-02	1.063688e-04	4.761370e-04
4.336500e+03	2.346910e-02	1.866818e-02	-4.903913e-05	-2.363994e-02	1.170750e-04	9.631714e-05
4.348890e+03	-1.720671e-03	3.022449e-02	4.397746e-04	2.139521e-03	1.260529e-05	-4.695592e-04
4.361280e+03	-2.710869e-02	1.404565e-02	1.187072e-04	2.643521e-02	-8.541051e-05	6.692457e-04
4.373670e+03	-2.417574e-02	-1.716627e-02	2.675963e-04	2.402221e-02	-1.329982e-04	1.641111e-04
4.386060e+03	2.406274e-03	-2.777024e-02	8.141872e-04	-1.854689e-03	-4.462212e-05	-5.500946e-04
4.398450e+03	2.426676e-02	-1.302893e-02	7.564252e-04	-2.449316e-02	6.719064e-05	1.803351e-04
4.410840e+03	2.504597e-02	1.546117e-02	-6.423154e-05	-2.446453e-02	9.226295e-05	-6.047470e-04
4.423230e+03	1.168697e-03	2.777951e-02	3.101148e-04	-6.223879e-04	6.578785e-05	-4.789757e-04
4.435620e+03	-2.282525e-02	1.622479e-02	-2.929537e-05	2.327704e-02	-7.435910e-05	-4.363563e-04
4.448010e+03	-2.454206e-02	-1.236521e-02	-7.120622e-04	2.438400e-02	-6.204201e-05	1.901744e-04
4.460400e+03	-1.317840e-03	-2.718241e-02	-3.959883e-04	1.804919e-03	1.731550e-06	-4.694259e-04
4.472790e+03	2.329950e-02	-1.615168e-02	3.545474e-04	-2.240301e-02	2.816839e-05	-9.303264e-04
4.485180e+03	2.576210e-02	1.076640e-02	-7.348309e-04	-2.482371e-02	1.113923e-04	-9.750785e-04
4.497570e+03	2.583887e-03	2.649531e-02	3.520628e-04	-2.593789e-03	7.637003e-05	7.478193e-06
4.509960e+03	-2.011932e-02	1.571411e-02	-4.286102e-04	2.030072e-02	-5.943469e-05	-1.224043e-04
4.522350e+03	-2.390244e-02	-1.049785e-02	-1.516262e-04	2.353599e-02	-7.618104e-05	1.952324e-04
4.534740e+03	-4.314300e-03	-2.504201e-02	4.283364e-04	3.884318e-03	-4.848047e-05	3.743499e-04
4.547130e+03	1.962425e-02	-1.563969e-02	-3.691145e-04	-1.939333e-02	9.184398e-05	-2.287980e-04
4.559520e+03	2.426071e-02	1.032395e-02	-3.197054e-04	-2.364886e-02	1.016738e-04	-6.117250e-04
4.571910e+03	5.444305e-03	2.526406e-02	-6.025616e-04	-4.942706e-03	5.263541e-05	-5.101516e-04
4.584300e+03	-1.819281e-02	1.682833e-02	2.752204e-04	1.828620e-02	-2.866498e-05	6.642933e-06
4.596690e+03	-2.361482e-02	-6.336603e-03	-1.737324e-04	2.343801e-02	-7.525515e-05	2.612698e-04
4.609080e+03	-5.743039e-03	-2.408233e-02	5.724960e-04	5.894394e-03	-3.595623e-05	-1.618371e-04
4.621470e+03	1.755219e-02	-1.795297e-02	5.153685e-04	-1.705828e-02	6.542407e-05	-4.685907e-04
4.633860e+03	2.256600e-02	6.711515e-03	-9.376693e-05	-2.229576e-02	1.171310e-04	-2.977973e-04
4.646250e+03	6.780211e-03	2.323091e-02	-6.296264e-04	-6.380482e-03	6.190449e-05	-3.913410e-04
4.658640e+03	-1.598426e-02	1.668589e-02	-2.835945e-04	1.601775e-02	-4.234189e-05	5.011551e-05
4.671030e+03	-2.272039e-02	-4.897012e-03	-5.610566e-05	2.272345e-02	-1.010240e-04	2.544979e-04
4.683420e+03	-6.432969e-03	-2.226070e-02	-5.525372e-04	6.747532e-03	-3.394839e-05	-3.089327e-04
4.695810e+03	1.555052e-02	-1.545563e-02	2.429782e-04	-1.504629e-02	5.868332e-05	-4.898747e-04
4.708200e+03	2.187893e-02	2.885190e-03	-2.394429e-04	-2.176702e-02	7.982607e-05	-9.012192e-05
4.720590e+03	8.899163e-03	2.166786e-02	-4.062919e-04	-8.450696e-03	6.305208e-05	-3.643680e-04
4.732980e+03	-1.328608e-02	1.915373e-02	4.189761e-04	1.332526e-02	-2.421740e-05	-9.512587e-06
4.745370e+03	-2.344804e-02	-3.284005e-03	-3.390018e-04	2.275896e-02	-5.393514e-05	6.859032e-04
4.757760e+03	-1.034908e-02	-2.087045e-02	3.869713e-04	9.956089e-03	-5.974693e-05	3.871765e-04
4.770150e+03	1.170321e-02	-1.873884e-02	8.531228e-04	-1.149982e-02	6.713161e-05	-1.236032e-04
4.782540e+03	2.174892e-02	2.144731e-03	7.359621e-04	-2.126733e-02	1.049139e-04	-4.628542e-04
4.794930e+03	1.074707e-02	1.985877e-02	-4.879734e-04	-1.029706e-02	9.852802e-05	-4.356279e-04
4.807320e+03	-1.334174e-02	1.650000e-02	-6.043492e-04	1.261171e-02	-1.580538e-04	8.995687e-04
4.819710e+03	-2.057550e-02	7.907992e-04	-7.728831e-04	2.067634e-02	-4.639920e-05	-1.430785e-05
4.832100e+03	-1.134517e-02	-1.614809e-02	-4.004843e-05	1.112804e-02	1.175079e-05	2.133738e-04
4.844490e+03	9.011641e-03	-1.798045e-02	-7.615679e-05	-8.772266e-03	4.636806e-05	-2.627212e-04
4.856880e+03	2.009430e-02	-1.575661e-03	1.830652e-04	-1.953200e-02	7.881952e-05	-6.005117e-04
4.869270e+03	1.059959e-02	1.597778e-02	-2.166862e-04	-1.076780e-02	7.157609e-05	1.670778e-04
4.881660e+03	-8.699759e-03	1.984557e-02	-3.205295e-04	8.001012e-03	2.728406e-05	7.557500e-04
4.894050e+03	-1.806654e-02	2.742545e-03	-1.765392e-04	1.818402e-02	-3.991551e-06	-9.363470e-05
4.906440e+03	-1.168746e-02	-1.421349e-02	-3.989618e-04	1.183092e-02	-8.982002e-05	-9.620936e-05
4.918830e+03	4.757974e-03	-1.769863e-02	2.848816e-04	-4.940730e-03	8.043448e-06	1.362060e-04
4.931220e+03	1.771630e-02	-2.879172e-03	-1.043565e-04	-1.706257e-02	3.158570e-05	-6.681541e-04
4.943610e+03	1.280659e-02	1.208311e-02	3.534013e-04	-1.227038e-02	5.521498e-05	-4.869823e-04
4.956000e+03	-3.957317e-03	1.625774e-02	2.443338e-04	4.113890e-03	3.681046e-05	-1.243129e-04
4.968390e+03	-1.586943e-02	4.774869e-03	1.386405e-04	1.584557e-02	-7.213732e-05	7.257149e-05
4.980780e+03	-1.137018e-02	-1.028749e-02	1.540309e-04	1.153882e-02	-2.640468e-05	-1.102311e-04
4.993170e+03	4.004372e-03	-1.486280e-02	1.352304e-04	-3.413228e-03	2.061593e-05	-5.339119e-04
5.005560e+03	1.440714e-02	-4.515089e-03	-1.309184e-04	-1.406412e-02	1.154223e-04	-3.979404e-04
5.017950e+03	1.021897e-02	1.068132e-02	-4.199769e-04	-1.051770e-02	6.266666e-05	2.559322e-04
5.030340e+03	-1.700091e-03	1.432558e-02	-4.123675e-04	2.058262e-03	-1.172845e-05	-3.447221e-04
5.042730e+03	-1.374598e-02	5.624254e-03	-3.904259e-04	1.348302e-02	3.973204e-06	2.548504e-04
5.055120e+03	-1.204228e-02	-7.074233e-03	-4.778195e-05	1.163543e-02	-7.459771e-05	4.058139e-04
5.067510e+03	2.020780e-03	-1.359731e-02	-1.378726e-04	-1.471940e-03	1.277320e-06	-4.658227e-04
5.079900e+03	1.191483e-02	-6.417023e-03	5.620003e-05	-1.169694e-02	8.502207e-05	-2.555501e-04
5.092290e+03	1.286095e-02	7.327481e-03	-6.203302e-04	-1.175503e-02	5.019692e-05	-1.176246e-03
5.104680e+03	-7.180480e-04	1.318508e-02	4.608368e-04	7.834040e-04	4.609580e-05	-3.836420e-05
5.117070e+03	-1.031815e-02	5.933507e-03	-1.002885e-04	1.043590e-02	-5.665478e-05	-1.361184e-04
5.129460e+03	-9.578138e-03	-6.035689e-03	3.186459e-05	9.545748e-03	-3.659560e-05	3.850904e-05
5.141850e+03	-1.715471e-05	-1.072783e-02	5.437961e-04	-6.521633e-05	4.762458e-05	8.852935e-05
5.154240e+03	9.808038e-03	-4.544897e-03	2.301015e-04	-9.300991e-03	5.792098e-05	-4.659484e-04
5.166630e+03	1.008690e-02	6.355979e-03	-3.094788e-04	-9.313913e-03	2.467563e-06	-7.627585e-04
5.179020e+03	5.815758e-06	1.040000e-02	-2.607184e-04	1.263152e-04	2.275374e-05	-1.080968e-04
5.191410e+03	-8.923755e-03	5.176265e-03	-2.109832e-04	8.807003e-03	-3.942458e-05	9.511069e-05
5.203800e+03	-8.971224e-03	-4.813131e-03	1.613745e-04	8.828815e-03	-3.046107e-05	1.002703e-04
5.216190e+03	-3.202819e-04	-9.121912e-03	5.748848e-04	5.325503e-04	-6.005626e-06	-2.107099e-04
5.228580e+03	6.818917e-03	-5.376993e-03	1.663913e-04	-6.933473e-03	2.143806e-05	1.132659e-04
5.240970e+03	7.482941e-03	4.488413e-03	2.541673e-04	-7.451014e-03	1.604229e-05	6.005668e-05
5.253360e+03	7.804433e-04	9.307566e-03	-1.608765e-04	-5.280422e-04	8.143354e-06	-2.482374e-04
5.265750e+03	-8.838513e-03	4.137535e-03	2.024860e-04	7.942247e-03	-6.140665e-06	8.963463e-04
5.278140e+03	-7.360029e-03	-2.475734e-03	3.745563e-04	7.452752e-03	-2.408510e-05	-8.931825e-05
5.290530e+03	-1.232663e-03	-7.232060e-03	1.250240e-04	1.097118e-03	-3.323443e-05	1.201262e-04
5.302920e+03	6.223798e-03	-4.854422e-03	4.794556e-04	-6.034788e-03	3.412421e-05	-1.767175e-04
5.315310e+03	6.530645e-03	3.264210e-03	-7.492120e-05	-6.430719e-03	4.620510e-05	-1.575387e-04
5.327700e+03	-5.822854e-04	7.965544e-03	9.587445e-05	1.597654e-04	1.245649e-05	2.469007e-04
5.340090e+03	-6.225324e-03	5.348528e-03	1.662130e-04	6.135052e-03	-1.781520e-05	9.762286e-05
5.352480e+03	-4.834051e-03	-2.367822e-03	-4.019319e-04	5.696368e-03	-2.973561e-05	-7.898933e-04
5.364870e+03	-2.237153e-03	-6.251691e-03	1.938781e-04	1.899484e-03	-1.771810e-05	2.747501e-04
5.377260e+03	5.974569e-03	-3.840634e-03	1.519824e-04	-5.348379e-03	1.536756e-05	-6.667108e-04
5.389650e+03	6.197289e-03	1.861754e-03	6.918175e-04	-5.981198e-03	9.275623e-05	-2.860798e-04
5.402040e+03	-5.441645e-04	6.463510e-03	-3.189686e-04	-1.590153e-05	-2.054493e-05	6.122262e-04
5.414430e+03	-4.252653e-03	4.129599e-03	8.181423e-05	4.471780e-03	2.171395e-05	-1.956056e-04
5.426820e+03	-5.878698e-03	-2.416057e-03	6.153254e-05	5.741094e-03	5.353093e-06	1.810091e-04
5.439210e+03	-5.858481e-04	-5.137542e-03	-2.510957e-04	9.048299e-04	2.116968e-05	-2.757269e-04
5.451600e+03	4.345925e-03	-3.537100e-03	-1.195624e-04	-4.118778e-03	6.217089e-07	-2.281085e-04
5.463990e+03	4.332384e-03	1.920842e-03	3.101251e-05	-4.502263e-03	3.594564e-05	1.137388e-04
5.476380e+03	1.114300e-03	5.432306e-03	-3.338164e-04	-8.935279e-04	3.909907e-06	-2.149924e-04
5.488770e+03	-3.459685e-03	5.245732e-03	-1.239911e-04	3.763360e-03	-2.218253e-05	-3.030018e-04
5.501160e+03	-5.074778e-03	-8.255926e-04	4.204803e-05	5.091188e-03	-1.293347e-05	1.686456e-05
5.513550e+03	-6.717151e-04	-4.059013e-03	5.466823e-04	1.230910e-03	3.247289e-05	-4.380208e-04
5.525940e+03	3.689775e-03	-3.730300e-03	-3.113483e-04	-3.169833e-03	-7.821769e-06	-5.644806e-04
5.538330e+03	3.849304e-03	1.087209e-03	2.353232e-04	-3.702197e-03	5.881343e-05	-1.234029e-04
5.550720e+03	1.334806e-03	4.416040e-03	-2.816943e-04	-1.064267e-03	-1.008376e-05	-2.560344e-04
5.563110e+03	-2.792712e-03	3.463646e-03	5.517398e-04	2.850050e-03	2.941419e-05	-7.964562e-05
5.575500e+03	-4.820396e-03	2.265824e-04	2.847426e-05	4.437542e-03	-5.606240e-06	3.628586e-04
5.587890e+03	-1.422051e-03	-3.485614e-03	4.793126e-05	1.429939e-03	-1.296373e-05	-1.938542e-05
5.600280e+03	2.859879e-03	-2.109289e-03	-6.308500e-05	-2.352926e-03	7.554512e-07	-4.376632e-04
5.612670e+03	2.946254e-03	1.255977e-03	8.531977e-05	-2.809216e-03	4.653197e-05	-1.432068e-04
5.625060e+03	2.447396e-04	4.087349e-03	-2.343696e-04	-3.127373e-04	-9.455437e-06	-1.742612e-06
5.637450e+03	-2.752921e-03	2.518424e-03	-3.321742e-05	2.586864e-03	3.430746e-05	1.532942e-04
5.649840e+03	-4.177158e-03	-1.284588e-05	-2.391982e-05	3.804756e-03	-1.345220e-05	3.773956e-04
5.662230e+03	-8.152983e-04	-2.786820e-03	2.120654e-05	1.123641e-03	-1.018456e-05	-3.022169e-04
5.674620e+03	1.646678e-03	-8.552908e-04	1.942611e-04	-1.232155e-03	9.481154e-06	-3.621919e-04
5.687010e+03	2.002989e-03	7.714326e-04	-2.483804e-04	-2.035371e-03	-3.885961e-05	2.762873e-05
5.699400e+03	-2.208349e-04	1.070202e-03	1.525089e-04	-3.105352e-04	4.919515e-05	5.289160e-04
5.711790e+03	-1.288264e-03	2.715004e-03	-2.735882e-06	1.549891e-03	1.837407e-05	-2.642738e-04
5.724180e+03	-2.548139e-03	6.329541e-04	1.059586e-04	2.500140e-03	-1.312128e-06	5.601606e-05
5.736570e+03	-2.769458e-04	-1.425021e-03	-1.973284e-04	6.663906e-04	-2.909386e-05	-4.218210e-04
5.748960e+03	1.204689e-03	-1.531668e-04	-6.180820e-05	-9.564553e-04	2.405562e-05	-2.707017e-04
5.761350e+03	1.210782e-03	3.217072e-04	3.159893e-04	-1.364504e-03	1.410999e-05	1.613448e-04
5.773740e+03	6.977734e-04	1.603204e-03	-4.197839e-04	-3.819941e-04	-2.144711e-05	-3.065559e-04
5.786130e+03	-1.243404e-03	1.900683e-03	2.111607e-05	1.321642e-03	2.144424e-05	-4.694956e-05
5.798520e+03	-2.113270e-03	-6.754048e-04	2.343754e-04	1.956042e-03	5.368501e-05	1.579211e-04
5.810910e+03	-1.749018e-03	-1.368857e-03	-9.297125e-05	1.371022e-03	2.043613e-05	3.765374e-04
5.823300e+03	1.021031e-03	-3.892533e-04	2.498177e-04	-6.199667e-04	3.537928e-05	-4.029025e-04
5.835690e+03	1.590481e-03	1.986551e-04	-6.796336e-05	-1.229072e-03	-2.755126e-05	-3.536403e-04
5.848080e+03	7.034576e-04	1.716229e-03	-3.249815e-04	-3.782644e-04	-3.275968e-05	-3.160626e-04
5.860470e+03	-1.255060e-04	1.184847e-03	8.756088e-05	5.518681e-04	-5.750317e-06	-4.273930e-04
5.872860e+03	-8.504477e-04	7.147035e-05	-1.233266e-04	1.096834e-03	-2.281124e-05	-2.468663e-04
5.885250e+03	-4.558274e-04	-7.173614e-05	-1.180954e-04	7.200685e-04	-5.277317e-06	-2.763110e-04
5.897640e+03	2.691440e-05	-4.440465e-04	-2.592056e-04	-1.077502e-04	5.792080e-06	7.295779e-05
5.910030e+03	8.628100e-04	3.389567e-04	-4.208228e-04	-5.809987e-04	-1.401835e-05	-2.827169e-04
5.922420e+03	-5.792670e-04	9.265405e-04	-1.699062e-04	4.586168e-04	-1.117271e-05	1.016770e-04
5.934810e+03	-8.060082e-04	5.582066e-04	-3.189838e-04	9.177119e-04	-3.959966e-05	-1.109903e-04
5.947200e+03	-1.248167e-03	3.722743e-04	4.230746e-04	1.227990e-03	1.074953e-04	1.493740e-05
5.959590e+03	-8.043520e-04	-5.601150e-06	-3.562181e-04	7.066298e-04	-3.356228e-05	9.629922e-05
5.971980e+03	2.172762e-04	-4.577483e-04	-2.920037e-04	-2.259843e-04	3.143742e-05	-1.808280e-05
5.984370e+03	3.362907e-04	3.745081e-04	-3.680656e-05	-2.101673e-04	5.741317e-06	-1.086375e-04
5.996760e+03	-1.321520e-03	8.471326e-04	2.275920e-04	9.551599e-04	2.125936e-05	3.613253e-04
6.009150e+03	-8.723500e-04	5.709793e-04	-3.673532e-05	9.688636e-04	-7.395973e-06	-9.725213e-05
6.021540e+03	-1.092997e-03	6.613139e-04	6.988211e-06	1.123032e-03	5.829048e-06	-3.733865e-05
6.033930e+03	-4.867098e-04	2.494308e-04	1.137849e-04	5.264755e-04	3.902215e-05	-3.136182e-05
6.046320e+03	1.436833e-04	-6.505316e-04	-5.677994e-05	-8.877161e-05	1.473594e-05	-4.279607e-05
6.058710e+03	-1.983161e-04	4.789648e-04	-7.822289e-05	2.632238e-04	3.068622e-05	-6.374147e-05
6.071100e+03	-2.064596e-04	1.147490e-03	-2.402835e-06	4.666586e-04	5.131276e-05	-2.565021e-04
6.083490e+03	-4.032426e-04	1.314495e-03	-9.707696e-05	7.503577e-04	-1.257907e-05	-3.683150e-04
6.095880e+03	3.774931e-04	3.511593e-04	-1.404356e-04	1.939406e-04	-3.441619e-05	-5.724202e-04
6.108270e+03	3.912880e-04	-2.228458e-04	2.215476e-04	-1.524573e-04	1.829659e-05	-2.315080e-04
6.120660e+03	-4.074077e-05	2.892035e-04	1.845608e-04	7.500290e-05	1.882791e-05	-4.214211e-05
6.133050e+03	7.771096e-05	5.981423e-04	3.018752e-05	7.693637e-05	1.162146e-05	-1.639625e-04
6.145440e+03	-2.112286e-05	9.059543e-04	-1.441803e-04	4.052518e-04	2.649421e-05	-3.841290e-04
6.157830e+03	-1.362435e-03	3.923941e-04	-7.619154e-05	1.150602e-03	1.951335e-05	2.087294e-04
6.170220e+03	-1.398061e-04	2.101285e-04	-1.269346e-04	3.788220e-04	-2.187841e-05	-2.391598e-04
6.182610e+03	5.104687e-06	-1.604504e-04	-1.888603e-05	1.774454e-04	-2.295104e-05	-1.838922e-04
6.195000e+03	2.083996e-04	2.466354e-04	1.522448e-05	9.333308e-05	8.634156e-06	-2.856207e-04
6.207390e+03	-3.860821e-04	1.042406e-03	-2.364947e-05	5.753312e-04	5.027650e-06	-1.886785e-04
6.219780e+03	2.002564e-04	5.742212e-04	7.557208e-05	2.775238e-04	2.221032e-05	-4.779628e-04
6.232170e+03	-4.661782e-04	2.261290e-05	-5.480381e-05	5.729223e-04	-2.820483e-05	-9.878930e-05
6.244560e+03	3.984813e-04	-4.399886e-04	-1.909126e-04	2.011458e-05	1.187009e-06	-4.181939e-04
6.256950e+03	-2.804143e-04	5.062684e-04	-1.333672e-04	4.805995e-04	-2.217451e-05	-2.272498e-04
6.269340e+03	4.296585e-04	1.059223e-03	-2.514662e-05	6.992282e-05	-2.089655e-05	-5.002555e-04
6.281730e+03	-9.083605e-04	1.008584e-03	-2.000303e-05	8.994185e-04	-4.106945e-07	4.533598e-06
6.294120e+03	-9.008970e-04	2.551470e-04	8.473189e-05	8.548804e-04	1.088891e-05	4.459782e-05
6.306510e+03	-4.764748e-05	-3.404468e-04	5.247179e-05	3.520839e-04	2.007909e-05	-2.601189e-04
6.318900e+03	-4.218783e-04	-3.990630e-04	1.612514e-04	4.276394e-04	2.684598e-05	-2.558763e-05
6.331290e+03	-1.292860e-03	1.991208e-04	-1.206067e-04	9.665791e-04	-3.219105e-05	3.292005e-04
6.343680e+03	-9.964216e-04	1.919764e-04	-1.385599e-04	7.803317e-04	-2.209566e-05	2.172228e-04
6.356070e+03	-9.717167e-04	3.761945e-04	-4.189895e-05	8.255407e-04	9.963601e-06	1.458486e-04
6.368460e+03	-8.901588e-04	-4.967660e-04	-6.308058e-05	7.549677e-04	2.186978e-05	1.451675e-04
6.380850e+03	-1.945034e-03	-1.873139e-04	9.087715e-05	1.362134e-03	2.115397e-05	5.612376e-04
6.393240e+03	-7.079187e-04	6.758396e-04	2.598077e-05	7.786366e-04	-3.574684e-06	-7.252338e-05
6.405630e+03	4.996685e-04	1.287854e-03	-1.018850e-04	1.360305e-04	-7.665837e-06	-6.351847e-04
6.418020e+03	-8.388017e-04	6.175417e-05	4.563653e-05	6.083784e-04	1.426407e-05	2.314233e-04
6.430410e+03	-2.870803e-04	5.823428e-04	-1.446673e-04	5.834771e-04	-4.277463e-05	-2.939079e-04
6.442800e+03	-1.117686e-04	3.954130e-04	-8.431729e-05	4.050601e-04	-3.959806e-05	-2.927999e-04
6.455190e+03	-8.306810e-04	-4.287014e-04	2.535456e-04	5.180896e-04	5.139053e-05	2.173391e-04
6.467580e+03	-1.178706e-03	-4.291113e-04	-8.835300e-05	7.597591e-04	-2.002772e-05	4.204623e-04
6.479970e+03	-3.068393e-04	4.460223e-04	2.232559e-04	4.845453e-04	7.351442e-05	-1.773941e-04
6.492360e+03	-7.039157e-04	7.781469e-04	-2.143975e-04	8.118087e-04	-2.387292e-05	-7.539646e-05
6.504750e+03	3.605205e-04	8.252365e-04	6.535018e-05	1.561704e-04	1.151178e-05	-5.163678e-04
6.517140e+03	-2.275563e-04	1.261144e-03	5.061934e-06	6.158930e-04	-5.828359e-06	-3.543383e-04
6.529530e+03	-1.551740e-04	1.733535e-04	2.010546e-04	2.439659e-04	6.098392e-05	-8.413227e-05
6.541920e+03	2.715507e-04	9.588523e-04	-1.376447e-04	2.689833e-04	-1.020055e-05	-5.390225e-04
6.554310e+03	-4.767151e-04	2.014942e-04	-1.582328e-04	4.364681e-04	-7.605175e-06	4.809527e-05
6.566700e+03	-8.459055e-04	-4.208305e-04	1.992494e-04	6.090971e-04	5.480333e-05	2.515238e-04
6.579090e+03	-1.298152e-03	1.828572e-04	-1.587966e-04	1.106734e-03	-5.712127e-05	1.887485e-04
6.591480e+03	-1.267089e-03	6.377534e-04	6.031205e-05	1.089587e-03	1.794021e-05	1.579027e-04
6.603870e+03	-3.691810e-04	1.095731e-03	7.912658e-05	6.441483e-04	1.138359e-05	-2.610908e-04
6.616260e+03	-5.268385e-04	6.191528e-04	3.199960e-05	5.458682e-04	1.675675e-05	-4.721855e-05
6.628650e+03	-5.102733e-04	8.214837e-04	-1.084278e-04	6.504789e-04	-1.534949e-05	-1.402556e-04
6.641040e+03	-4.736904e-04	8.322096e-05	1.150560e-04	5.338148e-04	7.262280e-05	-6.535703e-05
6.653430e+03	8.240262e-04	-7.651413e-04	1.223175e-04	-3.020838e-04	4.872575e-05	-5.219152e-04
6.665820e+03	-7.529041e-04	1.525637e-04	-6.048711e-05	6.969298e-04	2.679507e-05	2.569335e-05
6.678210e+03	3.913449e-04	2.859092e-04	-1.181352e-04	9.605900e-05	-8.533206e-06	-4.846303e-04
6.690600e+03	-3.905700e-04	8.354430e-04	1.889875e-05	4.067322e-04	3.581889e-05	-1.408334e-05
6.702990e+03	1.997741e-04	1.149259e-03	-1.207130e-04	4.578996e-04	6.943322e-06	-6.576827e-04
6.715380e+03	-1.376174e-03	3.813588e-04	1.370723e-04	1.078446e-03	7.969397e-05	3.100033e-04
6.727770e+03	-1.825918e-03	9.676949e-04	-1.226609e-04	1.512408e-03	-1.621427e-05	3.077038e-04
6.740160e+03	-5.951446e-04	6.217056e-04	-2.602055e-04	7.928319e-04	-4.328365e-05	-1.857279e-04
6.752550e+03	-5.348604e-04	5.498940e-04	2.865932e-04	6.764033e-04	7.695777e-05	-1.429888e-04
6.764940e+03	-7.488878e-04	1.511254e-04	1.364495e-04	6.245843e-04	2.861025e-05	7.832301e-05
6.777330e+03	-5.880461e-04	7.528970e-04	2.754897e-04	7.902102e-04	4.085627e-05	-1.799048e-04
6.789720e+03	1.591335e-04	7.730503e-04	-1.577260e-04	3.540037e-04	-6.653732e-05	-5.103229e-04
6.802110e+03	7.128979e-04	7.648803e-04	4.251047e-05	-6.150906e-05	1.521444e-05	-6.519833e-04
6.814500e+03	5.334643e-04	7.217403e-04	-2.206164e-05	1.184631e-04	-1.722006e-06	-6.516446e-04
6.826890e+03	8.964116e-04	1.374104e-03	-9.686060e-05	-2.941768e-05	-1.018437e-05	-8.115875e-04
6.839280e+03	-5.127077e-04	1.302818e-03	2.955294e-04	7.217772e-04	9.022825e-05	-1.896470e-04
6.851670e+03	-7.992951e-04	5.101529e-04	3.813789e-04	7.483202e-04	7.936282e-05	4.864731e-05
6.864060e+03	-1.624800e-03	1.107883e-03	1.146513e-04	1.430310e-03	2.161805e-05	1.981817e-04
6.876450e+03	-2.203638e-04	6.921884e-04	-3.229799e-04	4.692831e-04	-3.939457e-05	-2.927274e-04
6.888840e+03	-7.384938e-04	7.976715e-04	-6.938780e-05	8.477574e-04	5.518045e-05	-1.092636e-04
6.901230e+03	4.839315e-04	5.320017e-04	2.068166e-04	5.083316e-06	9.347964e-05	-4.884349e-04
6.913620e+03	-5.411137e-04	1.306812e-03	-6.998894e-05	7.951831e-04	-4.063217e-05	-2.540367e-04
6.926010e+03	-1.108179e-03	1.171539e-03	-4.975771e-05	1.078395e-03	-3.414075e-05	2.721052e-05
6.938400e+03	-6.125663e-04	2.834873e-04	-6.009058e-05	6.296122e-04	-2.329794e-05	-3.824077e-05
6.950790e+03	-3.250865e-04	6.746435e-04	3.625949e-05	5.611163e-04	1.068689e-05	-2.394125e-04
6.963180e+03	-2.278040e-03	1.057389e-03	9.942709e-05	1.923266e-03	2.858892e-05	4.186900e-04
6.975570e+03	-7.086656e-04	6.013489e-04	-1.907749e-04	8.138407e-04	-2.456707e-05	-1.029390e-04
