1.499190e+03	-9.290256e-02	4.157420e-03	-4.618041e-06	9.262424e-02	-5.514151e-05	1.443071e-04
1.511580e+03	-8.937543e-02	-2.152890e-02	1.907153e-05	8.939285e-02	2.952564e-06	-6.042549e-06
1.523970e+03	-8.145405e-02	-4.391873e-02	1.170003e-05	8.117265e-02	-1.884566e-05	3.052007e-04
1.536360e+03	-6.652207e-02	-6.315631e-02	-1.027705e-05	6.651890e-02	-1.075546e-05	-4.179376e-06
1.548750e+03	-4.766799e-02	-7.778031e-02	5.287928e-06	4.786722e-02	-8.440867e-06	-1.561064e-04
1.561140e+03	-2.605620e-02	-8.756756e-02	-3.198299e-07	2.608596e-02	-2.878137e-05	-3.195135e-05
1.573530e+03	-2.734445e-03	-9.128493e-02	-2.904803e-05	2.584428e-03	-4.897732e-05	1.496211e-04
1.585920e+03	2.104088e-02	-8.909274e-02	7.105337e-06	-2.132790e-02	-4.161404e-05	2.293235e-04
1.598310e+03	4.338832e-02	-8.047212e-02	2.570000e-05	-4.358430e-02	-2.630421e-05	1.917855e-04
1.610700e+03	6.271630e-02	-6.620050e-02	3.978469e-05	-6.285245e-02	-2.848630e-05	8.538682e-05
1.623090e+03	7.776697e-02	-4.785213e-02	4.515834e-05	-7.777486e-02	3.869696e-06	7.818179e-05
1.635480e+03	8.772571e-02	-2.609217e-02	5.753890e-05	-8.787551e-02	-1.027501e-05	1.908968e-04
1.647870e+03	9.158267e-02	-2.253839e-03	6.427098e-05	-9.198560e-02	-3.778379e-05	4.434598e-04
1.660260e+03	8.895535e-02	2.211533e-02	5.801795e-05	-8.941498e-02	1.119546e-05	4.252115e-04
1.672650e+03	7.980419e-02	4.452179e-02	3.607083e-05	-8.008567e-02	1.360737e-04	1.996462e-04
1.685040e+03	6.537767e-02	6.347857e-02	2.962120e-05	-6.546031e-02	7.073956e-05	6.755055e-05
1.697430e+03	4.679353e-02	7.855547e-02	-1.684069e-05	-4.701035e-02	9.922122e-05	2.380742e-04
1.709820e+03	2.457242e-02	8.830537e-02	-1.457815e-05	-2.498036e-02	7.436855e-05	3.603593e-04
1.722210e+03	4.636067e-04	9.179063e-02	-6.359380e-05	-9.032989e-04	9.044978e-05	4.334447e-04
1.734600e+03	-2.349395e-02	8.876191e-02	-7.430662e-05	2.314760e-02	7.674288e-05	3.132954e-04
1.746990e+03	-4.593614e-02	7.943562e-02	-4.471542e-05	4.573830e-02	9.925502e-06	2.118197e-04
1.759380e+03	-6.523880e-02	6.470519e-02	-1.096775e-04	6.511346e-02	3.625687e-05	1.510343e-04
1.771770e+03	-8.066815e-02	4.538105e-02	-3.144053e-05	8.036226e-02	-1.704329e-05	3.605252e-04
1.784160e+03	-9.039113e-02	2.249368e-02	-8.747583e-05	8.989431e-02	-3.406625e-05	4.617353e-04
1.796550e+03	-9.319938e-02	-2.633833e-03	-4.811158e-05	9.289938e-02	-4.790636e-05	3.778130e-04
1.808940e+03	-8.894749e-02	-2.774897e-02	-5.634632e-05	8.869048e-02	-5.517502e-05	2.392158e-04
1.821330e+03	-7.818314e-02	-5.056878e-02	-7.964674e-06	7.798280e-02	-7.409330e-05	1.722772e-04
1.833720e+03	-6.191130e-02	-6.984456e-02	-7.357962e-06	6.177887e-02	-5.405888e-05	1.378791e-04
1.846110e+03	-4.103000e-02	-8.444020e-02	-2.401067e-05	4.073345e-02	-8.972760e-05	3.408104e-04
1.858500e+03	-1.642610e-02	-9.282264e-02	4.127147e-07	1.603291e-02	-9.132928e-05	3.742873e-04
1.870890e+03	9.709980e-03	-9.364772e-02	5.392890e-05	-1.001833e-02	-5.203614e-05	2.723761e-04
1.883280e+03	3.521543e-02	-8.757734e-02	6.302222e-05	-3.530208e-02	-6.451895e-05	5.989676e-05
1.895670e+03	5.811804e-02	-7.479087e-02	4.805032e-05	-5.821406e-02	-8.634361e-05	4.592043e-05
1.908060e+03	7.716072e-02	-5.611340e-02	9.460098e-05	-7.735339e-02	-2.051788e-05	1.902780e-04
1.920450e+03	9.047398e-02	-3.231386e-02	9.644449e-05	-9.087874e-02	-2.815904e-06	3.208352e-04
1.932840e+03	9.600657e-02	-5.296599e-03	9.276065e-05	-9.615062e-02	4.824493e-05	1.604740e-04
1.945230e+03	9.399754e-02	2.261428e-02	7.600231e-05	-9.401299e-02	1.200014e-04	4.962352e-05
1.957620e+03	8.392275e-02	4.858456e-02	5.491243e-05	-8.381215e-02	6.504021e-05	-9.128844e-05
1.970010e+03	6.678028e-02	7.099464e-02	-1.291140e-05	-6.667608e-02	1.657959e-04	-5.436917e-05
1.982400e+03	4.382402e-02	8.763758e-02	-1.119208e-05	-4.382890e-02	7.947038e-05	1.417747e-05
1.994790e+03	1.622416e-02	9.743709e-02	-9.141298e-05	-1.631644e-02	1.310000e-04	1.100848e-04
2.007180e+03	-1.293700e-02	9.805184e-02	-1.230000e-04	1.295317e-02	7.941676e-05	-2.447534e-05
2.019570e+03	-4.130782e-02	8.989461e-02	-1.136610e-04	4.148910e-02	1.413933e-05	-2.485838e-04
2.031960e+03	-6.615745e-02	7.411753e-02	-8.043311e-05	6.647190e-02	-3.506782e-05	-2.721621e-04
2.044350e+03	-8.608687e-02	5.141236e-02	-7.865154e-05	8.622148e-02	-7.348080e-05	-1.620835e-04
2.056740e+03	-9.847522e-02	2.307500e-02	-1.218160e-04	9.847205e-02	-7.724284e-05	-2.705373e-05
2.069130e+03	-1.010000e-01	-8.419141e-03	-7.397064e-05	1.010000e-01	-1.297462e-04	-1.131270e-04
2.081520e+03	-9.375591e-02	-3.896888e-02	2.049004e-05	9.410984e-02	-1.149491e-04	-2.852299e-04
2.093910e+03	-7.722883e-02	-6.601766e-02	7.452166e-05	7.763152e-02	-1.039342e-04	-4.121198e-04
2.106300e+03	-5.350469e-02	-8.694393e-02	4.346614e-05	5.388570e-02	-1.233837e-04	-3.547466e-04
2.118690e+03	-2.412740e-02	-1.000189e-01	1.069450e-04	2.434520e-02	-9.186919e-05	-2.560234e-04
2.131080e+03	8.367869e-03	-1.028173e-01	1.304680e-04	-8.212457e-03	-6.874188e-05	-1.645665e-04
2.143470e+03	4.042707e-02	-9.538162e-02	1.454253e-04	-4.016512e-02	-2.589436e-05	-2.933499e-04
2.155860e+03	6.863452e-02	-7.781396e-02	1.527096e-04	-6.833780e-02	2.096341e-05	-3.482742e-04
2.168250e+03	9.004771e-02	-5.236999e-02	1.408841e-04	-8.962531e-02	8.947033e-05	-3.605120e-04
2.180640e+03	1.025328e-01	-2.124771e-02	1.364493e-04	-1.022085e-01	1.363922e-04	-2.648039e-04
2.193030e+03	1.043669e-01	1.303051e-02	7.985300e-05	-1.033629e-01	1.579225e-04	-1.668173e-04
2.205420e+03	9.467123e-02	4.602921e-02	2.370857e-05	-9.454660e-02	1.810373e-04	-2.128459e-04
2.217810e+03	7.458266e-02	7.421573e-02	-4.208708e-05	-7.428542e-02	1.884578e-04	-3.115626e-04
2.230200e+03	4.663897e-02	9.383864e-02	-1.587260e-04	-4.625248e-02	2.173290e-04	-4.695486e-04
2.242590e+03	1.392984e-02	1.045661e-01	-1.917323e-04	-1.360800e-02	1.045939e-04	-3.315571e-04
2.254980e+03	-2.076021e-02	1.032276e-01	-1.905512e-04	2.095458e-02	2.876916e-05	-2.062901e-04
2.267370e+03	-5.353005e-02	9.107491e-02	-2.755418e-04	5.364895e-02	-3.130643e-06	-1.271968e-04
2.279760e+03	-8.051945e-02	6.851251e-02	-2.161153e-04	8.064810e-02	-1.044693e-04	-8.546598e-05
2.292150e+03	-9.909099e-02	3.828742e-02	-5.799305e-05	9.912339e-02	-1.910543e-04	-1.579681e-04
2.304540e+03	-1.050000e-01	3.704216e-03	-6.306552e-05	1.050000e-01	-1.904883e-04	-1.583679e-04
2.316930e+03	-1.010741e-01	-3.141251e-02	1.661655e-05	1.012251e-01	-1.923245e-04	-1.382053e-04
2.329320e+03	-8.539746e-02	-6.306055e-02	-1.281298e-05	8.537956e-02	-2.025577e-04	5.877363e-06
2.341710e+03	-5.953778e-02	-8.775227e-02	1.139849e-04	5.944902e-02	-1.628611e-04	4.048960e-05
2.354100e+03	-2.706560e-02	-1.023139e-01	1.552403e-04	2.716432e-02	-1.076714e-04	-5.469897e-05
2.366490e+03	8.103762e-03	-1.050000e-01	1.955605e-04	-8.024037e-03	-3.256609e-05	-9.248208e-05
2.378880e+03	4.230099e-02	-9.676498e-02	1.747193e-04	-4.223596e-02	-1.143977e-05	-6.020530e-05
2.391270e+03	7.208635e-02	-7.759233e-02	2.020615e-04	-7.226116e-02	7.674571e-05	1.613882e-04
2.403660e+03	9.398440e-02	-4.929249e-02	1.483779e-04	-9.447420e-02	1.218909e-04	3.389738e-04
2.416050e+03	1.054077e-01	-1.474782e-02	1.279205e-04	-1.055549e-01	2.043315e-04	2.810870e-04
2.428440e+03	1.042802e-01	2.128791e-02	5.373994e-05	-1.042996e-01	2.471824e-04	2.300876e-04
2.440830e+03	9.080859e-02	5.488468e-02	-3.446245e-05	-9.101775e-02	1.716575e-04	1.862145e-04
2.453220e+03	6.719102e-02	8.229721e-02	-1.663043e-04	-6.738936e-02	2.688643e-04	2.274543e-04
2.465610e+03	3.582748e-02	9.996816e-02	-2.580849e-04	-3.610258e-02	1.682354e-04	2.841930e-04
2.478000e+03	-2.796618e-04	1.068650e-01	-2.323306e-04	-5.091638e-05	6.434834e-06	3.192146e-04
2.490390e+03	-3.654764e-02	1.003793e-01	-3.114827e-04	3.630177e-02	-3.740334e-05	3.157406e-04
2.502780e+03	-6.837342e-02	8.240401e-02	-1.971966e-04	6.815304e-02	-1.465115e-04	1.884688e-04
2.515170e+03	-9.286266e-02	5.435922e-02	-1.780000e-04	9.253026e-02	-2.231442e-04	2.402634e-04
2.527560e+03	-1.061127e-01	1.942527e-02	1.588592e-05	1.061178e-01	-2.600027e-04	4.144316e-04
2.539950e+03	-1.067474e-01	-1.889180e-02	2.883146e-05	1.060531e-01	-2.499144e-04	4.828379e-04
2.552340e+03	-9.422965e-02	-5.503784e-02	1.565003e-04	9.380252e-02	-2.062286e-04	4.560140e-04
2.564730e+03	-6.883005e-02	-8.461828e-02	1.905324e-04	6.850711e-02	-1.440174e-04	3.108258e-04
2.577120e+03	-3.506046e-02	-1.034830e-01	2.073965e-04	3.484443e-02	-9.320563e-05	2.435314e-04
2.589510e+03	3.648653e-03	-1.098796e-01	2.137706e-04	-3.905405e-03	-1.179535e-05	2.523383e-04
2.601900e+03	4.277212e-02	-1.023698e-01	2.187824e-04	-4.307555e-02	5.537938e-05	2.703941e-04
2.614290e+03	7.709281e-02	-8.003402e-02	1.724280e-04	-7.739281e-02	1.287315e-04	3.448028e-04
2.626680e+03	1.014759e-01	-4.684213e-02	1.724904e-04	-1.020896e-01	2.025017e-04	2.898031e-04
2.639070e+03	1.128187e-01	-6.192894e-03	6.242355e-05	-1.128643e-01	2.917717e-04	1.821486e-04
2.651460e+03	1.075547e-01	3.605932e-02	-1.192933e-05	-1.075503e-01	2.795231e-04	2.363050e-04
2.663850e+03	8.672762e-02	7.412422e-02	-1.494961e-04	-8.690704e-02	3.381894e-04	2.553945e-04
2.676240e+03	5.286231e-02	1.019441e-01	-2.740623e-04	-5.317405e-02	2.879458e-04	2.879237e-04
2.688630e+03	9.874066e-03	1.159363e-01	-3.260078e-04	-1.010517e-02	9.175968e-05	2.285180e-04
2.701020e+03	-3.578034e-02	1.110622e-01	-3.316260e-04	3.551984e-02	-7.230574e-05	3.109388e-04
2.713410e+03	-7.694607e-02	8.913053e-02	-3.328889e-04	7.674768e-02	-1.961297e-04	1.791847e-04
2.725800e+03	-1.076030e-01	5.202463e-02	-2.162503e-04	1.067863e-01	-3.306835e-04	2.906090e-04
2.738190e+03	-1.199992e-01	4.836596e-03	-3.562846e-05	1.199992e-01	-3.990345e-04	3.827783e-04
2.750580e+03	-1.130524e-01	-4.548808e-02	1.161860e-04	1.130705e-01	-3.821154e-04	4.560026e-04
2.762970e+03	-8.486972e-02	-8.893353e-02	2.753451e-04	8.435760e-02	-2.845173e-04	4.546892e-04
2.775360e+03	-3.968500e-02	-1.175536e-01	3.164909e-04	3.918500e-02	-1.787105e-04	5.021491e-04
2.787750e+03	1.456786e-02	-1.249528e-01	4.257593e-04	-1.507767e-02	5.031701e-05	5.518434e-04
2.800140e+03	6.840244e-02	-1.067420e-01	3.420207e-04	-6.926890e-02	1.343028e-04	8.122580e-04
2.812530e+03	1.105436e-01	-6.575296e-02	3.268671e-04	-1.115392e-01	2.994123e-04	1.056165e-03
2.824920e+03	1.291254e-01	-7.177704e-03	1.461381e-04	-1.308688e-01	4.788120e-04	1.166214e-03
2.837310e+03	1.198010e-01	5.638358e-02	-7.377458e-05	-1.207429e-01	4.514324e-04	1.137162e-03
2.849700e+03	7.745064e-02	1.088225e-01	-3.279664e-04	-7.898106e-02	4.554509e-04	1.468674e-03
2.862090e+03	1.259479e-02	1.339813e-01	-5.250110e-04	-1.419339e-02	2.701534e-04	1.528646e-03
2.874480e+03	-6.054494e-02	1.220273e-01	-5.872921e-04	5.900182e-02	-9.342465e-05	1.543106e-03
2.886870e+03	-1.172199e-01	7.006003e-02	-4.647123e-04	1.162421e-01	-4.297732e-04	1.247286e-03
2.899260e+03	-1.349950e-01	-7.951087e-03	-8.440700e-05	1.339950e-01	-6.083669e-04	8.858483e-04
2.911650e+03	-1.021379e-01	-8.460175e-02	2.756425e-04	1.018471e-01	-5.841416e-04	1.940665e-04
2.924040e+03	-2.740454e-02	-1.242679e-01	5.108916e-04	2.810634e-02	-2.539633e-04	-7.645167e-04
2.936430e+03	5.572052e-02	-1.076187e-01	5.258291e-04	-5.432019e-02	5.557418e-05	-1.358584e-03
2.948820e+03	1.059242e-01	-4.072117e-02	3.811840e-04	-1.038976e-01	3.806862e-04	-2.584264e-03
2.961210e+03	9.535151e-02	3.782467e-02	2.357619e-05	-9.174158e-02	5.300432e-04	-3.629680e-03
2.973600e+03	3.630072e-02	7.790247e-02	-4.221009e-04	-3.239996e-02	3.786833e-04	-3.879161e-03
2.985990e+03	-2.511242e-02	6.655775e-02	-6.031142e-04	2.831563e-02	-2.236120e-05	-3.230968e-03
2.998380e+03	-4.887931e-02	1.747034e-02	-2.914862e-04	5.248627e-02	-4.000551e-04	-3.614371e-03
3.010770e+03	-3.263269e-02	-1.812758e-02	2.732885e-04	3.487329e-02	-4.885253e-04	-2.188292e-03
3.023160e+03	-1.244831e-03	-2.270759e-02	4.094772e-04	3.882278e-03	-1.826320e-04	-2.629081e-03
3.035550e+03	8.358393e-03	-3.653590e-03	2.969475e-04	-6.504711e-03	9.717646e-05	-1.821341e-03
3.047940e+03	-4.371101e-03	5.087637e-03	2.815417e-05	5.589486e-03	2.787839e-04	-1.222557e-03
3.060330e+03	-1.595722e-02	-7.861059e-03	-2.256969e-04	1.632997e-02	2.185518e-04	-4.360264e-04
3.072720e+03	-5.427031e-03	-2.798364e-02	-1.693223e-04	5.118470e-03	-1.358845e-05	2.880204e-04
3.085110e+03	2.399304e-02	-2.922855e-02	-1.102772e-04	-2.467539e-02	-1.594024e-04	6.984724e-04
3.097500e+03	4.513232e-02	-5.534862e-04	5.271462e-05	-4.656114e-02	-1.412806e-04	1.370546e-03
3.109890e+03	3.626351e-02	4.010342e-02	1.647090e-04	-3.703763e-02	-3.588248e-05	6.488561e-04
3.122280e+03	-6.356256e-03	6.009472e-02	1.405775e-05	5.895616e-03	6.526885e-05	4.516120e-04
3.134670e+03	-5.521783e-02	4.032728e-02	-1.621784e-04	5.534642e-02	3.130703e-05	-8.798568e-05
3.147060e+03	-7.136495e-02	-1.620281e-02	7.624791e-05	7.204379e-02	-1.281956e-04	-7.008896e-04
3.159450e+03	-3.967186e-02	-6.821815e-02	9.381366e-05	4.045128e-02	-1.655633e-04	-7.836031e-04
3.171840e+03	2.602450e-02	-7.970778e-02	2.826094e-04	-2.471694e-02	-4.355077e-05	-1.278529e-03
3.184230e+03	7.923545e-02	-3.610854e-02	2.406463e-04	-7.787253e-02	1.245426e-04	-1.386102e-03
3.196620e+03	8.087883e-02	3.446386e-02	-4.598173e-05	-7.997618e-02	2.702597e-04	-9.338826e-04
3.209010e+03	2.960119e-02	8.466989e-02	-2.496597e-04	-2.947553e-02	1.320600e-04	-1.295645e-04
3.221400e+03	-4.160212e-02	7.924688e-02	-3.242213e-04	4.086785e-02	-3.758050e-05	7.835838e-04
3.233790e+03	-8.454638e-02	2.443811e-02	-1.180459e-04	8.299381e-02	-2.608395e-04	1.525488e-03
3.246180e+03	-7.578831e-02	-4.449735e-02	1.666346e-04	7.387362e-02	-3.261044e-04	1.907815e-03
3.258570e+03	-1.813082e-02	-8.342041e-02	2.423306e-04	1.649280e-02	-1.157696e-04	1.612659e-03
3.270960e+03	4.727760e-02	-6.639828e-02	2.937989e-04	-4.837006e-02	1.034247e-04	1.088380e-03
3.283350e+03	7.455744e-02	-8.485194e-03	1.400436e-04	-7.547841e-02	3.044788e-04	8.462305e-04
3.295740e+03	5.398426e-02	4.836528e-02	-1.694895e-04	-5.355955e-02	3.320234e-04	-4.596738e-04
3.308130e+03	-3.531607e-03	6.578777e-02	-3.669555e-04	3.962998e-03	1.362753e-04	-4.319298e-04
3.320520e+03	-4.860465e-02	3.352941e-02	-3.410016e-04	4.914604e-02	-1.530277e-04	-5.540454e-04
3.332910e+03	-4.900089e-02	-1.709757e-02	-2.720989e-05	4.920089e-02	-3.378956e-04	-2.110024e-04
3.345300e+03	-1.143277e-02	-4.227454e-02	2.395465e-04	1.147066e-02	-2.365783e-04	-8.804860e-06
3.357690e+03	2.779104e-02	-2.762315e-02	1.882713e-04	-2.683638e-02	8.967812e-05	-1.045446e-03
3.370080e+03	3.323914e-02	1.004083e-02	5.817610e-05	-3.177028e-02	2.332663e-04	-1.466525e-03
3.382470e+03	6.473666e-03	3.053240e-02	-7.797613e-06	-4.531802e-03	1.599297e-04	-1.940663e-03
3.394860e+03	-2.464716e-02	1.734966e-02	-4.128500e-04	2.596783e-02	5.013598e-05	-1.305934e-03
3.407250e+03	-2.696261e-02	-1.462224e-02	-1.669744e-04	2.786452e-02	-1.390092e-04	-8.843944e-04
3.419640e+03	-7.850216e-04	-3.248484e-02	9.963794e-05	1.035378e-03	-1.732857e-04	-2.494160e-04
3.432030e+03	2.851331e-02	-1.857961e-02	6.027706e-05	-2.891810e-02	2.387542e-05	4.517339e-04
3.444420e+03	3.228094e-02	1.493173e-02	1.726049e-04	-3.305500e-02	1.064903e-04	8.252000e-04
3.456810e+03	5.833737e-03	3.742589e-02	-4.882135e-05	-6.686809e-03	2.045380e-04	8.697654e-04
3.469200e+03	-2.982881e-02	2.907824e-02	-1.414096e-04	2.903546e-02	6.146382e-05	8.460520e-04
3.481590e+03	-4.342339e-02	-8.371556e-03	-1.130442e-04	4.262693e-02	-7.189907e-05	7.349312e-04
3.493980e+03	-2.002813e-02	-4.215759e-02	8.434890e-05	1.912998e-02	-1.899455e-04	8.228521e-04
3.506370e+03	2.427874e-02	-4.280199e-02	1.902435e-04	-2.470367e-02	-5.651245e-05	3.837273e-04
3.518760e+03	5.144599e-02	-5.467263e-03	2.283283e-04	-5.155833e-02	3.002089e-05	1.599399e-04
3.531150e+03	3.759408e-02	3.958781e-02	-1.761785e-04	-3.688914e-02	2.427792e-04	-7.060904e-04
3.543540e+03	-9.595216e-03	5.371188e-02	-1.772633e-04	1.058624e-02	6.938236e-05	-1.061080e-03
3.555930e+03	-5.129713e-02	2.501257e-02	-2.014270e-04	5.229935e-02	-1.210441e-04	-9.856065e-04
3.568320e+03	-5.102526e-02	-2.710403e-02	5.333042e-05	5.192812e-02	-2.633164e-04	-8.367533e-04
3.580710e+03	-9.173650e-03	-5.751249e-02	1.168526e-04	9.700068e-03	-1.021979e-04	-5.338552e-04
3.593100e+03	3.927168e-02	-4.289170e-02	2.964595e-04	-3.942849e-02	5.133219e-05	7.563149e-05
3.605490e+03	5.599459e-02	4.927149e-03	-1.847418e-05	-5.648905e-02	2.443435e-04	5.195694e-04
3.617880e+03	3.056182e-02	4.789938e-02	-1.683951e-04	-3.116728e-02	2.245621e-04	6.134079e-04
3.630270e+03	-1.908601e-02	5.215282e-02	-3.221271e-04	1.829849e-02	6.633882e-05	8.203990e-04
3.642660e+03	-5.241330e-02	1.706667e-02	-2.404980e-04	5.155340e-02	-1.519883e-04	8.504237e-04
3.655050e+03	-4.354967e-02	-2.926556e-02	2.007721e-04	4.283297e-02	-3.245106e-04	7.634698e-04
3.667440e+03	-2.762863e-03	-5.030862e-02	2.735448e-04	2.403549e-03	-1.600404e-04	3.575212e-04
3.679830e+03	3.759083e-02	-2.998041e-02	3.106550e-04	-3.782706e-02	3.984029e-05	1.365034e-04
3.692220e+03	4.496779e-02	1.237997e-02	1.459693e-04	-4.446489e-02	2.020185e-04	-5.104918e-04
3.704610e+03	1.478753e-02	4.086441e-02	-2.084563e-04	-1.418249e-02	2.652530e-04	-6.433825e-04
3.717000e+03	-2.430894e-02	3.358200e-02	-1.425941e-04	2.481714e-02	-4.156426e-05	-5.643423e-04
3.729390e+03	-3.811660e-02	-1.688943e-03	-7.535520e-05	3.885863e-02	-2.205992e-04	-7.485811e-04
3.741780e+03	-1.881845e-02	-3.197925e-02	1.216061e-06	1.938337e-02	-1.629135e-04	-5.418038e-04
3.754170e+03	1.584715e-02	-3.247513e-02	2.545670e-04	-1.552801e-02	-1.214359e-04	-2.507771e-04
3.766560e+03	3.421806e-02	-4.320948e-03	2.354255e-04	-3.395233e-02	5.653477e-05	-2.484983e-04
3.778950e+03	2.139996e-02	2.630807e-02	-2.471985e-05	-2.159742e-02	2.408282e-04	2.393883e-04
3.791340e+03	-9.812597e-03	3.229057e-02	-2.270799e-04	9.728071e-03	1.674189e-04	7.160217e-05
3.803730e+03	-3.199157e-02	9.310869e-03	-2.209821e-04	3.189274e-02	-4.491024e-05	1.860293e-04
3.816120e+03	-2.560546e-02	-2.129424e-02	1.809219e-05	2.521778e-02	-2.037573e-04	4.592441e-04
3.828510e+03	4.500537e-03	-3.242688e-02	1.273415e-04	-4.932666e-03	-1.308434e-04	4.276978e-04
3.840900e+03	2.905891e-02	-1.586984e-02	2.512396e-04	-2.941424e-02	-3.928399e-05	3.365608e-04
3.853290e+03	3.034598e-02	1.536495e-02	4.434167e-05	-3.014840e-02	1.128688e-04	-2.605909e-04
3.865680e+03	5.074736e-03	3.372443e-02	-2.709458e-05	-4.582632e-03	1.061126e-04	-4.940762e-04
3.878070e+03	-2.586534e-02	2.286989e-02	-7.862219e-05	2.638729e-02	-6.612737e-06	-5.557573e-04
3.890460e+03	-3.288084e-02	-8.351505e-03	-6.425582e-05	3.348413e-02	-9.011911e-05	-6.389796e-04
3.902850e+03	-1.210028e-02	-3.306742e-02	1.991164e-05	1.270266e-02	-1.254440e-04	-6.089523e-04
3.915240e+03	2.017329e-02	-2.928469e-02	1.439139e-04	-2.000347e-02	-3.135283e-05	-2.119661e-04
3.927630e+03	3.523343e-02	-4.720747e-04	4.383386e-05	-3.498699e-02	7.882960e-05	-2.467885e-04
3.940020e+03	2.143006e-02	2.970996e-02	-7.290031e-05	-2.139968e-02	1.603214e-04	-3.299286e-05
3.952410e+03	-1.202257e-02	3.551639e-02	-9.352727e-05	1.188879e-02	9.009349e-06	1.428895e-04
3.964800e+03	-3.552764e-02	1.120987e-02	-4.174836e-05	3.522466e-02	-1.207618e-04	2.172112e-04
3.977190e+03	-3.107087e-02	-2.215722e-02	-2.231351e-05	3.045565e-02	-1.080530e-04	5.848090e-04
3.989580e+03	-6.197215e-04	-3.777446e-02	-2.589850e-05	-4.758328e-05	1.358661e-05	6.563149e-04
4.001970e+03	3.076178e-02	-2.313200e-02	8.616132e-05	-3.086128e-02	8.551425e-05	1.162348e-04
4.014360e+03	3.696914e-02	1.098632e-02	4.109998e-05	-3.694375e-02	1.543807e-04	3.681340e-05
4.026750e+03	1.321385e-02	3.546680e-02	-1.090905e-04	-1.301206e-02	1.123913e-04	-2.371245e-04
4.039140e+03	-2.047652e-02	3.139830e-02	-1.637735e-04	2.087083e-02	-4.199740e-05	-3.857488e-04
4.051530e+03	-3.705707e-02	1.696068e-03	-3.273342e-05	3.736043e-02	-2.096252e-04	-3.057428e-04
4.063920e+03	-2.222365e-02	-2.890927e-02	7.706863e-05	2.272105e-02	-1.673158e-04	-5.232764e-04
4.076310e+03	9.914349e-03	-3.503630e-02	3.787547e-05	-9.618460e-03	5.068604e-05	-3.069307e-04
4.088700e+03	3.347294e-02	-1.286957e-02	1.051747e-06	-3.312341e-02	2.381534e-04	-4.176191e-04
4.101090e+03	2.902524e-02	1.900947e-02	1.506518e-05	-2.881871e-02	1.743414e-04	-1.230625e-04
4.113480e+03	1.875397e-03	3.429389e-02	-1.291178e-04	-1.816128e-03	8.840784e-05	-6.041853e-05
4.125870e+03	-2.623663e-02	2.053865e-02	-2.398459e-04	2.634349e-02	-5.644149e-05	-1.073046e-04
4.138260e+03	-3.155882e-02	-8.684088e-03	5.396098e-05	3.123001e-02	-2.779772e-04	3.910385e-04
4.150650e+03	-1.174010e-02	-3.027730e-02	2.539063e-04	1.122263e-02	-2.117990e-04	4.975224e-04
4.163040e+03	1.743298e-02	-2.624763e-02	1.956170e-04	-1.765112e-02	-1.880454e-06	2.026630e-04
4.175430e+03	3.046876e-02	-1.031282e-03	1.892612e-04	-3.040308e-02	1.230494e-04	-4.626288e-05
4.187820e+03	1.856216e-02	2.403076e-02	-1.045035e-04	-1.834115e-02	2.192447e-04	-2.615266e-04
4.200210e+03	-8.454967e-03	2.808205e-02	-1.424708e-04	8.764000e-03	2.890316e-05	-3.151288e-04
4.212600e+03	-2.720174e-02	9.162014e-03	-2.557631e-04	2.747732e-02	-3.746045e-05	-2.704749e-04
4.224990e+03	-2.254173e-02	-1.710404e-02	8.588017e-05	2.294149e-02	-2.367655e-04	-3.948774e-04
4.237380e+03	1.112917e-03	-2.679704e-02	5.751198e-05	-9.235068e-04	-7.647293e-05	-1.917106e-04
4.249770e+03	2.294622e-02	-1.443993e-02	1.461412e-04	-2.279207e-02	3.708211e-05	-1.864894e-04
4.262160e+03	2.408388e-02	1.011931e-02	1.413459e-04	-2.401376e-02	8.912444e-05	-4.912275e-05
4.274550e+03	4.945708e-03	2.462703e-02	-6.406763e-05	-4.964525e-03	1.162163e-04	4.131701e-06
4.286940e+03	-1.738614e-02	1.787176e-02	-1.400684e-04	1.740864e-02	-1.310528e-05	-3.115730e-05
4.299330e+03	-2.426018e-02	-4.180948e-03	-3.681613e-05	2.406294e-02	-1.199215e-04	1.992309e-04
4.311720e+03	-1.075146e-02	-2.204774e-02	1.776847e-05	1.026525e-02	-1.350727e-04	4.366143e-04
4.324110e+03	1.209430e-02	-2.120925e-02	9.325554e-05	-1.227922e-02	-1.385554e-05	1.795875e-04
4.336500e+03	2.366113e-02	-2.061393e-03	2.018793e-04	-2.366823e-02	1.318260e-05	-4.979313e-06
4.348890e+03	1.561570e-02	1.863710e-02	-5.291104e-05	-1.553246e-02	1.583676e-04	-9.734649e-05
4.361280e+03	-3.707570e-03	2.219980e-02	-1.118142e-04	7.415056e-03	1.151275e-04	-2.203813e-04
4.373670e+03	-2.212901e-02	8.144867e-03	-7.817806e-05	2.227310e-02	-8.264526e-05	-1.601517e-04
4.386060e+03	-1.877110e-02	-1.412353e-02	-7.323456e-05	1.918631e-02	-1.201085e-04	-3.478058e-04
4.398450e+03	1.092765e-03	-2.283157e-02	8.605211e-05	-8.642729e-04	-1.060924e-04	-2.194458e-04
4.410840e+03	1.970363e-02	-1.259335e-02	1.650137e-04	-1.968312e-02	-1.142225e-05	-5.414662e-05
4.423230e+03	2.160516e-02	9.070143e-03	-5.162629e-05	-2.146530e-02	1.660226e-04	-8.321563e-05
4.435620e+03	4.749068e-03	2.240017e-02	-1.036313e-05	-4.704452e-03	8.008489e-05	-4.505735e-05
4.448010e+03	-1.608169e-02	1.656035e-02	-1.135684e-04	1.610257e-02	2.620711e-05	-3.487175e-06
4.460400e+03	-2.242373e-02	-3.516329e-03	-1.212884e-04	2.228595e-02	-6.040594e-05	1.048855e-04
4.472790e+03	-1.047042e-02	-2.067108e-02	3.650822e-05	1.020997e-02	-1.216616e-04	2.454353e-04
4.485180e+03	1.072996e-02	-2.028006e-02	1.382081e-04	-1.093207e-02	-7.226833e-05	1.779869e-04
4.497570e+03	2.251101e-02	-2.861729e-03	6.780560e-05	-2.245042e-02	4.081830e-05	-5.806000e-05
4.509960e+03	1.567164e-02	1.720637e-02	-4.283448e-05	-1.556511e-02	1.317091e-04	-5.639865e-05
4.522350e+03	-4.751644e-03	2.198175e-02	-9.081579e-05	4.889693e-03	4.869066e-05	-1.343613e-04
4.534740e+03	-2.132549e-02	8.771702e-03	-2.806716e-05	2.137124e-02	-8.088371e-05	-7.270889e-05
4.547130e+03	-1.883917e-02	-1.211844e-02	1.129500e-06	1.905877e-02	-7.575635e-05	-2.009597e-04
4.559520e+03	-7.401485e-04	-2.226046e-02	1.451817e-04	9.215479e-04	-7.957432e-05	-1.808932e-04
4.571910e+03	1.718482e-02	-1.336424e-02	7.098456e-05	-1.728580e-02	1.934847e-05	9.078357e-05
4.584300e+03	2.150874e-02	6.499098e-03	-1.159025e-04	-2.141138e-02	1.638525e-04	-1.305493e-04
4.596690e+03	6.857878e-03	2.064252e-02	-6.315573e-06	-6.774825e-03	2.374033e-05	-7.850702e-05
4.609080e+03	-1.298144e-02	1.702988e-02	-1.049353e-04	1.307576e-02	1.291989e-05	-8.410492e-05
4.621470e+03	-2.094666e-02	-4.003731e-04	-6.095937e-05	2.066375e-02	-6.657658e-05	2.663493e-04
4.633860e+03	-1.162675e-02	-1.771122e-02	-1.906161e-05	1.153043e-02	-5.722235e-05	1.177220e-04
4.646250e+03	7.786882e-03	-1.922381e-02	7.885683e-05	-7.801049e-03	-3.558260e-05	1.157476e-05
4.658640e+03	1.983696e-02	-4.960810e-03	-8.737654e-05	-1.973665e-02	1.045692e-04	-4.160892e-05
4.671030e+03	1.603470e-02	1.308017e-02	3.052057e-05	-1.574792e-02	3.756155e-05	-2.773155e-04
4.683420e+03	-1.769495e-03	1.987597e-02	-1.481448e-04	1.753112e-03	7.232120e-05	1.194511e-05
4.695810e+03	-1.682130e-02	9.828663e-03	-1.026427e-04	1.706676e-02	-2.233441e-05	-2.002285e-04
4.708200e+03	-1.743567e-02	-8.124325e-03	4.356714e-06	1.760905e-02	-1.043283e-04	-2.474815e-04
4.720590e+03	-3.417066e-03	-1.850000e-02	1.343093e-04	3.536038e-03	-9.677464e-05	-1.167480e-04
4.732980e+03	1.295819e-02	-1.341813e-02	5.392805e-06	-1.302024e-02	7.768915e-05	3.242950e-06
4.745370e+03	1.810023e-02	2.921198e-03	-7.525161e-05	-1.789681e-02	1.268594e-04	-1.476453e-04
4.757760e+03	7.803620e-03	1.657959e-02	7.137602e-05	-7.770395e-03	-4.415836e-05	-5.795082e-05
4.770150e+03	-8.737683e-03	1.514755e-02	-2.003571e-04	8.892979e-03	3.875458e-05	-1.411022e-04
4.782540e+03	-1.709960e-02	1.265969e-03	1.962799e-05	1.719931e-02	-1.528185e-04	-9.635393e-05
4.794930e+03	-1.117425e-02	-1.303016e-02	7.636794e-05	1.098225e-02	-1.284347e-04	1.750475e-04
4.807320e+03	4.709579e-03	-1.655313e-02	5.047220e-05	-4.576200e-03	4.798481e-06	-1.134540e-04
4.819710e+03	1.653769e-02	-2.858028e-03	3.118951e-04	-1.650136e-02	-1.219420e-04	-5.022765e-06
4.832100e+03	1.359159e-02	9.439850e-03	-2.124213e-05	-1.357602e-02	1.073475e-04	-9.421098e-05
4.844490e+03	1.458349e-04	1.605916e-02	-1.296496e-04	-1.040741e-04	6.341536e-05	-4.087462e-05
4.856880e+03	-1.323078e-02	9.241684e-03	-1.204442e-04	1.332322e-02	-2.307988e-05	-1.380241e-04
4.869270e+03	-1.460749e-02	-5.437192e-03	-1.226879e-04	1.479886e-02	-2.862388e-05	-1.512723e-04
4.881660e+03	-3.929149e-03	-1.502087e-02	1.003519e-04	4.064709e-03	-1.061492e-04	-1.340025e-04
4.894050e+03	1.009627e-02	-1.186173e-02	5.819983e-05	-1.003683e-02	4.658549e-05	-6.617842e-05
4.906440e+03	1.502213e-02	1.595681e-03	-2.447673e-05	-1.506432e-02	1.351728e-04	-2.890250e-05
4.918830e+03	7.197784e-03	1.360319e-02	-8.975922e-05	-7.293337e-03	1.062500e-04	6.595808e-05
4.931220e+03	-6.458115e-03	1.337580e-02	-7.033031e-05	6.527269e-03	-1.964119e-05	-6.686826e-05
4.943610e+03	-1.433386e-02	2.301211e-03	-7.812451e-05	1.431756e-02	-4.659110e-05	-4.090582e-05
4.956000e+03	-1.057287e-02	-1.029688e-02	4.967446e-05	1.032642e-02	-1.355894e-04	2.340100e-04
4.968390e+03	2.540051e-03	-1.419277e-02	5.822276e-05	-2.609522e-03	-2.738239e-05	5.401327e-05
4.980780e+03	1.341393e-02	-6.111735e-03	6.884105e-05	-1.329860e-02	1.998067e-05	-1.046570e-04
4.993170e+03	1.242899e-02	6.801320e-03	-5.479512e-05	-1.232915e-02	1.132546e-04	-1.045093e-04
5.005560e+03	1.643801e-03	1.390000e-02	-1.178415e-04	-1.644585e-03	8.686482e-05	-9.494098e-06
5.017950e+03	-1.040521e-02	9.543232e-03	-5.142610e-05	1.044521e-02	-2.368160e-05	-6.833999e-05
5.030340e+03	-1.339090e-02	-2.954386e-03	-4.147216e-05	1.351371e-02	-7.755351e-05	-1.347360e-04
5.042730e+03	-5.227372e-03	-1.277286e-02	2.800573e-05	5.455633e-03	-6.440000e-05	-2.234703e-04
5.055120e+03	7.188032e-03	-1.183405e-02	1.233797e-04	-7.041727e-03	-6.086961e-05	-1.561549e-04
5.067510e+03	1.300000e-02	-1.261068e-03	-4.724872e-05	-1.288397e-02	1.007042e-04	-1.289878e-04
5.079900e+03	8.720323e-03	1.013952e-02	-4.184362e-05	-8.682510e-03	7.410720e-05	-4.222724e-05
5.092290e+03	-3.215943e-03	1.244105e-02	1.782521e-05	3.212528e-03	-1.661213e-05	1.249519e-05
5.104680e+03	-1.182749e-02	4.530708e-03	-1.236772e-04	1.181400e-02	2.601106e-05	3.254142e-05
5.117070e+03	-1.046529e-02	-6.811264e-03	1.307477e-04	1.042028e-02	-1.521818e-04	5.978077e-05
5.129460e+03	-6.609084e-04	-1.201941e-02	2.710557e-05	6.259724e-04	-1.087956e-05	2.707905e-05
5.141850e+03	9.611709e-03	-7.563790e-03	-7.891826e-06	-9.470092e-03	4.061979e-05	-1.446829e-04
5.154240e+03	1.176625e-02	2.988506e-03	-4.932679e-05	-1.157696e-02	7.924974e-05	-1.615415e-04
5.166630e+03	3.989888e-03	1.094816e-02	3.142202e-05	-4.033351e-03	-1.449599e-05	2.379860e-05
5.179020e+03	-5.975146e-03	9.594538e-03	1.098242e-04	6.020320e-03	-9.042196e-05	-3.643022e-05
5.191410e+03	-1.137756e-02	8.132910e-04	-1.414441e-05	1.138725e-02	-2.724320e-05	4.193609e-05
5.203800e+03	-6.896686e-03	-8.234352e-03	-2.338878e-06	6.861032e-03	-3.060890e-05	-2.501468e-05
5.216190e+03	2.800602e-03	-1.031063e-02	1.179414e-04	-2.603356e-03	-6.869497e-05	-1.908698e-04
5.228580e+03	9.363374e-03	-3.488440e-03	-1.048037e-04	-9.485999e-03	1.030949e-04	1.352322e-04
5.240970e+03	8.415397e-03	5.580017e-03	-1.642436e-05	-8.461608e-03	4.399103e-05	8.735086e-06
5.253360e+03	3.283861e-04	9.551814e-03	5.260068e-05	-3.329124e-04	-6.006699e-05	5.430638e-06
5.265750e+03	-7.254598e-03	5.787365e-03	-2.247537e-04	7.232475e-03	1.289304e-04	1.614723e-05
5.278140e+03	-8.258582e-03	-2.540200e-03	4.638193e-05	8.352849e-03	-8.051545e-05	-7.198223e-05
5.290530e+03	-2.799700e-03	-8.363220e-03	-4.307217e-05	2.901190e-03	2.008598e-05	-9.810519e-05
5.302920e+03	4.749425e-03	-6.779662e-03	9.092059e-05	-4.765024e-03	-5.130679e-05	1.281146e-05
5.315310e+03	8.127671e-03	-3.287975e-04	-3.364172e-06	-7.959849e-03	4.863595e-05	-1.219175e-04
5.327700e+03	4.900633e-03	6.552689e-03	-6.742943e-05	-4.981158e-03	6.087828e-05	7.449941e-05
5.340090e+03	-2.042407e-03	7.553097e-03	-1.129159e-04	2.090095e-03	3.315701e-05	-4.907993e-05
5.352480e+03	-6.865730e-03	2.507003e-03	-1.096805e-04	6.983663e-03	8.205189e-06	-1.113806e-04
5.364870e+03	-6.288317e-03	-3.795914e-03	-1.322966e-04	6.125722e-03	5.709564e-05	1.723496e-04
5.377260e+03	2.834324e-07	-7.128717e-03	-6.144639e-05	1.983913e-04	2.354570e-05	-1.927343e-04
5.389650e+03	5.633539e-03	-4.010659e-03	-7.838124e-05	-5.540552e-03	7.048495e-05	-9.121166e-05
5.402040e+03	6.005674e-03	2.220765e-03	-4.085971e-05	-6.155451e-03	4.665236e-05	1.174206e-04
5.414430e+03	1.958716e-03	5.844304e-03	7.520992e-06	-1.903769e-03	8.365288e-06	-5.773305e-05
5.426820e+03	-3.621432e-03	4.731409e-03	-1.483492e-04	3.558633e-03	6.851520e-05	5.451468e-05
5.439210e+03	-5.561716e-03	-2.229468e-04	-2.528030e-05	5.558145e-03	-5.083159e-05	1.374998e-05
5.451600e+03	-2.972449e-03	-4.557474e-03	-3.751435e-05	3.006860e-03	3.910071e-07	8.608969e-06
5.463990e+03	1.999212e-03	-4.919952e-03	4.263512e-05	-1.901584e-03	-4.062312e-05	-9.161117e-05
5.476380e+03	4.756282e-03	-1.240350e-03	6.470456e-06	-4.699455e-03	4.008419e-05	-3.395688e-05
5.488770e+03	4.210541e-03	2.858839e-03	2.058590e-06	-3.925188e-03	3.466027e-05	-3.119632e-04
5.501160e+03	-3.564876e-04	4.774956e-03	-1.566526e-04	3.547058e-04	9.788295e-05	3.760060e-06
5.513550e+03	-4.102809e-03	2.205088e-03	-5.103961e-05	4.160117e-03	-8.824486e-06	-5.663769e-05
5.525940e+03	-3.936468e-03	-1.826489e-03	5.210605e-05	4.018768e-03	-7.547321e-05	-9.099364e-05
5.538330e+03	-7.595503e-04	-4.178522e-03	2.534458e-05	8.137944e-04	-3.871803e-05	-6.246400e-05
5.550720e+03	2.944900e-03	-2.796422e-03	1.231712e-05	-2.946145e-03	1.911478e-05	1.084241e-05
5.563110e+03	3.790000e-03	8.221539e-04	-3.648889e-05	-3.700354e-03	5.568416e-05	-8.938306e-05
5.575500e+03	1.710949e-03	3.334854e-03	-3.697950e-05	-1.640006e-03	4.226598e-05	-4.599957e-05
5.587890e+03	-2.048017e-03	2.953836e-03	9.244005e-05	2.040452e-03	-1.076732e-04	4.565701e-06
5.600280e+03	-3.291075e-03	1.833139e-04	1.377158e-05	3.302535e-03	-4.115234e-05	-1.972382e-05
5.612670e+03	-1.913302e-03	-2.715099e-03	-4.989691e-06	2.005006e-03	-1.632190e-05	-8.809349e-05
5.625060e+03	9.821355e-04	-3.297577e-03	3.721064e-05	-7.475771e-04	-3.931799e-05	-2.118309e-04
5.637450e+03	3.172421e-03	-1.100222e-03	5.109287e-07	-3.000651e-03	-1.009581e-06	-1.611219e-04
5.649840e+03	2.516083e-03	1.633592e-03	3.761568e-05	-2.400223e-03	-2.894424e-06	-1.139367e-04
5.662230e+03	-1.380946e-04	2.926877e-03	2.667171e-05	9.061914e-05	-7.109599e-06	3.227179e-05
5.674620e+03	-2.200924e-03	1.758726e-03	9.980931e-05	2.203866e-03	-7.991879e-05	7.465683e-06
5.687010e+03	-2.396092e-03	-8.306165e-04	-6.617568e-05	2.443196e-03	1.668979e-05	-4.333158e-05
5.699400e+03	-6.585978e-04	-2.343261e-03	3.005626e-05	6.105797e-04	-3.296320e-05	4.286705e-05
5.711790e+03	1.485936e-03	-2.014696e-03	5.086396e-05	-1.476196e-03	-4.088409e-05	-1.001718e-05
5.724180e+03	2.551840e-03	1.783324e-05	-1.141844e-04	-2.423680e-03	8.707713e-05	-1.252436e-04
5.736570e+03	1.449599e-03	1.858303e-03	2.989671e-05	-1.299285e-03	-3.559681e-05	-1.346313e-04
5.748960e+03	-1.029892e-03	1.795719e-03	-5.776873e-05	1.135435e-03	1.009767e-05	-7.301367e-05
5.761350e+03	-1.380159e-03	1.251458e-04	6.449578e-05	1.621817e-03	-7.197344e-05	-2.447974e-04
5.773740e+03	-1.317179e-03	-1.459366e-03	3.836233e-05	1.363067e-03	-4.190446e-05	-3.492983e-05
5.786130e+03	5.151038e-04	-1.657639e-03	1.394414e-04	-5.756886e-04	-5.995739e-05	6.761543e-05
5.798520e+03	1.680513e-03	-9.496785e-04	-3.027538e-05	-1.545067e-03	3.961183e-05	-1.357519e-04
5.810910e+03	1.559039e-03	6.829896e-04	-5.908882e-05	-1.428967e-03	3.217995e-05	-1.343946e-04
5.823300e+03	3.043506e-04	1.632479e-03	6.836432e-06	-2.146649e-04	-1.709437e-05	-8.054459e-05
5.835690e+03	-8.905147e-04	1.030695e-03	-7.231437e-05	1.057274e-03	3.188867e-05	-1.303072e-04
5.848080e+03	-1.408629e-03	-7.409307e-04	-2.023022e-05	1.596444e-03	-1.402835e-05	-2.086916e-04
5.860470e+03	-2.991284e-04	-1.538674e-03	6.302999e-05	4.240930e-04	-6.075279e-05	-1.498357e-04
5.872860e+03	9.530855e-04	-1.331571e-03	-5.458154e-05	-8.885506e-04	5.801706e-05	-6.605999e-05
5.885250e+03	1.283888e-03	1.106590e-04	6.566725e-05	-1.319474e-03	-3.631399e-05	4.221824e-05
5.897640e+03	8.922623e-04	1.237465e-03	3.765078e-05	-9.904260e-04	-2.435114e-05	8.282338e-05
5.910030e+03	-5.975287e-04	1.425469e-03	-1.337622e-04	4.337804e-04	7.473473e-05	1.436110e-04
5.922420e+03	-1.083039e-03	1.594312e-04	-6.780853e-05	1.176072e-03	3.386547e-06	-9.125337e-05
5.934810e+03	-7.755771e-04	-8.459813e-04	3.483403e-05	8.383134e-04	-4.376972e-05	-6.246203e-05
5.947200e+03	3.586008e-04	-1.213021e-03	1.037724e-04	-2.249815e-04	-8.563054e-05	-1.086472e-04
5.959590e+03	1.131945e-03	-4.110106e-04	1.296693e-04	-1.129907e-03	-6.676661e-05	-8.971331e-07
5.971980e+03	1.108135e-03	5.202385e-04	5.657975e-05	-1.086208e-03	-2.164027e-05	-3.121702e-05
5.984370e+03	4.515272e-04	9.898101e-04	-3.577798e-05	-3.335488e-04	4.478560e-05	-1.068278e-04
5.996760e+03	-7.790101e-04	7.850755e-04	7.130172e-06	7.617225e-04	-9.798503e-06	1.568250e-05
6.009150e+03	-1.147014e-03	4.467101e-05	-6.797031e-05	1.055343e-03	2.046059e-05	9.032097e-05
6.021540e+03	-3.880539e-04	-7.582416e-04	-4.316808e-05	3.932453e-04	5.595033e-06	1.031538e-05
6.033930e+03	5.879488e-04	-8.480156e-04	6.150000e-05	-5.089560e-04	-5.324528e-05	-8.523430e-05
6.046320e+03	8.100247e-04	7.718839e-06	-6.520981e-05	-8.457348e-04	5.640306e-05	3.930913e-05
6.058710e+03	7.354802e-04	5.924183e-04	4.482644e-05	-6.985308e-04	-2.307914e-05	-4.105294e-05
6.071100e+03	-1.376831e-05	8.898796e-04	2.506918e-06	-1.547701e-05	2.585181e-06	3.000863e-05
6.083490e+03	-5.327950e-04	4.411163e-04	1.959831e-05	5.081155e-04	-3.664373e-05	3.275176e-05
6.095880e+03	-4.755078e-04	-2.924886e-04	-3.156627e-05	5.213016e-04	2.269120e-07	-4.716802e-05
6.108270e+03	-7.506823e-05	-6.531136e-04	-5.084349e-05	1.250000e-04	1.241622e-05	-6.073097e-05
6.120660e+03	6.513177e-04	-4.176757e-04	-2.550082e-05	-5.685957e-04	1.814549e-05	-9.542746e-05
6.133050e+03	7.721529e-04	5.370962e-05	3.503122e-05	-6.498751e-04	-2.981522e-05	-1.220914e-04
6.145440e+03	3.510000e-04	2.993889e-04	1.782753e-05	-1.695466e-04	2.340910e-06	-1.919647e-04
6.157830e+03	-2.022805e-04	4.579558e-04	-2.686751e-05	2.551617e-04	2.201023e-05	-4.889645e-05
6.170220e+03	-3.277383e-04	7.332789e-05	1.749772e-05	3.720558e-04	-1.764582e-05	-4.085278e-05
6.182610e+03	-3.165659e-04	-2.692809e-04	3.687562e-05	2.878867e-04	-4.361940e-05	1.136446e-05
6.195000e+03	3.916432e-04	-3.275305e-04	3.222073e-05	-3.476570e-04	-3.911354e-05	-4.426604e-05
6.207390e+03	5.762178e-04	-9.635294e-05	1.187343e-05	-5.510131e-04	-2.137806e-05	-2.159937e-05
6.219780e+03	3.780865e-04	5.475468e-05	-3.694096e-05	-2.686453e-04	2.933319e-05	-1.130555e-04
6.232170e+03	1.127313e-04	2.441133e-04	-2.381474e-06	-3.937856e-05	7.371664e-06	-7.813566e-05
6.244560e+03	-9.220782e-06	1.175743e-04	-7.525904e-05	9.892198e-05	7.351126e-05	-9.886404e-05
6.256950e+03	1.027409e-04	-2.242827e-04	-1.039386e-05	1.166376e-04	8.859271e-06	-2.217131e-04
6.269340e+03	-6.783849e-05	-3.066301e-04	5.159924e-05	1.773005e-04	-4.602771e-05	-1.046356e-04
6.281730e+03	7.289622e-05	-1.230962e-04	-3.023549e-05	-7.288468e-05	1.026232e-06	-4.377669e-07
6.294120e+03	2.959996e-04	3.030502e-06	-4.210890e-05	-2.767875e-04	3.380584e-05	-1.941710e-05
6.306510e+03	2.891241e-04	1.147397e-04	-7.335388e-06	-2.447170e-04	1.693145e-06	-6.110154e-05
6.318900e+03	-2.755092e-05	5.296860e-05	3.497432e-05	7.493981e-05	-2.225542e-05	-5.577057e-05
6.331290e+03	-1.492034e-04	-1.421135e-04	-1.134485e-05	2.522942e-04	-9.301400e-06	-1.030784e-04
6.343680e+03	2.152132e-05	-4.040182e-05	-2.073181e-05	-1.371356e-06	-4.466486e-06	-2.001741e-05
6.356070e+03	1.999996e-04	-7.510012e-05	-7.169961e-05	-1.399996e-04	3.219970e-05	-5.970005e-05
6.368460e+03	2.671210e-04	7.115110e-05	-3.751231e-05	-2.214286e-04	1.939523e-05	-3.258061e-05
6.380850e+03	4.816012e-04	-5.221078e-05	-1.193198e-05	-2.887805e-04	8.123559e-06	-1.913652e-04
6.393240e+03	5.203332e-05	1.163073e-04	-1.418309e-05	-5.118307e-05	1.000093e-05	-5.772178e-07
6.405630e+03	3.612125e-05	-7.232907e-05	-3.018140e-05	4.237052e-05	2.338360e-05	-8.245985e-05
6.418020e+03	1.723806e-04	-9.033545e-05	-3.501540e-05	-7.199662e-05	1.496615e-05	-1.012785e-04
6.430410e+03	8.385544e-05	1.286342e-05	-2.792680e-05	-8.748779e-05	5.609973e-06	-5.290425e-06
6.442800e+03	7.320585e-05	-8.503753e-05	-1.939470e-05	5.665356e-07	-1.019715e-05	-7.284208e-05
6.455190e+03	-1.014533e-05	1.819905e-04	3.345423e-05	-4.788238e-05	-4.319599e-05	5.800004e-05
6.467580e+03	-3.978176e-05	1.352971e-04	7.247102e-06	2.666288e-05	-1.105534e-05	1.366797e-05
6.479970e+03	3.382350e-04	-9.256151e-05	-6.946186e-05	-1.858657e-04	5.930172e-05	-1.523783e-04
6.492360e+03	1.511371e-04	5.215902e-06	8.694263e-06	-1.207877e-04	1.400245e-06	-3.507764e-05
6.504750e+03	-4.425802e-05	2.372732e-06	-1.167421e-05	2.989285e-05	7.225333e-06	1.219976e-05
6.517140e+03	1.269925e-04	-5.722209e-05	-5.968392e-06	-3.004342e-05	-5.919567e-06	-8.723387e-05
6.529530e+03	2.331003e-05	6.229002e-05	-7.934278e-05	-5.823642e-06	4.019423e-05	-1.612221e-05
6.541920e+03	1.543075e-04	5.259039e-06	9.522691e-05	-4.267301e-05	-8.839647e-05	-1.111851e-04
6.554310e+03	-1.330989e-04	3.082741e-05	-3.184945e-05	1.731513e-04	9.547342e-06	-4.011318e-05
6.566700e+03	1.085664e-04	-1.606048e-05	-2.673557e-05	-2.996307e-05	9.360256e-06	-7.916403e-05
6.579090e+03	-5.032391e-05	-1.043863e-04	2.321601e-05	1.019667e-04	-2.274599e-05	-4.751958e-05
6.591480e+03	2.146538e-04	-2.494003e-04	1.119211e-05	-7.834060e-05	-4.682269e-06	-1.362466e-04
6.603870e+03	-2.678120e-05	1.117042e-04	3.765065e-05	-7.442371e-05	-2.678677e-05	1.011008e-04
6.616260e+03	8.531633e-05	9.544137e-05	6.422447e-06	-1.106377e-04	-6.840772e-06	2.347176e-05
6.628650e+03	-4.466136e-05	8.626268e-05	-1.385651e-05	2.375455e-05	1.543341e-07	1.644900e-05
6.641040e+03	-7.893941e-05	-7.038970e-05	1.368070e-05	1.576943e-04	-2.784634e-05	-7.829995e-05
6.653430e+03	-1.345537e-05	-9.604011e-06	1.512167e-05	7.508160e-05	-2.837226e-05	-4.036079e-05
6.665820e+03	1.022807e-04	-1.067296e-05	1.332400e-05	-7.076395e-05	-1.579819e-05	-2.374213e-05
6.678210e+03	-1.410822e-04	8.837089e-05	3.708020e-05	8.261658e-05	-4.037694e-05	6.073726e-05
6.690600e+03	1.523541e-04	-1.353345e-04	1.852849e-05	-3.621432e-05	-1.462192e-05	-1.118852e-04
6.702990e+03	-9.064985e-05	1.149781e-04	-3.439089e-06	3.887317e-05	1.894410e-05	5.177668e-05
6.715380e+03	2.534824e-05	9.389832e-05	-3.009463e-05	-1.022551e-05	1.707594e-05	-2.514583e-05
6.727770e+03	9.102266e-05	-2.303174e-05	-2.221388e-05	-4.694958e-06	3.405428e-07	-8.627516e-05
6.740160e+03	4.523814e-04	-3.227322e-04	4.791673e-05	-2.205672e-04	-5.072654e-05	-2.314379e-04
6.752550e+03	-1.527294e-04	-8.216833e-05	3.181354e-05	1.490978e-04	-4.826569e-05	1.225250e-05
6.764940e+03	2.376096e-04	-3.281870e-04	-2.148287e-05	-8.595308e-05	2.937228e-06	-1.520725e-04
6.777330e+03	3.754936e-04	-6.587555e-05	1.430722e-05	-2.848042e-04	-2.755118e-07	-8.066840e-05
6.789720e+03	7.752644e-05	1.236607e-04	-8.629632e-06	-1.025031e-04	-2.275558e-06	2.359942e-05
6.802110e+03	9.240610e-05	7.582489e-05	-9.197262e-06	-5.140159e-05	6.786370e-06	-4.024164e-05
6.814500e+03	1.811162e-04	3.577731e-06	7.272292e-06	-9.508917e-05	-7.446266e-06	-8.657076e-05
6.826890e+03	1.622377e-04	-1.763317e-04	-3.421380e-05	6.446711e-06	2.953749e-05	-1.669514e-04
6.839280e+03	4.504891e-05	-3.411787e-05	-2.017089e-05	-7.183692e-06	7.676515e-06	-2.411838e-05
6.851670e+03	2.592331e-04	6.482093e-05	-3.014641e-05	-2.435150e-04	1.141456e-05	1.068393e-05
6.864060e+03	2.588366e-04	6.072609e-05	-6.377175e-06	-1.971706e-04	-8.489300e-06	-5.363526e-05
6.876450e+03	9.510198e-06	6.098990e-05	-1.504127e-05	5.437824e-05	-1.205871e-06	-5.436701e-05
6.888840e+03	-1.369645e-04	-2.760539e-05	1.717073e-05	2.116990e-04	-1.676544e-05	-7.392146e-05
6.901230e+03	8.598694e-07	1.756342e-04	2.292855e-05	-3.551342e-05	-1.692412e-05	3.297451e-05
6.913620e+03	-5.638023e-05	-5.389643e-05	-1.777450e-05	8.451054e-05	6.753531e-06	-3.316073e-05
6.926010e+03	2.345791e-04	-1.179464e-04	1.707049e-05	-1.417138e-04	-2.855000e-05	-9.288590e-05
6.938400e+03	1.350821e-04	8.325126e-05	1.035504e-05	-1.550943e-04	-2.114670e-05	2.034623e-05
6.950790e+03	1.194484e-04	6.228310e-05	4.398826e-07	-7.349029e-05	1.995557e-06	-4.831012e-05
6.963180e+03	8.614704e-05	1.268231e-04	-6.874048e-06	-3.156111e-05	8.127444e-06	-6.133424e-05
6.975570e+03	9.408837e-05	-1.260992e-05	2.302580e-05	4.662780e-05	-3.785738e-06	-1.405101e-04
