1.313340e+03	9.967462e-02	-1.776876e-02	9.452737e-05	-9.975030e-02	-8.070882e-05	3.752154e-04
1.325730e+03	1.001733e-01	9.923002e-03	-4.202837e-06	-1.002349e-01	3.188182e-05	2.098485e-05
1.338120e+03	9.424337e-02	3.605558e-02	1.428587e-05	-9.409380e-02	2.689747e-05	-4.465525e-05
1.350510e+03	8.140211e-02	5.957097e-02	1.710206e-06	-8.151702e-02	1.103026e-05	6.095401e-05
1.362900e+03	6.305844e-02	7.905729e-02	7.646024e-06	-6.325424e-02	1.582710e-05	2.597410e-04
1.375290e+03	4.011901e-02	9.288899e-02	-1.277953e-05	-4.048407e-02	4.616310e-05	3.258107e-04
1.387680e+03	1.414208e-02	9.988445e-02	-1.782917e-05	-1.448426e-02	-2.579648e-06	3.202233e-04
1.400070e+03	-1.246729e-02	9.981755e-02	-8.250595e-06	1.229032e-02	2.172817e-06	2.068866e-04
1.412460e+03	-3.772331e-02	9.337757e-02	-7.236010e-06	3.756927e-02	-8.931120e-06	1.377365e-04
1.424850e+03	-6.095120e-02	8.054563e-02	-5.465458e-06	6.064239e-02	4.455281e-06	2.706532e-04
1.437240e+03	-8.055152e-02	6.189559e-02	-3.423383e-05	7.995596e-02	-1.794340e-05	6.127884e-04
1.449630e+03	-9.425755e-02	3.843444e-02	6.394670e-05	9.357384e-02	8.820639e-06	6.510048e-04
1.462020e+03	-1.003449e-01	1.203291e-02	-4.426751e-05	9.967545e-02	-7.491773e-06	4.021704e-04
1.474410e+03	-9.966079e-02	-1.474715e-02	1.095520e-05	9.912170e-02	-8.574677e-06	3.158994e-04
1.486800e+03	-9.244326e-02	-4.079298e-02	8.456327e-06	9.197421e-02	2.231078e-05	4.479784e-04
1.499190e+03	-7.816581e-02	-6.378774e-02	-5.883949e-05	7.762419e-02	-2.853934e-06	5.694490e-04
1.511580e+03	-5.819102e-02	-8.231612e-02	3.284748e-05	5.760491e-02	3.194400e-06	5.774743e-04
1.523970e+03	-3.389012e-02	-9.485521e-02	-3.095012e-05	3.331266e-02	-1.891787e-05	5.882026e-04
1.536360e+03	-7.198344e-03	-9.987938e-02	2.086078e-06	6.669940e-03	-4.427038e-06	4.658355e-04
1.548750e+03	2.009504e-02	-9.827525e-02	-9.707548e-06	-2.036214e-02	-2.261481e-05	3.311849e-04
1.561140e+03	4.600483e-02	-8.968469e-02	-2.495628e-05	-4.650308e-02	-5.438546e-05	4.316494e-04
1.573530e+03	6.910636e-02	-7.417592e-02	1.576190e-05	-6.975520e-02	-2.643716e-05	6.548384e-04
1.585920e+03	8.733049e-02	-5.247840e-02	7.231974e-06	-8.801659e-02	-2.593762e-05	6.262755e-04
1.598310e+03	9.886178e-02	-2.622129e-02	4.892358e-05	-9.907353e-02	-2.822788e-06	4.640452e-04
1.610700e+03	1.025919e-01	2.306007e-03	2.161738e-05	-1.026502e-01	-1.022824e-05	2.872596e-04
1.623090e+03	9.847380e-02	3.080872e-02	3.769716e-05	-9.870472e-02	-4.145419e-05	2.578144e-04
1.635480e+03	8.657003e-02	5.743925e-02	2.821558e-06	-8.689052e-02	7.506527e-05	3.084916e-04
1.647870e+03	6.743576e-02	8.005402e-02	-1.063832e-05	-6.790103e-02	2.177430e-05	4.402878e-04
1.660260e+03	4.212294e-02	9.635218e-02	-1.416043e-05	-4.244443e-02	1.439992e-05	3.821112e-04
1.672650e+03	1.340416e-02	1.043511e-01	-4.366789e-05	-1.357595e-02	2.491390e-05	1.989607e-04
1.685040e+03	-1.671255e-02	1.049046e-01	-4.046905e-05	1.668084e-02	7.759760e-06	3.193978e-05
1.697430e+03	-4.605254e-02	9.615809e-02	8.478875e-06	4.599659e-02	-6.077200e-05	9.601689e-05
1.709820e+03	-7.241014e-02	7.948565e-02	-1.963403e-05	7.224443e-02	-1.839392e-05	1.462983e-04
1.722210e+03	-9.307495e-02	5.529171e-02	1.414657e-05	9.291185e-02	-2.336633e-05	1.703403e-04
1.734600e+03	-1.062635e-01	2.530842e-02	1.509313e-05	1.062071e-01	-3.676818e-05	9.446595e-05
1.746990e+03	-1.082587e-01	-7.416100e-03	4.340547e-05	1.081992e-01	-1.247794e-05	-1.237736e-04
1.759380e+03	-1.011138e-01	-3.947330e-02	6.103561e-05	1.019365e-01	-8.988829e-06	-2.662198e-04
1.771770e+03	-8.523121e-02	-6.846767e-02	-4.404723e-05	8.537148e-02	1.195709e-06	-1.516467e-04
1.784160e+03	-6.063022e-02	-9.158642e-02	6.786145e-05	6.072222e-02	4.226183e-06	-7.307946e-05
1.796550e+03	-2.958490e-02	-1.065781e-01	8.726866e-06	2.962826e-02	-1.407042e-05	-6.362084e-05
1.808940e+03	4.880400e-03	-1.100935e-01	2.748821e-06	-4.668710e-03	-1.352152e-05	-2.319285e-04
1.821330e+03	3.897871e-02	-1.039960e-01	-1.791563e-06	-3.873440e-02	-2.472637e-05	-2.558135e-04
1.833720e+03	6.986820e-02	-8.678865e-02	5.183715e-05	-6.950635e-02	5.285221e-05	-3.424455e-04
1.846110e+03	9.433026e-02	-6.092643e-02	1.919741e-06	-9.421226e-02	-8.183453e-05	-1.998111e-04
1.858500e+03	1.098143e-01	-2.773871e-02	3.108112e-05	-1.098788e-01	3.746752e-05	-1.256595e-04
1.870890e+03	1.136232e-01	9.120157e-03	4.822956e-05	-1.136860e-01	9.093639e-05	-1.919438e-04
1.883280e+03	1.050065e-01	4.524249e-02	-4.436944e-06	-1.044125e-01	1.138308e-04	-3.763437e-04
1.895670e+03	8.495761e-02	7.692554e-02	-6.126338e-05	-8.455322e-02	1.088060e-04	-4.396207e-04
1.908060e+03	5.601717e-02	1.001893e-01	-5.364033e-05	-5.572286e-02	2.461184e-05	-3.282144e-04
1.920450e+03	2.047641e-02	1.135494e-01	-8.959528e-05	-2.023781e-02	3.413183e-05	-2.286038e-04
1.932840e+03	-1.793183e-02	1.143621e-01	-1.381306e-04	1.808141e-02	-8.766420e-06	-1.598799e-04
1.945230e+03	-5.470299e-02	1.026657e-01	-4.886643e-05	5.494979e-02	-8.226801e-05	-2.009853e-04
1.957620e+03	-8.544828e-02	7.891075e-02	-2.916806e-05	8.571395e-02	-9.808493e-05	-2.605497e-04
1.970010e+03	-1.066611e-01	4.642667e-02	-5.318017e-06	1.069910e-01	-1.061697e-04	-2.935234e-04
1.982400e+03	-1.170943e-01	8.218665e-03	-2.001296e-05	1.170776e-01	-9.051171e-05	-1.011522e-04
1.994790e+03	-1.130326e-01	-3.163685e-02	9.485944e-05	1.129678e-01	-7.619195e-05	-3.942837e-05
2.007180e+03	-9.520033e-02	-6.783305e-02	6.784570e-05	9.532578e-02	-2.818029e-05	-5.213281e-05
2.019570e+03	-6.635952e-02	-9.528862e-02	5.939557e-05	6.661304e-02	-3.959716e-05	-2.594230e-04
2.031960e+03	-3.024609e-02	-1.123647e-01	1.203316e-04	3.038740e-02	2.559560e-05	-1.957545e-04
2.044350e+03	9.485800e-03	-1.157708e-01	5.746172e-05	-9.413093e-03	-1.417570e-07	-8.636901e-05
2.056740e+03	4.844532e-02	-1.058402e-01	8.052410e-05	-4.850683e-02	4.892693e-05	3.695116e-05
2.069130e+03	8.206039e-02	-8.344487e-02	3.647545e-05	-8.226506e-02	-4.230600e-05	1.713056e-04
2.081520e+03	1.060683e-01	-5.008263e-02	1.038914e-04	-1.061226e-01	1.496764e-04	1.471975e-04
2.093910e+03	1.170637e-01	-1.067653e-02	4.184626e-05	-1.171232e-01	9.819743e-05	1.649798e-04
2.106300e+03	1.136608e-01	3.045166e-02	1.588724e-05	-1.138141e-01	5.938048e-05	1.845729e-05
2.118690e+03	9.637997e-02	6.794073e-02	-4.494560e-05	-9.690731e-02	1.655716e-04	2.121969e-04
2.131080e+03	6.753945e-02	9.710423e-02	-8.515350e-05	-6.770876e-02	6.945052e-05	1.831392e-04
2.143470e+03	2.984550e-02	1.153169e-01	-1.365987e-04	-3.011201e-02	6.775145e-05	2.320604e-04
2.155860e+03	-1.163244e-02	1.181049e-01	-1.520600e-04	1.145535e-02	3.594134e-07	1.707745e-04
2.168250e+03	-5.181557e-02	1.067873e-01	-1.408062e-04	5.164950e-02	-7.102411e-05	1.458754e-04
2.180640e+03	-8.560531e-02	8.274485e-02	-1.012706e-04	8.547440e-02	-1.084580e-04	1.440787e-04
2.193030e+03	-1.098884e-01	4.774306e-02	-2.797909e-05	1.098977e-01	-1.462958e-04	2.832197e-04
2.205420e+03	-1.192587e-01	6.088336e-03	-4.672478e-06	1.187938e-01	-1.613027e-04	4.736085e-04
2.217810e+03	-1.139627e-01	-3.690606e-02	1.692569e-04	1.139183e-01	-1.081248e-04	4.267716e-04
2.230200e+03	-9.375617e-02	-7.496046e-02	2.920205e-05	9.291018e-02	-1.254457e-04	3.029801e-04
2.242590e+03	-6.044722e-02	-1.029762e-01	2.057604e-04	6.018817e-02	-1.688646e-05	2.875207e-04
2.254980e+03	-1.961635e-02	-1.187673e-01	1.112738e-04	1.930241e-02	-1.705912e-05	3.389094e-04
2.267370e+03	2.457592e-02	-1.173616e-01	1.076479e-04	-2.483557e-02	-5.350664e-06	2.973852e-04
2.279760e+03	6.606892e-02	-1.009317e-01	1.222703e-04	-6.643360e-02	5.250369e-05	3.568313e-04
2.292150e+03	9.910815e-02	-6.995653e-02	1.124845e-04	-9.945042e-02	3.170873e-05	3.433297e-04
2.304540e+03	1.186276e-01	-2.848783e-02	8.085290e-05	-1.196531e-01	1.297302e-04	3.296364e-04
2.316930e+03	1.215567e-01	1.798337e-02	5.910020e-05	-1.216484e-01	1.425169e-04	3.179972e-04
2.329320e+03	1.062394e-01	6.260344e-02	-3.227489e-05	-1.073993e-01	1.944641e-04	4.581176e-04
2.341710e+03	7.594211e-02	9.871270e-02	-1.063964e-04	-7.636843e-02	1.551181e-04	4.812592e-04
2.354100e+03	3.270216e-02	1.217083e-01	-2.284857e-04	-3.318829e-02	1.545596e-04	4.727297e-04
2.366490e+03	-1.583791e-02	1.251459e-01	-2.026049e-04	1.538101e-02	1.130191e-05	4.624497e-04
2.378880e+03	-6.334841e-02	1.103267e-01	-2.665935e-04	6.299105e-02	-5.926456e-05	3.698267e-04
2.391270e+03	-1.015742e-01	7.780144e-02	-1.165360e-04	1.013524e-01	-1.800666e-04	3.953077e-04
2.403660e+03	-1.262560e-01	3.142079e-02	-2.712961e-06	1.251012e-01	-2.280317e-04	4.512203e-04
2.416050e+03	-1.282058e-01	-2.172060e-02	4.138055e-05	1.279340e-01	-2.336776e-04	4.672405e-04
2.428440e+03	-1.095023e-01	-7.263932e-02	8.128497e-05	1.084145e-01	-2.018859e-04	5.871840e-04
2.440830e+03	-6.966200e-02	-1.112928e-01	1.787021e-04	6.921873e-02	-1.524321e-04	4.996458e-04
2.453220e+03	-1.690844e-02	-1.313754e-01	1.945181e-04	1.635115e-02	-7.543626e-05	6.040895e-04
2.465610e+03	4.106578e-02	-1.277481e-01	2.180658e-04	-4.177907e-02	2.955426e-05	6.917684e-04
2.478000e+03	9.322302e-02	-9.795937e-02	1.832999e-04	-9.398310e-02	6.538813e-05	7.563736e-04
2.490390e+03	1.291587e-01	-4.686206e-02	1.681146e-04	-1.300500e-01	1.679432e-04	9.262624e-04
2.502780e+03	1.376842e-01	1.714555e-02	1.063805e-04	-1.397365e-01	3.474485e-04	1.076724e-03
2.515170e+03	1.158591e-01	8.048409e-02	-4.923541e-05	-1.168150e-01	3.200156e-04	1.219017e-03
2.527560e+03	6.510808e-02	1.278978e-01	-2.262602e-04	-6.638895e-02	3.276846e-04	1.245579e-03
2.539950e+03	-5.284742e-03	1.442416e-01	-4.070053e-04	3.701116e-03	1.572396e-04	1.559543e-03
2.552340e+03	-7.884313e-02	1.255568e-01	-3.096868e-04	7.695611e-02	-1.425924e-04	1.937366e-03
2.564730e+03	-1.344870e-01	6.717091e-02	-2.661541e-04	1.324217e-01	-3.350347e-04	1.903358e-03
2.577120e+03	-1.499169e-01	-1.553044e-02	-3.517855e-05	1.478862e-01	-4.446142e-04	1.988797e-03
2.589510e+03	-1.119387e-01	-9.894085e-02	3.006562e-04	1.107085e-01	-3.828368e-04	1.720460e-03
2.601900e+03	-2.904339e-02	-1.439238e-01	3.459602e-04	2.787816e-02	-2.022895e-04	1.161867e-03
2.614290e+03	6.728770e-02	-1.264017e-01	3.893454e-04	-6.743507e-02	7.075909e-05	1.514598e-04
2.626680e+03	1.291276e-01	-4.901167e-02	2.669798e-04	-1.281666e-01	3.028898e-04	-9.356303e-04
2.639070e+03	1.183299e-01	4.961525e-02	-5.421672e-06	-1.163876e-01	5.140227e-04	-1.953388e-03
2.651460e+03	4.384573e-02	1.058380e-01	-3.847115e-04	-4.077004e-02	4.366152e-04	-3.094922e-03
2.663850e+03	-4.089107e-02	8.938609e-02	-5.125423e-04	4.443636e-02	-1.918418e-05	-3.530391e-03
2.676240e+03	-7.420268e-02	2.012004e-02	-2.562506e-04	7.880407e-02	-3.924124e-04	-4.540033e-03
2.688630e+03	-4.584485e-02	-3.677455e-02	1.592887e-04	5.048763e-02	-4.126763e-04	-4.568054e-03
2.701020e+03	3.699370e-03	-4.134022e-02	3.427309e-04	6.410290e-04	-1.511785e-04	-4.340385e-03
2.713410e+03	2.302009e-02	-1.247448e-02	3.083828e-04	-1.913830e-02	1.847870e-04	-4.000977e-03
2.725800e+03	1.190989e-02	6.314501e-03	6.556646e-05	-8.542102e-03	2.961167e-04	-3.395429e-03
2.738190e+03	-1.209805e-03	2.590850e-03	-1.976490e-04	4.064123e-03	1.534589e-04	-2.931624e-03
2.750580e+03	1.350507e-03	-8.244586e-03	-2.558388e-04	4.149535e-04	-3.009970e-05	-1.763776e-03
2.762970e+03	1.445744e-02	-5.934825e-03	-9.685313e-05	-1.432413e-02	-1.747943e-04	-1.383566e-04
2.775360e+03	1.828450e-02	1.124282e-02	6.321706e-05	-2.008225e-02	-2.154454e-04	2.020759e-03
2.787750e+03	3.645471e-03	2.895468e-02	1.747484e-04	-7.496402e-03	-8.714172e-05	3.871317e-03
2.800140e+03	-2.515226e-02	2.886922e-02	2.035245e-04	2.019242e-02	8.328908e-05	4.958415e-03
2.812530e+03	-4.576610e-02	1.394724e-03	6.535398e-05	4.130408e-02	1.754512e-04	4.510639e-03
2.824920e+03	-3.476721e-02	-3.751404e-02	-2.322085e-06	3.202949e-02	1.197832e-04	2.757305e-03
2.837310e+03	9.345778e-03	-5.585235e-02	7.429924e-06	-9.671582e-03	5.543099e-05	2.986974e-04
2.849700e+03	5.675792e-02	-3.077682e-02	-3.259312e-05	-5.460062e-02	4.203438e-05	-2.173903e-03
2.862090e+03	6.632924e-02	2.666212e-02	-7.884856e-05	-6.238519e-02	3.831400e-05	-3.850569e-03
2.874480e+03	2.232976e-02	7.194090e-02	-1.328994e-04	-1.778624e-02	-3.260551e-06	-4.538241e-03
2.886870e+03	-4.530994e-02	6.316239e-02	-1.225159e-04	4.946841e-02	-1.245780e-04	-4.221046e-03
2.899260e+03	-7.808222e-02	1.053773e-03	9.570201e-05	8.103464e-02	-1.928190e-04	-2.859667e-03
2.911650e+03	-5.116091e-02	-6.386537e-02	2.295092e-04	5.207920e-02	-4.178364e-05	-8.947058e-04
2.924040e+03	1.750203e-02	-8.130943e-02	1.962592e-04	-1.855487e-02	3.853273e-05	1.065029e-03
2.936430e+03	7.363929e-02	-3.822264e-02	1.721490e-04	-7.621424e-02	2.117500e-04	2.643594e-03
2.948820e+03	7.727913e-02	3.305256e-02	-1.041001e-04	-8.062585e-02	3.627361e-04	3.420792e-03
2.961210e+03	2.645012e-02	8.317340e-02	-3.198906e-04	-2.961398e-02	2.205846e-04	3.204933e-03
2.973600e+03	-4.421680e-02	7.683874e-02	-2.727209e-04	4.180711e-02	-8.870502e-05	2.392063e-03
2.985990e+03	-8.380457e-02	1.811579e-02	-1.518494e-04	8.251378e-02	-2.905770e-04	1.353034e-03
2.998380e+03	-6.732960e-02	-5.095338e-02	2.296794e-04	6.690045e-02	-2.946362e-04	4.207853e-04
3.010770e+03	-9.057027e-03	-7.899545e-02	3.509429e-04	9.124874e-03	-1.405980e-04	-1.537330e-04
3.023160e+03	5.736696e-02	-5.106595e-02	2.933487e-04	-5.714003e-02	1.637854e-04	-2.847569e-04
3.035550e+03	7.084278e-02	1.362368e-02	-9.257875e-06	-7.050232e-02	3.616568e-04	-3.580651e-04
3.047940e+03	2.714374e-02	5.871632e-02	-2.391452e-04	-2.679452e-02	2.038449e-04	-3.608489e-04
3.060330e+03	-2.981683e-02	4.977797e-02	-3.531072e-04	3.046105e-02	-6.467027e-05	-5.742758e-04
3.072720e+03	-4.959226e-02	5.336718e-04	-6.497906e-05	5.035902e-02	-2.944710e-04	-8.460151e-04
3.085110e+03	-2.093916e-02	-3.902213e-02	2.057674e-04	2.208468e-02	-2.576130e-04	-1.136058e-03
3.097500e+03	2.368386e-02	-3.204345e-02	2.946236e-04	-2.234643e-02	-1.331989e-05	-1.328451e-03
3.109890e+03	3.655258e-02	7.716724e-03	1.789155e-04	-3.539711e-02	2.439018e-04	-1.139901e-03
3.122280e+03	8.594170e-03	3.474941e-02	-1.943157e-04	-7.859647e-03	3.182843e-04	-7.315557e-04
3.134670e+03	-2.664349e-02	2.262396e-02	-2.777595e-04	2.696715e-02	2.753344e-05	-2.249555e-04
3.147060e+03	-3.180399e-02	-1.295547e-02	-2.067729e-04	3.158382e-02	-1.803309e-04	2.993507e-04
3.159450e+03	-2.417908e-03	-3.327470e-02	7.335536e-05	1.665796e-03	-2.677363e-04	7.618781e-04
3.171840e+03	2.933696e-02	-1.690342e-02	2.447188e-04	-3.028941e-02	-9.544795e-05	9.957913e-04
3.184230e+03	2.993699e-02	2.026835e-02	1.795334e-04	-3.091986e-02	2.035904e-04	9.854825e-04
3.196620e+03	-3.122195e-03	3.924092e-02	1.055879e-05	2.487251e-03	2.626416e-04	6.689000e-04
3.209010e+03	-3.908680e-02	1.926486e-02	-1.705843e-04	3.885517e-02	8.822102e-05	2.605501e-04
3.221400e+03	-3.965404e-02	-2.478060e-02	-1.547510e-04	3.994571e-02	-1.050135e-04	-2.638756e-04
3.233790e+03	5.075997e-04	-4.950308e-02	4.658356e-05	1.802715e-04	-1.685453e-04	-6.874960e-04
3.246180e+03	4.604828e-02	-2.828807e-02	1.902456e-04	-4.510520e-02	-9.111124e-05	-9.507769e-04
3.258570e+03	5.215419e-02	2.470224e-02	1.612308e-04	-5.099835e-02	1.198599e-04	-1.134580e-03
3.270960e+03	8.462665e-03	5.865135e-02	-1.824478e-05	-7.530486e-03	1.488610e-04	-9.386847e-04
3.283350e+03	-4.526206e-02	4.077992e-02	-1.308574e-04	4.564277e-02	8.701447e-05	-4.031716e-04
3.295740e+03	-5.992654e-02	-1.397729e-02	-1.228173e-04	5.978663e-02	-9.881636e-05	2.388111e-04
3.308130e+03	-2.263464e-02	-5.737511e-02	6.101959e-05	2.175975e-02	-1.721675e-04	9.108693e-04
3.320520e+03	3.420113e-02	-5.125999e-02	1.870551e-04	-3.553004e-02	-7.011590e-05	1.331386e-03
3.332910e+03	6.113792e-02	-9.869646e-04	1.365208e-04	-6.248482e-02	8.189094e-05	1.307078e-03
3.345300e+03	3.736262e-02	5.062781e-02	-1.993067e-05	-3.834735e-02	1.675364e-04	9.302454e-04
3.357690e+03	-1.826226e-02	6.072160e-02	-1.152160e-04	1.795992e-02	9.506808e-05	2.966943e-04
3.370080e+03	-5.831760e-02	2.089310e-02	-1.443356e-04	5.863875e-02	-8.572352e-05	-2.889582e-04
3.382470e+03	-4.935671e-02	-3.385754e-02	6.906574e-06	4.981753e-02	-1.566533e-04	-5.247280e-04
3.394860e+03	2.637075e-04	-5.693755e-02	1.320150e-04	2.411678e-04	-1.453403e-04	-5.071955e-04
3.407250e+03	4.594704e-02	-3.105805e-02	1.595785e-04	-4.562771e-02	1.947418e-05	-3.284755e-04
3.419640e+03	4.944377e-02	2.027291e-02	3.958097e-05	-4.925449e-02	1.954949e-04	-1.279926e-04
3.432030e+03	1.033460e-02	4.986722e-02	-1.200193e-04	-1.019373e-02	1.581764e-04	-8.988040e-05
3.444420e+03	-3.413048e-02	3.462216e-02	-1.491695e-04	3.427431e-02	-5.650113e-06	-1.132104e-04
3.456810e+03	-4.432307e-02	-9.185482e-03	-7.986884e-05	4.446353e-02	-1.194276e-04	-1.349982e-04
3.469200e+03	-1.491655e-02	-3.999810e-02	6.704688e-05	1.494839e-02	-9.520394e-05	-8.744068e-05
3.481590e+03	2.531032e-02	-3.211152e-02	1.220866e-04	-2.536267e-02	-1.242075e-05	7.955561e-05
3.493980e+03	3.841195e-02	5.223292e-03	7.632478e-05	-3.863240e-02	8.240394e-05	2.242330e-04
3.506370e+03	1.561166e-02	3.487723e-02	-1.994953e-05	-1.597283e-02	1.746113e-04	3.083412e-04
3.518760e+03	-2.050566e-02	3.114582e-02	-1.141513e-04	2.024391e-02	6.324341e-05	2.611717e-04
3.531150e+03	-3.473279e-02	2.320629e-04	-8.155682e-05	3.466758e-02	-5.995386e-05	1.400994e-04
3.543540e+03	-1.597675e-02	-2.914314e-02	3.520675e-05	1.601759e-02	-4.953172e-05	-8.156966e-05
3.555930e+03	1.729080e-02	-2.732006e-02	4.570554e-05	-1.704383e-02	-3.226126e-05	-2.153208e-04
3.568320e+03	3.140134e-02	2.008743e-03	3.483596e-05	-3.116088e-02	7.465954e-05	-2.609257e-04
3.580710e+03	1.443887e-02	2.887559e-02	-7.260302e-05	-1.419922e-02	5.753967e-05	-2.433757e-04
3.593100e+03	-1.777313e-02	2.737616e-02	-1.055589e-04	1.796631e-02	-4.644041e-05	-1.613603e-04
3.605490e+03	-3.220876e-02	-1.359695e-03	-4.669430e-05	3.234922e-02	-1.441749e-04	-1.421480e-04
3.617880e+03	-1.526803e-02	-2.882811e-02	1.073431e-04	1.540574e-02	-7.241578e-05	-1.336747e-04
3.630270e+03	1.775694e-02	-2.838723e-02	1.115795e-04	-1.765556e-02	3.556938e-05	-1.039283e-04
3.642660e+03	3.453213e-02	8.534585e-04	3.732467e-05	-3.439700e-02	1.079093e-04	-5.348640e-05
3.655050e+03	1.839898e-02	3.101778e-02	-1.209773e-04	-1.846938e-02	1.407196e-04	9.387502e-05
3.667440e+03	-1.650801e-02	3.353434e-02	-1.639791e-04	1.635324e-02	-6.861917e-06	1.910982e-04
3.679830e+03	-3.775854e-02	4.608866e-03	-5.615511e-05	3.749855e-02	-1.571544e-04	2.542954e-04
3.692220e+03	-2.466432e-02	-2.908834e-02	7.528290e-05	2.440443e-02	-1.127712e-04	2.949189e-04
3.704610e+03	1.161471e-02	-3.664281e-02	1.754937e-04	-1.180917e-02	1.775775e-05	1.980882e-04
3.717000e+03	3.848103e-02	-1.004889e-02	8.613970e-05	-3.856126e-02	2.081356e-04	3.694303e-05
3.729390e+03	3.041810e-02	2.706370e-02	-9.576299e-05	-3.036666e-02	2.159479e-04	-7.456510e-05
3.741780e+03	-5.508761e-03	4.071317e-02	-2.141230e-04	5.715935e-03	7.840189e-06	-1.662185e-04
3.754170e+03	-3.760310e-02	1.875844e-02	-1.285062e-04	3.774642e-02	-1.667820e-04	-1.434478e-04
3.766560e+03	-3.653915e-02	-2.040473e-02	6.884236e-05	3.668136e-02	-2.152074e-04	-1.464217e-04
3.778950e+03	-2.947485e-03	-4.095722e-02	1.933235e-04	2.961253e-03	-1.332680e-04	-1.737816e-05
3.791340e+03	3.305842e-02	-2.525966e-02	2.118287e-04	-3.311662e-02	1.026354e-04	6.891611e-05
3.803730e+03	4.024638e-02	1.367896e-02	2.520120e-05	-4.032143e-02	2.373295e-04	9.021826e-05
3.816120e+03	1.119387e-02	4.110193e-02	-1.931600e-04	-1.133275e-02	1.861583e-04	1.265915e-04
3.828510e+03	-2.719296e-02	3.251182e-02	-2.509941e-04	2.703238e-02	-4.955473e-06	1.304402e-04
3.840900e+03	-4.135301e-02	-3.768435e-03	-1.004101e-04	4.128344e-02	-2.220301e-04	1.160274e-04
3.853290e+03	-1.958393e-02	-3.585519e-02	1.288846e-04	1.941892e-02	-2.152752e-04	1.274044e-04
3.865680e+03	1.887127e-02	-3.507820e-02	2.374199e-04	-1.893096e-02	-4.647493e-05	9.071908e-05
3.878070e+03	3.892707e-02	-3.527773e-03	1.778737e-04	-3.898661e-02	1.973955e-04	5.203017e-05
3.890460e+03	2.497403e-02	3.084157e-02	-6.222269e-05	-2.497081e-02	2.334930e-04	-1.944904e-06
3.902850e+03	-1.089544e-02	3.766201e-02	-2.047037e-04	1.093604e-02	6.948956e-05	-4.266156e-05
3.915240e+03	-3.599777e-02	1.200606e-02	-1.771291e-04	3.613823e-02	-1.433481e-04	-9.741527e-05
3.927630e+03	-2.881783e-02	-2.266601e-02	3.759803e-06	2.895829e-02	-2.411345e-04	-1.065105e-04
3.940020e+03	2.889348e-03	-3.535058e-02	2.051724e-04	-2.833893e-03	-1.502992e-04	-5.238927e-05
3.952410e+03	3.085285e-02	-1.624735e-02	2.084934e-04	-3.079257e-02	7.364592e-05	-4.111777e-06
3.964800e+03	2.985278e-02	1.679997e-02	6.525292e-05	-2.991233e-02	2.080265e-04	4.713980e-05
3.977190e+03	2.865190e-03	3.353515e-02	-1.251505e-04	-2.934323e-03	2.128041e-04	7.663323e-05
3.989580e+03	-2.566741e-02	2.082914e-02	-1.952368e-04	2.560787e-02	-3.196360e-06	6.682795e-05
4.001970e+03	-2.990366e-02	-9.369121e-03	-8.466395e-05	2.984412e-02	-1.709192e-04	2.022159e-05
4.014360e+03	-8.068532e-03	-2.868425e-02	7.919058e-05	8.051043e-03	-2.100280e-04	2.685921e-05
4.026750e+03	1.980810e-02	-2.166177e-02	1.962149e-04	-1.987335e-02	-6.928039e-05	4.627757e-05
4.039140e+03	2.809982e-02	5.408311e-03	1.453078e-04	-2.812361e-02	1.018090e-04	1.214815e-05
4.051530e+03	1.064765e-02	2.658129e-02	-3.623805e-05	-1.063420e-02	1.830586e-04	-9.772842e-06
4.063920e+03	-1.567021e-02	2.309736e-02	-1.478461e-04	1.571228e-02	8.328350e-05	-4.670026e-06
4.076310e+03	-2.625869e-02	-4.304764e-04	-1.269464e-04	2.629915e-02	-6.368302e-05	-1.799274e-05
4.088700e+03	-1.320326e-02	-2.180498e-02	-3.833299e-05	1.324333e-02	-1.883634e-04	-6.344286e-05
4.101090e+03	1.155716e-02	-2.189178e-02	9.480013e-05	-1.144999e-02	-1.050778e-04	-5.742039e-05
4.113480e+03	2.446647e-02	-1.381025e-03	1.172960e-04	-2.442629e-02	8.260219e-06	-3.616469e-05
4.125870e+03	1.425701e-02	1.995661e-02	4.591501e-05	-1.422130e-02	1.111680e-04	-1.820572e-05
4.138260e+03	-8.929428e-03	2.261404e-02	-2.714605e-05	8.873176e-03	1.019099e-04	7.344391e-06
4.150650e+03	-2.300797e-02	4.966913e-03	-1.142482e-04	2.294843e-02	9.810303e-06	5.686337e-05
4.163040e+03	-1.589010e-02	-1.635399e-02	-5.168827e-05	1.589124e-02	-5.145373e-05	5.816137e-05
4.175430e+03	5.703552e-03	-2.147580e-02	4.277525e-06	-5.743787e-03	-8.167721e-05	4.243567e-05
4.187820e+03	2.132482e-02	-6.019190e-03	4.448725e-05	-2.131846e-02	-2.939665e-05	2.145737e-05
4.200210e+03	1.660613e-02	1.520920e-02	2.964374e-05	-1.656573e-02	2.901888e-05	-2.914406e-05
4.212600e+03	-3.435084e-03	2.228138e-02	-9.248753e-06	3.473284e-03	3.756767e-05	-2.867691e-05
4.224990e+03	-2.040325e-02	9.450501e-03	-1.341084e-05	2.033396e-02	-1.979730e-05	-8.686855e-06
4.237380e+03	-1.851956e-02	-1.151145e-02	-1.849371e-05	1.856106e-02	-3.340494e-05	-9.056953e-06
4.249770e+03	2.064915e-04	-2.097302e-02	2.532528e-05	-2.008296e-04	1.486550e-05	-1.120932e-05
4.262160e+03	1.812752e-02	-1.069135e-02	1.995455e-05	-1.816943e-02	1.222185e-05	1.821169e-05
4.274550e+03	1.920935e-02	9.963574e-03	2.826270e-06	-1.916548e-02	1.868632e-05	-1.643739e-05
4.286940e+03	2.432368e-03	2.176809e-02	-3.760863e-05	-2.441566e-03	3.800786e-05	1.115414e-05
4.299330e+03	-1.660236e-02	1.434994e-02	-2.043557e-05	1.653078e-02	-3.334238e-05	-1.420287e-06
4.311720e+03	-2.039651e-02	-5.651973e-03	3.621878e-05	2.036537e-02	-4.774258e-05	2.755449e-05
4.324110e+03	-6.197206e-03	-1.964360e-02	9.815886e-05	6.138579e-03	1.422292e-05	5.952641e-05
4.336500e+03	1.344783e-02	-1.544730e-02	1.806633e-05	-1.350787e-02	2.824676e-05	4.097859e-05
4.348890e+03	2.014131e-02	3.302678e-03	5.699205e-06	-2.020085e-02	7.520592e-05	3.898458e-05
4.361280e+03	8.761810e-03	1.922130e-02	-7.583941e-05	-8.815121e-03	4.720091e-06	1.978757e-05
4.373670e+03	-1.077483e-02	1.828878e-02	-4.872268e-05	1.078093e-02	-6.124966e-05	8.958342e-06
4.386060e+03	-2.058890e-02	1.444345e-03	4.827082e-05	2.062936e-02	-7.817760e-05	-2.470267e-05
4.398450e+03	-1.211051e-02	-1.576525e-02	9.822143e-05	1.215046e-02	-6.529254e-05	-9.336457e-06
4.410840e+03	6.841764e-03	-1.837540e-02	9.047089e-05	-6.818769e-03	3.152451e-05	-8.120093e-06
4.423230e+03	1.925208e-02	-3.868925e-03	4.247939e-05	-1.922563e-02	1.078868e-04	-4.043447e-06
4.435620e+03	1.404366e-02	1.397199e-02	-7.101832e-05	-1.410320e-02	5.244476e-05	2.768296e-05
4.448010e+03	-3.423012e-03	1.971771e-02	-1.156397e-04	3.372591e-03	-9.597619e-06	5.054571e-05
4.460400e+03	-1.774001e-02	8.465669e-03	-6.305486e-05	1.768047e-02	-1.086360e-04	6.752103e-05
4.472790e+03	-1.617679e-02	-9.439095e-03	4.529561e-05	1.611569e-02	-1.053675e-04	5.045978e-05
4.485180e+03	-8.084943e-04	-1.782319e-02	1.097683e-04	7.833091e-04	-1.440864e-05	2.697586e-05
4.497570e+03	1.453716e-02	-1.000315e-02	7.028810e-05	-1.449547e-02	2.954618e-05	8.158863e-06
4.509960e+03	1.664417e-02	6.945739e-03	-5.192850e-06	-1.662340e-02	1.278742e-04	1.915742e-06
4.522350e+03	3.634759e-03	1.746618e-02	-9.500957e-05	-3.636733e-03	3.695504e-05	5.185922e-06
4.534740e+03	-1.216126e-02	1.292086e-02	-9.101159e-05	1.210898e-02	-4.838298e-05	8.350972e-06
4.547130e+03	-1.646885e-02	-2.412866e-03	-2.388341e-05	1.650955e-02	-1.113268e-04	-2.727620e-05
4.559520e+03	-6.731016e-03	-1.443103e-02	8.594844e-05	6.731465e-03	-8.129153e-05	6.553314e-06
4.571910e+03	8.449472e-03	-1.299088e-02	1.273510e-04	-8.459315e-03	-1.750172e-05	2.170739e-05
4.584300e+03	1.525971e-02	3.993559e-04	6.052620e-05	-1.530524e-02	1.137750e-04	5.398850e-05
4.596690e+03	8.363556e-03	1.331242e-02	-4.367801e-05	-8.420839e-03	9.990620e-05	2.166651e-05
4.609080e+03	-5.963467e-03	1.442849e-02	-1.184658e-04	5.951931e-03	3.425250e-05	1.676849e-05
4.621470e+03	-1.447868e-02	3.373354e-03	-6.638077e-05	1.450648e-02	-8.199084e-05	1.105977e-05
4.633860e+03	-1.020686e-02	-9.576110e-03	4.753787e-06	1.017176e-02	-1.104603e-04	3.855183e-05
4.646250e+03	2.640351e-03	-1.293425e-02	7.731126e-05	-2.649866e-03	-3.711039e-05	1.266036e-05
4.658640e+03	1.232040e-02	-4.442721e-03	9.269272e-05	-1.229399e-02	3.523479e-05	1.801563e-05
4.671030e+03	1.068147e-02	8.188832e-03	3.375728e-05	-1.073189e-02	1.085833e-04	2.625360e-05
4.683420e+03	-5.785956e-04	1.324349e-02	-7.094580e-05	5.600331e-04	7.492596e-05	1.558658e-05
4.695810e+03	-1.091450e-02	7.200246e-03	-7.647242e-05	1.094406e-02	-1.991196e-05	3.452995e-06
4.708200e+03	-1.125449e-02	-4.541643e-03	-5.047503e-05	1.129660e-02	-7.994058e-05	-3.466168e-06
4.720590e+03	-1.961409e-03	-1.114286e-02	5.052640e-05	1.963133e-03	-7.772125e-05	1.345588e-07
4.732980e+03	8.404330e-03	-7.143552e-03	8.520186e-05	-8.426934e-03	-1.463128e-05	2.908071e-05
4.745370e+03	1.069350e-02	3.436882e-03	6.585001e-05	-1.076422e-02	9.500620e-05	2.463607e-05
4.757760e+03	3.305399e-03	1.088162e-02	-2.808259e-05	-3.328766e-03	9.142209e-05	2.256884e-05
4.770150e+03	-6.808622e-03	9.081961e-03	-8.093381e-05	6.764591e-03	4.476336e-05	4.476742e-05
4.782540e+03	-1.042246e-02	-2.251041e-04	-6.585071e-05	1.043695e-02	-2.081620e-05	2.524471e-05
4.794930e+03	-5.166317e-03	-8.410323e-03	-2.079304e-05	5.128014e-03	-9.291579e-05	4.004253e-05
4.807320e+03	4.387382e-03	-8.116051e-03	5.122526e-05	-4.435201e-03	-6.417336e-05	4.831372e-05
4.819710e+03	9.390630e-03	-3.598980e-04	7.498032e-05	-9.430157e-03	1.809355e-05	4.193000e-05
4.832100e+03	5.694505e-03	7.870072e-03	3.322881e-05	-5.733900e-03	8.129494e-05	4.174269e-05
4.844490e+03	-2.976728e-03	9.402408e-03	-1.388655e-05	2.950836e-03	5.547438e-05	2.794048e-05
4.856880e+03	-8.723315e-03	3.064469e-03	-5.103952e-05	8.706628e-03	2.665303e-05	1.379983e-05
4.869270e+03	-6.813527e-03	-5.094600e-03	-3.604854e-05	6.845416e-03	-3.573400e-05	-2.442758e-05
4.881660e+03	8.577523e-04	-7.656286e-03	1.603511e-05	-8.359730e-04	-5.597069e-05	-1.360507e-05
4.894050e+03	7.177931e-03	-3.048995e-03	6.552200e-05	-7.176889e-03	-2.907297e-05	9.860775e-06
4.906440e+03	6.718728e-03	4.640294e-03	5.411610e-05	-6.728588e-03	1.035618e-05	1.529370e-05
4.918830e+03	2.057159e-04	8.251242e-03	3.321905e-05	-2.551590e-04	3.338289e-05	5.061429e-05
4.931220e+03	-6.396497e-03	5.169877e-03	-1.969385e-05	6.346342e-03	2.869267e-05	4.955715e-05
4.943610e+03	-7.230143e-03	-2.199898e-03	-4.220093e-05	7.199583e-03	2.041616e-06	3.359368e-05
4.956000e+03	-1.953382e-03	-6.522052e-03	6.703934e-06	1.926739e-03	-3.687209e-05	2.700719e-05
4.968390e+03	4.573932e-03	-4.594982e-03	2.105710e-05	-4.603650e-03	-1.756204e-05	2.746271e-05
4.980780e+03	6.569945e-03	1.650647e-03	2.377727e-05	-6.579486e-03	5.800652e-06	5.227193e-06
4.993170e+03	2.499825e-03	6.648613e-03	2.035529e-05	-2.507566e-03	2.954352e-06	1.057413e-05
5.005560e+03	-3.719887e-03	6.125261e-03	-1.913302e-06	3.688077e-03	2.424415e-05	3.365630e-05
5.017950e+03	-6.451672e-03	6.891984e-04	-1.178287e-05	6.423794e-03	1.898412e-06	2.454775e-05
5.030340e+03	-3.762929e-03	-4.554478e-03	-4.728131e-06	3.748758e-03	-1.281963e-05	1.775683e-05
5.042730e+03	2.047250e-03	-4.976151e-03	5.256722e-06	-2.056950e-03	-1.216337e-05	1.867785e-05
5.055120e+03	5.445741e-03	-5.940744e-04	1.327698e-05	-5.445278e-03	-3.485134e-06	-3.102533e-07
5.067510e+03	3.835314e-03	4.633918e-03	1.489929e-05	-3.878466e-03	6.876683e-06	3.167482e-05
5.079900e+03	-1.343561e-03	6.026426e-03	-4.756281e-06	1.327521e-03	2.538435e-05	1.543640e-05
5.092290e+03	-5.336921e-03	2.631580e-03	-2.325032e-05	5.311304e-03	4.906172e-06	2.490458e-05
5.104680e+03	-4.597360e-03	-2.381794e-03	2.420643e-07	4.588053e-03	-8.896505e-06	9.166424e-06
5.117070e+03	-1.705960e-04	-4.568113e-03	-1.050374e-05	1.815608e-04	-1.621768e-05	-8.357722e-06
5.129460e+03	3.963376e-03	-2.190150e-03	-2.547832e-07	-3.972917e-03	-1.510475e-06	5.582148e-06
5.141850e+03	4.301825e-03	2.515716e-03	-3.520548e-06	-4.323997e-03	-5.922667e-06	1.681399e-05
5.154240e+03	6.276773e-04	5.252547e-03	8.593415e-06	-6.574385e-04	-3.872582e-06	3.283840e-05
5.166630e+03	-3.547978e-03	3.821965e-03	-2.114845e-05	3.530924e-03	-5.071898e-06	2.095440e-05
5.179020e+03	-4.646249e-03	-3.421065e-04	7.685276e-06	4.606702e-03	-7.697400e-06	4.999505e-05
5.191410e+03	-1.910452e-03	-3.473792e-03	1.202187e-05	1.870065e-03	8.828994e-06	4.531540e-05
5.203800e+03	2.093477e-03	-2.969507e-03	-2.545080e-06	-2.115630e-03	1.978256e-05	2.386235e-05
5.216190e+03	3.831878e-03	5.985699e-04	-2.018053e-06	-3.844340e-03	2.492324e-06	9.163007e-06
5.228580e+03	1.950921e-03	3.899733e-03	8.912017e-06	-1.956133e-03	4.671991e-07	7.584407e-06
5.240970e+03	-1.708773e-03	4.110555e-03	1.320005e-06	1.697788e-03	-8.031360e-06	1.342003e-05
5.253360e+03	-3.898658e-03	1.299481e-03	4.998550e-06	3.869126e-03	-1.465458e-05	2.403392e-05
5.265750e+03	-2.811423e-03	-1.997630e-03	4.684053e-06	2.803250e-03	-1.008508e-05	1.087045e-05
5.278140e+03	4.621736e-04	-2.868439e-03	1.738886e-05	-4.678292e-04	1.411768e-05	9.653976e-06
5.290530e+03	2.945824e-03	-7.585130e-04	-1.085816e-05	-2.959201e-03	6.670229e-06	1.244888e-05
5.302920e+03	2.552211e-03	2.402414e-03	-8.362121e-07	-2.580446e-03	1.220986e-05	4.214201e-05
5.315310e+03	-2.148026e-04	3.806447e-03	2.574883e-06	1.775698e-04	-1.366178e-05	3.984007e-05
5.327700e+03	-2.808916e-03	2.351816e-03	1.793842e-06	2.771843e-03	-1.925944e-05	3.502391e-05
5.340090e+03	-3.104830e-03	-5.294319e-04	1.857155e-05	3.048712e-03	-2.195605e-05	4.850892e-05
5.352480e+03	-9.002189e-04	-2.250925e-03	1.939485e-05	8.760802e-04	2.653380e-06	2.557221e-05
5.364870e+03	1.697434e-03	-1.531907e-03	3.919262e-06	-1.715274e-03	1.009954e-05	1.754873e-05
5.377260e+03	2.481306e-03	9.141105e-04	-7.566121e-06	-2.500647e-03	3.149489e-06	2.233086e-05
5.389650e+03	9.992233e-04	2.942667e-03	-7.990007e-06	-9.993871e-04	2.304049e-05	7.090224e-06
5.402040e+03	-1.495120e-03	2.850233e-03	-4.224061e-06	1.459046e-03	4.045688e-06	3.320905e-05
5.414430e+03	-2.685882e-03	8.363094e-04	-7.166451e-06	2.646592e-03	-1.691487e-05	3.685775e-05
5.426820e+03	-1.756291e-03	-1.232843e-03	2.488447e-05	1.746582e-03	-1.163831e-05	9.640430e-06
5.439210e+03	3.838994e-04	-1.617897e-03	2.815671e-05	-4.049106e-04	1.436261e-05	2.433614e-05
5.451600e+03	1.855453e-03	-1.601231e-04	5.762874e-06	-1.860148e-03	2.047643e-05	2.801817e-06
5.463990e+03	1.509282e-03	1.810256e-03	-5.971256e-06	-1.512114e-03	1.205630e-05	-1.038229e-07
5.476380e+03	-2.685578e-04	2.616049e-03	-1.497039e-05	2.650650e-04	-5.638780e-07	5.012539e-06
5.488770e+03	-1.851620e-03	1.694655e-03	3.353806e-06	1.831692e-03	2.954915e-06	1.358306e-05
5.501160e+03	-2.029793e-03	-6.009889e-05	4.271284e-06	1.986700e-03	-3.205287e-05	3.956033e-05
5.513550e+03	-6.896738e-04	-1.103208e-03	1.892424e-05	6.599981e-04	-3.901921e-06	3.318723e-05
5.525940e+03	8.596610e-04	-7.314197e-04	2.097412e-05	-8.860214e-04	4.418740e-06	2.709034e-05
5.538330e+03	1.350277e-03	6.978840e-04	1.451448e-05	-1.370359e-03	1.992523e-05	2.179874e-05
5.550720e+03	5.419513e-04	1.922223e-03	-4.136932e-06	-5.637898e-04	1.747395e-05	2.324842e-05
5.563110e+03	-8.236938e-04	1.926723e-03	6.129224e-07	8.046748e-04	-5.871438e-06	2.004805e-05
5.575500e+03	-1.564242e-03	8.815710e-04	1.883281e-06	1.545556e-03	-4.679906e-06	1.869649e-05
5.587890e+03	-1.207536e-03	-2.703753e-04	-2.013729e-06	1.183729e-03	-1.411534e-05	2.628247e-05
5.600280e+03	-1.242262e-04	-6.296935e-04	8.327377e-06	9.705348e-05	1.562315e-06	2.879109e-05
5.612670e+03	7.587253e-04	-9.138752e-06	1.904698e-05	-7.760651e-04	6.862230e-06	1.675331e-05
5.625060e+03	8.062436e-04	1.013512e-03	1.314421e-05	-8.254439e-04	5.011779e-06	1.680708e-05
5.637450e+03	1.783935e-05	1.566557e-03	-5.541701e-07	-1.830114e-05	2.595737e-05	2.060016e-06
5.649840e+03	-8.438797e-04	1.303412e-03	-1.552580e-05	8.431956e-04	-6.055602e-06	2.929647e-06
5.662230e+03	-1.130540e-03	4.942798e-04	-5.575940e-06	1.119002e-03	-1.103185e-05	1.443925e-05
5.674620e+03	-6.657451e-04	-1.765884e-04	4.235391e-06	6.340910e-04	-1.999258e-05	3.469315e-05
5.687010e+03	9.840389e-05	-1.694639e-04	1.366342e-05	-1.303667e-04	-1.180711e-05	3.314032e-05
5.699400e+03	5.241517e-04	3.689210e-04	1.267724e-05	-5.578081e-04	3.925671e-06	3.892209e-05
5.711790e+03	3.356013e-04	1.016014e-03	7.040660e-06	-3.662671e-04	2.045190e-05	3.043334e-05
5.724180e+03	-2.044510e-04	1.252904e-03	-3.610588e-06	1.833778e-04	5.735598e-06	2.270608e-05
5.736570e+03	-6.967511e-04	9.943164e-04	-1.341453e-05	6.782607e-04	2.613071e-06	2.047100e-05
5.748960e+03	-8.131986e-04	4.813529e-04	4.152636e-06	7.983641e-04	1.268988e-05	1.673754e-05
5.761350e+03	-4.900187e-04	8.277373e-05	3.542994e-06	4.952474e-04	-1.082570e-05	-1.174702e-06
5.773740e+03	-1.182729e-05	1.254869e-04	2.463541e-06	-1.733480e-06	3.709299e-06	1.662432e-05
5.786130e+03	2.285233e-04	4.571996e-04	1.097388e-05	-2.383360e-04	3.056325e-06	1.190178e-05
5.798520e+03	1.346758e-04	8.740402e-04	7.440683e-06	-1.497363e-04	9.415270e-06	1.614125e-05
5.810910e+03	-2.001723e-04	1.021112e-03	-2.020629e-06	1.809430e-04	5.926767e-07	2.039786e-05
5.823300e+03	-5.506718e-04	8.578429e-04	-1.687917e-05	5.403419e-04	2.131390e-06	1.255793e-05
5.835690e+03	-6.547271e-04	5.315243e-04	1.658186e-06	6.308613e-04	-1.514558e-05	2.442471e-05
5.848080e+03	-4.257972e-04	2.130702e-04	8.541670e-06	4.127826e-04	-9.715178e-06	1.521066e-05
5.860470e+03	-7.741000e-05	2.271087e-04	2.558491e-05	4.738129e-05	-1.062972e-06	3.097718e-05
5.872860e+03	1.378565e-04	4.647150e-04	1.863667e-06	-1.686255e-04	1.805316e-05	3.198311e-05
5.885250e+03	9.164704e-05	7.975766e-04	-4.559591e-07	-1.090568e-04	1.820326e-05	2.236306e-05
5.897640e+03	-2.316196e-04	9.683205e-04	-9.500935e-06	2.135379e-04	2.235261e-06	2.041106e-05
5.910030e+03	-5.265767e-04	8.319165e-04	-1.443431e-05	5.120551e-04	-4.118161e-06	1.600890e-05
5.922420e+03	-6.535532e-04	5.013141e-04	8.608211e-06	6.350535e-04	-9.532377e-06	1.979725e-05
5.934810e+03	-4.198628e-04	2.094376e-04	1.762807e-05	4.028668e-04	-6.283237e-06	1.786584e-05
5.947200e+03	-8.535241e-05	1.836228e-04	1.280431e-05	6.049484e-05	8.432249e-06	2.538339e-05
5.959590e+03	1.533786e-04	4.391936e-04	4.845282e-06	-1.576008e-04	1.655745e-05	5.743039e-06
5.971980e+03	1.007656e-04	7.740440e-04	7.328762e-07	-1.103510e-04	1.413601e-05	1.103590e-05
5.984370e+03	-1.699620e-04	9.243508e-04	-2.174891e-05	1.526944e-04	7.511675e-06	1.915296e-05
5.996760e+03	-4.760249e-04	8.432615e-04	-2.189308e-05	4.602778e-04	-1.460359e-05	1.787181e-05
6.009150e+03	-5.544799e-04	5.309331e-04	-2.865863e-06	5.393375e-04	-2.588281e-05	1.711458e-05
6.021540e+03	-4.029016e-04	2.750849e-04	1.551035e-05	3.708871e-04	-1.820990e-05	3.432395e-05
6.033930e+03	-1.326812e-04	2.536499e-04	2.120661e-05	9.807503e-05	6.718126e-06	3.660964e-05
6.046320e+03	7.614353e-05	4.956770e-04	1.717653e-05	-1.145299e-04	9.184847e-06	4.108328e-05
6.058710e+03	1.857068e-05	7.530439e-04	-1.015070e-05	-3.681169e-05	2.042136e-05	2.109051e-05
6.071100e+03	-2.259319e-04	8.756319e-04	-2.284278e-05	2.090320e-04	1.075061e-05	1.955818e-05
6.083490e+03	-4.618368e-04	7.436975e-04	-2.728347e-05	4.542160e-04	-2.464390e-05	9.852855e-06
6.095880e+03	-4.770673e-04	5.134240e-04	-7.899424e-06	4.743803e-04	-1.419345e-05	4.875874e-06
6.108270e+03	-3.033345e-04	3.254953e-04	1.711970e-05	2.991742e-04	-2.293869e-05	6.547967e-06
6.120660e+03	-7.578905e-05	3.456151e-04	2.420344e-05	5.125546e-05	5.766299e-07	2.379049e-05
6.133050e+03	5.806199e-05	5.751618e-04	1.775412e-05	-5.984741e-05	1.679556e-05	5.740782e-06
6.145440e+03	-5.787629e-05	7.958311e-04	3.005091e-06	4.755172e-05	3.035286e-05	1.238090e-05
6.157830e+03	-3.115467e-04	8.515743e-04	-1.691542e-05	2.923718e-04	1.072925e-06	2.088534e-05
6.170220e+03	-4.721660e-04	6.932235e-04	-1.733470e-05	4.612169e-04	-9.485793e-06	1.193152e-05
6.182610e+03	-4.310296e-04	4.612370e-04	-8.130059e-06	4.144725e-04	-1.821993e-05	1.999692e-05
6.195000e+03	-2.457513e-04	3.636595e-04	1.283003e-05	2.103355e-04	-2.699658e-05	3.687747e-05
6.207390e+03	-6.284332e-05	4.868963e-04	9.829743e-06	1.630653e-05	-8.450274e-06	4.844803e-05
6.219780e+03	-6.519953e-05	6.823855e-04	1.708671e-05	2.269015e-05	1.273119e-05	4.510262e-05
6.232170e+03	-1.684030e-04	7.732941e-04	7.959683e-07	1.550766e-04	1.514844e-05	1.576219e-05
6.244560e+03	-3.929829e-04	7.185772e-04	-1.461318e-05	3.919542e-04	7.187180e-06	3.573877e-06
6.256950e+03	-4.152653e-04	5.632443e-04	-1.834856e-05	4.183195e-04	-2.027068e-05	-1.168490e-06
6.269340e+03	-3.228483e-04	4.265481e-04	3.153092e-06	3.139913e-04	-2.495725e-05	1.038737e-05
6.281730e+03	-1.329640e-04	4.165589e-04	2.190111e-05	1.297065e-04	-2.499558e-05	7.797970e-06
6.294120e+03	-9.631024e-05	5.472701e-04	3.127245e-05	7.672339e-05	-4.511074e-06	2.231340e-05
6.306510e+03	-1.324967e-04	6.848901e-04	1.931005e-05	1.068226e-04	1.348515e-05	2.678621e-05
6.318900e+03	-2.957114e-04	6.854299e-04	-6.290905e-06	2.720383e-04	2.458273e-05	2.475797e-05
6.331290e+03	-3.552000e-04	5.951058e-04	-2.108158e-05	3.422314e-04	1.120908e-05	1.480750e-05
6.343680e+03	-3.539463e-04	4.632069e-04	-1.748431e-05	3.396014e-04	-1.085722e-05	1.660013e-05
6.356070e+03	-2.347141e-04	3.887130e-04	-1.910398e-07	2.090854e-04	-3.315176e-05	2.781056e-05
6.368460e+03	-1.141395e-04	5.068062e-04	2.504879e-05	8.140354e-05	-2.275747e-05	3.433249e-05
6.380850e+03	-1.273847e-04	6.134294e-04	2.954992e-05	1.078649e-04	2.989900e-06	2.135790e-05
6.393240e+03	-2.356777e-04	6.713271e-04	1.787745e-05	2.167066e-04	1.830581e-05	2.238802e-05
6.405630e+03	-2.738828e-04	6.058132e-04	-4.255711e-06	2.811746e-04	1.304926e-05	-2.127256e-06
6.418020e+03	-2.765561e-04	5.425764e-04	-1.580797e-05	2.759852e-04	9.013115e-06	1.976733e-06
6.430410e+03	-1.965008e-04	5.087551e-04	-2.524062e-06	1.952575e-04	-1.360493e-05	2.000676e-06
6.442800e+03	-1.563483e-04	5.599682e-04	2.579446e-06	1.498517e-04	-1.295933e-05	9.277126e-06
6.455190e+03	-1.898618e-04	6.239151e-04	1.076874e-05	1.584887e-04	-2.121437e-05	3.042349e-05
6.467580e+03	-2.269086e-04	6.816139e-04	2.204285e-05	1.947968e-04	9.297726e-06	3.534898e-05
6.479970e+03	-2.726167e-04	6.129021e-04	1.345619e-05	2.444140e-04	1.157661e-05	3.002356e-05
