1.523970e+03	-2.459625e-02	-1.010000e-01	1.106646e-04	2.477742e-02	1.925599e-04	1.680271e-05
1.536360e+03	3.743322e-03	-1.010000e-01	1.979946e-05	-3.958468e-03	-2.101324e-05	2.045997e-04
1.548750e+03	3.026939e-02	-9.634294e-02	2.714087e-05	-3.056705e-02	2.672939e-05	3.121824e-04
1.561140e+03	5.509035e-02	-8.483126e-02	4.793036e-05	-5.537541e-02	5.078768e-05	2.963149e-04
1.573530e+03	7.474591e-02	-6.756629e-02	6.707678e-06	-7.494602e-02	5.889143e-05	2.258333e-04
1.585920e+03	9.066962e-02	-4.521918e-02	4.565035e-05	-9.096922e-02	2.848234e-06	3.210043e-04
1.598310e+03	9.958775e-02	-1.908223e-02	6.189338e-05	-1.001069e-01	2.897875e-05	4.268790e-04
1.610700e+03	1.008951e-01	8.518298e-03	1.927751e-05	-1.018978e-01	9.501120e-05	5.320787e-04
1.623090e+03	9.499689e-02	3.568960e-02	2.259314e-05	-9.538277e-02	6.102334e-05	4.043695e-04
1.635480e+03	8.194350e-02	5.990925e-02	-2.055856e-06	-8.237258e-02	1.069675e-04	3.963076e-04
1.647870e+03	6.317227e-02	7.919187e-02	-3.640935e-05	-6.338195e-02	9.045479e-05	2.284031e-04
1.660260e+03	3.904664e-02	9.388905e-02	-1.337921e-05	-3.948782e-02	6.809334e-05	4.238451e-04
1.672650e+03	1.256536e-02	1.006198e-01	-1.552792e-04	-1.289646e-02	1.788374e-04	3.430997e-04
1.685040e+03	-1.472573e-02	1.004255e-01	-5.442106e-05	1.439527e-02	4.150009e-05	3.207330e-04
1.697430e+03	-4.187991e-02	9.314726e-02	-2.449641e-05	4.158128e-02	-4.512871e-06	2.754334e-04
1.709820e+03	-6.594913e-02	7.835935e-02	-2.720181e-05	6.574913e-02	1.998003e-05	2.539932e-04
1.722210e+03	-8.503867e-02	5.800449e-02	-2.301494e-05	8.472861e-02	5.643971e-06	3.142380e-04
1.734600e+03	-9.824012e-02	3.207623e-02	2.416080e-05	9.799323e-02	-3.045530e-05	3.481431e-04
1.746990e+03	-1.030000e-01	3.820642e-03	-8.353053e-05	1.030000e-01	-4.873527e-05	1.738519e-04
1.759380e+03	-1.001553e-01	-2.527187e-02	-1.728368e-05	1.001064e-01	-2.645015e-05	1.238047e-04
1.771770e+03	-9.009834e-02	-5.281974e-02	-6.386783e-05	8.970866e-02	-4.319611e-05	3.792832e-04
1.784160e+03	-7.174704e-02	-7.587082e-02	-2.935516e-05	7.154866e-02	-1.503707e-05	2.207657e-04
1.796550e+03	-4.755290e-02	-9.314739e-02	-9.266224e-05	4.740974e-02	-8.078286e-05	1.732324e-04
1.808940e+03	-1.884960e-02	-1.033127e-01	-8.120234e-05	1.861311e-02	-7.803524e-05	2.401511e-04
1.821330e+03	1.076712e-02	-1.043533e-01	1.780309e-05	-1.096126e-02	2.952804e-06	2.051031e-04
1.833720e+03	4.083427e-02	-9.722809e-02	2.362937e-05	-4.092709e-02	-5.160794e-05	7.123271e-05
1.846110e+03	6.742337e-02	-8.181033e-02	3.676663e-05	-6.752777e-02	-6.972064e-05	8.043822e-05
1.858500e+03	8.867031e-02	-5.919644e-02	6.145709e-05	-8.876926e-02	-5.301043e-05	1.129697e-04
1.870890e+03	1.024425e-01	-3.055894e-02	2.712435e-05	-1.024450e-01	-1.933437e-04	-7.425373e-05
1.883280e+03	1.079542e-01	1.276189e-03	6.193125e-05	-1.079542e-01	8.399710e-06	3.083751e-05
1.895670e+03	1.028737e-01	3.301619e-02	3.640168e-05	-1.028520e-01	9.459090e-05	-1.576399e-04
1.908060e+03	8.871286e-02	6.255263e-02	6.584526e-05	-8.877107e-02	5.519486e-05	5.355856e-05
1.920450e+03	6.586922e-02	8.664128e-02	5.489354e-05	-6.587201e-02	6.975754e-05	3.068922e-05
1.932840e+03	3.684750e-02	1.027335e-01	-1.189686e-05	-3.671610e-02	8.051843e-05	-1.332161e-04
1.945230e+03	3.902390e-03	1.098338e-01	5.118732e-05	-3.878833e-03	1.046754e-05	-5.050257e-05
1.957620e+03	-3.006460e-02	1.051996e-01	1.797596e-05	3.023628e-02	1.214587e-05	-1.706893e-04
1.970010e+03	-6.160467e-02	9.168362e-02	-1.480535e-05	6.168448e-02	3.488225e-05	-1.046553e-04
1.982400e+03	-8.702677e-02	6.844462e-02	-1.333984e-04	8.722695e-02	5.673584e-05	-2.583319e-04
1.994790e+03	-1.052410e-01	3.817497e-02	3.226074e-05	1.052387e-01	-2.679955e-06	-1.160007e-04
2.007180e+03	-1.120000e-01	3.407118e-03	4.946655e-05	1.120000e-01	-9.597233e-06	7.297476e-05
2.019570e+03	-1.076389e-01	-3.293754e-02	8.292798e-05	1.078138e-01	-1.494936e-05	-2.298918e-04
2.031960e+03	-9.159871e-02	-6.556192e-02	7.432925e-06	9.171699e-02	-1.965854e-05	-1.798881e-04
2.044350e+03	-6.577588e-02	-9.180562e-02	-2.029907e-05	6.598344e-02	-2.807249e-05	-2.044589e-04
2.056740e+03	-3.249717e-02	-1.080951e-01	-5.856606e-05	3.282018e-02	-9.224487e-05	-2.984760e-04
2.069130e+03	4.235299e-03	-1.134259e-01	6.124421e-05	-4.019279e-03	-3.278571e-05	-2.150276e-04
2.081520e+03	4.066923e-02	-1.063858e-01	3.482972e-05	-4.036861e-02	-4.647754e-05	-3.446606e-04
2.093910e+03	7.423822e-02	-8.709522e-02	2.331523e-05	-7.383874e-02	-1.815808e-04	-3.922264e-04
2.106300e+03	9.900281e-02	-5.899616e-02	1.646610e-04	-9.880910e-02	5.118101e-05	-1.612204e-04
2.118690e+03	1.134634e-01	-2.243358e-02	1.035470e-04	-1.126118e-01	3.946774e-05	-2.695439e-04
2.131080e+03	1.146504e-01	1.706223e-02	1.258025e-04	-1.144835e-01	4.374110e-05	-3.227651e-04
2.143470e+03	1.025474e-01	5.444102e-02	1.307794e-04	-1.025978e-01	1.023438e-04	-1.518539e-04
2.155860e+03	7.855612e-02	8.535523e-02	1.127214e-04	-7.824919e-02	1.107787e-04	-2.621703e-04
2.168250e+03	4.472860e-02	1.078207e-01	1.562541e-04	-4.450564e-02	2.492497e-05	-1.744423e-04
2.180640e+03	5.967852e-03	1.158751e-01	1.047343e-04	-5.789869e-03	9.696623e-05	-1.634674e-04
2.193030e+03	-3.411582e-02	1.113595e-01	-6.866624e-05	3.440107e-02	1.699708e-04	-2.283976e-04
2.205420e+03	-6.920741e-02	9.345100e-02	-8.012765e-05	6.959764e-02	1.473603e-04	-4.120640e-04
2.217810e+03	-9.753186e-02	6.409885e-02	1.129550e-04	9.779291e-02	8.060921e-05	-3.197112e-04
2.230200e+03	-1.146295e-01	2.698209e-02	-1.772954e-04	1.146295e-01	8.098509e-05	1.054376e-05
2.242590e+03	-1.165308e-01	-1.469536e-02	-1.570888e-04	1.165308e-01	2.587471e-05	-8.510445e-05
2.254980e+03	-1.040509e-01	-5.375715e-02	-1.304246e-04	1.042099e-01	1.704994e-05	-2.845591e-04
2.267370e+03	-7.926643e-02	-8.603850e-02	-1.381596e-04	7.949767e-02	-4.662395e-05	-1.923641e-04
2.279760e+03	-4.442761e-02	-1.085702e-01	-2.482551e-04	4.454498e-02	-1.424251e-04	-1.610799e-04
2.292150e+03	-4.182366e-03	-1.169649e-01	-1.957684e-04	4.217610e-03	-1.883319e-04	-2.343576e-05
2.304540e+03	3.682585e-02	-1.109920e-01	-6.042183e-05	-3.682557e-02	-1.277751e-04	-4.601648e-05
2.316930e+03	7.304685e-02	-9.173326e-02	-1.372077e-04	-7.285417e-02	-3.938635e-04	-1.528081e-04
2.329320e+03	1.007076e-01	-6.060192e-02	5.737374e-05	-1.007129e-01	-2.094842e-04	-3.706098e-05
2.341710e+03	1.157165e-01	-2.186353e-02	6.246189e-05	-1.157165e-01	-1.728282e-04	1.637713e-04
2.354100e+03	1.157131e-01	2.058100e-02	1.222468e-04	-1.166128e-01	-9.558187e-05	1.149076e-04
2.366490e+03	1.010976e-01	5.979609e-02	1.912092e-04	-1.011492e-01	-2.146886e-04	1.103698e-04
2.378880e+03	7.362104e-02	9.135412e-02	1.290447e-04	-7.356698e-02	5.568325e-05	-1.410447e-05
2.391270e+03	3.722129e-02	1.116427e-01	1.079670e-04	-3.733035e-02	6.936238e-05	1.393137e-04
2.403660e+03	-4.799647e-03	1.170000e-01	3.886831e-06	4.540378e-03	1.669353e-04	2.546844e-04
2.416050e+03	-4.617005e-02	1.082292e-01	3.548294e-04	4.587152e-02	-7.120115e-05	2.968701e-04
2.428440e+03	-8.133258e-02	8.497568e-02	1.068108e-04	8.132324e-02	1.060060e-04	3.939854e-05
2.440830e+03	-1.068783e-01	5.088743e-02	8.354997e-05	1.066753e-01	1.434704e-04	3.508334e-04
2.453220e+03	-1.174783e-01	9.171665e-03	1.061968e-04	1.174881e-01	1.519303e-04	2.187663e-04
2.465610e+03	-1.139543e-01	-3.402568e-02	3.321041e-05	1.139543e-01	1.700780e-04	3.296236e-04
2.478000e+03	-9.443677e-02	-7.302136e-02	-6.866974e-05	9.415993e-02	1.382406e-04	5.536926e-04
2.490390e+03	-6.118819e-02	-1.017883e-01	-1.624658e-04	6.082583e-02	5.439014e-05	3.611646e-04
2.502780e+03	-2.000957e-02	-1.174655e-01	-1.924144e-04	1.970516e-02	-1.551753e-05	3.131718e-04
2.515170e+03	2.413689e-02	-1.172115e-01	-2.338715e-04	-2.453330e-02	-1.785870e-04	3.890407e-04
2.527560e+03	6.561246e-02	-1.006215e-01	-8.990173e-05	-6.618362e-02	-1.630664e-04	5.329068e-04
2.539950e+03	9.819171e-02	-6.917041e-02	-7.876736e-05	-9.910007e-02	-1.048144e-04	2.573006e-04
2.552340e+03	1.181922e-01	-2.729917e-02	-2.705854e-05	-1.192252e-01	-2.119635e-04	5.286504e-04
2.564730e+03	1.201434e-01	1.920757e-02	7.689823e-05	-1.210846e-01	-3.557403e-04	4.578334e-04
2.577120e+03	1.040083e-01	6.409100e-02	1.003204e-04	-1.040217e-01	-6.204107e-05	1.089859e-04
2.589510e+03	7.245145e-02	9.955140e-02	8.815553e-05	-7.282655e-02	2.595039e-05	3.723900e-04
2.601900e+03	2.844616e-02	1.202365e-01	7.591801e-05	-2.868992e-02	8.085655e-05	2.353734e-04
2.614290e+03	-2.082899e-02	1.227259e-01	1.119764e-04	2.074902e-02	5.430139e-05	8.928820e-05
2.626680e+03	-6.802551e-02	1.055694e-01	-6.427735e-05	6.791313e-02	1.539839e-04	1.038215e-04
2.639070e+03	-1.049859e-01	7.020831e-02	1.423338e-04	1.049875e-01	6.278536e-05	2.180939e-05
2.651460e+03	-1.256656e-01	2.194941e-02	-9.733259e-05	1.256656e-01	1.040235e-04	-1.526870e-04
2.663850e+03	-1.247847e-01	-3.136237e-02	-1.298384e-05	1.247847e-01	7.663973e-05	-5.498627e-05
2.676240e+03	-1.001312e-01	-8.051890e-02	-1.108633e-04	1.001583e-01	4.937705e-05	-2.596997e-04
2.688630e+03	-5.854206e-02	-1.155313e-01	-1.029882e-04	5.866214e-02	1.773056e-05	-1.229324e-04
2.701020e+03	-4.543613e-03	-1.303283e-01	-1.867955e-04	4.780823e-03	-7.135685e-05	-2.516673e-04
2.713410e+03	5.190856e-02	-1.214475e-01	-8.148998e-05	-5.156407e-02	-1.577215e-04	-2.992706e-04
2.725800e+03	9.987840e-02	-8.710079e-02	-1.200027e-05	-9.984855e-02	-1.863018e-04	-2.736255e-04
2.738190e+03	1.283428e-01	-3.608909e-02	1.815209e-06	-1.283428e-01	-4.418684e-04	-2.857795e-04
2.750580e+03	1.328763e-01	2.494459e-02	7.818943e-06	-1.328763e-01	-5.407096e-06	-5.500894e-05
2.762970e+03	1.078615e-01	8.134692e-02	5.349078e-05	-1.078265e-01	6.482108e-05	-2.250812e-04
2.775360e+03	5.968762e-02	1.218855e-01	-4.046876e-08	-5.938425e-02	1.584149e-04	-2.670095e-04
2.787750e+03	-2.123887e-03	1.357523e-01	3.976603e-05	2.368815e-03	3.858017e-05	-2.508278e-04
2.800140e+03	-6.465909e-02	1.208468e-01	1.579515e-05	6.485474e-02	7.389136e-06	-2.418067e-04
2.812530e+03	-1.146540e-01	7.796646e-02	2.797010e-04	1.146887e-01	-8.146653e-05	2.840541e-05
2.824920e+03	-1.378861e-01	1.504399e-02	1.918355e-06	1.378861e-01	4.739597e-05	-9.880000e-05
2.837310e+03	-1.296632e-01	-5.225466e-02	-5.882779e-05	1.296632e-01	8.349723e-05	-1.939395e-04
2.849700e+03	-8.936774e-02	-1.077345e-01	-1.504904e-04	8.936660e-02	9.460299e-06	-5.310582e-06
2.862090e+03	-2.667832e-02	-1.376676e-01	3.591625e-06	2.673965e-02	8.527974e-05	-5.991083e-05
2.874480e+03	4.402036e-02	-1.342863e-01	-7.929096e-05	-4.412544e-02	-3.991971e-05	8.060729e-05
2.886870e+03	1.100252e-01	-9.018301e-02	5.291835e-05	-1.095062e-01	2.365432e-04	-4.768537e-04
2.899260e+03	1.401767e-01	-3.204260e-02	2.597872e-05	-1.401767e-01	-7.515281e-05	3.833001e-04
2.911650e+03	1.379295e-01	4.321331e-02	2.881616e-05	-1.379295e-01	4.264746e-06	3.591025e-04
2.924040e+03	9.700380e-02	1.081325e-01	-6.258186e-05	-9.735311e-02	1.910222e-04	4.400580e-04
2.936430e+03	2.832714e-02	1.429096e-01	-1.188553e-04	-2.862399e-02	1.948251e-04	3.119127e-04
2.948820e+03	-5.083278e-02	1.385535e-01	3.089845e-05	5.041480e-02	-9.976367e-05	4.623422e-04
2.961210e+03	-1.172350e-01	9.149679e-02	1.035116e-04	1.165389e-01	-7.456953e-05	5.740407e-04
2.973600e+03	-1.494992e-01	1.367538e-02	-6.880513e-05	1.484848e-01	-8.893056e-05	7.157223e-04
2.985990e+03	-1.340249e-01	-7.119484e-02	1.094583e-04	1.335754e-01	-2.625937e-05	7.871668e-04
2.998380e+03	-7.222152e-02	-1.363676e-01	-8.559168e-05	7.117611e-02	-1.108000e-04	1.052573e-03
3.010770e+03	1.893472e-02	-1.539840e-01	6.889122e-05	-2.021496e-02	9.903814e-07	1.290141e-03
3.023160e+03	1.072773e-01	-1.147559e-01	2.811124e-05	-1.082811e-01	-1.536646e-05	1.360037e-03
3.035550e+03	1.564669e-01	-2.374688e-02	5.778831e-05	-1.576698e-01	1.194042e-04	1.558715e-03
3.047940e+03	1.380296e-01	8.181558e-02	-6.074269e-05	-1.400296e-01	3.851546e-04	1.765878e-03
3.060330e+03	4.667005e-02	1.550958e-01	-2.334901e-04	-4.860234e-02	2.040547e-04	1.899103e-03
3.072720e+03	-7.647484e-02	1.425279e-01	-3.688439e-04	7.448460e-02	4.581322e-05	1.969466e-03
3.085110e+03	-1.542192e-01	3.801615e-02	-1.372451e-04	1.524731e-01	-2.546019e-04	1.677422e-03
3.097500e+03	-1.206457e-01	-9.074184e-02	-3.783122e-06	1.206628e-01	-2.180061e-04	3.550947e-04
3.109890e+03	5.771442e-03	-1.380183e-01	8.871517e-05	-4.517738e-03	-1.849648e-04	-1.260874e-03
3.122280e+03	1.054797e-01	-5.627499e-02	9.830176e-05	-1.022962e-01	1.812049e-04	-2.933542e-03
3.134670e+03	8.087004e-02	5.222694e-02	-1.992999e-04	-7.756698e-02	2.602112e-04	-3.300946e-03
3.147060e+03	-1.220537e-02	6.194062e-02	-4.160089e-04	2.044693e-02	-1.563202e-04	-7.561530e-03
3.159450e+03	-3.182634e-02	3.713496e-03	7.045260e-05	3.493662e-02	-7.810818e-04	-3.142766e-03
3.171840e+03	4.899156e-03	6.180904e-03	-4.131064e-03	3.809014e-03	-3.222627e-03	-8.764658e-03
3.184230e+03	1.427331e-02	1.896484e-02	2.581861e-03	7.267564e-04	1.545373e-03	-1.493420e-02
3.196620e+03	-1.495753e-02	-1.336698e-02	1.447189e-03	2.007979e-02	-1.633967e-03	-5.377319e-03
3.209010e+03	2.513617e-02	-2.465152e-02	-3.714922e-03	-1.848326e-02	-6.083193e-04	-6.854536e-03
3.221400e+03	3.365309e-02	2.555668e-02	-4.381043e-04	-3.089754e-02	1.647334e-03	-3.122620e-03
3.233790e+03	-2.168716e-02	4.286901e-02	-2.185349e-03	2.659829e-02	-2.490828e-03	-5.090954e-03
3.246180e+03	-5.574384e-02	-1.226705e-02	3.016843e-03	5.550140e-02	-4.592739e-04	4.342616e-04
3.258570e+03	-1.538630e-02	-6.597599e-02	-6.088151e-04	9.355209e-03	7.529592e-04	5.993096e-03
3.270960e+03	5.375328e-02	-4.455779e-02	-1.248960e-03	-6.103765e-02	7.569257e-04	7.275723e-03
3.283350e+03	6.825087e-02	3.219510e-02	-9.751247e-04	-7.407712e-02	-1.143666e-04	5.829419e-03
3.295740e+03	6.769619e-03	8.059517e-02	-6.939629e-04	-1.063032e-02	-6.996628e-04	3.859847e-03
3.308130e+03	-6.867271e-02	4.591232e-02	2.217948e-04	6.778532e-02	-1.493048e-03	8.229362e-04
3.320520e+03	-6.963327e-02	-4.069175e-02	6.392014e-04	7.168876e-02	2.881685e-04	-2.181513e-03
3.332910e+03	1.162064e-02	-7.677095e-02	7.636597e-04	-1.003803e-02	1.217091e-03	-1.603994e-03
3.345300e+03	6.972621e-02	-1.039626e-02	-3.291888e-04	-6.870195e-02	5.472452e-04	-1.303639e-03
3.357690e+03	1.834478e-02	5.661978e-02	-2.632433e-03	-1.771755e-02	-1.935088e-04	-5.655201e-04
3.370080e+03	-4.176513e-02	1.677229e-02	-1.572571e-04	4.602822e-02	-4.213968e-03	-3.772905e-03
3.382470e+03	-1.524950e-02	-4.192206e-02	2.213998e-03	1.649663e-02	8.346085e-04	-1.302895e-03
3.394860e+03	4.549386e-02	-1.147283e-02	-1.282811e-04	-4.719693e-02	-5.537622e-04	1.707035e-03
3.407250e+03	2.279544e-02	5.375184e-02	1.516943e-03	-1.841084e-02	-7.819722e-04	-4.363878e-03
3.419640e+03	-5.665313e-02	2.911379e-02	1.359761e-03	5.931470e-02	1.591917e-03	-2.702621e-03
3.432030e+03	-4.538896e-02	-5.333859e-02	-8.315337e-04	4.526927e-02	1.344938e-03	1.127178e-04
3.444420e+03	3.882289e-02	-6.607793e-02	-5.880300e-04	-3.837583e-02	-1.958734e-04	-4.210949e-04
3.456810e+03	8.029435e-02	7.599432e-03	7.067688e-04	-8.098282e-02	-4.347645e-04	5.629103e-04
3.469200e+03	2.562891e-02	8.124366e-02	2.600827e-04	-2.878700e-02	5.283427e-04	3.066097e-03
3.481590e+03	-6.559922e-02	6.025714e-02	-2.728547e-04	6.231884e-02	6.372060e-04	3.247426e-03
3.493980e+03	-8.382499e-02	-3.337943e-02	-1.235163e-04	8.073520e-02	2.279797e-04	2.873196e-03
3.506370e+03	-4.399501e-03	-8.780360e-02	-1.745153e-04	2.931776e-03	-6.953383e-04	1.530690e-03
3.518760e+03	7.965639e-02	-3.774293e-02	1.703351e-04	-7.980608e-02	-2.700894e-04	3.629345e-05
3.531150e+03	6.253600e-02	5.897501e-02	1.495957e-05	-6.179824e-02	1.352454e-04	-7.812371e-04
3.543540e+03	-3.470795e-02	7.267424e-02	-4.597747e-04	3.582145e-02	-3.017504e-04	-1.200072e-03
3.555930e+03	-7.149691e-02	-1.306901e-02	-9.436517e-04	7.302245e-02	-6.067118e-04	-1.708476e-03
3.568320e+03	1.988863e-03	-6.699848e-02	-7.806902e-04	3.915107e-04	-8.887859e-04	-2.370382e-03
3.580710e+03	6.223859e-02	-1.154079e-02	4.669934e-04	-6.145747e-02	-5.623182e-05	-6.941435e-04
3.593100e+03	2.143956e-02	5.505718e-02	-1.449884e-03	-2.162976e-02	8.896376e-05	1.997053e-04
3.605490e+03	-4.667780e-02	2.771029e-02	-8.328289e-04	4.968917e-02	5.881772e-04	-2.989320e-03
3.617880e+03	-3.185261e-02	-4.403879e-02	-1.301379e-04	3.454286e-02	-1.604295e-04	-2.659071e-03
3.630270e+03	3.378733e-02	-4.035233e-02	-5.543874e-04	-3.428070e-02	-7.419314e-04	4.645168e-04
3.642660e+03	4.682235e-02	2.302130e-02	7.500361e-04	-4.777947e-02	-1.802979e-04	9.418479e-04
3.655050e+03	-9.930396e-03	5.091038e-02	3.601775e-04	9.946960e-03	1.607805e-06	-2.016534e-05
3.667440e+03	-4.946492e-02	4.519317e-03	-3.185768e-04	4.914364e-02	-1.573120e-04	3.133575e-04
3.679830e+03	-1.830490e-02	-4.314041e-02	-4.226207e-04	1.507887e-02	4.961357e-04	3.370570e-03
3.692220e+03	3.986636e-02	-2.737594e-02	-4.704422e-04	-3.874555e-02	1.069394e-03	-1.109917e-03
3.704610e+03	3.148914e-02	3.285869e-02	-3.645388e-04	-3.092593e-02	-2.491302e-04	-6.325582e-04
3.717000e+03	-2.749535e-02	3.385494e-02	-1.252442e-04	2.866831e-02	-1.037351e-03	-1.070276e-03
3.729390e+03	-3.502416e-02	-2.151517e-02	6.712683e-04	3.501792e-02	-1.584282e-03	-3.187825e-05
3.741780e+03	1.761750e-02	-3.846243e-02	1.001446e-03	-1.703199e-02	-3.190473e-05	-6.283201e-04
3.754170e+03	4.449659e-02	1.295336e-02	4.412987e-05	-4.219368e-02	1.189160e-03	-2.268318e-03
3.766560e+03	-3.300929e-03	4.407318e-02	-1.434774e-03	3.281399e-03	8.882218e-04	5.112998e-05
3.778950e+03	-4.843293e-02	6.160109e-03	-5.866405e-04	4.962764e-02	-1.395115e-03	-1.421583e-03
3.791340e+03	-1.870278e-02	-4.846584e-02	5.029534e-04	1.958772e-02	-2.176013e-04	-9.064722e-04
3.803730e+03	4.356138e-02	-3.112151e-02	6.959120e-04	-4.292026e-02	3.187878e-04	-6.552291e-04
3.816120e+03	4.382520e-02	3.375159e-02	-3.683271e-04	-4.374822e-02	4.331134e-04	-1.298752e-04
3.828510e+03	-1.687739e-02	5.257628e-02	-2.086554e-04	1.481719e-02	1.771328e-04	2.005645e-03
3.840900e+03	-5.856903e-02	2.204891e-03	7.342212e-05	5.841291e-02	5.627898e-04	1.354530e-04
3.853290e+03	-2.120045e-02	-5.504956e-02	-2.530292e-04	1.995063e-02	-5.295874e-04	1.215612e-03
3.865680e+03	4.579181e-02	-3.348944e-02	6.844194e-04	-4.470798e-02	2.238482e-04	-1.088474e-03
3.878070e+03	4.690486e-02	3.259593e-02	1.268496e-04	-4.592619e-02	4.798488e-04	-8.164908e-04
3.890460e+03	-1.571818e-02	5.175079e-02	-4.153717e-05	1.633012e-02	7.081218e-05	-5.870831e-04
3.902850e+03	-5.067130e-02	-2.058203e-03	4.135317e-04	5.161753e-02	-4.867557e-05	-9.879961e-04
3.915240e+03	-8.297044e-03	-4.959229e-02	5.238515e-04	9.673163e-03	-2.256901e-04	-1.376152e-03
3.927630e+03	4.366583e-02	-2.234309e-02	3.267822e-04	-4.372353e-02	-2.484661e-06	7.084392e-05
3.940020e+03	3.165512e-02	3.727873e-02	-1.099385e-04	-3.111165e-02	1.370159e-04	-5.080506e-04
3.952410e+03	-2.885535e-02	3.921035e-02	1.361573e-04	2.833520e-02	-2.390651e-04	6.444507e-04
3.964800e+03	-4.602532e-02	-1.558216e-02	4.719385e-04	4.570963e-02	-3.252368e-04	1.329264e-04
3.977190e+03	2.656478e-03	-4.651148e-02	-1.143957e-04	-2.034784e-03	-4.889793e-05	-5.402515e-04
3.989580e+03	4.281236e-02	-1.314807e-02	-1.554933e-03	-4.335380e-02	-2.367309e-05	5.016678e-04
4.001970e+03	2.473545e-02	3.812748e-02	-5.492246e-04	-2.496525e-02	1.185298e-04	2.619154e-04
4.014360e+03	-2.659986e-02	3.411959e-02	-2.921272e-04	2.708781e-02	1.076867e-04	-4.599326e-04
4.026750e+03	-3.921984e-02	-1.562549e-02	-6.737565e-05	3.870949e-02	1.207194e-04	5.367050e-04
4.039140e+03	4.152559e-03	-3.961503e-02	4.709476e-04	-4.892229e-03	-1.160796e-04	7.406206e-04
4.051530e+03	3.894732e-02	-5.186833e-03	-2.188057e-05	-3.900000e-02	1.201248e-05	1.845344e-04
4.063920e+03	1.564085e-02	3.508181e-02	-5.360246e-05	-1.464420e-02	-2.314613e-04	-9.595080e-04
4.076310e+03	-2.898881e-02	2.247886e-02	-3.193977e-04	2.941767e-02	2.111039e-04	-4.996738e-04
4.088700e+03	-2.692245e-02	-2.360817e-02	5.923613e-04	2.747517e-02	-1.578815e-04	-5.437025e-04
4.101090e+03	1.607362e-02	-3.345629e-02	3.578428e-04	-1.455241e-02	-5.837194e-05	-1.543529e-03
4.113480e+03	3.469598e-02	7.213061e-03	-6.179753e-04	-3.386731e-02	5.216258e-04	-1.021663e-03
4.125870e+03	1.513523e-03	3.468114e-02	-4.514505e-04	3.347839e-04	-5.226941e-04	-1.743445e-03
4.138260e+03	-3.383517e-02	1.439893e-02	-4.141955e-04	3.294639e-02	-2.306802e-04	8.375178e-04
4.150650e+03	-2.193497e-02	-2.880274e-02	4.590271e-04	2.185854e-02	-6.546515e-04	2.390677e-05
4.163040e+03	2.039492e-02	-2.886920e-02	4.654333e-04	-2.101647e-02	-8.748428e-05	5.842384e-04
4.175430e+03	3.330394e-02	1.085284e-02	-2.056631e-04	-3.341936e-02	7.228393e-04	-3.716098e-05
4.187820e+03	-7.276685e-04	3.625470e-02	-8.124024e-04	5.718153e-04	-3.159089e-05	1.396354e-04
4.200210e+03	-3.379156e-02	9.513252e-03	-2.469409e-04	3.416804e-02	-3.080800e-04	-4.351185e-04
4.212600e+03	-1.808721e-02	-2.932830e-02	2.633472e-04	1.853895e-02	4.336807e-04	-4.253438e-04
4.224990e+03	2.241097e-02	-2.576880e-02	4.808749e-04	-2.153699e-02	1.125571e-04	-8.294673e-04
4.237380e+03	3.023683e-02	1.332769e-02	3.881295e-04	-2.943929e-02	7.044056e-04	-7.828211e-04
4.249770e+03	-4.783158e-03	3.329785e-02	-2.834806e-04	5.332890e-03	3.269811e-04	-5.521939e-04
4.262160e+03	-3.228798e-02	4.672401e-03	-2.336632e-04	3.250976e-02	-2.627734e-04	-1.990010e-04
4.274550e+03	-1.380615e-02	-2.978605e-02	1.116296e-04	1.372230e-02	5.250929e-05	1.526920e-04
4.286940e+03	2.353787e-02	-2.257775e-02	4.115111e-04	-2.270515e-02	4.378748e-04	-8.078862e-04
4.299330e+03	2.890229e-02	1.508312e-02	1.894523e-04	-2.931220e-02	2.478725e-04	2.261592e-04
4.311720e+03	-5.448827e-03	3.239952e-02	-5.671960e-04	5.581401e-03	-7.022296e-04	-1.267061e-04
4.324110e+03	-3.059913e-02	4.727632e-03	-1.346851e-04	3.050000e-02	-1.640949e-04	4.896482e-05
4.336500e+03	-1.333029e-02	-2.730206e-02	-2.602983e-04	1.337951e-02	-3.007305e-04	-3.017421e-05
4.348890e+03	2.198461e-02	-2.062180e-02	-1.475692e-04	-2.206841e-02	3.582646e-05	1.849748e-04
4.361280e+03	2.464426e-02	1.401380e-02	7.769794e-05	-2.481448e-02	7.315047e-05	1.977599e-04
4.373670e+03	-6.906017e-03	2.736127e-02	-2.114902e-04	6.720662e-03	-2.256563e-04	2.149311e-04
4.386060e+03	-2.580000e-02	2.085485e-03	-2.058284e-04	2.634987e-02	-1.678032e-04	-5.343619e-04
4.398450e+03	-7.672519e-03	-2.434850e-02	-1.733288e-05	8.624976e-03	-5.752581e-05	-8.970018e-04
4.410840e+03	2.184260e-02	-1.576678e-02	-5.601633e-04	-2.184664e-02	-9.567634e-05	5.646463e-05
4.423230e+03	1.984499e-02	1.604801e-02	-6.647394e-04	-1.978615e-02	-9.468277e-05	-6.286613e-05
4.435620e+03	-9.861182e-03	2.317202e-02	3.202137e-05	1.010874e-02	-3.624700e-05	-2.711641e-04
4.448010e+03	-2.350501e-02	-2.360124e-03	3.299539e-05	2.439997e-02	-3.848833e-04	-9.258209e-04
4.460400e+03	-3.873471e-03	-2.456996e-02	-3.739870e-06	3.599114e-03	-1.894424e-06	2.747614e-04
4.472790e+03	2.258408e-02	-1.092485e-02	-1.933158e-04	-2.255172e-02	2.197045e-04	-1.642052e-04
4.485180e+03	1.591439e-02	1.750962e-02	-8.261042e-05	-1.627289e-02	1.823241e-04	3.386992e-04
4.497570e+03	-1.246293e-02	1.957335e-02	-8.849212e-04	1.207090e-02	-1.550024e-04	4.131326e-04
4.509960e+03	-2.161553e-02	-5.143579e-03	3.202374e-04	2.221365e-02	-4.843855e-04	-6.505308e-04
4.522350e+03	-9.152078e-04	-2.289889e-02	-7.358769e-04	8.277889e-04	-1.764364e-04	8.451381e-05
4.534740e+03	2.172751e-02	-6.495176e-03	3.865387e-04	-2.168756e-02	2.055301e-04	-8.419840e-05
4.547130e+03	1.301923e-02	1.859995e-02	-8.426531e-04	-1.249713e-02	4.649313e-04	-5.763417e-04
4.559520e+03	-1.512767e-02	1.721056e-02	6.956283e-04	1.535411e-02	-2.490111e-04	-2.685821e-04
4.571910e+03	-2.084446e-02	-9.659699e-03	-9.800651e-05	2.060790e-02	-2.386629e-04	1.324642e-04
4.584300e+03	4.003888e-03	-2.186433e-02	4.769669e-04	-3.508215e-03	-1.897552e-04	-5.019449e-04
4.596690e+03	2.101291e-02	-2.185340e-03	-1.175986e-04	-2.100000e-02	4.388820e-05	3.390353e-05
4.609080e+03	9.293420e-03	2.067673e-02	3.759561e-04	-9.279935e-03	-3.009452e-04	-9.811463e-06
4.621470e+03	-1.586359e-02	1.481014e-02	2.303788e-04	1.581501e-02	-2.449160e-04	-6.177535e-05
4.633860e+03	-1.771075e-02	-1.091246e-02	1.308132e-04	1.770967e-02	-1.047655e-04	5.290475e-05
4.646250e+03	5.936911e-03	-2.099229e-02	-2.442743e-04	-5.429066e-03	2.198448e-04	-4.807414e-04
4.658640e+03	1.953802e-02	-1.664688e-03	1.969117e-04	-1.904478e-02	-8.116885e-07	-5.103329e-04
4.671030e+03	6.416168e-03	1.863671e-02	1.599158e-04	-6.202191e-03	-3.009510e-04	-1.992546e-04
4.683420e+03	-1.505083e-02	1.160856e-02	1.128311e-04	1.474699e-02	-3.092303e-04	2.693470e-04
4.695810e+03	-1.452344e-02	-1.277354e-02	3.023943e-04	1.511437e-02	-7.368026e-05	-6.214892e-04
4.708200e+03	7.205146e-03	-1.718443e-02	1.816888e-04	-6.547921e-03	5.312976e-05	-6.177891e-04
4.720590e+03	1.769604e-02	2.159960e-03	5.690505e-05	-1.739689e-02	-1.783282e-04	-3.774546e-04
4.732980e+03	4.009203e-03	1.568681e-02	-2.297319e-04	-3.385574e-03	-3.133823e-04	-6.007108e-04
4.745370e+03	-1.454789e-02	6.609248e-03	8.574916e-05	1.497405e-02	-4.237257e-04	-5.876120e-04
4.757760e+03	-1.112425e-02	-1.138390e-02	3.261151e-04	1.132976e-02	-2.002739e-04	-2.770000e-04
4.770150e+03	7.539661e-03	-1.410494e-02	7.781928e-06	-6.491640e-03	3.480310e-04	-9.816342e-04
4.782540e+03	1.453834e-02	4.550916e-03	-2.579996e-04	-1.494622e-02	5.063515e-04	4.794067e-04
4.794930e+03	4.035206e-04	1.471818e-02	-2.521778e-04	-8.472560e-04	1.857468e-04	4.559531e-04
4.807320e+03	-1.329787e-02	4.680784e-03	-9.222061e-05	1.339810e-02	1.749729e-04	-1.773487e-05
4.819710e+03	-7.850195e-03	-1.099477e-02	8.288821e-05	8.413286e-03	-9.155343e-05	-4.585389e-04
4.832100e+03	8.236494e-03	-9.939948e-03	7.644375e-05	-8.189098e-03	2.652722e-04	-9.668282e-06
4.844490e+03	1.180666e-02	4.909346e-03	-1.435549e-04	-1.200987e-02	2.061875e-04	4.407022e-04
4.856880e+03	-1.221787e-03	1.090203e-02	-2.638868e-04	1.442772e-03	-1.082409e-04	-2.282120e-04
4.869270e+03	-1.087584e-02	1.746487e-03	-3.367166e-05	1.105351e-02	-4.427224e-05	-2.892328e-04
4.881660e+03	-4.015787e-03	-9.600897e-03	-3.430500e-05	4.357878e-03	-3.462363e-04	-3.499181e-04
4.894050e+03	8.562266e-03	-5.941689e-03	-1.069820e-04	-8.414527e-03	-7.209207e-04	-1.428881e-04
4.906440e+03	8.041507e-03	5.413795e-03	-1.151191e-04	-8.164181e-03	1.634185e-04	1.762760e-04
4.918830e+03	-2.668896e-03	9.503490e-03	-1.135328e-04	2.661962e-03	-6.949136e-05	4.142510e-06
4.931220e+03	-9.402683e-03	-7.962372e-04	-1.089835e-04	9.520251e-03	1.699618e-04	-1.229771e-04
4.943610e+03	-2.500688e-03	-8.640114e-03	9.181376e-06	2.251838e-03	-1.756051e-05	2.202369e-04
4.956000e+03	6.623807e-03	-4.319353e-03	3.683212e-05	-6.727705e-03	-6.859308e-06	9.438464e-05
4.968390e+03	5.922043e-03	6.262401e-03	-7.075250e-05	-5.176193e-03	-9.089096e-05	-6.521118e-04
4.980780e+03	-3.175405e-03	7.826943e-03	1.813401e-05	3.924439e-03	-4.143389e-05	-7.536494e-04
4.993170e+03	-6.849237e-03	-1.250282e-03	2.981678e-06	6.879591e-03	-7.435940e-05	4.861221e-05
5.005560e+03	-1.549815e-03	-7.341735e-03	2.096717e-04	1.304154e-03	2.969353e-04	3.047230e-04
5.017950e+03	5.412318e-03	-2.727703e-03	-1.464323e-04	-5.623199e-03	-2.351864e-04	2.028922e-04
5.030340e+03	2.992004e-03	4.909719e-03	-8.460543e-04	-2.744427e-03	-5.370580e-04	-2.627201e-04
5.042730e+03	-4.348305e-03	4.792677e-03	-2.789704e-04	4.345822e-03	-8.976722e-05	-1.697727e-04
5.055120e+03	-5.254698e-03	-1.743711e-03	6.381680e-04	5.380442e-03	4.218319e-04	-1.431308e-04
5.067510e+03	2.805648e-04	-5.282452e-03	-3.915896e-04	-1.641577e-04	-2.609482e-04	-7.236377e-05
5.079900e+03	5.453381e-03	-6.832646e-04	4.721651e-04	-5.111369e-03	2.588726e-04	-3.355999e-04
5.092290e+03	2.920471e-03	4.949267e-03	-5.716186e-04	-2.471186e-03	-2.681261e-04	-4.677991e-04
5.104680e+03	-3.494763e-03	3.430747e-03	2.599059e-04	3.140090e-03	5.623487e-05	3.261202e-04
5.117070e+03	-4.490136e-03	-2.121619e-03	-3.709579e-04	4.068202e-03	-2.428589e-04	4.564480e-04
5.129460e+03	9.961296e-04	-4.596358e-03	2.840903e-04	-1.002059e-03	-5.354572e-05	8.675045e-05
5.141850e+03	3.988682e-03	-7.876437e-04	-5.002215e-05	-4.063406e-03	9.761354e-06	5.177207e-05
5.154240e+03	1.695588e-03	4.128132e-03	-2.916986e-04	-1.654228e-03	-4.541356e-05	-8.048284e-05
5.166630e+03	-2.000307e-03	2.026609e-03	-1.179333e-04	2.418857e-03	-1.698004e-04	-4.375632e-04
5.179020e+03	-3.010820e-03	-2.064466e-03	-2.826963e-04	3.448656e-03	-1.484307e-04	-3.663711e-04
5.191410e+03	2.315145e-03	-3.007410e-03	4.503846e-04	-1.346850e-03	-9.239720e-06	-9.956123e-04
5.203800e+03	4.657309e-03	-4.667830e-04	-2.020437e-04	-4.035612e-03	-4.926305e-05	-6.156614e-04
5.216190e+03	2.481833e-03	3.466970e-03	2.415146e-04	-2.033291e-03	-6.066585e-05	-3.763068e-04
5.228580e+03	-2.222868e-03	1.966877e-03	-1.357033e-04	2.425089e-03	-8.813346e-05	-2.977315e-04
5.240970e+03	-2.205880e-03	-2.455591e-03	-1.037671e-04	2.746119e-03	-8.966361e-05	-5.296917e-04
5.253360e+03	2.790433e-03	-3.749165e-03	2.998489e-04	-1.935874e-03	4.878051e-06	-8.469599e-04
5.265750e+03	4.993144e-03	3.137007e-04	-4.157774e-04	-4.573579e-03	2.559852e-04	-4.181306e-04
5.278140e+03	1.561354e-03	3.900629e-03	-4.774353e-04	-1.523032e-03	1.884997e-04	-8.692437e-05
5.290530e+03	-2.544354e-03	2.503284e-03	4.186961e-05	2.760428e-03	-8.842230e-05	-1.700283e-04
5.302920e+03	-2.331052e-03	-2.615608e-03	-1.645365e-04	2.781678e-03	-2.624872e-05	-4.540558e-04
5.315310e+03	1.486756e-03	-3.900833e-03	5.572225e-04	-1.376168e-03	-3.258588e-04	-1.298962e-04
5.327700e+03	4.808854e-03	6.573714e-04	8.059469e-04	-4.854124e-03	-4.226898e-04	2.984914e-05
5.340090e+03	6.384893e-04	3.949958e-03	1.887442e-04	-4.437923e-04	-2.733686e-04	-1.983189e-04
5.352480e+03	-3.267087e-03	1.956075e-03	-8.473157e-05	3.711476e-03	-4.384006e-05	-3.204453e-04
5.364870e+03	-2.701431e-03	-3.226840e-03	-1.017694e-04	2.936011e-03	8.525324e-05	-2.111941e-04
5.377260e+03	2.561089e-03	-3.686345e-03	7.814459e-05	-2.531889e-03	-4.727428e-05	-1.435504e-05
5.389650e+03	4.876430e-03	1.241175e-03	8.808519e-06	-4.749348e-03	-3.113106e-05	-1.172945e-04
5.402040e+03	-8.473420e-06	4.953544e-03	-6.273709e-05	2.544492e-05	-1.475175e-04	-1.099186e-05
5.414430e+03	-4.483662e-03	1.415374e-03	5.943450e-05	4.335052e-03	-2.571748e-04	1.369111e-04
5.426820e+03	-2.463466e-03	-4.084933e-03	6.921089e-06	2.149900e-03	-1.411767e-04	3.387195e-04
5.439210e+03	3.609561e-03	-3.620270e-03	-3.496404e-05	-3.806309e-03	-2.322975e-04	1.641608e-04
5.451600e+03	5.196566e-03	1.774204e-03	2.127872e-05	-4.982780e-03	-2.343476e-05	-2.175128e-04
5.463990e+03	-9.997903e-04	5.429480e-03	-6.970933e-05	9.735837e-04	1.081575e-04	2.532490e-05
5.476380e+03	-5.786684e-03	-9.367677e-04	-1.332668e-05	6.814533e-03	7.208839e-05	-1.027831e-03
5.488770e+03	-2.244746e-03	-5.414265e-03	9.381908e-05	2.808136e-03	-3.128435e-04	-5.439414e-04
5.501160e+03	4.657598e-03	-2.860265e-03	-1.612115e-04	-4.092717e-03	5.295193e-04	-5.462845e-04
5.513550e+03	4.048191e-03	3.892798e-03	5.343597e-07	-3.685359e-03	-6.278425e-05	-3.399754e-04
5.525940e+03	-2.807874e-03	4.759734e-03	-1.534146e-05	2.892873e-03	-1.091696e-04	-9.908027e-05
5.538330e+03	-4.686740e-03	-1.404053e-03	-1.658599e-05	4.001775e-03	-3.844413e-04	6.607811e-04
5.550720e+03	1.735690e-04	-5.427952e-03	-1.708187e-05	-1.847042e-04	1.062644e-04	1.414168e-05
5.563110e+03	5.583274e-03	-1.831896e-03	9.122503e-06	-5.561674e-03	-4.325829e-04	-3.180319e-05
5.575500e+03	2.716309e-03	5.231809e-03	-1.061456e-04	-2.633022e-03	-1.691069e-04	-1.429960e-04
5.587890e+03	-4.782226e-03	3.809033e-03	-2.556931e-06	5.262915e-03	1.304456e-04	-4.903697e-04
5.600280e+03	-5.323776e-03	-3.801127e-03	5.261030e-05	5.561928e-03	-1.190523e-04	-2.524123e-04
5.612670e+03	2.284908e-03	-5.117069e-03	-6.583217e-05	-2.046605e-03	-2.037071e-04	-2.313440e-04
5.625060e+03	5.842141e-03	5.802463e-04	-1.939908e-04	-5.482389e-03	-5.559641e-04	-3.599938e-04
5.637450e+03	1.144580e-03	6.254874e-03	-3.730327e-05	-1.065694e-03	1.005073e-04	-7.008109e-05
5.649840e+03	-5.477917e-03	1.745714e-03	-2.804431e-04	4.954239e-03	-4.950862e-04	4.381184e-04
5.662230e+03	-3.710485e-03	-5.478152e-03	-1.673268e-04	3.631744e-03	-4.140292e-04	1.031465e-04
5.674620e+03	3.919987e-03	-4.847536e-03	2.068579e-05	-3.780964e-03	1.225569e-05	-2.299522e-04
5.687010e+03	6.059563e-03	3.104085e-03	-1.499277e-04	-5.785358e-03	-1.505255e-04	-2.598740e-04
5.699400e+03	-1.312560e-03	6.309265e-03	1.572498e-04	1.439609e-03	2.037287e-04	-1.158967e-04
5.711790e+03	-6.311448e-03	1.978952e-04	1.322203e-04	6.359479e-03	1.531754e-05	-8.076184e-05
5.724180e+03	-1.809644e-03	-5.277383e-03	-3.269049e-04	2.305430e-03	-3.381298e-04	-4.902466e-04
5.736570e+03	5.289045e-03	-2.315676e-03	3.844053e-04	-4.713388e-03	3.139380e-04	-5.826032e-04
5.748960e+03	3.755230e-03	4.105620e-03	2.829346e-04	-4.126574e-03	2.281322e-04	3.896198e-04
5.761350e+03	-3.781229e-03	5.237596e-03	-1.104907e-04	3.750768e-03	-1.211391e-04	3.701215e-05
5.773740e+03	-5.945748e-03	-1.976684e-03	4.727132e-04	6.094122e-03	1.706307e-04	-1.463011e-04
5.786130e+03	2.952618e-04	-5.848356e-03	3.523571e-04	-1.296129e-04	7.452087e-05	-1.662045e-04
5.798520e+03	5.976186e-03	-3.540653e-04	5.672046e-05	-5.823169e-03	3.683109e-05	-1.477923e-04
5.810910e+03	2.599226e-03	6.459127e-03	-6.346207e-06	-2.239364e-03	-3.373909e-05	-3.251542e-04
5.823300e+03	-5.200268e-03	3.970197e-03	6.173578e-05	5.522243e-03	2.193116e-05	-3.151030e-04
5.835690e+03	-4.641528e-03	-4.761861e-03	3.888218e-04	4.795649e-03	-2.250257e-05	-1.502195e-04
5.848080e+03	3.719960e-03	-5.615864e-03	-1.087656e-04	-3.427751e-03	-6.410164e-05	-3.281597e-04
5.860470e+03	6.420000e-03	1.653336e-03	1.368549e-04	-6.347841e-03	5.718748e-05	-8.946969e-05
5.872860e+03	-2.642028e-04	6.518636e-03	1.804767e-04	2.416764e-04	-1.192869e-05	2.893075e-05
5.885250e+03	-5.424359e-03	8.602825e-04	1.860804e-04	5.829857e-03	-8.454108e-05	-4.166130e-04
5.897640e+03	-2.234199e-03	-6.053595e-03	-6.719794e-04	2.483779e-03	-4.451574e-05	-2.313648e-04
5.910030e+03	6.288463e-03	-4.024369e-03	-5.705991e-06	-5.738342e-03	-4.625576e-05	-6.032632e-04
5.922420e+03	5.163152e-03	3.601129e-03	-5.749391e-04	-5.113698e-03	5.523100e-05	-7.035968e-05
5.934810e+03	-2.693327e-03	5.538949e-03	-3.449021e-04	2.952903e-03	1.360983e-05	-2.630128e-04
5.947200e+03	-7.166420e-03	-1.461136e-03	6.850573e-04	7.113207e-03	-2.086515e-04	5.478478e-05
5.959590e+03	-2.605016e-04	-5.992123e-03	6.510721e-05	2.217358e-04	-4.790055e-05	-2.646276e-06
5.971980e+03	5.871470e-03	-1.977133e-03	-2.117955e-04	-5.838623e-03	2.060273e-05	-2.906337e-05
5.984370e+03	3.530067e-03	5.856002e-03	1.616943e-04	-3.246328e-03	-8.885886e-05	-3.249945e-04
5.996760e+03	-4.444422e-03	4.211212e-03	-1.857648e-04	4.844519e-03	3.715559e-05	-4.031570e-04
6.009150e+03	-5.115390e-03	-3.990831e-03	-7.052520e-05	5.398926e-03	-9.652690e-05	-3.062400e-04
6.021540e+03	2.434127e-03	-6.214859e-03	-2.145024e-04	-2.280857e-03	9.267052e-05	-1.253955e-04
6.033930e+03	7.129107e-03	9.582828e-04	-6.429364e-05	-7.032571e-03	-2.638120e-05	-1.388615e-04
6.046320e+03	9.292161e-04	6.313457e-03	-1.905253e-04	-5.746992e-04	-1.715574e-05	-3.598822e-04
6.058710e+03	-6.089943e-03	1.856461e-03	4.109906e-04	6.639775e-03	-5.269782e-04	-5.457297e-04
6.071100e+03	-3.557667e-03	-5.678608e-03	1.834797e-04	3.775667e-03	-2.929425e-04	-1.702066e-04
6.083490e+03	5.066380e-03	-4.923450e-03	4.348023e-04	-4.937660e-03	-6.263345e-04	-1.306888e-04
6.095880e+03	5.729848e-03	3.842708e-03	1.630798e-06	-5.706315e-03	-1.321907e-04	-7.031661e-05
6.108270e+03	-1.526861e-03	6.764021e-03	1.484258e-04	1.624689e-03	-4.256276e-04	-9.473907e-05
6.120660e+03	-6.540108e-03	-2.816655e-04	4.356594e-04	6.566590e-03	-8.797238e-04	-1.764782e-05
6.133050e+03	-1.627640e-03	-6.756859e-03	2.459227e-05	2.309424e-03	-3.851261e-05	-5.236036e-04
6.145440e+03	6.693834e-03	-2.659173e-03	-4.794829e-05	-6.679805e-03	2.238831e-04	-2.861729e-05
6.157830e+03	3.244502e-03	6.087315e-03	-2.194389e-05	-2.801867e-03	-3.316172e-04	-4.355752e-04
6.170220e+03	-4.648940e-03	6.345287e-03	-1.979742e-04	4.768678e-03	8.107875e-05	-1.238600e-04
6.182610e+03	-6.206042e-03	-3.616082e-03	-7.034321e-05	6.464147e-03	2.438420e-04	-3.106280e-04
6.195000e+03	1.336500e-03	-6.348236e-03	-7.625681e-06	-1.149745e-03	1.320604e-04	-1.859131e-04
6.207390e+03	6.331969e-03	1.933707e-04	1.534200e-05	-5.604951e-03	1.131039e-04	-7.238754e-04
6.219780e+03	1.586632e-03	6.700590e-03	-1.035052e-04	-1.196171e-03	6.475865e-05	-3.641782e-04
6.232170e+03	-6.156110e-03	3.306579e-03	-1.323999e-04	6.461021e-03	2.827488e-04	-3.016770e-04
6.244560e+03	-4.712947e-03	-4.412091e-03	-5.091932e-05	5.128597e-03	1.180046e-04	-4.440956e-04
6.256950e+03	3.894766e-03	-4.902553e-03	-4.173511e-06	-3.368410e-03	-2.898216e-04	-4.498765e-04
6.269340e+03	6.182338e-03	3.445306e-03	-1.239983e-04	-5.702764e-03	-8.259932e-04	-4.749928e-04
6.281730e+03	-1.445138e-03	6.675556e-03	-7.255786e-05	1.943691e-03	1.121121e-04	-4.577659e-04
6.294120e+03	-6.566722e-03	3.461819e-04	5.312563e-06	6.457348e-03	8.198255e-05	1.464868e-04
6.306510e+03	-1.803289e-03	-6.879401e-03	1.655362e-05	1.712704e-03	1.726651e-05	5.439478e-05
6.318900e+03	5.915569e-03	-3.663956e-03	-5.383484e-05	-5.794950e-03	-2.102831e-04	-4.532271e-05
6.331290e+03	5.319844e-03	5.344086e-03	-2.797521e-04	-5.443815e-03	-3.807797e-04	1.308326e-04
6.343680e+03	-3.406313e-03	5.517130e-03	-1.262915e-04	3.055977e-03	-2.663123e-04	3.945165e-04
6.356070e+03	-6.967667e-03	-2.473785e-03	-6.386661e-05	7.177156e-03	-2.994053e-04	-2.038541e-04
6.368460e+03	5.951611e-04	-5.845217e-03	-1.924877e-05	2.767104e-05	-8.122599e-05	-6.573445e-04
6.380850e+03	7.105580e-03	-5.599613e-04	-3.689397e-05	-6.902960e-03	3.748119e-05	-1.700867e-04
6.393240e+03	2.381735e-03	7.229997e-03	-2.399999e-04	-1.850787e-03	-2.289998e-04	-5.309991e-04
6.405630e+03	-5.938384e-03	4.507836e-03	1.858436e-05	6.339216e-03	-3.558901e-06	-4.237711e-04
6.418020e+03	-5.168788e-03	-3.978512e-03	1.540646e-04	5.869018e-03	1.824181e-05	-5.971946e-04
6.430410e+03	3.332061e-03	-5.082430e-03	1.535870e-04	-2.689814e-03	4.542677e-05	-5.955866e-04
6.442800e+03	6.256958e-03	2.000569e-03	2.650677e-04	-6.186341e-03	2.035088e-04	-7.081208e-05
6.455190e+03	-6.834519e-04	7.449340e-03	6.730550e-05	8.853312e-04	2.560959e-05	-2.042320e-04
6.467580e+03	-6.224019e-03	2.097203e-03	1.721249e-04	6.703505e-03	1.032108e-04	-4.957472e-04
6.479970e+03	-2.282156e-03	-6.334748e-03	-5.732670e-05	2.386895e-03	-7.222754e-05	-1.078128e-04
6.492360e+03	5.771664e-03	-3.998789e-03	-5.456882e-05	-5.590483e-03	-1.265037e-05	-1.863705e-04
6.504750e+03	5.669554e-03	4.268776e-03	2.572323e-05	-5.696207e-03	6.028902e-05	1.560713e-05
6.517140e+03	-2.832898e-03	6.258793e-03	1.082637e-04	2.993603e-03	7.283608e-05	-1.625252e-04
6.529530e+03	-6.412099e-03	-8.008695e-04	-2.841684e-04	6.851549e-03	-2.226882e-04	-4.468937e-04
6.541920e+03	2.102838e-04	-6.739796e-03	-2.497741e-04	1.202241e-06	-1.708396e-04	-2.108367e-04
6.554310e+03	6.963040e-03	-1.337080e-03	-2.122756e-04	-6.740155e-03	-2.956129e-05	-2.906341e-04
6.566700e+03	3.238542e-03	6.088210e-03	-2.976900e-04	-3.252524e-03	-8.326682e-05	-1.087609e-05
6.579090e+03	-5.571054e-03	4.107983e-03	6.823706e-06	5.328262e-03	-1.870615e-05	2.289815e-04
6.591480e+03	-5.191726e-03	-3.704576e-03	3.381770e-04	5.595530e-03	-3.221873e-05	-4.033957e-04
6.603870e+03	2.621220e-03	-5.602196e-03	2.449723e-04	-2.355328e-03	-1.531787e-05	-2.610792e-04
6.616260e+03	7.340710e-03	1.389354e-03	-4.330699e-05	-6.971205e-03	-3.165913e-05	-3.516841e-04
6.628650e+03	5.928359e-04	7.386419e-03	4.298314e-04	-5.648969e-04	-9.362760e-05	-3.090550e-05
6.641040e+03	-5.849238e-03	2.199827e-03	2.269751e-04	6.188702e-03	-9.390304e-05	-3.050954e-04
6.653430e+03	-3.430214e-03	-5.854851e-03	-1.006276e-04	3.706106e-03	-7.686810e-05	-2.699386e-04
6.665820e+03	4.603478e-03	-4.411517e-03	-2.181907e-04	-4.553373e-03	4.471544e-05	-6.209344e-05
6.678210e+03	6.195068e-03	3.291424e-03	3.298976e-04	-5.814429e-03	-7.221666e-05	-3.865719e-04
6.690600e+03	-1.583038e-03	6.496645e-03	-2.230000e-04	1.853678e-03	-7.431287e-05	-2.866056e-04
6.702990e+03	-5.829731e-03	-1.932025e-04	-5.413190e-05	6.242224e-03	-1.194183e-04	-3.945430e-04
6.715380e+03	-9.742585e-04	-6.203391e-03	3.855058e-04	1.163791e-03	-2.349019e-04	-1.882086e-04
6.727770e+03	5.936967e-03	-2.932819e-03	-3.564771e-04	-5.732459e-03	1.593321e-04	-2.618526e-04
6.740160e+03	3.243832e-03	5.355877e-03	-4.232107e-05	-3.414735e-03	6.666141e-06	1.789590e-04
6.752550e+03	-5.024929e-03	5.893435e-03	-5.550814e-04	5.040376e-03	1.951012e-04	-5.806752e-05
6.764940e+03	-5.848594e-03	-2.078579e-03	-1.561393e-04	5.887407e-03	-9.453171e-05	-4.535510e-05
6.777330e+03	2.162399e-03	-6.197797e-03	-4.358585e-04	-1.672070e-03	2.002661e-04	-3.954532e-04
6.789720e+03	6.699041e-03	-3.398033e-04	-3.077083e-04	-6.418561e-03	1.283408e-04	-2.885045e-04
6.802110e+03	1.737895e-03	5.818464e-03	-2.034023e-04	-1.423582e-03	7.579953e-05	-3.008289e-04
6.814500e+03	-5.422450e-03	3.096318e-03	-1.103252e-04	5.552846e-03	-5.788706e-05	-1.324034e-04
6.826890e+03	-3.719660e-03	-4.508525e-03	-1.018338e-04	3.881573e-03	-2.238045e-05	-1.699264e-04
6.839280e+03	3.683913e-03	-5.312929e-03	-7.077217e-05	-3.354118e-03	6.132702e-05	-3.232943e-04
6.851670e+03	5.776032e-03	2.541399e-03	2.250092e-05	-5.828001e-03	-1.974459e-04	5.384246e-05
6.864060e+03	-5.047741e-04	5.967096e-03	-2.267969e-04	5.135225e-04	1.672510e-04	-6.508178e-05
6.876450e+03	-5.469935e-03	7.585852e-04	8.209977e-05	5.569778e-03	-4.199995e-04	-1.018990e-04
6.888840e+03	-2.308963e-03	-5.347183e-03	1.023284e-04	2.664050e-03	-2.049204e-04	-3.202035e-04
6.901230e+03	4.926135e-03	-3.502349e-03	-1.603678e-04	-4.647477e-03	1.944843e-04	-2.768227e-04
6.913620e+03	4.321719e-03	4.180607e-03	-1.577651e-04	-4.393811e-03	2.163265e-04	1.327570e-04
6.926010e+03	-3.095845e-03	5.019439e-03	-1.967528e-04	3.414195e-03	3.396041e-04	-4.211846e-04
6.938400e+03	-5.539876e-03	-2.022660e-03	3.127096e-05	5.866278e-03	-2.450729e-04	-3.280712e-04
6.950790e+03	1.702465e-04	-5.399825e-03	-6.498583e-05	-3.038092e-04	2.962255e-04	1.143327e-04
6.963180e+03	5.032983e-03	-1.427485e-03	1.236294e-05	-4.699199e-03	-1.209308e-04	-3.357049e-04
6.975570e+03	2.272599e-03	4.957637e-03	-6.441147e-05	-2.111847e-03	-2.754169e-04	-1.392181e-04
6.987960e+03	-4.150579e-03	4.010660e-03	-1.939305e-05	4.350505e-03	-1.009639e-04	-1.781451e-04
7.000350e+03	-4.290372e-03	-2.436390e-03	-2.732227e-05	4.612081e-03	-4.102211e-04	-3.610046e-04
7.012740e+03	2.026543e-03	-4.580777e-03	-3.634616e-06	-1.750083e-03	-5.850517e-05	-2.428744e-04
7.025130e+03	5.285678e-03	8.895807e-04	-9.509274e-05	-4.985371e-03	-2.540528e-04	-3.134804e-04
7.037520e+03	7.501310e-04	4.989799e-03	-1.445357e-04	-5.675225e-04	-6.809041e-05	-1.601794e-04
7.049910e+03	-4.516665e-03	2.398980e-03	-3.598678e-05	4.776430e-03	1.589340e-05	-2.673223e-04
7.062300e+03	-2.979961e-03	-3.583271e-03	-2.241815e-05	3.589567e-03	9.943346e-05	-5.790477e-04
7.074690e+03	3.457591e-03	-2.631924e-03	-5.467752e-05	-2.953164e-03	-1.656774e-04	-5.338862e-04
7.087080e+03	4.301221e-03	2.158661e-03	2.199039e-05	-4.221501e-03	2.801087e-04	-2.610153e-05
7.099470e+03	-4.006228e-04	5.257633e-03	1.155327e-04	4.898202e-04	2.481823e-04	-8.761912e-05
7.111860e+03	-4.319752e-03	4.745498e-04	6.527539e-05	4.600484e-03	1.819518e-04	-2.760021e-04
7.124250e+03	-7.844340e-04	-3.578811e-03	6.654272e-05	1.253819e-03	1.370214e-05	-4.812183e-04
7.136640e+03	4.086320e-03	-1.350102e-03	2.065764e-04	-3.577989e-03	2.910309e-04	-5.002376e-04
7.149030e+03	3.264415e-03	3.490931e-03	1.224036e-04	-2.947687e-03	1.942457e-04	-3.046490e-04
7.161420e+03	-1.735613e-03	3.916125e-03	1.887916e-04	2.013480e-03	1.035299e-04	-2.729178e-04
7.173810e+03	-3.279473e-03	-6.724546e-04	1.001640e-04	3.606153e-03	-3.907698e-05	-3.492076e-04
7.186200e+03	7.163946e-04	-3.209509e-03	2.608217e-04	-2.854209e-04	2.115564e-04	-4.044400e-04
7.198590e+03	3.700386e-03	-8.395721e-05	6.851445e-05	-3.331674e-03	8.151731e-05	-3.757086e-04
7.210980e+03	1.803016e-03	3.847535e-03	3.016483e-05	-1.439262e-03	2.274955e-05	-3.466782e-04
7.223370e+03	-3.639018e-03	2.768546e-03	-1.018254e-04	3.761065e-03	-2.937228e-05	-1.514032e-04
7.235760e+03	-4.204152e-03	-1.968982e-03	-2.913508e-05	3.912110e-03	2.179255e-05	2.904651e-04
7.248150e+03	1.153957e-03	-2.794053e-03	3.637006e-04	-1.105721e-03	1.679339e-04	-5.780697e-05
7.260540e+03	2.877118e-03	3.859243e-04	-2.016385e-04	-2.929292e-03	-1.404094e-04	4.994439e-05
7.272930e+03	-3.284797e-04	3.367351e-03	-1.248567e-04	2.503741e-04	-9.215853e-05	6.886454e-05
7.285320e+03	-2.874396e-03	1.323227e-03	-2.608686e-04	2.979351e-03	-1.779282e-04	-1.019759e-04
7.297710e+03	-1.762172e-03	-2.028785e-03	7.202458e-05	1.889176e-03	1.701650e-05	-1.559528e-04
7.310100e+03	1.506190e-03	-1.699496e-03	-1.439989e-04	-1.343655e-03	-3.544006e-05	-1.586604e-04
7.322490e+03	2.679702e-03	1.136466e-03	-7.610950e-04	-2.334468e-03	-2.860189e-04	-3.636880e-04
7.334880e+03	-4.088893e-04	2.480168e-03	-4.163681e-04	5.277002e-04	-1.203158e-04	-1.118503e-04
7.347270e+03	-1.789767e-03	8.268960e-04	-3.448449e-04	2.199678e-03	-6.388178e-05	-4.059569e-04
7.359660e+03	-5.085846e-04	-1.636131e-03	-2.526172e-04	7.714735e-04	-4.538137e-05	-1.814848e-04
7.372050e+03	1.979224e-03	-8.984095e-04	1.722418e-04	-1.814012e-03	1.641336e-05	-1.653884e-04
7.384440e+03	1.607497e-03	1.870441e-03	-2.757306e-04	-1.444808e-03	-1.534292e-05	-1.823534e-04
7.396830e+03	-5.603363e-05	1.771073e-03	-3.366331e-04	4.988030e-04	-1.388051e-04	-3.898024e-04
7.409220e+03	-8.078588e-04	-3.302429e-04	-2.892000e-04	1.311297e-03	-6.214638e-05	-5.022271e-04
7.421610e+03	8.091899e-04	-1.493431e-03	-9.754426e-05	-2.758052e-04	-1.963085e-06	-4.671414e-04
7.434000e+03	1.301088e-03	-3.362066e-04	-1.343896e-04	-1.265487e-03	-3.233648e-05	-2.888336e-05
7.446390e+03	8.377385e-04	1.309052e-03	-1.688037e-06	-7.845448e-04	-7.688441e-05	-5.359580e-05
7.458780e+03	-7.261854e-04	6.157878e-04	-1.217586e-04	9.032461e-04	-7.352406e-05	-1.589553e-04
7.471170e+03	-1.109770e-03	-7.538999e-05	-6.340263e-05	1.114351e-03	-6.310825e-05	-3.091552e-06
7.483560e+03	2.944417e-04	-9.532762e-04	-2.078036e-04	1.280466e-05	-3.666674e-05	-3.217096e-04
7.495950e+03	5.811245e-04	2.099795e-04	-8.526600e-05	-6.012699e-04	1.419179e-05	4.154842e-06
7.508340e+03	1.355180e-04	1.375406e-03	2.703313e-05	-2.402312e-04	-2.386010e-05	1.379511e-04
7.520730e+03	-8.483823e-04	1.136731e-03	-3.371090e-06	6.865378e-04	-1.029609e-04	1.626335e-04
7.533120e+03	-7.646903e-04	1.954423e-05	2.877652e-05	7.721846e-04	-1.154809e-04	5.599882e-05
7.545510e+03	-4.404351e-04	-3.636172e-04	2.469368e-04	3.424501e-04	-2.457851e-04	9.776543e-05
7.557900e+03	6.302752e-04	-9.777943e-05	-1.533508e-04	-3.534227e-04	1.029450e-04	-2.772579e-04
7.570290e+03	6.072842e-05	2.437465e-04	-9.273130e-05	1.463920e-04	-3.295448e-06	-1.726028e-04
7.582680e+03	1.005641e-04	1.183735e-04	-9.929160e-05	2.319345e-04	1.352664e-04	-3.070763e-04
7.595070e+03	-1.761680e-04	-4.871591e-04	1.001522e-04	5.799086e-04	-2.307421e-04	-4.028152e-04
7.607460e+03	-5.294677e-04	2.385311e-06	-1.042310e-04	6.241703e-04	-4.383214e-05	-9.603042e-05
7.619850e+03	-2.172125e-04	1.946990e-04	-4.331763e-05	3.099493e-04	-1.617673e-04	-5.653168e-05
7.632240e+03	3.530173e-04	3.323301e-04	-2.816192e-04	-1.610677e-04	2.323303e-04	-1.887386e-04
7.644630e+03	1.347677e-04	6.974734e-04	-2.390652e-04	2.349458e-05	2.174434e-04	-1.839515e-04
7.657020e+03	3.231712e-04	4.525284e-04	-1.434933e-04	-2.992474e-04	2.872404e-04	-4.142555e-05
7.669410e+03	2.419189e-05	1.070690e-05	-1.406335e-04	1.540817e-04	2.028189e-04	-1.796168e-04
7.681800e+03	-5.544907e-05	1.059578e-04	-8.222081e-05	1.477259e-04	-1.358325e-06	-9.270025e-05
