1.313340e+03	9.902757e-02	-1.891525e-02	1.853594e-05	-9.915945e-02	-4.761154e-05	3.125983e-04
1.325730e+03	9.946024e-02	8.384806e-03	2.020436e-05	-9.951912e-02	-5.914142e-05	1.027360e-04
1.338120e+03	9.364150e-02	3.451421e-02	8.175658e-07	-9.364162e-02	3.363467e-05	-3.780701e-05
1.350510e+03	8.101811e-02	5.804533e-02	2.220555e-06	-8.111799e-02	3.350474e-05	3.801690e-05
1.362900e+03	6.291493e-02	7.754616e-02	-1.221400e-06	-6.313113e-02	3.073783e-05	2.535169e-04
1.375290e+03	4.003791e-02	9.153011e-02	-3.988030e-06	-4.045666e-02	9.417803e-06	3.897642e-04
1.387680e+03	1.419148e-02	9.884148e-02	1.853095e-05	-1.449030e-02	-6.071818e-06	3.526758e-04
1.400070e+03	-1.265800e-02	9.890023e-02	-3.218609e-05	1.239558e-02	1.728226e-05	2.739446e-04
1.412460e+03	-3.795451e-02	9.186136e-02	-1.367956e-05	3.785253e-02	5.613758e-06	1.116839e-04
1.424850e+03	-6.102453e-02	7.879692e-02	-1.147882e-06	6.089997e-02	-2.960782e-05	1.024721e-04
1.437240e+03	-8.063875e-02	6.000616e-02	1.391987e-05	8.016038e-02	-2.278681e-05	4.997905e-04
1.449630e+03	-9.398524e-02	3.627930e-02	2.007694e-05	9.345602e-02	-5.076777e-06	5.515819e-04
1.462020e+03	-1.008316e-01	9.511400e-03	-4.752276e-05	9.986217e-02	-1.416129e-06	4.449549e-04
1.474410e+03	-9.892009e-02	-1.799416e-02	3.846259e-05	9.875401e-02	8.691563e-06	2.970125e-04
1.486800e+03	-9.048130e-02	-4.390586e-02	2.533025e-05	9.018130e-02	1.445325e-06	2.792657e-04
1.499190e+03	-7.545271e-02	-6.662763e-02	6.339501e-06	7.515431e-02	2.217322e-05	2.479058e-04
1.511580e+03	-5.452845e-02	-8.480010e-02	-1.100461e-05	5.415708e-02	-9.243089e-08	2.836011e-04
1.523970e+03	-2.971311e-02	-9.653016e-02	1.676172e-05	2.930222e-02	1.143930e-05	4.080120e-04
1.536360e+03	-2.187488e-03	-1.008135e-01	8.339431e-06	1.731895e-03	1.173496e-05	4.454494e-04
1.548750e+03	2.582187e-02	-9.790790e-02	-2.424749e-05	-2.610954e-02	-2.484374e-05	2.356489e-04
1.561140e+03	5.172758e-02	-8.724835e-02	-1.667342e-06	-5.187200e-02	-1.738830e-06	1.638342e-04
1.573530e+03	7.414388e-02	-6.995699e-02	-1.849814e-05	-7.434364e-02	-1.357668e-05	1.947701e-04
1.585920e+03	9.133865e-02	-4.669250e-02	4.807450e-06	-9.158078e-02	-3.623923e-05	3.108717e-04
1.598310e+03	1.007710e-01	-1.934575e-02	1.161371e-05	-1.018373e-01	2.145143e-05	2.365044e-04
1.610700e+03	1.026104e-01	1.022246e-02	1.036184e-05	-1.026081e-01	2.615737e-05	1.560380e-04
1.623090e+03	9.603990e-02	3.913659e-02	-1.308815e-05	-9.621716e-02	-1.585307e-06	2.187619e-04
1.635480e+03	8.122062e-02	6.509204e-02	4.573526e-07	-8.120137e-02	4.192399e-05	3.176321e-05
1.647870e+03	5.926856e-02	8.602440e-02	-4.215997e-05	-5.926856e-02	6.536422e-05	-2.269361e-05
1.660260e+03	3.223891e-02	9.979247e-02	-4.307744e-05	-3.225829e-02	-1.545473e-06	9.040972e-06
1.672650e+03	2.112988e-03	1.048919e-01	-5.088627e-05	-2.182889e-03	3.955813e-06	4.814589e-05
1.685040e+03	-2.856447e-02	1.023448e-01	-1.482476e-05	2.857982e-02	-4.646655e-05	5.128762e-05
1.697430e+03	-5.753694e-02	8.931822e-02	-1.623603e-05	5.757571e-02	-3.282172e-05	9.928763e-06
1.709820e+03	-8.180238e-02	6.885379e-02	4.935937e-05	8.180768e-02	-7.345911e-05	-4.965165e-06
1.722210e+03	-9.927543e-02	4.137341e-02	-3.706480e-06	9.920088e-02	-3.171716e-05	-6.902944e-05
1.734600e+03	-1.069988e-01	9.810188e-03	-3.075106e-05	1.079984e-01	-3.831159e-05	-1.589730e-04
1.746990e+03	-1.056346e-01	-2.322603e-02	4.931675e-05	1.057457e-01	-2.803739e-05	-1.224571e-04
1.759380e+03	-9.390005e-02	-5.449826e-02	4.797687e-05	9.417782e-02	-2.669135e-05	-1.878278e-04
1.771770e+03	-7.319934e-02	-8.102133e-02	2.775475e-05	7.329025e-02	-2.117843e-05	-1.413724e-04
1.784160e+03	-4.477210e-02	-1.004336e-01	5.253405e-06	4.487210e-02	-2.917922e-05	-1.562445e-04
1.796550e+03	-1.187518e-02	-1.088575e-01	7.551917e-05	1.200249e-02	2.306551e-05	-1.979577e-04
1.808940e+03	2.302067e-02	-1.080187e-01	8.198770e-05	-2.272539e-02	4.364154e-05	-2.919621e-04
1.821330e+03	5.565342e-02	-9.573920e-02	-2.883627e-05	-5.543683e-02	-7.742737e-05	-2.350288e-04
1.833720e+03	8.338181e-02	-7.376795e-02	6.827138e-05	-8.313842e-02	7.256775e-05	-2.184273e-04
1.846110e+03	1.027962e-01	-4.397680e-02	3.914622e-05	-1.028032e-01	1.725430e-05	-1.011785e-04
1.858500e+03	1.123479e-01	-8.306650e-03	-1.570619e-06	-1.123479e-01	1.012795e-04	-1.061459e-04
1.870890e+03	1.092551e-01	2.820288e-02	-6.630010e-06	-1.092567e-01	1.302899e-04	-1.522773e-04
1.883280e+03	9.440798e-02	6.205046e-02	-3.917688e-05	-9.422734e-02	4.815882e-05	-3.285652e-04
1.895670e+03	6.942839e-02	8.947062e-02	-4.963996e-05	-6.903704e-02	6.497615e-05	-3.177759e-04
1.908060e+03	3.653033e-02	1.074064e-01	-1.627138e-04	-3.627082e-02	1.119668e-04	-2.143154e-04
1.920450e+03	-5.765821e-04	1.139690e-01	-3.465693e-05	7.377740e-04	-1.538578e-04	-1.643921e-04
1.932840e+03	-3.811312e-02	1.070956e-01	-9.649754e-05	3.832861e-02	-5.391127e-05	-1.699297e-04
1.945230e+03	-7.158034e-02	8.919575e-02	-8.053985e-05	7.187680e-02	-7.529311e-05	-3.067010e-04
1.957620e+03	-9.729883e-02	6.035539e-02	-4.717612e-05	9.737354e-02	-1.236338e-04	-2.004473e-04
1.970010e+03	-1.121880e-01	2.443663e-02	6.374193e-05	1.121880e-01	-1.235273e-04	-2.024754e-04
1.982400e+03	-1.139641e-01	-1.465822e-02	4.528921e-05	1.139641e-01	-8.336555e-05	-7.189000e-05
1.994790e+03	-1.028429e-01	-5.273035e-02	8.220052e-05	1.028429e-01	-4.930368e-05	5.665841e-05
2.007180e+03	-7.899784e-02	-8.458037e-02	1.230187e-04	7.903493e-02	-2.614340e-05	-5.972451e-05
2.019570e+03	-4.549406e-02	-1.058808e-01	5.480995e-05	4.579327e-02	-1.059401e-05	-2.619352e-04
2.031960e+03	-7.052062e-03	-1.146980e-01	6.490955e-05	7.245184e-03	1.416819e-05	-2.113229e-04
2.044350e+03	3.280798e-02	-1.111975e-01	4.547903e-05	-3.260459e-02	1.302519e-05	-1.623547e-04
2.056740e+03	6.905125e-02	-9.425459e-02	7.064171e-05	-6.910896e-02	8.077006e-05	4.564465e-05
2.069130e+03	9.742736e-02	-6.438246e-02	3.651379e-05	-9.753142e-02	6.406218e-05	9.798035e-05
2.081520e+03	1.139085e-01	-2.674717e-02	3.552591e-05	-1.139062e-01	6.943994e-05	1.280688e-04
2.093910e+03	1.160000e-01	1.477881e-02	-1.879025e-05	-1.160000e-01	7.668169e-05	-5.232364e-06
2.106300e+03	1.043553e-01	5.424724e-02	-2.168486e-05	-1.043553e-01	9.031266e-05	2.114989e-05
2.118690e+03	7.871323e-02	8.761110e-02	-6.740987e-05	-7.871689e-02	1.195787e-04	2.672369e-05
2.131080e+03	4.317216e-02	1.100123e-01	-1.464777e-04	-4.316393e-02	3.300713e-05	-3.156652e-06
2.143470e+03	1.749744e-03	1.178983e-01	-1.759035e-04	-1.865473e-03	1.766158e-05	1.003322e-04
2.155860e+03	-4.019839e-02	1.113288e-01	-1.810547e-04	4.025189e-02	-5.259415e-05	-2.580001e-05
2.168250e+03	-7.750835e-02	8.996129e-02	-9.689065e-05	7.738996e-02	-1.377650e-04	1.557060e-04
2.180640e+03	-1.043098e-01	5.709396e-02	-3.607503e-05	1.044448e-01	-1.374143e-04	-7.450766e-07
2.193030e+03	-1.194740e-01	1.555791e-02	-6.373532e-05	1.185639e-01	-1.601997e-04	3.387474e-04
2.205420e+03	-1.167134e-01	-2.813176e-02	8.414504e-05	1.169204e-01	-1.265764e-04	2.978043e-04
2.217810e+03	-9.883974e-02	-6.900576e-02	2.107213e-04	9.860817e-02	-4.313760e-05	3.458574e-04
2.230200e+03	-6.723137e-02	-1.003719e-01	9.887843e-05	6.703968e-02	-3.830236e-05	2.632180e-04
2.242590e+03	-2.564011e-02	-1.187472e-01	1.110546e-04	2.544011e-02	1.858137e-05	1.879153e-04
2.254980e+03	1.920995e-02	-1.205859e-01	7.799965e-05	-1.942326e-02	-5.670557e-06	2.608737e-04
2.267370e+03	6.280320e-02	-1.048052e-01	1.151661e-04	-6.318043e-02	7.458099e-05	4.524105e-04
2.279760e+03	9.762694e-02	-7.396103e-02	9.817832e-05	-9.796665e-02	1.228659e-04	3.855730e-04
2.292150e+03	1.200564e-01	-3.155855e-02	7.650750e-05	-1.200485e-01	7.739903e-05	5.084646e-04
2.304540e+03	1.227496e-01	1.631732e-02	-2.632531e-05	-1.227931e-01	9.589509e-05	4.168498e-04
2.316930e+03	1.071672e-01	6.282463e-02	-4.283920e-05	-1.082748e-01	2.432686e-04	3.398167e-04
2.329320e+03	7.548204e-02	1.000109e-01	-1.268283e-04	-7.585399e-02	1.348169e-04	4.424787e-04
2.341710e+03	3.040132e-02	1.227801e-01	-2.258509e-04	-3.063028e-02	5.816120e-05	2.225552e-04
2.354100e+03	-2.062294e-02	1.258054e-01	-2.490479e-04	2.030484e-02	6.537850e-05	3.030160e-04
2.366490e+03	-6.993712e-02	1.077627e-01	-1.990898e-04	6.949745e-02	-2.086504e-04	3.709236e-04
2.378880e+03	-1.083013e-01	7.074970e-02	-1.640433e-04	1.083130e-01	-1.149738e-04	4.392389e-04
2.391270e+03	-1.293351e-01	1.997757e-02	7.765474e-05	1.293351e-01	-2.641679e-04	4.377337e-04
2.403660e+03	-1.272395e-01	-3.639027e-02	1.505039e-04	1.261221e-01	-2.263548e-04	5.864908e-04
2.416050e+03	-1.004523e-01	-8.764149e-02	6.409358e-05	9.970851e-02	-2.483493e-04	6.784998e-04
2.428440e+03	-5.343841e-02	-1.239825e-01	3.200297e-04	5.253168e-02	-7.385380e-06	9.012526e-04
2.440830e+03	6.776419e-03	-1.340000e-01	2.595144e-04	-7.838349e-03	5.399585e-05	1.006728e-03
2.453220e+03	6.747548e-02	-1.198753e-01	1.226620e-04	-6.857353e-02	-6.582623e-05	1.153108e-03
2.465610e+03	1.165242e-01	-7.532863e-02	2.423566e-04	-1.184197e-01	3.402385e-04	1.447399e-03
2.478000e+03	1.389806e-01	-1.019638e-02	1.256425e-05	-1.399805e-01	9.147536e-05	1.293164e-03
2.490390e+03	1.276171e-01	6.036340e-02	3.939238e-05	-1.292953e-01	5.071443e-04	1.542462e-03
2.502780e+03	7.965887e-02	1.186644e-01	-4.103258e-04	-8.062793e-02	9.458131e-05	1.083667e-03
2.515170e+03	5.319339e-03	1.439898e-01	-3.100458e-04	-6.014496e-03	2.482832e-04	6.850160e-04
2.527560e+03	-7.348217e-02	1.232087e-01	-3.293946e-04	7.275925e-02	-6.097296e-05	6.202768e-04
2.539950e+03	-1.290288e-01	5.914817e-02	-1.993012e-04	1.290399e-01	-4.671762e-04	3.838532e-04
2.552340e+03	-1.363664e-01	-2.578988e-02	1.739926e-04	1.363855e-01	-3.576021e-04	-9.679773e-05
2.564730e+03	-8.855399e-02	-9.828574e-02	3.515339e-04	8.894009e-02	-4.511702e-04	-4.106985e-04
2.577120e+03	-1.042884e-02	-1.258686e-01	2.484909e-04	1.106872e-02	-3.502558e-04	-6.754086e-04
2.589510e+03	6.687507e-02	-9.356062e-02	2.378155e-04	-6.535359e-02	5.065475e-06	-1.678096e-03
2.601900e+03	9.799829e-02	-2.273008e-02	3.297822e-04	-9.549742e-02	6.704853e-04	-2.471380e-03
2.614290e+03	7.138558e-02	3.962336e-02	1.147721e-04	-6.886167e-02	6.709997e-04	-2.434702e-03
2.626680e+03	2.366613e-02	6.349113e-02	-2.901283e-04	-2.100280e-02	3.599250e-04	-2.686295e-03
2.639070e+03	-2.347654e-02	4.510906e-02	5.170848e-04	3.018465e-02	8.583978e-04	-6.350873e-03
2.651460e+03	-2.221757e-02	1.075669e-02	-5.269687e-04	2.581968e-02	-7.824593e-04	-3.523704e-03
2.663850e+03	-5.671983e-03	1.128840e-03	-6.076363e-04	9.394122e-03	-9.404118e-04	-3.486901e-03
2.676240e+03	1.373867e-03	1.376257e-02	4.954660e-04	1.139847e-03	4.935067e-04	-2.513667e-03
2.688630e+03	-2.103564e-02	2.030116e-02	3.312367e-04	2.179411e-02	4.717626e-04	-1.361450e-03
2.701020e+03	-4.114856e-02	5.536008e-03	-1.457678e-04	4.344412e-02	-1.707353e-04	-2.279314e-03
2.713410e+03	-4.057054e-02	-3.443808e-02	2.469490e-04	4.145782e-02	1.177145e-04	-9.959836e-04
2.725800e+03	-3.388079e-03	-6.445776e-02	4.346169e-04	2.614495e-03	2.999139e-04	7.589843e-04
2.738190e+03	4.608057e-02	-4.747153e-02	-5.407557e-05	-4.552531e-02	-2.616771e-04	-5.705573e-04
2.750580e+03	7.241438e-02	3.112701e-03	-1.718951e-04	-7.356718e-02	-3.374969e-04	1.084899e-03
2.762970e+03	4.593496e-02	6.043484e-02	-2.140165e-04	-4.581984e-02	-1.416924e-04	-1.103503e-04
2.775360e+03	-1.548080e-02	7.340678e-02	3.815340e-04	1.380829e-02	6.622393e-04	1.781778e-03
2.787750e+03	-6.795213e-02	3.902530e-02	-3.305175e-04	6.667934e-02	-1.970043e-04	1.311802e-03
2.800140e+03	-7.735588e-02	-2.873285e-02	-7.269128e-05	7.565903e-02	-7.847309e-05	1.773861e-03
2.812530e+03	-2.976584e-02	-7.838204e-02	3.018625e-04	2.820840e-02	4.337191e-04	1.500772e-03
2.824920e+03	4.212254e-02	-7.317271e-02	-3.005408e-04	-4.343530e-02	-3.614990e-04	1.283082e-03
2.837310e+03	8.267977e-02	-1.111338e-02	-1.229931e-04	-8.336874e-02	2.239043e-05	6.918825e-04
2.849700e+03	5.873437e-02	5.901662e-02	-4.794514e-04	-5.712371e-02	-3.606755e-04	-1.558308e-03
2.862090e+03	-9.867360e-03	7.789964e-02	-1.654329e-04	1.192781e-02	-2.866366e-04	-2.080013e-03
2.874480e+03	-6.631256e-02	3.331192e-02	2.621624e-04	6.911217e-02	3.217332e-05	-2.777945e-03
2.886870e+03	-5.829676e-02	-3.257212e-02	7.130817e-04	6.070645e-02	5.542092e-04	-2.359995e-03
2.899260e+03	-7.067598e-03	-6.399562e-02	-6.143080e-05	7.050954e-03	-1.957179e-04	1.903273e-05
2.911650e+03	4.286886e-02	-3.696574e-02	-9.734296e-05	-4.410279e-02	2.528490e-04	1.209204e-03
2.924040e+03	4.681945e-02	1.751675e-02	-3.758417e-04	-4.654829e-02	2.466979e-04	-2.290501e-04
2.936430e+03	1.099148e-02	4.632359e-02	-6.509438e-04	-9.819032e-03	-6.078536e-04	-1.084730e-03
2.948820e+03	-2.869151e-02	2.783093e-02	2.936982e-04	2.859313e-02	1.075622e-04	1.964866e-05
2.961210e+03	-3.827305e-02	-1.213347e-02	3.388533e-04	3.970543e-02	-2.848193e-04	-1.546854e-03
2.973600e+03	-7.064591e-03	-4.095182e-02	5.018459e-04	6.107884e-03	7.813109e-06	9.695130e-04
2.985990e+03	3.142880e-02	-2.457515e-02	3.152508e-04	-3.164652e-02	5.320510e-04	2.783868e-04
2.998380e+03	3.698848e-02	1.472052e-02	-1.270798e-04	-3.710747e-02	6.892543e-04	-1.847180e-05
3.010770e+03	6.439224e-03	3.622882e-02	-3.688749e-04	-9.363281e-03	2.844376e-04	2.926660e-03
3.023160e+03	-2.793545e-02	2.942927e-02	-2.117781e-04	2.743992e-02	4.833897e-05	4.663893e-04
3.035550e+03	-3.912943e-02	-7.237099e-03	-1.277731e-04	3.978880e-02	-3.602176e-04	-6.588524e-04
3.047940e+03	-1.436760e-02	-3.771379e-02	6.026872e-04	1.476942e-02	5.027866e-05	-3.037631e-04
3.060330e+03	2.292133e-02	-2.895444e-02	5.061247e-04	-2.075814e-02	2.066214e-04	-1.811450e-03
3.072720e+03	3.577460e-02	2.901683e-03	2.197979e-04	-3.572264e-02	4.320541e-04	-5.801776e-04
3.085110e+03	1.563580e-02	3.188810e-02	7.216543e-05	-1.526069e-02	6.379224e-04	-2.987816e-04
3.097500e+03	-1.869853e-02	2.814079e-02	-6.283967e-04	1.836053e-02	-2.198691e-04	1.946725e-04
3.109890e+03	-3.004921e-02	-2.397968e-04	-1.683918e-05	2.992317e-02	3.377655e-05	1.100219e-04
3.122280e+03	-1.470547e-02	-2.486753e-02	-2.069102e-04	1.438007e-02	-6.845353e-04	2.783613e-04
3.134670e+03	1.668199e-02	-2.346687e-02	4.399482e-04	-1.787615e-02	2.208316e-05	1.083620e-03
3.147060e+03	2.579308e-02	2.449416e-03	8.418691e-05	-2.577126e-02	-2.990696e-05	-1.228473e-04
3.159450e+03	1.269184e-02	2.381718e-02	6.424968e-05	-1.274374e-02	4.667903e-04	5.243336e-05
3.171840e+03	-1.391174e-02	2.315229e-02	-4.759002e-04	1.381016e-02	-1.233507e-05	1.391589e-04
3.184230e+03	-2.829627e-02	9.328155e-04	-1.767582e-04	2.789616e-02	1.631897e-04	3.313200e-04
3.196620e+03	-1.729188e-02	-2.230482e-02	-2.056940e-04	1.619152e-02	-2.527066e-04	1.180000e-03
3.209010e+03	6.909099e-03	-2.401628e-02	-6.109279e-04	-7.260533e-03	-1.169904e-03	3.520399e-04
3.221400e+03	2.499957e-02	-5.841555e-03	1.655655e-05	-2.579882e-02	-5.185650e-04	7.117599e-04
3.233790e+03	1.643807e-02	1.760871e-02	3.758747e-04	-1.615317e-02	3.629308e-04	-3.373782e-04
3.246180e+03	-5.477085e-03	2.179931e-02	-2.116044e-04	4.899150e-03	-1.857601e-05	5.776565e-04
3.258570e+03	-2.189997e-02	6.729562e-03	-8.203842e-06	2.159872e-02	2.837717e-04	3.059877e-04
3.270960e+03	-1.639507e-02	-1.179927e-02	-2.163212e-04	1.776781e-02	-1.610748e-04	-1.367754e-03
3.283350e+03	1.333428e-03	-2.236597e-02	5.637423e-04	-2.405571e-03	5.930470e-04	1.094999e-03
3.295740e+03	1.916234e-02	-5.888856e-03	1.278526e-04	-1.783154e-02	5.330044e-05	-1.333545e-03
3.308130e+03	1.484217e-02	1.035339e-02	2.960982e-04	-1.494204e-02	2.903198e-04	1.811440e-04
3.320520e+03	-1.408856e-03	1.781179e-02	-1.778480e-04	1.694724e-03	-1.157075e-04	-2.763684e-04
3.332910e+03	-1.594225e-02	8.907072e-03	-1.718346e-05	1.695937e-02	1.475345e-04	-9.213614e-04
3.345300e+03	-1.629013e-02	-8.990231e-03	-8.834693e-05	1.633298e-02	-4.043903e-07	-2.515687e-04
3.357690e+03	-9.807668e-04	-1.656719e-02	-1.341867e-04	1.192583e-03	-1.329928e-04	-1.165041e-04
3.370080e+03	1.162844e-02	-1.144353e-02	1.811177e-04	-1.207469e-02	3.416471e-05	4.687935e-04
3.382470e+03	1.383862e-02	4.541860e-03	6.222662e-05	-1.311110e-02	3.393204e-05	-5.934571e-04
3.394860e+03	4.199953e-03	1.157900e-02	-1.409945e-04	-4.588700e-03	-2.440695e-04	4.307087e-04
3.407250e+03	-9.007115e-03	7.415172e-03	1.878699e-04	9.131273e-03	2.340087e-04	-7.945240e-05
3.419640e+03	-9.697578e-03	-2.751337e-03	3.160540e-04	1.022591e-02	4.118100e-04	-4.804418e-04
3.432030e+03	-2.738861e-03	-9.332832e-03	1.501738e-05	2.822244e-03	8.225274e-05	-9.030315e-05
3.444420e+03	7.262164e-03	-2.250767e-03	-3.416609e-04	-6.576776e-03	-3.299315e-04	-6.560053e-04
3.456810e+03	6.121816e-03	9.038795e-03	-6.419992e-04	-5.121876e-03	-7.289990e-04	-9.989996e-04
3.469200e+03	-5.403869e-03	1.129541e-02	2.908299e-04	6.122059e-03	4.275238e-04	-7.220641e-04
3.481590e+03	-1.555762e-02	1.198950e-03	-2.176356e-04	1.606918e-02	-3.241497e-04	-5.299240e-04
3.493980e+03	-1.008055e-02	-1.373465e-02	-1.800334e-04	9.913272e-03	-4.025303e-04	1.966579e-04
3.506370e+03	5.353655e-03	-1.745871e-02	1.571400e-04	-5.130912e-03	-5.232278e-05	-2.187553e-04
3.518760e+03	1.846964e-02	-7.838954e-03	-4.761005e-04	-1.900101e-02	-5.707906e-04	3.724305e-04
3.531150e+03	1.754633e-02	9.102616e-03	2.262778e-04	-1.828006e-02	3.039772e-04	8.739100e-04
3.543540e+03	2.788020e-03	2.224979e-02	8.012948e-05	-1.983672e-03	3.702625e-04	-7.376256e-04
3.555930e+03	-1.755457e-02	1.416056e-02	-5.936541e-04	1.793199e-02	-4.418659e-04	-2.899689e-04
3.568320e+03	-2.175263e-02	-4.515686e-03	-3.661952e-05	2.171091e-02	-1.064978e-04	-4.395492e-06
3.580710e+03	-8.094568e-03	-1.968080e-02	-1.683250e-04	7.780170e-03	-5.491318e-04	3.383440e-04
3.593100e+03	1.023505e-02	-1.761322e-02	1.137773e-04	-1.028913e-02	-1.858071e-04	5.929899e-05
3.605490e+03	1.900111e-02	-1.403531e-03	1.930021e-04	-1.926153e-02	1.639949e-04	3.851563e-04
3.617880e+03	1.225674e-02	1.541903e-02	-3.743428e-04	-1.254199e-02	-2.675107e-04	3.265895e-04
3.630270e+03	-6.883256e-03	1.946179e-02	8.710323e-05	7.699632e-03	4.563665e-04	-8.141871e-04
3.642660e+03	-1.853324e-02	4.454338e-03	-2.435470e-04	1.872154e-02	-4.884950e-05	-1.677152e-04
3.655050e+03	-1.529796e-02	-1.278451e-02	-1.465712e-04	1.604118e-02	-1.571071e-04	-5.042129e-04
3.667440e+03	3.191762e-03	-1.749782e-02	1.121636e-05	-2.525879e-03	-2.729429e-04	-6.292738e-04
3.679830e+03	1.538086e-02	-8.409475e-03	3.732204e-04	-1.509950e-02	1.920114e-04	-2.738951e-04
3.692220e+03	1.581697e-02	8.083951e-03	5.704811e-05	-1.569530e-02	-1.926739e-05	-1.665591e-05
3.704610e+03	1.273910e-03	1.666988e-02	3.119462e-05	-6.123931e-04	1.757199e-04	-6.564089e-04
3.717000e+03	-1.326908e-02	9.034446e-03	-4.206225e-04	1.332989e-02	-2.321750e-04	-1.185341e-04
3.729390e+03	-1.164064e-02	-5.061650e-03	-3.065581e-04	1.155506e-02	-2.630346e-04	1.530117e-04
3.741780e+03	-4.168898e-03	-1.154367e-02	3.026210e-04	4.775629e-03	4.546293e-04	-5.654219e-04
3.754170e+03	1.079890e-02	-6.949871e-03	-2.189051e-04	-1.099889e-02	-2.460465e-04	1.954055e-04
3.766560e+03	8.336818e-03	4.122971e-03	2.938125e-04	-8.812822e-03	3.226003e-04	4.677419e-04
3.778950e+03	1.884786e-03	1.151058e-02	-7.627156e-05	-1.984523e-03	-1.648689e-04	1.011140e-04
3.791340e+03	-9.655789e-03	8.796954e-03	-1.108710e-04	1.098276e-02	-1.186950e-04	-1.201106e-03
3.803730e+03	-1.289201e-02	-6.322547e-03	-7.555146e-05	1.218550e-02	-3.084537e-05	7.607301e-04
3.816120e+03	-1.737086e-03	-1.152860e-02	7.523471e-04	2.234449e-03	1.033795e-03	-5.326180e-04
3.828510e+03	7.111091e-03	-9.427572e-03	-2.708549e-04	-7.185302e-03	-1.661919e-04	1.122984e-04
3.840900e+03	9.915838e-03	5.487121e-04	5.605443e-04	-9.994143e-03	6.817122e-04	5.031079e-05
3.853290e+03	4.700852e-03	9.865014e-03	-2.142797e-04	-4.462724e-03	-2.505611e-04	-1.241971e-04
3.865680e+03	-4.563770e-03	8.240043e-03	3.261724e-04	4.093246e-03	3.367747e-04	2.077707e-04
3.878070e+03	-7.980916e-03	-1.010466e-03	-1.363779e-04	7.488635e-03	-1.699409e-04	5.397482e-04
3.890460e+03	-3.375540e-03	-6.606075e-03	-3.767061e-04	3.749953e-03	-4.858103e-04	-3.785038e-04
3.902850e+03	4.278260e-03	-7.473768e-03	7.860222e-05	-5.147733e-03	1.194000e-04	7.872197e-04
3.915240e+03	6.202069e-03	2.009358e-03	1.343982e-04	-6.196229e-03	2.661218e-04	-2.003100e-05
3.927630e+03	3.713598e-04	6.784571e-03	-4.562479e-04	-8.388398e-04	-4.073968e-04	5.979116e-04
3.940020e+03	-4.490401e-03	6.548204e-03	-1.783592e-04	4.147138e-03	-2.057378e-04	2.203718e-04
3.952410e+03	-1.061254e-02	-1.323959e-03	5.560044e-04	1.062929e-02	6.385784e-04	-1.467567e-04
3.964800e+03	-4.483482e-03	-6.933679e-03	-4.001307e-05	6.046176e-03	-9.654866e-05	-1.139168e-03
3.977190e+03	3.307540e-03	-9.485679e-03	6.328920e-04	-3.213940e-03	7.500702e-04	-1.282198e-04
3.989580e+03	7.657441e-03	-2.489710e-03	1.776826e-04	-7.529886e-03	3.314373e-04	-1.045511e-04
4.001970e+03	5.855572e-03	5.869615e-03	-7.757131e-04	-5.936350e-03	-7.210670e-04	9.940281e-05
4.014360e+03	-1.356087e-03	9.426731e-03	6.807165e-04	1.789673e-03	8.265827e-04	-4.262658e-04
4.026750e+03	-6.197937e-03	4.398577e-03	-6.538905e-04	6.799118e-03	-6.292257e-04	-5.486710e-04
4.039140e+03	-6.726465e-03	-3.637620e-03	-1.828286e-05	7.345628e-03	-2.604365e-05	-4.909912e-04
4.051530e+03	-1.377124e-04	-7.072218e-03	7.168647e-04	1.223458e-04	7.769856e-04	2.326281e-05
4.063920e+03	6.258798e-03	-2.783784e-03	-2.672959e-04	-6.723548e-03	-2.578317e-04	4.953571e-04
4.076310e+03	4.178172e-03	3.570991e-03	-6.799994e-04	-5.277673e-03	-7.873561e-04	1.018478e-03
4.088700e+03	8.026065e-04	9.383427e-03	2.744393e-04	7.953517e-05	2.697629e-04	-7.792249e-04
4.101090e+03	-9.637986e-03	4.566499e-03	5.969725e-04	1.069637e-02	7.462336e-04	-1.098639e-03
4.113480e+03	-6.963242e-03	-3.293015e-03	-2.674007e-05	8.331948e-03	-4.929487e-05	-1.369991e-03
4.125870e+03	-2.081991e-03	-9.166266e-03	-3.470060e-04	2.700876e-03	-4.145311e-04	-6.185209e-04
4.138260e+03	5.979857e-03	-6.883796e-03	2.534457e-04	-5.773350e-03	2.904996e-04	-1.589808e-04
4.150650e+03	8.590456e-03	-3.737446e-04	3.561128e-04	-9.791386e-03	5.547145e-04	1.200224e-03
4.163040e+03	2.612844e-03	8.960090e-03	-7.804953e-04	-2.055279e-03	-7.731956e-04	-4.991486e-04
4.175430e+03	-3.415975e-03	6.692182e-03	3.753051e-04	2.743718e-03	4.771521e-04	7.310635e-04
4.187820e+03	-7.313857e-03	9.888499e-04	5.970794e-04	7.298757e-03	6.569303e-04	8.439838e-06
4.200210e+03	-5.628566e-03	-5.057944e-03	-5.262925e-04	6.059008e-03	-5.636545e-04	-4.279436e-04
4.212600e+03	3.021657e-03	-6.801160e-03	-5.469568e-05	-3.661125e-03	-1.455693e-04	5.984940e-04
4.224990e+03	5.081236e-03	-8.717188e-04	-5.048200e-04	-5.461175e-03	-5.814098e-04	3.771181e-04
4.237380e+03	3.024630e-03	3.577328e-03	-6.970693e-04	-4.232140e-03	-8.378068e-04	1.151975e-03
4.249770e+03	-2.893937e-03	8.454936e-03	2.597676e-04	4.817272e-03	3.536384e-04	-1.829895e-03
4.262160e+03	-8.120625e-03	1.651714e-03	-2.292507e-04	9.300631e-03	-2.138154e-04	-1.186819e-03
4.274550e+03	-4.984724e-03	-5.346991e-03	-7.408966e-04	5.833451e-03	-9.054748e-04	-8.403234e-04
4.286940e+03	2.233016e-04	-7.845331e-03	6.268192e-04	6.494542e-05	5.789281e-04	-2.970987e-04
4.299330e+03	7.348365e-03	-3.596271e-03	-1.165387e-04	-7.710142e-03	-1.161683e-04	3.524614e-04
4.311720e+03	6.122133e-03	4.281021e-03	-6.609533e-04	-6.084627e-03	-7.879464e-04	-4.125882e-05
4.324110e+03	-2.524539e-04	6.219975e-03	-2.538609e-04	-4.378669e-04	-3.767924e-04	6.909072e-04
4.336500e+03	-4.542245e-03	3.221528e-03	-7.171034e-04	3.810001e-03	-8.695536e-04	7.263728e-04
4.348890e+03	-5.497088e-03	-1.058034e-03	1.768165e-05	6.010695e-03	-6.436994e-05	-5.234462e-04
4.361280e+03	-8.988712e-04	-4.929324e-03	-6.280472e-04	1.042916e-03	-7.755543e-04	-1.825102e-04
4.373670e+03	3.084186e-03	-1.535434e-03	-9.653766e-04	-2.170073e-03	-1.245068e-03	-8.542577e-04
4.386060e+03	3.948327e-03	5.538309e-04	4.679789e-04	-5.334048e-03	4.157984e-04	1.384419e-03
4.398450e+03	5.091122e-04	5.394038e-03	-1.192138e-04	-5.176484e-04	-1.749315e-04	2.588172e-05
4.410840e+03	-3.422454e-03	6.065262e-03	-4.261398e-04	5.687296e-03	-5.253570e-04	-2.265654e-03
4.423230e+03	-4.832695e-03	-1.201782e-03	1.431302e-04	6.389112e-03	2.172418e-04	-1.603162e-03
4.435620e+03	-1.549860e-03	-7.084348e-03	-9.139971e-04	1.793048e-03	-1.128771e-03	-2.427849e-04
4.448010e+03	5.063792e-03	-5.529221e-03	1.200904e-04	-5.518403e-03	-8.194043e-05	4.597179e-04
4.460400e+03	8.828163e-03	3.238771e-03	-7.236892e-04	-8.209590e-03	-9.882087e-04	-6.204152e-04
4.472790e+03	2.879003e-03	7.156566e-03	-7.136854e-05	-3.078122e-03	-9.303978e-05	2.000330e-04
4.485180e+03	-5.061428e-03	5.488804e-03	-9.368506e-06	4.407814e-03	-2.754515e-05	6.207716e-04
4.497570e+03	-8.208610e-03	3.706181e-05	4.605146e-04	8.050718e-03	5.980355e-04	1.464787e-04
4.509960e+03	-3.188601e-03	-5.453447e-03	3.988828e-04	3.057304e-03	5.414369e-04	1.401719e-04
4.522350e+03	2.432133e-03	-7.183103e-03	-4.596012e-06	-3.693787e-03	2.652756e-04	1.238612e-03
4.534740e+03	6.647853e-03	-1.554320e-03	-6.510165e-05	-8.235335e-03	3.867886e-05	1.597102e-03
4.547130e+03	4.663891e-03	8.118945e-03	4.327961e-05	-3.573540e-03	3.559012e-04	-1.099759e-03
4.559520e+03	-5.576345e-03	7.468022e-03	-5.581864e-04	6.826191e-03	-7.033167e-04	-1.249846e-03
4.571910e+03	-8.698142e-03	8.742213e-04	3.015646e-04	9.746966e-03	-2.062486e-04	-1.054929e-03
4.584300e+03	-5.369539e-03	-7.347373e-03	4.540663e-05	5.611169e-03	-1.517503e-04	-3.125916e-04
4.596690e+03	2.340598e-03	-8.763280e-03	9.110365e-05	-2.619338e-03	1.110128e-04	2.760086e-04
4.609080e+03	8.515280e-03	-1.641706e-03	7.583166e-06	-8.254864e-03	-7.747029e-05	-9.588174e-05
4.621470e+03	6.352804e-03	5.241928e-03	-2.860678e-04	-7.109105e-03	-4.581410e-04	4.360871e-04
4.633860e+03	-2.002379e-03	8.706317e-03	1.611479e-04	1.493415e-03	1.496501e-04	2.286625e-04
4.646250e+03	-9.121828e-03	5.082174e-03	2.477326e-04	9.559760e-03	2.601105e-04	-2.484428e-04
4.658640e+03	-9.229072e-03	-5.379954e-03	-5.762020e-05	8.749018e-03	1.900369e-05	4.979176e-04
4.671030e+03	-1.703766e-03	-1.028606e-02	2.741109e-04	3.371516e-04	2.079591e-04	1.347738e-03
4.683420e+03	6.430307e-03	-5.032519e-03	-1.763956e-04	-7.035040e-03	-2.475298e-04	5.900047e-04
4.695810e+03	8.860982e-03	5.476787e-03	1.914636e-04	-8.673097e-03	1.791662e-04	-4.792155e-04
4.708200e+03	-2.061759e-04	1.047627e-02	-2.844471e-04	2.253544e-03	-3.695638e-04	-1.706847e-03
4.720590e+03	-9.062301e-03	4.952810e-03	-2.873241e-05	1.006198e-02	-1.529229e-04	-1.059208e-03
4.732980e+03	-9.241624e-03	-4.862036e-03	1.390325e-04	9.484784e-03	3.801029e-05	-2.543958e-04
4.745370e+03	-2.733661e-03	-1.041392e-02	-3.227444e-05	2.539516e-03	-1.641201e-04	1.516397e-04
4.757760e+03	7.679566e-03	-7.762395e-03	2.271154e-04	-8.738010e-03	2.587478e-04	7.971308e-04
4.770150e+03	1.016632e-02	1.765784e-03	1.631551e-04	-1.084215e-02	2.419702e-04	6.191412e-04
4.782540e+03	4.141011e-03	1.107927e-02	-4.900217e-05	-3.487871e-03	4.736227e-05	-6.961755e-04
4.794930e+03	-7.201701e-03	8.590162e-03	3.081934e-04	7.533437e-03	3.075366e-04	-3.522188e-04
4.807320e+03	-1.298495e-02	-2.003827e-03	-3.126835e-04	1.227091e-02	-4.709765e-04	6.882336e-04
4.819710e+03	-3.955715e-03	-1.008374e-02	-6.907252e-06	2.672008e-03	-2.479294e-04	1.249494e-03
4.832100e+03	4.575276e-03	-9.229952e-03	8.526563e-04	-5.802828e-03	8.913729e-04	1.233614e-03
4.844490e+03	9.707724e-03	1.706985e-03	1.959654e-04	-8.955566e-03	2.841532e-04	-8.195288e-04
4.856880e+03	1.483782e-03	7.653714e-03	-3.147647e-04	-9.808067e-04	-3.640072e-04	-5.151366e-04
4.869270e+03	-7.107936e-03	8.616280e-03	7.819505e-04	8.889322e-03	9.128907e-04	-1.761289e-03
4.881660e+03	-1.079286e-02	-1.720469e-04	-1.736640e-04	1.209430e-02	-2.598451e-04	-1.303835e-03
4.894050e+03	-5.092592e-03	-1.197092e-02	9.340138e-04	3.552390e-03	9.622215e-04	1.499338e-03
4.906440e+03	6.611034e-03	-9.497763e-03	5.327754e-04	-7.097840e-03	5.623074e-04	5.298074e-04
4.918830e+03	1.035457e-02	-4.686260e-04	-3.831536e-04	-1.002259e-02	-5.111001e-04	-2.245910e-04
4.931220e+03	6.708277e-03	9.214611e-03	3.786742e-04	-6.053327e-03	4.717171e-04	-6.791713e-04
4.943610e+03	-3.862233e-03	1.179512e-02	-2.002918e-04	5.219722e-03	-2.037925e-04	-1.291395e-03
4.956000e+03	-1.033686e-02	2.801444e-03	-2.160113e-05	1.043507e-02	-2.494262e-05	-6.162682e-05
4.968390e+03	-7.351253e-03	-6.858322e-03	7.455760e-04	7.103958e-03	8.280318e-04	2.784967e-04
4.980780e+03	2.706672e-03	-1.070320e-02	-2.714968e-04	-3.864938e-03	-4.185797e-04	1.147151e-03
4.993170e+03	1.037141e-02	-2.554988e-03	1.930278e-04	-1.037148e-02	1.008795e-04	8.043971e-05
5.005560e+03	5.981207e-03	6.666316e-03	-3.600322e-04	-5.715479e-03	-5.872043e-04	-3.223830e-04
5.017950e+03	-4.759095e-03	8.917597e-03	-7.227378e-04	5.300205e-03	-1.040139e-03	-5.697004e-04
5.030340e+03	-1.029391e-02	3.102700e-03	5.902754e-04	1.149512e-02	5.894742e-04	-1.220812e-03
5.042730e+03	-9.065833e-03	-9.359128e-03	1.472803e-04	8.324665e-03	1.296045e-04	7.677099e-04
5.055120e+03	-5.652822e-04	-1.159722e-02	-8.333356e-04	2.402794e-04	-1.146522e-03	3.265325e-04
5.067510e+03	1.012321e-02	-4.457462e-03	1.107675e-04	-1.044111e-02	2.832477e-05	2.918183e-04
5.079900e+03	1.056181e-02	7.927015e-03	-3.295076e-04	-9.648070e-03	-3.944957e-04	-7.936582e-04
5.092290e+03	-1.711423e-03	1.209187e-02	-7.641699e-04	2.542876e-03	-1.014178e-03	-7.902309e-04
5.104680e+03	-1.019597e-02	4.898692e-03	-2.178248e-04	9.637670e-03	-4.242973e-04	4.392643e-04
5.117070e+03	-9.403742e-03	-7.033891e-03	3.661275e-04	7.725835e-03	3.599266e-04	1.754584e-03
5.129460e+03	6.968979e-04	-9.299372e-03	3.921162e-04	-8.094379e-04	4.507878e-04	2.578277e-05
5.141850e+03	8.339092e-03	-5.845245e-03	-1.214697e-04	-8.685111e-03	-2.976919e-04	4.496850e-04
5.154240e+03	9.804869e-03	5.113658e-03	-4.142365e-04	-9.488700e-03	-6.369445e-04	-2.503241e-04
5.166630e+03	1.141784e-03	9.367816e-03	-3.991739e-04	-1.457864e-03	-5.423319e-04	1.082864e-04
5.179020e+03	-9.378616e-03	6.747741e-03	4.969762e-04	1.063810e-02	3.357314e-04	-1.295747e-03
5.191410e+03	-1.139412e-02	-5.275579e-03	1.318325e-03	1.205784e-02	1.441290e-03	-6.281975e-04
5.203800e+03	-2.680536e-03	-1.167346e-02	-3.728336e-04	2.723403e-03	-3.438430e-04	-1.147202e-04
5.216190e+03	6.343457e-03	-7.827419e-03	2.158350e-04	-6.537706e-03	7.194454e-05	4.703106e-04
5.228580e+03	1.358940e-02	4.937685e-03	-3.418569e-04	-1.358802e-02	-5.519746e-04	-7.109255e-05
5.240970e+03	2.260771e-03	1.236933e-02	-3.070979e-04	-1.302544e-03	-4.186422e-04	-9.238834e-04
5.253360e+03	-1.029581e-02	7.559214e-03	4.463695e-04	1.049569e-02	3.919997e-04	-1.708457e-04
5.265750e+03	-1.150755e-02	-3.890785e-03	-3.389275e-04	1.057844e-02	-8.287777e-04	9.770980e-04
5.278140e+03	-4.402784e-03	-1.169974e-02	-1.045916e-04	3.450979e-03	-4.078589e-04	1.064358e-03
5.290530e+03	7.961068e-03	-7.399097e-03	3.898453e-06	-8.056517e-03	-1.858966e-04	1.289986e-04
5.302920e+03	9.499192e-03	1.994166e-03	3.103618e-04	-9.513063e-03	2.871635e-04	4.464906e-05
5.315310e+03	2.244228e-03	9.883902e-03	6.398322e-05	-1.651303e-03	1.641396e-05	-6.352153e-04
5.327700e+03	-7.535646e-03	8.568698e-03	-1.845738e-04	9.356771e-03	-4.350288e-04	-1.562933e-03
5.340090e+03	-1.241507e-02	-3.406346e-03	9.919917e-04	1.276417e-02	1.042695e-03	-4.639173e-04
5.352480e+03	-4.984834e-03	-1.187111e-02	-2.815567e-04	4.524265e-03	-5.420657e-04	2.517093e-04
5.364870e+03	5.789871e-03	-1.033794e-02	4.912898e-04	-6.856654e-03	2.598398e-04	1.243152e-03
5.377260e+03	9.928394e-03	1.302386e-03	2.504059e-04	-9.777683e-03	1.966504e-04	-6.327232e-05
5.389650e+03	6.810172e-03	1.205236e-02	5.704728e-05	-6.082344e-03	5.829614e-05	-7.199357e-04
5.402040e+03	-8.038600e-03	9.345825e-03	-1.164445e-04	8.476775e-03	-3.241842e-04	-4.075782e-04
5.414430e+03	-1.079495e-02	-1.426452e-03	-3.078832e-04	1.014018e-02	-6.623795e-04	6.795840e-04
5.426820e+03	-4.515076e-03	-1.082648e-02	2.860676e-04	3.074443e-03	9.694799e-05	1.452247e-03
5.439210e+03	3.672227e-03	-6.490731e-03	4.116725e-04	-2.301220e-03	2.654228e-04	-1.646129e-03
5.451600e+03	1.007406e-02	-1.767518e-03	-8.505040e-05	-1.087818e-02	-2.199227e-04	7.818964e-04
5.463990e+03	5.212376e-03	8.050821e-03	6.315085e-04	-5.095965e-03	6.957526e-04	-4.010233e-05
5.476380e+03	-6.235586e-03	8.313667e-03	-6.086158e-04	6.982927e-03	-1.043225e-03	-7.528369e-04
5.488770e+03	-9.983299e-03	3.315753e-04	5.466748e-04	1.110806e-02	4.511057e-04	-1.126969e-03
5.501160e+03	-6.599021e-03	-1.146764e-02	7.477956e-04	6.031341e-03	6.742049e-04	5.842088e-04
5.513550e+03	6.215079e-03	-9.656984e-03	6.505568e-04	-6.152652e-03	8.011652e-04	-1.661517e-05
5.525940e+03	1.271635e-02	-1.115631e-03	-3.232785e-04	-1.352808e-02	-4.136826e-04	8.374115e-04
5.538330e+03	5.378038e-03	9.024084e-03	-4.102454e-05	-5.280662e-03	-1.813154e-04	-1.023062e-04
5.550720e+03	-4.342595e-03	9.182639e-03	3.267993e-04	4.004309e-03	2.868621e-04	4.343884e-04
5.563110e+03	-1.179399e-02	1.770554e-03	-1.366915e-04	1.228734e-02	-5.040279e-04	-5.428125e-04
5.575500e+03	-7.356483e-03	-9.949114e-03	1.239427e-04	6.313742e-03	-2.118315e-04	1.032052e-03
5.587890e+03	4.964364e-03	-7.848510e-03	2.580606e-04	-3.952285e-03	1.728861e-04	-7.650892e-04
5.600280e+03	7.808128e-03	-3.718343e-03	7.310560e-05	-8.347187e-03	-1.322656e-04	5.788398e-04
5.612670e+03	7.026712e-03	9.474921e-03	-4.369003e-06	-5.282973e-03	-9.625737e-05	-1.671491e-03
5.625060e+03	-4.372480e-03	8.250373e-03	-7.798225e-05	4.649542e-03	-3.737245e-04	-3.214923e-04
5.637450e+03	-1.017290e-02	6.797512e-04	-1.282914e-04	1.051269e-02	-4.084252e-04	-2.116340e-04
5.649840e+03	-7.215943e-03	-1.125043e-02	5.665350e-04	5.897036e-03	4.228772e-04	1.357773e-03
5.662230e+03	2.387417e-03	-1.257166e-02	5.873244e-04	-3.722776e-03	4.955455e-04	1.355293e-03
5.674620e+03	1.266538e-02	-2.019348e-03	5.033625e-04	-1.306032e-02	7.594756e-04	3.412500e-04
5.687010e+03	8.816215e-03	1.006519e-02	-8.515471e-04	-8.063735e-03	-1.140725e-03	-8.734366e-04
5.699400e+03	-3.926099e-03	1.168337e-02	-2.915942e-04	5.152406e-03	-7.243799e-04	-1.187025e-03
5.711790e+03	-1.191680e-02	2.794841e-03	-5.873458e-05	1.212124e-02	-4.530289e-04	-2.452170e-04
5.724180e+03	-9.543403e-03	-6.557174e-03	1.558695e-04	9.881210e-03	-2.768690e-04	-4.710346e-04
5.736570e+03	2.369599e-03	-1.188416e-02	7.824568e-04	-4.290144e-03	8.002460e-04	1.628582e-03
5.748960e+03	9.525453e-03	-4.552281e-03	-8.889845e-05	-1.063122e-02	-2.314387e-04	1.111524e-03
5.761350e+03	7.126663e-03	5.139138e-03	-1.063307e-04	-7.427620e-03	-3.768923e-04	2.925376e-04
5.773740e+03	1.574121e-03	9.672438e-03	1.710946e-04	-1.494279e-03	3.354039e-04	3.283161e-05
5.786130e+03	-9.243699e-03	2.654830e-03	-5.470044e-04	9.482497e-03	-1.019135e-03	-2.406751e-04
5.798520e+03	-8.531056e-03	-7.350441e-03	-2.409950e-04	8.633436e-03	-7.362727e-04	-1.000418e-04
5.810910e+03	2.396607e-03	-1.336753e-02	4.583265e-04	-4.926720e-03	4.046557e-04	2.386235e-03
5.823300e+03	1.166533e-02	-4.095139e-03	2.067790e-04	-1.275065e-02	2.709792e-04	1.084571e-03
5.835690e+03	9.206158e-03	9.516362e-03	-2.948555e-04	-7.486197e-03	-1.678216e-04	-1.787046e-03
5.848080e+03	-3.540566e-03	1.026539e-02	-1.695205e-04	4.214592e-03	-6.026386e-04	-6.685806e-04
5.860470e+03	-9.219746e-03	6.065244e-03	4.875512e-04	1.078104e-02	5.491090e-04	-1.502496e-03
5.872860e+03	-9.450715e-03	-6.656842e-03	-2.278650e-04	8.781343e-03	-6.357018e-04	6.679050e-04
5.885250e+03	5.283021e-04	-1.029233e-02	7.857084e-05	-1.263445e-03	-1.902064e-04	7.362012e-04
5.897640e+03	6.833153e-03	-5.903194e-03	-7.014819e-04	-7.700181e-03	-1.386822e-03	8.695388e-04
5.910030e+03	8.210203e-03	4.802758e-03	-1.887903e-05	-8.117244e-03	-2.033221e-04	-9.509939e-05
5.922420e+03	7.992469e-05	7.557814e-03	3.414906e-04	-6.057660e-04	2.503466e-04	5.551729e-04
5.934810e+03	-1.039992e-02	3.633994e-03	7.999777e-04	1.139993e-02	8.029645e-04	-1.029999e-03
5.947200e+03	-9.279997e-03	-3.522205e-03	7.399997e-05	1.119999e-02	-3.200000e-04	-1.909997e-03
5.959590e+03	2.209688e-03	-1.019999e-02	4.286700e-04	-3.040945e-03	4.815149e-04	8.401094e-04
5.971980e+03	1.022212e-02	-4.179538e-03	-8.309264e-04	-1.092857e-02	-1.236905e-03	7.161676e-04
5.984370e+03	8.269139e-03	5.734930e-03	-3.013678e-04	-8.118452e-03	-6.684835e-04	-1.451692e-04
5.996760e+03	8.698678e-05	1.139442e-02	-1.623312e-04	9.314782e-04	-3.695380e-04	-1.001599e-03
6.009150e+03	-7.834611e-03	4.736648e-03	3.733713e-04	7.455315e-03	4.061097e-04	2.958282e-04
6.021540e+03	-1.123041e-02	-6.282121e-03	5.818667e-05	1.045399e-02	-4.841924e-04	6.808129e-04
6.033930e+03	-2.914537e-03	-1.146858e-02	8.555037e-05	1.774369e-03	-4.521957e-04	1.067817e-03
6.046320e+03	7.349043e-03	-5.267984e-03	7.914631e-04	-7.439220e-03	9.816538e-04	1.124909e-04
6.058710e+03	8.240043e-03	3.836116e-03	-7.484265e-04	-8.114020e-03	-1.170648e-03	-1.127511e-04
6.071100e+03	1.022108e-03	8.783664e-03	8.468440e-04	-3.017610e-04	1.032165e-03	-7.066314e-04
6.083490e+03	-8.241479e-03	3.881761e-03	2.828777e-04	8.691606e-03	1.788059e-04	-4.726945e-04
6.095880e+03	-8.160151e-03	-4.412832e-03	-4.545903e-04	8.311978e-03	-9.704373e-04	-1.856772e-04
6.108270e+03	-2.866024e-03	-9.827371e-03	-4.342378e-04	2.913091e-03	-1.235149e-03	1.543721e-04
6.120660e+03	8.131929e-03	-4.897360e-03	2.936556e-04	-8.456636e-03	2.332864e-04	2.864497e-04
6.133050e+03	7.664651e-03	2.705801e-03	7.747093e-04	-8.216645e-03	1.044711e-03	6.038281e-04
6.145440e+03	1.275326e-03	1.031060e-02	-8.314162e-04	-4.551645e-04	-1.300140e-03	-8.168251e-04
6.157830e+03	-7.503098e-03	6.756364e-03	1.858756e-04	8.515811e-03	-3.781486e-05	-1.016976e-03
6.170220e+03	-1.225234e-02	-4.953842e-03	1.748133e-04	1.215536e-02	-4.098409e-04	-1.279929e-04
6.182610e+03	-2.680957e-03	-7.856599e-03	-3.754357e-04	3.689555e-03	-9.750306e-04	-5.074903e-04
6.195000e+03	6.260964e-03	-6.617259e-03	9.442338e-04	-6.954753e-03	1.148694e-03	7.140237e-04
6.207390e+03	8.401352e-03	2.265975e-03	1.309994e-04	-8.745599e-03	2.349715e-04	3.461940e-04
6.219780e+03	2.753095e-04	7.754027e-03	1.720961e-04	5.152617e-04	1.837729e-05	-9.531627e-04
6.232170e+03	-7.030427e-03	6.313931e-03	-5.273903e-04	8.558646e-03	-1.052515e-03	-1.508740e-03
6.244560e+03	-8.737345e-03	-3.839909e-03	6.259623e-04	8.979943e-03	4.699208e-04	-3.645651e-04
6.256950e+03	-2.413955e-03	-9.438244e-03	-2.682623e-04	1.980889e-03	-7.468571e-04	4.289373e-04
6.269340e+03	7.285545e-03	-6.114410e-03	1.049408e-03	-7.844355e-03	1.495783e-03	6.223116e-04
6.281730e+03	8.785938e-03	2.705334e-03	-7.879716e-04	-9.343770e-03	-1.052933e-03	6.724175e-04
6.294120e+03	-4.026480e-05	8.637573e-03	6.314884e-04	9.784919e-04	5.403223e-04	-9.014702e-04
6.306510e+03	-7.026632e-03	5.574295e-03	-1.444732e-05	7.326991e-03	-2.730878e-04	-4.084283e-04
6.318900e+03	-9.671264e-03	-2.236198e-03	2.808412e-04	1.020999e-02	-2.745227e-05	-5.292470e-04
6.331290e+03	-3.235164e-03	-8.695836e-03	6.614230e-05	2.641974e-03	-3.254343e-04	5.681697e-04
6.343680e+03	5.208670e-03	-6.532590e-03	-4.469329e-06	-5.767001e-03	-2.534766e-04	6.406363e-04
6.356070e+03	6.919756e-03	4.492100e-04	4.436303e-04	-7.599687e-03	4.827782e-04	6.624436e-04
6.368460e+03	2.471429e-03	8.741604e-03	-6.052434e-05	-1.093791e-03	-1.047481e-04	-1.511656e-03
6.380850e+03	-7.100131e-03	4.088827e-03	1.702350e-04	7.724668e-03	-1.958861e-04	-7.911482e-04
6.393240e+03	-8.016217e-03	-1.592214e-03	3.708017e-04	9.082469e-03	1.834818e-04	-1.158842e-03
6.405630e+03	-3.673772e-03	-9.923066e-03	2.889224e-04	2.259737e-03	-2.462124e-05	1.343436e-03
6.418020e+03	5.795736e-03	-5.459034e-03	5.807580e-05	-6.174730e-03	-4.102643e-06	3.885705e-04
6.430410e+03	8.255187e-03	1.718606e-03	1.289294e-04	-8.837833e-03	2.209059e-04	5.478304e-04
6.442800e+03	1.066826e-03	7.308039e-03	-5.310820e-05	-5.119869e-04	-3.149624e-04	-5.518758e-04
6.455190e+03	-5.897680e-03	5.124378e-03	-1.203934e-04	6.033662e-03	-5.184126e-04	-3.552088e-04
6.467580e+03	-9.292749e-03	-1.362737e-03	3.422732e-04	1.018470e-02	-8.249053e-05	-8.775101e-04
6.479970e+03	-3.376331e-03	-7.698832e-03	-8.971097e-05	2.982234e-03	-5.958190e-04	3.989375e-04
6.492360e+03	3.202992e-03	-6.943936e-03	5.791573e-04	-4.036684e-03	5.182267e-04	8.135352e-04
6.504750e+03	7.547893e-03	1.943454e-03	-2.827134e-04	-7.651247e-03	-3.505807e-04	-5.439254e-05
6.517140e+03	2.244348e-03	5.190165e-03	3.814387e-05	-2.377232e-03	-4.444181e-05	2.245085e-04
6.529530e+03	-5.655875e-03	6.350124e-03	1.698803e-04	7.961805e-03	-4.280739e-05	-2.105361e-03
6.541920e+03	-8.089353e-03	-2.743200e-03	1.101744e-04	8.302273e-03	-3.366362e-04	-2.246513e-04
6.554310e+03	-2.256763e-03	-7.825658e-03	2.891520e-04	1.522600e-03	9.973865e-05	7.375828e-04
6.566700e+03	3.797562e-03	-5.963540e-03	1.584292e-04	-4.326228e-03	-7.366568e-05	5.793538e-04
6.579090e+03	7.688984e-03	-3.308169e-04	6.286272e-04	-9.201074e-03	1.000059e-03	1.272354e-03
6.591480e+03	1.314347e-03	7.491356e-03	-3.287869e-04	-1.920752e-04	-6.378332e-04	-1.080962e-03
6.603870e+03	-4.839428e-03	5.304179e-03	2.098891e-04	5.355923e-03	1.090557e-04	-6.187450e-04
6.616260e+03	-7.683514e-03	-8.752043e-04	6.617326e-04	9.298424e-03	5.132624e-04	-1.623888e-03
6.628650e+03	-2.466463e-03	-7.920911e-03	-2.357564e-05	9.984785e-04	-2.494802e-04	1.552243e-03
6.641040e+03	5.329945e-03	-4.538410e-03	-4.216476e-04	-5.955057e-03	-6.665625e-04	6.275692e-04
6.653430e+03	4.780081e-03	-7.672964e-04	-2.963973e-04	-5.590094e-03	-9.341844e-04	8.072139e-04
6.665820e+03	2.477721e-03	5.978506e-03	5.256431e-04	-1.640593e-03	6.847280e-04	-8.352816e-04
6.678210e+03	-7.486053e-03	2.421206e-03	-1.451040e-03	7.585848e-03	-3.129819e-03	-1.024672e-04
6.690600e+03	-5.868513e-03	-1.218554e-03	3.544993e-04	6.212692e-03	-4.910205e-05	-3.211404e-04
6.702990e+03	-4.331796e-03	-5.808890e-03	-2.546160e-04	4.906207e-03	-9.735825e-04	-5.634448e-04
6.715380e+03	5.174579e-03	-5.593785e-03	2.989553e-04	-5.937952e-03	4.166986e-04	9.256823e-04
6.727770e+03	6.235245e-03	-9.773864e-04	3.351596e-04	-7.621027e-03	4.135949e-04	1.386374e-03
6.740160e+03	4.141424e-03	8.033063e-03	-4.121711e-04	-3.290068e-03	-4.459610e-04	-8.483506e-04
6.752550e+03	-5.914780e-03	5.258293e-03	1.736548e-04	7.170490e-03	-1.632545e-04	-1.233654e-03
6.764940e+03	-8.432049e-03	-9.881893e-04	1.221950e-04	9.260815e-03	-4.163847e-04	-8.343645e-04
6.777330e+03	-3.642544e-03	-6.304147e-03	5.455940e-04	3.368363e-03	4.750189e-04	2.078187e-04
6.789720e+03	2.466522e-03	-6.397871e-03	-5.525412e-05	-3.622063e-03	-2.739355e-04	1.230168e-03
6.802110e+03	5.352676e-03	5.982083e-04	3.051202e-04	-5.078901e-03	3.466803e-04	-2.677409e-04
6.814500e+03	2.780779e-03	4.533359e-03	-2.369931e-04	-2.658977e-03	-4.292569e-04	-8.360001e-05
6.826890e+03	-5.466287e-03	2.892569e-03	3.968427e-04	5.868186e-03	1.013254e-04	-4.060702e-04
6.839280e+03	-6.034795e-03	-6.575099e-05	8.640353e-04	7.323750e-03	1.024713e-03	-1.082796e-03
6.851670e+03	-3.515139e-03	-6.205465e-03	4.455254e-04	3.057928e-03	4.381139e-04	4.532096e-04
6.864060e+03	1.758712e-03	-5.797729e-03	6.662609e-04	-2.139524e-03	7.760066e-04	3.553412e-04
6.876450e+03	5.287127e-03	-9.367010e-04	-6.510790e-04	-6.092701e-03	-1.249761e-03	7.916357e-04
6.888840e+03	2.937763e-03	6.400822e-03	-1.754863e-04	-1.980242e-03	-5.274632e-04	-1.103120e-03
6.901230e+03	-3.452139e-03	3.059980e-03	-1.230372e-04	3.165129e-03	-7.442881e-04	3.668277e-04
6.913620e+03	-5.992103e-03	1.881685e-03	7.629651e-04	8.072376e-03	8.778104e-04	-1.908543e-03
6.926010e+03	-3.282009e-03	-4.201399e-03	-1.800208e-04	3.444780e-03	-5.366577e-04	-1.257350e-04
6.938400e+03	1.191427e-03	-6.398174e-03	3.216842e-04	-2.469471e-03	4.924815e-06	1.200980e-03
6.950790e+03	3.929411e-03	-1.796877e-03	2.526658e-04	-4.649748e-03	2.078253e-04	7.106643e-04
6.963180e+03	2.686597e-03	2.322661e-03	1.745539e-04	-3.209529e-03	1.516713e-04	5.817861e-04
6.975570e+03	-3.699497e-03	4.485250e-03	-2.681576e-04	5.089477e-03	-8.775477e-04	-1.399320e-03
6.987960e+03	-6.639147e-03	-3.779139e-04	1.049880e-03	7.768682e-03	1.039909e-03	-1.129534e-03
7.000350e+03	-3.539160e-03	-5.610605e-03	-3.170787e-05	2.773458e-03	-4.860233e-04	7.587396e-04
7.012740e+03	4.198926e-03	-3.081717e-03	2.848482e-04	-4.389663e-03	7.407383e-04	1.969960e-04
7.025130e+03	1.626695e-03	-3.844974e-04	8.049477e-04	-4.454136e-04	8.361618e-04	-1.180271e-03
7.037520e+03	2.751006e-03	3.120854e-03	1.708647e-04	-2.582256e-03	2.120397e-04	-1.623746e-04
7.049910e+03	-2.716712e-03	4.400573e-03	9.251519e-05	3.716832e-03	-1.723338e-04	-1.056191e-03
7.062300e+03	-5.463715e-03	1.250054e-04	2.543847e-04	5.854917e-03	-5.695634e-05	-3.915276e-04
7.074690e+03	-3.463405e-03	-3.620412e-03	4.620203e-04	3.566348e-03	2.975407e-04	-1.157638e-04
7.087080e+03	5.486893e-05	-4.135404e-03	2.059875e-04	2.126832e-05	2.453581e-05	-1.247242e-05
7.099470e+03	3.813529e-03	-1.347499e-03	1.179418e-04	-4.216485e-03	1.597952e-04	3.584476e-04
7.111860e+03	2.544396e-03	2.886947e-03	-2.025174e-04	-2.119448e-03	-4.204388e-04	-4.133143e-04
7.124250e+03	-1.964778e-03	4.265943e-03	4.157682e-06	3.395925e-03	-3.493824e-04	-1.468120e-03
7.136640e+03	-3.692103e-03	-9.157096e-04	6.850828e-04	3.115102e-03	7.893211e-04	5.998281e-04
7.149030e+03	-4.573938e-03	-3.597665e-03	5.190167e-04	4.646176e-03	3.021927e-04	-2.509827e-04
7.161420e+03	3.534731e-04	-3.989889e-03	-2.229933e-05	-6.626966e-04	-2.987946e-04	3.125974e-04
7.173810e+03	2.168926e-03	-2.478532e-03	1.470674e-04	-2.742411e-03	-1.662013e-04	5.570569e-04
7.186200e+03	2.147344e-03	2.972911e-03	9.887516e-05	-1.430000e-03	5.015195e-05	-8.083229e-04
7.198590e+03	-1.672070e-03	2.100531e-03	-3.590478e-04	1.432310e-03	-8.964648e-04	1.306193e-04
7.210980e+03	-3.385288e-03	4.584054e-04	-1.525164e-04	3.549959e-03	-7.167492e-04	-1.800315e-04
7.223370e+03	-4.170557e-03	-1.662925e-03	4.197218e-04	5.118353e-03	1.217161e-04	-9.468943e-04
7.235760e+03	3.419524e-04	-4.493853e-03	3.676091e-04	-1.415089e-03	3.314257e-04	1.072788e-03
7.248150e+03	2.480920e-03	-4.607820e-04	-2.212748e-04	-2.642773e-03	-3.661080e-04	-1.176379e-04
7.260540e+03	1.540392e-03	1.402292e-03	3.654165e-04	-1.270416e-03	4.544742e-04	-2.163794e-04
7.272930e+03	2.226718e-04	3.976005e-03	1.029739e-06	9.082822e-04	1.398330e-04	-1.129621e-03
7.285320e+03	-5.379459e-03	-1.281226e-04	2.838742e-04	6.415554e-03	-2.770758e-04	-1.028101e-03
7.297710e+03	-1.226851e-03	-1.860284e-03	1.021716e-04	1.197769e-03	4.105756e-05	6.034238e-05
7.310100e+03	-1.882291e-03	-3.137105e-03	1.642742e-04	2.101368e-03	-4.097527e-04	-2.955184e-04
7.322490e+03	2.532510e-03	-1.609775e-03	3.254828e-04	-3.106104e-03	5.168952e-04	5.785334e-04
7.334880e+03	1.866999e-03	1.618335e-03	5.555485e-04	-1.653901e-03	9.348027e-04	-2.170348e-04
7.347270e+03	-1.048338e-03	2.581238e-03	2.347342e-04	2.052740e-03	2.762882e-04	-1.006721e-03
7.359660e+03	-2.024338e-03	6.344465e-04	1.644356e-04	2.511895e-03	4.371418e-05	-4.692550e-04
7.372050e+03	-2.678382e-03	-1.867412e-03	7.091708e-04	2.965877e-03	7.695222e-04	-2.817828e-04
7.384440e+03	-7.163724e-05	-2.919494e-03	-1.178910e-04	-8.553060e-04	-4.218231e-04	9.206140e-04
7.396830e+03	-5.055327e-04	-2.199020e-03	1.685149e-04	4.896164e-05	-2.229961e-04	4.566710e-04
7.409220e+03	-2.828613e-04	2.572512e-04	1.465604e-04	6.220640e-04	-1.787494e-04	-3.390828e-04
7.421610e+03	-5.074005e-04	2.107100e-03	1.691097e-04	1.502175e-03	1.162401e-04	-9.634140e-04
7.434000e+03	-7.002140e-04	-5.681969e-05	-1.306559e-04	3.942070e-04	-2.917902e-04	3.118131e-04
7.446390e+03	-2.821306e-03	-3.370294e-03	8.687911e-04	2.197634e-03	8.721831e-04	6.018628e-04
7.458780e+03	7.325302e-04	-1.614323e-03	3.624144e-04	-1.009786e-03	6.491008e-04	2.753652e-04
7.471170e+03	1.223291e-03	-6.613954e-04	5.275594e-04	-1.410240e-03	8.189791e-04	1.900050e-04
7.483560e+03	-9.000538e-04	-3.283387e-04	7.823157e-05	9.148887e-04	-2.187054e-04	5.213720e-05
7.495950e+03	-8.781018e-04	1.056025e-03	-3.994479e-04	1.301078e-03	-1.036172e-03	-4.067905e-04
7.508340e+03	-2.467301e-03	-8.022603e-04	6.253294e-04	2.911142e-03	5.531827e-04	-3.918865e-04
7.520730e+03	-2.335587e-03	-1.943279e-03	-1.919218e-04	2.271395e-03	-8.998915e-04	7.353991e-05
7.533120e+03	3.223911e-04	-1.612147e-03	8.299961e-04	-5.785970e-04	1.186439e-03	2.563531e-04
7.545510e+03	1.467145e-04	-1.279075e-03	4.311082e-04	-6.286938e-04	4.854326e-04	4.453659e-04
7.557900e+03	-8.389705e-04	2.317795e-03	-2.148098e-04	2.263235e-03	-6.124455e-04	-1.515750e-03
7.570290e+03	-3.183232e-04	-3.582764e-04	8.748223e-05	-1.712812e-04	-4.489870e-05	4.926862e-04
7.582680e+03	-1.793878e-03	-2.123549e-03	4.180504e-04	1.177787e-03	3.239418e-04	6.067816e-04
7.595070e+03	-1.179720e-03	-1.906842e-04	1.669255e-04	2.150328e-03	-5.367980e-05	-9.290168e-04
7.607460e+03	-6.959529e-04	-1.267941e-03	1.978607e-05	8.385827e-04	-4.026917e-04	-1.082737e-04
7.619850e+03	9.990075e-04	6.324781e-04	-1.621289e-04	-9.246411e-04	-4.617050e-04	-2.042543e-04
7.632240e+03	-1.427902e-03	1.787932e-03	3.925857e-04	2.918512e-03	3.191760e-04	-1.360129e-03
7.644630e+03	-1.415240e-03	-2.140041e-03	-6.856000e-05	-1.302968e-04	-5.948633e-04	1.440519e-03
7.657020e+03	-1.577693e-03	6.155560e-05	7.127225e-07	2.250174e-03	-3.836537e-04	-6.692782e-04
7.669410e+03	-1.946003e-03	-2.230682e-03	5.829641e-04	1.985843e-03	4.206070e-04	-1.270577e-05
7.681800e+03	5.119629e-04	-4.138280e-04	-4.759153e-05	-4.815730e-04	-2.340448e-04	-5.385648e-05
7.694190e+03	-1.011175e-03	-2.636664e-04	8.426686e-06	1.153342e-03	-4.941467e-04	-2.059344e-04
7.706580e+03	-4.006467e-04	9.277826e-04	2.422481e-04	9.042200e-04	1.589107e-04	-5.404102e-04
7.718970e+03	-1.371827e-03	7.759730e-04	-1.107069e-04	2.200846e-03	-4.621208e-04	-6.655854e-04
7.731360e+03	-1.557546e-03	-1.100318e-03	3.711595e-04	1.536742e-03	2.299974e-04	-6.954596e-06
7.743750e+03	-1.773579e-03	-1.575031e-03	1.041042e-04	1.956285e-03	-4.475431e-04	-2.038870e-04
7.756140e+03	-6.320215e-04	-7.924376e-04	4.666148e-04	1.166015e-03	4.822640e-04	-5.350814e-04
7.768530e+03	8.021174e-04	2.466596e-04	-9.030092e-04	-1.072337e-03	-1.713536e-03	3.134551e-04
7.780920e+03	-5.918112e-04	1.464463e-05	9.584273e-04	7.049849e-04	1.316337e-03	-1.131737e-04
7.793310e+03	-2.055898e-03	3.638525e-04	6.275630e-05	2.627733e-03	-3.025847e-04	-6.508620e-04
7.805700e+03	-1.959565e-03	-1.339900e-03	1.557118e-04	2.002825e-03	-1.603838e-04	-4.097334e-05
7.818090e+03	-4.630797e-04	-4.541661e-04	-7.874025e-05	7.345313e-04	-4.608828e-04	-2.670341e-04
7.830480e+03	-1.049146e-03	-9.481403e-04	5.065367e-04	1.252999e-03	4.169816e-04	-2.204768e-04
