1.499190e+03	-7.029086e-02	-7.414535e-02	4.280344e-05	7.013804e-02	3.096562e-05	7.215390e-05
1.511580e+03	-4.719615e-02	-9.011910e-02	-1.563733e-05	4.702264e-02	-1.199075e-05	-6.490878e-07
1.523970e+03	-2.246466e-02	-9.989047e-02	-4.759725e-05	2.215789e-02	-5.254986e-05	3.473400e-04
1.536360e+03	4.801266e-03	-1.020000e-01	-1.478626e-05	-4.976606e-03	-1.002579e-05	1.857002e-04
1.548750e+03	3.156542e-02	-9.697215e-02	-1.485872e-05	-3.187963e-02	-5.339209e-05	2.610164e-04
1.561140e+03	5.606166e-02	-8.523717e-02	-2.107954e-06	-5.627784e-02	-4.442582e-05	2.730560e-04
1.573530e+03	7.677072e-02	-6.720485e-02	1.288796e-06	-7.696798e-02	-2.554682e-05	2.525525e-04
1.585920e+03	9.207803e-02	-4.439066e-02	2.460161e-05	-9.248404e-02	-3.504280e-05	3.746333e-04
1.598310e+03	1.008181e-01	-1.806917e-02	3.737268e-05	-1.010374e-01	6.687110e-06	4.109250e-04
1.610700e+03	1.019753e-01	9.763042e-03	4.170630e-05	-1.019787e-01	3.349199e-05	4.150321e-04
1.623090e+03	9.558820e-02	3.677001e-02	5.263017e-05	-9.597733e-02	-8.723653e-06	4.091672e-04
1.635480e+03	8.208638e-02	6.118667e-02	1.175183e-05	-8.248638e-02	4.896084e-05	3.543384e-04
1.647870e+03	6.266137e-02	8.122758e-02	-2.995800e-06	-6.306292e-02	4.236561e-05	4.142786e-04
1.660260e+03	3.858416e-02	9.512285e-02	-7.044560e-06	-3.888644e-02	2.659833e-05	3.266029e-04
1.672650e+03	1.154181e-02	1.023573e-01	-2.391736e-05	-1.193915e-02	-5.987179e-07	3.785980e-04
1.685040e+03	-1.672609e-02	1.014022e-01	-3.832477e-05	1.639446e-02	1.113569e-05	3.901381e-04
1.697430e+03	-4.360547e-02	9.353173e-02	-4.840784e-05	4.340657e-02	2.574869e-05	2.750224e-04
1.709820e+03	-6.771750e-02	7.855669e-02	-6.034906e-05	6.741536e-02	-8.865239e-06	3.146011e-04
1.722210e+03	-8.726560e-02	5.712251e-02	-2.580854e-05	8.691817e-02	-2.297956e-05	3.897280e-04
1.734600e+03	-9.997774e-02	3.103860e-02	-2.703701e-05	9.964153e-02	-1.871239e-05	3.902092e-04
1.746990e+03	-1.049491e-01	1.727275e-03	4.952479e-05	1.049503e-01	-3.542392e-05	3.113173e-04
1.759380e+03	-1.018025e-01	-2.762352e-02	1.560253e-05	1.016970e-01	-4.265249e-05	2.968970e-04
1.771770e+03	-9.011431e-02	-5.518720e-02	3.694659e-05	8.991431e-02	-1.541947e-05	2.554881e-04
1.784160e+03	-7.091434e-02	-7.868696e-02	1.409991e-05	7.071434e-02	-5.010006e-05	1.930003e-04
1.796550e+03	-4.577761e-02	-9.573727e-02	4.956018e-05	4.565234e-02	-3.278811e-05	1.666576e-04
1.808940e+03	-1.684510e-02	-1.052071e-01	3.352147e-05	1.675472e-02	-4.490452e-05	1.098557e-04
1.821330e+03	1.415069e-02	-1.058981e-01	2.542775e-05	-1.434507e-02	-4.978488e-05	1.240419e-04
1.833720e+03	4.421414e-02	-9.803382e-02	6.987501e-05	-4.441007e-02	-1.023557e-05	1.912733e-04
1.846110e+03	7.136402e-02	-8.125869e-02	6.869784e-05	-7.153094e-02	5.547562e-06	1.409277e-04
1.858500e+03	9.239308e-02	-5.710667e-02	7.693247e-05	-9.245758e-02	2.604766e-05	4.282560e-05
1.870890e+03	1.061551e-01	-2.721759e-02	7.200665e-05	-1.061920e-01	5.917788e-05	1.099734e-04
1.883280e+03	1.099226e-01	5.629393e-03	5.831758e-05	-1.100000e-01	1.262832e-04	5.710440e-05
1.895670e+03	1.032789e-01	3.877171e-02	1.112253e-05	-1.032322e-01	1.366408e-04	-3.628378e-05
1.908060e+03	8.733795e-02	6.843411e-02	-3.571203e-05	-8.731631e-02	9.267295e-05	-5.837468e-05
1.920450e+03	6.262970e-02	9.207923e-02	-7.947850e-05	-6.252510e-02	1.358324e-04	-1.531831e-04
1.932840e+03	3.169245e-02	1.073873e-01	-1.256717e-04	-3.152196e-02	9.788722e-05	-2.027586e-04
1.945230e+03	-2.889379e-03	1.120000e-01	-1.368477e-04	3.039275e-03	1.959528e-05	-1.639299e-04
1.957620e+03	-3.784684e-02	1.063013e-01	-1.487303e-04	3.795431e-02	3.529663e-06	-1.538752e-04
1.970010e+03	-6.950629e-02	8.958978e-02	-1.493613e-04	6.970079e-02	-6.331980e-05	-2.078334e-04
1.982400e+03	-9.476447e-02	6.346998e-02	-7.047626e-05	9.502622e-02	-1.045914e-04	-2.427032e-04
1.994790e+03	-1.108407e-01	3.020820e-02	-7.603147e-05	1.108334e-01	-1.057718e-04	-1.842177e-04
2.007180e+03	-1.149999e-01	-7.049565e-03	-1.339867e-04	1.149999e-01	-1.080019e-04	-2.242714e-04
2.019570e+03	-1.073452e-01	-4.417135e-02	5.919893e-05	1.073330e-01	-1.159138e-04	-2.618276e-04
2.031960e+03	-8.696192e-02	-7.688757e-02	5.723799e-05	8.732832e-02	-1.196778e-04	-3.003063e-04
2.044350e+03	-5.724045e-02	-1.012109e-01	1.178612e-04	5.762874e-02	-9.006058e-05	-3.855631e-04
2.056740e+03	-2.107540e-02	-1.146309e-01	1.060719e-04	2.137280e-02	-6.977389e-05	-3.364034e-04
2.069130e+03	1.817513e-02	-1.155935e-01	1.425936e-04	-1.785529e-02	-3.362132e-05	-3.189623e-04
2.081520e+03	5.569784e-02	-1.036842e-01	1.151569e-04	-5.539784e-02	-4.129488e-05	-2.837375e-04
2.093910e+03	8.752965e-02	-7.961754e-02	1.204589e-04	-8.724434e-02	-6.077462e-06	-2.885167e-04
2.106300e+03	1.092745e-01	-4.581190e-02	1.398314e-04	-1.092776e-01	3.666532e-05	-2.397383e-04
2.118690e+03	1.187463e-01	-5.935517e-03	7.450954e-05	-1.187463e-01	1.699638e-04	-1.615397e-04
2.131080e+03	1.145603e-01	3.495409e-02	2.647460e-05	-1.145632e-01	2.486851e-04	-1.223950e-04
2.143470e+03	9.562486e-02	7.219889e-02	-6.305276e-05	-9.542693e-02	2.025230e-04	-1.841330e-04
2.155860e+03	6.519494e-02	1.004803e-01	-1.723799e-04	-6.499494e-02	2.227024e-04	-1.937936e-04
2.168250e+03	2.683194e-02	1.168143e-01	-1.933433e-04	-2.658424e-02	1.014904e-04	-2.463568e-04
2.180640e+03	-1.518987e-02	1.197642e-01	-2.545380e-04	1.537006e-02	4.022126e-05	-2.048904e-04
2.193030e+03	-5.558572e-02	1.070986e-01	-2.246828e-04	5.578368e-02	-8.294803e-05	-1.416539e-04
2.205420e+03	-8.959230e-02	8.118715e-02	-1.579830e-04	8.969788e-02	-1.614298e-04	-1.123301e-04
2.217810e+03	-1.127397e-01	4.472444e-02	-5.803219e-05	1.127349e-01	-2.283302e-04	6.366309e-06
2.230200e+03	-1.219812e-01	2.512167e-03	-8.033633e-05	1.219812e-01	-2.114164e-04	3.436847e-05
2.242590e+03	-1.146878e-01	-4.092709e-02	9.318496e-05	1.146878e-01	-2.213357e-04	7.843266e-05
2.254980e+03	-9.292607e-02	-7.886932e-02	1.150397e-04	9.287504e-02	-1.547570e-04	5.364932e-05
2.267370e+03	-5.917135e-02	-1.065060e-01	1.174994e-04	5.904902e-02	-1.559282e-04	7.189609e-05
2.279760e+03	-1.747320e-02	-1.209658e-01	2.209883e-04	1.737217e-02	-2.451058e-05	9.934181e-05
2.292150e+03	2.690038e-02	-1.196765e-01	2.000773e-04	-2.700038e-02	2.459378e-06	8.798236e-05
2.304540e+03	6.795177e-02	-1.021814e-01	2.022729e-04	-6.799616e-02	6.196429e-05	7.084632e-05
2.316930e+03	1.004509e-01	-7.123837e-02	2.060066e-04	-1.006155e-01	1.609307e-04	1.848216e-04
2.329320e+03	1.193888e-01	-2.975695e-02	1.448886e-04	-1.204354e-01	1.927737e-04	2.319004e-04
2.341710e+03	1.225640e-01	1.604336e-02	8.847242e-05	-1.225640e-01	1.919992e-04	2.266682e-04
2.354100e+03	1.087637e-01	5.983952e-02	-5.721727e-05	-1.088782e-01	3.393836e-04	3.157300e-04
2.366490e+03	7.918395e-02	9.577459e-02	-1.515160e-04	-7.948452e-02	2.373441e-04	2.769320e-04
2.378880e+03	3.832927e-02	1.185868e-01	-2.791953e-04	-3.864397e-02	1.963366e-04	3.419654e-04
2.391270e+03	-8.432505e-03	1.246878e-01	-3.120344e-04	7.988435e-03	2.825440e-05	3.734486e-04
2.403660e+03	-5.446837e-02	1.132416e-01	-3.440010e-04	5.424195e-02	-7.497605e-05	3.047000e-04
2.416050e+03	-9.354586e-02	8.499419e-02	-1.913717e-04	9.324057e-02	-2.566787e-04	3.401859e-04
2.428440e+03	-1.202231e-01	4.323182e-02	-9.122071e-05	1.194304e-01	-3.061066e-04	4.366076e-04
2.440830e+03	-1.275728e-01	-5.756315e-03	-1.427099e-05	1.268044e-01	-3.182546e-04	4.986979e-04
2.453220e+03	-1.164592e-01	-5.543052e-02	8.495586e-05	1.163864e-01	-3.034232e-04	5.097897e-04
2.465610e+03	-8.587599e-02	-9.668437e-02	2.688926e-04	8.540738e-02	-1.958181e-04	4.298514e-04
2.478000e+03	-4.142601e-02	-1.234046e-01	2.732033e-04	4.085675e-02	-1.562396e-04	5.542693e-04
2.490390e+03	1.113464e-02	-1.304900e-01	2.678096e-04	-1.168262e-02	-1.066554e-04	5.684623e-04
2.502780e+03	6.345076e-02	-1.156333e-01	3.290307e-04	-6.415175e-02	4.329729e-05	6.271023e-04
2.515170e+03	1.060250e-01	-8.040170e-02	2.590532e-04	-1.069699e-01	1.560150e-04	7.288851e-04
2.527560e+03	1.319690e-01	-2.906653e-02	2.211606e-04	-1.324022e-01	3.438188e-04	7.796258e-04
2.539950e+03	1.332604e-01	3.019399e-02	4.453427e-05	-1.344805e-01	4.248437e-04	8.895678e-04
2.552340e+03	1.079806e-01	8.555687e-02	-1.737575e-04	-1.089781e-01	4.944844e-04	9.255770e-04
2.564730e+03	5.978574e-02	1.264664e-01	-3.404579e-04	-6.081417e-02	3.415020e-04	1.060000e-03
2.577120e+03	-3.220679e-03	1.407207e-01	-4.633188e-04	2.008933e-03	1.564589e-04	1.205667e-03
2.589510e+03	-6.909075e-02	1.261553e-01	-4.942245e-04	6.776426e-02	-1.152386e-04	1.328067e-03
2.601900e+03	-1.226723e-01	7.927463e-02	-3.513198e-04	1.216075e-01	-3.936949e-04	1.576741e-03
2.614290e+03	-1.469956e-01	9.360552e-03	-5.455996e-05	1.449892e-01	-5.136528e-04	1.804105e-03
2.626680e+03	-1.342882e-01	-6.738903e-02	3.980721e-05	1.322882e-01	-5.400266e-04	2.051651e-03
2.639070e+03	-7.461425e-02	-1.310662e-01	4.483038e-04	7.261702e-02	-3.316638e-04	1.988738e-03
2.651460e+03	1.470459e-02	-1.486270e-01	4.426142e-04	-1.630686e-02	-1.095634e-04	1.646351e-03
2.663850e+03	9.660414e-02	-1.124209e-01	4.629145e-04	-9.785097e-02	2.470083e-04	1.207656e-03
2.676240e+03	1.412792e-01	-3.060309e-02	2.585199e-04	-1.412755e-01	5.294790e-04	2.668761e-04
2.688630e+03	1.232365e-01	6.450427e-02	-6.900858e-05	-1.222412e-01	5.910188e-04	-8.895790e-04
2.701020e+03	4.834303e-02	1.206717e-01	-4.759247e-04	-4.589792e-02	4.743657e-04	-2.452555e-03
2.713410e+03	-4.253104e-02	1.100849e-01	-6.255295e-04	4.620598e-02	-8.922849e-05	-3.721561e-03
2.725800e+03	-9.390943e-02	3.987526e-02	-3.055412e-04	9.856625e-02	-4.760037e-04	-4.630124e-03
2.738190e+03	-7.686689e-02	-3.745902e-02	1.836252e-04	8.196611e-02	-5.457950e-04	-5.090315e-03
2.750580e+03	-1.549305e-02	-6.699987e-02	4.289918e-04	2.054528e-02	-2.415351e-04	-5.065534e-03
2.762970e+03	3.365251e-02	-4.176281e-02	3.849038e-04	-2.909231e-02	1.550972e-04	-4.559953e-03
2.775360e+03	3.701055e-02	-4.846650e-04	7.660157e-05	-3.327100e-02	3.365828e-04	-3.688139e-03
2.787750e+03	1.353210e-02	1.584897e-02	-1.965011e-04	-1.083144e-02	2.209986e-04	-2.701424e-03
2.800140e+03	-1.897799e-03	6.881002e-03	-1.791932e-04	3.490745e-03	-5.686107e-05	-1.664065e-03
2.812530e+03	2.581463e-03	-3.218906e-03	-6.880801e-05	-2.132309e-03	-2.076826e-04	-4.759489e-04
2.824920e+03	1.275977e-02	2.172066e-03	6.868921e-05	-1.362041e-02	-1.380251e-04	7.778757e-04
2.837310e+03	9.996923e-03	1.886043e-02	1.594244e-04	-1.209452e-02	-4.271870e-05	2.073180e-03
2.849700e+03	-1.087353e-02	2.857993e-02	1.909285e-04	8.048132e-03	1.378027e-04	2.831716e-03
2.862090e+03	-3.642460e-02	1.549046e-02	-5.094381e-05	3.344791e-02	2.654532e-04	2.951395e-03
2.874480e+03	-4.343187e-02	-1.795443e-02	-1.991282e-04	4.107904e-02	1.524153e-04	2.355164e-03
2.886870e+03	-1.732510e-02	-5.108434e-02	-1.863805e-04	1.633124e-02	-6.507439e-05	1.023833e-03
2.899260e+03	2.978693e-02	-5.317334e-02	-7.534642e-05	-2.910566e-02	-1.943167e-04	-6.558690e-04
2.911650e+03	6.646944e-02	-1.598588e-02	1.274720e-04	-6.411941e-02	-1.214061e-04	-2.378591e-03
2.924040e+03	6.181280e-02	4.052757e-02	1.649970e-04	-5.838652e-02	-4.459250e-06	-3.385255e-03
2.936430e+03	1.176682e-02	7.659784e-02	9.825336e-05	-8.210961e-03	1.517893e-04	-3.559277e-03
2.948820e+03	-5.107779e-02	6.078043e-02	-7.827261e-05	5.384359e-02	1.512410e-04	-2.729942e-03
2.961210e+03	-8.169024e-02	1.251772e-03	-1.582835e-04	8.282061e-02	-2.978324e-05	-1.194516e-03
2.973600e+03	-5.780204e-02	-6.146945e-02	-8.654991e-05	5.701142e-02	-9.571639e-05	7.517187e-04
2.985990e+03	5.937396e-03	-8.445331e-02	1.400389e-05	-8.276659e-03	-1.632766e-04	2.266176e-03
2.998380e+03	6.678416e-02	-5.354660e-02	1.639986e-04	-6.984512e-02	-1.552237e-05	3.077526e-03
3.010770e+03	8.458136e-02	1.271135e-02	1.407803e-04	-8.773171e-02	1.495589e-04	3.149977e-03
3.023160e+03	5.011587e-02	7.211843e-02	-8.671399e-05	-5.253698e-02	2.688300e-04	2.406627e-03
3.035550e+03	-1.803332e-02	8.675354e-02	-2.390378e-04	1.681190e-02	9.940265e-05	1.247816e-03
3.047940e+03	-7.456172e-02	4.658948e-02	-2.012008e-04	7.448536e-02	-1.738754e-04	3.844868e-05
3.060330e+03	-8.191964e-02	-2.460264e-02	3.096850e-05	8.271851e-02	-2.977457e-04	-8.625432e-04
3.072720e+03	-3.287658e-02	-7.565596e-02	2.619044e-04	3.407462e-02	-1.893345e-04	-1.169311e-03
3.085110e+03	3.556391e-02	-6.988242e-02	2.742705e-04	-3.443767e-02	1.235666e-05	-1.065701e-03
3.097500e+03	7.069111e-02	-1.592743e-02	1.685557e-04	-7.012267e-02	2.851768e-04	-6.599304e-04
3.109890e+03	5.164331e-02	4.183001e-02	-1.152467e-04	-5.123071e-02	3.346886e-04	-3.729237e-04
3.122280e+03	-1.775315e-03	5.959360e-02	-2.579585e-04	2.010963e-03	1.461822e-04	-2.339753e-04
3.134670e+03	-4.422159e-02	3.044540e-02	-2.561144e-04	4.440690e-02	-1.061404e-04	-1.985969e-04
3.147060e+03	-4.467871e-02	-1.730089e-02	-4.366941e-05	4.486050e-02	-2.469994e-04	-2.217969e-04
3.159450e+03	-9.077193e-03	-4.138045e-02	1.566132e-04	9.159186e-03	-1.692838e-04	-8.726657e-05
3.171840e+03	2.778431e-02	-2.657895e-02	1.752607e-04	-2.778082e-02	-1.220341e-05	-3.576894e-05
3.184230e+03	3.358102e-02	1.009962e-02	1.270231e-04	-3.368102e-02	1.140514e-04	5.674618e-05
3.196620e+03	6.564878e-03	3.199999e-02	-3.869785e-05	-6.684818e-03	1.769886e-04	1.168205e-04
3.209010e+03	-2.447111e-02	1.950384e-02	-9.489212e-05	2.447054e-02	8.282576e-05	2.731361e-05
3.221400e+03	-2.852359e-02	-1.277432e-02	-4.813779e-05	2.842140e-02	-6.019362e-05	5.651323e-05
3.233790e+03	-1.810868e-03	-3.189835e-02	1.587291e-05	1.882555e-03	5.835886e-06	-6.368895e-05
3.246180e+03	2.920859e-02	-1.805789e-02	8.572921e-05	-2.898479e-02	1.075211e-05	-2.094345e-04
3.258570e+03	3.331703e-02	1.723051e-02	-4.381184e-05	-3.300536e-02	9.507462e-05	-3.292615e-04
3.270960e+03	3.777836e-03	4.054900e-02	-1.455338e-04	-3.345685e-03	-8.893712e-06	-4.483580e-04
3.283350e+03	-3.408428e-02	2.778489e-02	-1.062321e-04	3.456888e-02	-1.311979e-04	-4.831315e-04
3.295740e+03	-4.523454e-02	-1.299431e-02	6.734045e-05	4.563454e-02	-1.945022e-04	-4.155655e-04
3.308130e+03	-1.730717e-02	-4.730868e-02	2.495374e-04	1.754765e-02	-1.472581e-04	-1.790236e-04
3.320520e+03	2.907338e-02	-4.401503e-02	2.757232e-04	-2.896797e-02	1.085178e-04	-8.445417e-05
3.332910e+03	5.457191e-02	-3.102988e-03	1.068541e-04	-5.476265e-02	2.832891e-04	2.151503e-04
3.345300e+03	3.617826e-02	4.296217e-02	-1.497805e-04	-3.647351e-02	3.182148e-04	3.192232e-04
3.357690e+03	-1.243502e-02	5.585012e-02	-3.149449e-04	1.193695e-02	5.736220e-05	5.202091e-04
3.370080e+03	-5.306633e-02	2.496950e-02	-2.335784e-04	5.263164e-02	-2.290719e-04	4.499072e-04
3.382470e+03	-5.290198e-02	-2.683046e-02	7.675554e-05	5.253287e-02	-3.355417e-04	3.155245e-04
3.394860e+03	-1.022400e-02	-5.896118e-02	3.252021e-04	1.016465e-02	-2.045855e-04	5.427167e-05
3.407250e+03	4.137468e-02	-4.395042e-02	3.373222e-04	-4.112262e-02	9.517014e-05	-2.637671e-04
3.419640e+03	6.041792e-02	6.104870e-03	1.489221e-04	-5.990589e-02	3.039599e-04	-5.833601e-04
3.432030e+03	3.180445e-02	5.207151e-02	-1.939716e-04	-3.110229e-02	2.967870e-04	-6.771003e-04
3.444420e+03	-2.195226e-02	5.658589e-02	-3.269942e-04	2.250026e-02	3.644914e-05	-5.850682e-04
3.456810e+03	-5.728031e-02	1.656188e-02	-1.958593e-04	5.755460e-02	-2.388983e-04	-3.266020e-04
3.469200e+03	-4.757198e-02	-3.519056e-02	1.319071e-04	4.757852e-02	-3.737023e-04	4.454801e-05
3.481590e+03	-1.103777e-03	-5.739371e-02	3.133092e-04	7.491032e-04	-1.688732e-04	3.619535e-04
3.493980e+03	4.385685e-02	-3.558170e-02	2.786215e-04	-4.438649e-02	1.125275e-04	5.766351e-04
3.506370e+03	5.324130e-02	1.321970e-02	8.896873e-05	-5.384130e-02	2.732964e-04	5.990042e-04
3.518760e+03	2.153210e-02	4.897865e-02	-2.321314e-04	-2.213903e-02	2.688598e-04	5.730988e-04
3.531150e+03	-2.502607e-02	4.524591e-02	-2.889349e-04	2.467322e-02	-4.431008e-05	3.823398e-04
3.543540e+03	-4.903134e-02	8.403508e-03	-1.131732e-04	4.881975e-02	-2.944905e-04	2.056117e-04
3.555930e+03	-3.366669e-02	-3.324541e-02	1.697544e-04	3.380209e-02	-2.955781e-04	-8.698577e-05
3.568320e+03	6.669335e-03	-4.493862e-02	4.138708e-04	-6.340614e-03	-4.355759e-05	-3.230000e-04
3.580710e+03	3.841541e-02	-2.040205e-02	2.264035e-04	-3.791138e-02	1.729988e-04	-4.988035e-04
3.593100e+03	3.743449e-02	1.806984e-02	-1.637392e-05	-3.696507e-02	3.468070e-04	-4.660730e-04
3.605490e+03	6.938912e-03	3.879691e-02	-2.926061e-04	-6.593642e-03	2.249870e-04	-3.570388e-04
3.617880e+03	-2.668657e-02	2.700356e-02	-3.595953e-04	2.691128e-02	-8.025414e-05	-2.160246e-04
3.630270e+03	-3.637303e-02	-5.843224e-03	-1.534060e-04	3.637362e-02	-3.190023e-04	-2.161570e-05
3.642660e+03	-1.594514e-02	-3.207429e-02	1.412175e-04	1.577471e-02	-3.448729e-04	1.594605e-04
3.655050e+03	1.598546e-02	-3.088911e-02	3.097022e-04	-1.628604e-02	-1.141919e-04	2.615949e-04
3.667440e+03	3.319451e-02	-4.750592e-03	2.451323e-04	-3.352744e-02	1.500947e-04	3.536342e-04
3.679830e+03	2.307187e-02	2.405373e-02	6.036419e-05	-2.337187e-02	3.328690e-04	3.339920e-04
3.692220e+03	-5.813455e-03	3.228700e-02	-2.219247e-04	5.572642e-03	2.497790e-04	2.429030e-04
3.704610e+03	-2.902530e-02	1.420409e-02	-2.961127e-04	2.891754e-02	-4.521864e-06	7.668604e-05
3.717000e+03	-2.806615e-02	-1.484472e-02	-1.742713e-04	2.809385e-02	-2.370355e-04	-8.747929e-05
3.729390e+03	-4.145759e-03	-3.085125e-02	8.332468e-05	4.381744e-03	-2.899320e-04	-2.395985e-04
3.741780e+03	2.222545e-02	-2.120246e-02	2.294125e-04	-2.186556e-02	-1.591466e-04	-3.460700e-04
3.754170e+03	2.951736e-02	5.737387e-03	2.309795e-04	-2.918873e-02	8.296859e-05	-3.528288e-04
3.766560e+03	1.248658e-02	2.711762e-02	3.391981e-05	-1.219922e-02	2.229058e-04	-3.092499e-04
3.778950e+03	-1.463215e-02	2.581166e-02	-9.634409e-05	1.482514e-02	1.555917e-04	-1.510508e-04
3.791340e+03	-2.939821e-02	3.133073e-03	-1.758832e-04	2.939822e-02	-3.549323e-05	-3.020670e-05
3.803730e+03	-1.992351e-02	-2.217938e-02	-1.000799e-04	1.977351e-02	-1.432141e-04	1.191148e-04
3.816120e+03	6.191418e-03	-2.889741e-02	3.302488e-05	-6.457596e-03	-1.799180e-04	2.677356e-04
3.828510e+03	2.703765e-02	-1.230523e-02	1.176781e-04	-2.734061e-02	-7.367254e-05	2.786642e-04
3.840900e+03	2.613953e-02	1.464607e-02	9.446477e-05	-2.638415e-02	8.023569e-05	2.559025e-04
3.853290e+03	3.790936e-03	2.999002e-02	-1.198649e-06	-4.021551e-03	9.468475e-05	2.312222e-04
3.865680e+03	-2.167157e-02	2.119235e-02	-1.023475e-04	2.160918e-02	6.008513e-05	1.146262e-04
3.878070e+03	-2.961982e-02	-4.745088e-03	-8.630633e-05	2.956767e-02	-5.519017e-05	1.045457e-06
3.890460e+03	-1.393488e-02	-2.694008e-02	-1.615010e-05	1.413437e-02	-8.990886e-05	-1.649823e-04
3.902850e+03	1.317829e-02	-2.754348e-02	7.769373e-05	-1.293045e-02	-5.410984e-05	-2.494760e-04
3.915240e+03	2.986453e-02	-5.825431e-03	6.594271e-05	-2.958087e-02	-7.407312e-06	-2.715599e-04
3.927630e+03	2.251767e-02	2.014120e-02	-8.975408e-06	-2.232111e-02	6.592644e-05	-2.170936e-04
3.940020e+03	-2.779368e-03	2.966901e-02	-4.305055e-05	2.875425e-03	2.291404e-05	-9.975154e-05
3.952410e+03	-2.569964e-02	1.572939e-02	-8.592049e-05	2.560103e-02	-5.253752e-05	4.153993e-05
3.964800e+03	-2.802716e-02	-1.095521e-02	-1.131172e-05	2.788209e-02	-7.504626e-05	1.206563e-04
3.977190e+03	-8.012116e-03	-2.874984e-02	6.999827e-05	7.809017e-03	-2.478580e-05	2.103012e-04
3.989580e+03	1.772296e-02	-2.351665e-02	9.597148e-05	-1.792182e-02	1.580740e-05	1.915360e-04
4.001970e+03	2.907988e-02	8.609796e-05	3.414107e-05	-2.927988e-02	2.901150e-05	1.939712e-04
4.014360e+03	1.747250e-02	2.303591e-02	-4.421972e-05	-1.760936e-02	4.877476e-05	1.520000e-04
4.026750e+03	-7.714411e-03	2.752579e-02	-8.144268e-05	7.636602e-03	-6.183251e-05	7.234006e-05
4.039140e+03	-2.638854e-02	1.037636e-02	-4.940168e-05	2.638854e-02	-1.093778e-04	1.627072e-07
4.051530e+03	-2.380400e-02	-1.447116e-02	5.259824e-05	2.391697e-02	-1.337773e-04	-6.604175e-05
4.063920e+03	-2.572633e-03	-2.736116e-02	8.837548e-05	2.699555e-03	-8.765892e-05	-1.274459e-04
4.076310e+03	2.098698e-02	-1.626458e-02	7.270149e-05	-2.079214e-02	5.485656e-05	-2.053801e-04
4.088700e+03	2.613725e-02	4.913151e-03	2.050687e-05	-2.603725e-02	5.455900e-05	-9.914900e-05
4.101090e+03	1.163953e-02	2.359597e-02	-5.303752e-05	-1.163432e-02	4.059451e-05	-5.078333e-05
4.113480e+03	-1.156997e-02	2.320186e-02	-9.683479e-05	1.157647e-02	-5.904701e-05	3.665392e-05
4.125870e+03	-2.499688e-02	4.691131e-03	-5.493525e-05	2.489564e-02	-1.242444e-04	6.767068e-05
4.138260e+03	-1.864703e-02	-1.704442e-02	7.299357e-05	1.854703e-02	-1.588949e-04	1.157658e-04
4.150650e+03	2.208529e-03	-2.451077e-02	1.458384e-04	-2.388562e-03	-6.650967e-05	1.782445e-04
4.163040e+03	2.073740e-02	-1.284099e-02	1.222351e-04	-2.092104e-02	4.035623e-05	1.578095e-04
4.175430e+03	2.227498e-02	8.884750e-03	1.535785e-05	-2.237498e-02	1.204210e-04	9.853410e-05
4.187820e+03	6.339766e-03	2.274374e-02	-7.869153e-05	-6.410669e-03	7.952684e-05	6.323226e-05
4.200210e+03	-1.424754e-02	1.839921e-02	-1.109353e-04	1.424776e-02	-7.468986e-05	1.428373e-05
4.212600e+03	-2.260000e-02	-2.645533e-04	-2.641898e-05	2.260000e-02	-1.540988e-04	-4.552914e-05
4.224990e+03	-1.321204e-02	-1.831368e-02	9.666335e-05	1.332101e-02	-1.408921e-04	-8.474446e-05
4.237380e+03	6.668586e-03	-2.126457e-02	1.532575e-04	-6.581389e-03	-4.411383e-05	-8.612373e-05
4.249770e+03	2.083004e-02	-7.378237e-03	1.209380e-04	-2.073004e-02	7.073396e-05	-8.006653e-05
4.262160e+03	1.803536e-02	1.199781e-02	1.167820e-05	-1.793535e-02	1.349856e-04	-3.301045e-05
4.274550e+03	1.350049e-03	2.109069e-02	-7.673993e-05	-1.373714e-03	3.056894e-05	1.684398e-05
4.286940e+03	-1.597902e-02	1.364313e-02	-1.111454e-04	1.587646e-02	-5.286130e-05	7.847350e-05
4.299330e+03	-2.011596e-02	-4.550669e-03	-7.035521e-06	2.001596e-02	-1.401962e-04	8.651928e-05
4.311720e+03	-8.329716e-03	-1.846727e-02	9.432105e-05	8.210902e-03	-1.247565e-04	1.152631e-04
4.324110e+03	9.719571e-03	-1.733166e-02	1.799122e-04	-9.819571e-03	-3.038712e-05	1.030000e-04
4.336500e+03	1.919004e-02	-2.574476e-03	1.133995e-04	-1.918990e-02	6.196317e-05	6.849995e-05
4.348890e+03	1.331892e-02	1.384420e-02	2.155671e-05	-1.333747e-02	6.984196e-05	4.941332e-05
4.361280e+03	-3.098835e-03	1.874276e-02	-5.858464e-05	3.098401e-03	5.342648e-05	-1.329364e-06
4.373670e+03	-1.655788e-02	8.541604e-03	-5.813711e-05	1.666270e-02	-4.671022e-05	-2.591974e-05
4.386060e+03	-1.645093e-02	-8.083729e-03	2.691657e-06	1.645024e-02	-1.221839e-04	-2.603733e-05
4.398450e+03	-3.238387e-03	-1.781384e-02	9.019030e-05	3.268259e-03	-1.343877e-04	-3.126818e-05
4.410840e+03	1.201827e-02	-1.302428e-02	1.344916e-04	-1.202044e-02	-4.056802e-05	-4.098177e-05
4.423230e+03	1.713817e-02	1.828235e-03	1.156910e-04	-1.713817e-02	3.040259e-05	-7.045457e-06
4.435620e+03	8.690812e-03	1.480282e-02	2.651914e-05	-8.721555e-03	7.395387e-05	2.844494e-05
4.448010e+03	-6.530034e-03	1.562551e-02	-3.048164e-05	6.476308e-03	2.510716e-05	5.057408e-05
4.460400e+03	-1.618410e-02	3.994311e-03	-4.714236e-05	1.608490e-02	-5.014944e-05	6.185695e-05
4.472790e+03	-1.265520e-02	-1.025186e-02	1.032660e-05	1.256277e-02	-1.273699e-04	7.035393e-05
4.485180e+03	6.692800e-04	-1.569101e-02	9.123121e-05	-7.301781e-04	-1.038972e-04	6.043144e-05
4.497570e+03	1.281559e-02	-8.799524e-03	1.120127e-04	-1.290988e-02	-2.229296e-05	5.151293e-05
4.509960e+03	1.453204e-02	5.006641e-03	8.924287e-05	-1.453101e-02	3.744119e-05	3.534343e-05
4.522350e+03	4.411462e-03	1.441339e-02	1.385556e-05	-4.436928e-03	4.087907e-05	2.354634e-05
4.534740e+03	-8.581414e-03	1.191157e-02	5.813002e-07	8.563113e-03	-2.944518e-07	1.057416e-05
4.547130e+03	-1.405260e-02	1.587417e-04	-2.907925e-05	1.405260e-02	-4.643391e-05	6.296865e-06
4.559520e+03	-8.573178e-03	-1.107935e-02	1.411138e-05	8.590677e-03	-7.946808e-05	-1.726028e-05
4.571910e+03	3.805001e-03	-1.306287e-02	7.118604e-05	-3.774476e-03	-7.944606e-05	-2.892253e-05
4.584300e+03	1.242105e-02	-4.536559e-03	7.942564e-05	-1.242090e-02	-3.352376e-05	-8.099305e-06
4.596690e+03	1.075196e-02	7.180877e-03	6.576217e-05	-1.075954e-02	5.599836e-06	2.646861e-05
4.609080e+03	5.243356e-04	1.248038e-02	4.289539e-06	-5.562150e-04	-1.187564e-05	3.198118e-05
4.621470e+03	-9.596335e-03	7.691002e-03	1.440338e-06	9.509452e-03	1.858066e-06	7.480362e-05
4.633860e+03	-1.150826e-02	-3.058140e-03	3.556139e-05	1.146974e-02	-4.738175e-05	7.228418e-05
4.646250e+03	-4.262517e-03	-1.088796e-02	3.714167e-05	4.184762e-03	-4.652665e-05	7.899969e-05
4.658640e+03	6.062958e-03	-9.685079e-03	4.940538e-05	-6.115615e-03	-1.606154e-05	5.421159e-05
4.671030e+03	1.108857e-02	-7.626115e-04	7.118956e-05	-1.109016e-02	-1.741120e-05	1.804262e-05
4.683420e+03	6.925869e-03	8.290359e-03	5.548557e-05	-6.945528e-03	-1.776569e-05	1.719907e-05
4.695810e+03	-2.586755e-03	1.019810e-02	2.678712e-05	2.558385e-03	2.342849e-06	2.213888e-05
4.708200e+03	-9.578436e-03	3.844023e-03	3.729168e-06	9.535243e-03	-1.595605e-05	5.187590e-05
4.720590e+03	-8.508547e-03	-5.412318e-03	5.360233e-05	8.485345e-03	-5.046829e-05	1.748915e-05
4.732980e+03	-6.310062e-04	-9.708687e-03	6.973686e-05	5.909492e-04	-3.787644e-05	4.460515e-05
4.745370e+03	7.426186e-03	-6.101838e-03	5.423859e-05	-7.462334e-03	-5.698271e-06	2.807871e-05
4.757760e+03	9.183509e-03	2.434850e-03	3.538214e-05	-9.218660e-03	1.731029e-05	3.036077e-05
4.770150e+03	3.280680e-03	8.697091e-03	-5.745870e-07	-3.310830e-03	1.764682e-06	3.242879e-05
4.782540e+03	-5.014900e-03	7.653294e-03	6.758124e-06	4.992657e-03	-4.156530e-05	2.668689e-05
4.794930e+03	-9.047075e-03	4.387422e-04	2.536867e-05	8.997075e-03	-4.371732e-05	4.401192e-05
4.807320e+03	-5.606131e-03	-6.918615e-03	6.121005e-05	5.559763e-03	-5.193040e-05	5.480699e-05
4.819710e+03	2.240028e-03	-8.527262e-03	9.669770e-05	-2.280023e-03	-4.982124e-06	4.440165e-05
4.832100e+03	8.128784e-03	-3.123793e-03	6.011725e-05	-8.158433e-03	2.754140e-05	4.706182e-05
4.844490e+03	7.227017e-03	4.651455e-03	1.946671e-05	-7.296213e-03	3.743825e-05	6.039067e-05
4.856880e+03	5.108412e-04	8.462487e-03	-1.422521e-05	-5.302387e-04	-1.350292e-05	1.923923e-05
4.869270e+03	-6.462956e-03	5.435967e-03	-6.284214e-06	6.444548e-03	-4.579487e-05	1.615063e-05
4.881660e+03	-8.171136e-03	-1.918542e-03	3.689200e-05	8.099720e-03	-8.169940e-05	6.309400e-05
4.894050e+03	-3.318414e-03	-7.662097e-03	6.736085e-05	3.263660e-03	-5.703485e-05	4.555964e-05
4.906440e+03	4.062372e-03	-7.188132e-03	9.103744e-05	-4.112675e-03	7.581642e-06	4.875192e-05
4.918830e+03	8.019843e-03	-1.038762e-03	5.566329e-05	-8.059854e-03	5.178214e-06	3.841206e-05
4.931220e+03	5.577438e-03	5.765076e-03	-1.250788e-05	-5.619390e-03	3.454848e-05	4.205004e-05
4.943610e+03	-1.270734e-03	7.823846e-03	-4.113121e-05	1.225365e-03	5.078456e-06	4.448953e-05
4.956000e+03	-6.928107e-03	3.731968e-03	-4.569640e-05	6.838799e-03	-7.263298e-05	8.500875e-05
4.968390e+03	-7.069467e-03	-3.199245e-03	6.263610e-06	7.024085e-03	-9.748875e-05	5.260163e-05
4.980780e+03	-1.734458e-03	-7.414729e-03	3.422576e-05	1.715780e-03	-7.405993e-05	2.311358e-05
4.993170e+03	4.788139e-03	-5.794374e-03	7.913336e-05	-4.837710e-03	-4.157534e-05	4.862048e-05
5.005560e+03	7.357504e-03	2.567203e-04	5.628686e-05	-7.417330e-03	1.493833e-05	6.067968e-05
5.017950e+03	3.753772e-03	6.098463e-03	9.861925e-06	-3.782733e-03	-2.276429e-06	3.608300e-05
5.030340e+03	-2.160830e-03	6.888769e-03	-3.498555e-05	2.130862e-03	-9.899385e-06	3.440895e-05
5.042730e+03	-6.613386e-03	2.425527e-03	-2.102422e-05	6.563285e-03	-7.653591e-05	4.206863e-05
5.055120e+03	-5.863866e-03	-3.687090e-03	3.034797e-05	5.825573e-03	-7.430708e-05	3.797067e-05
5.067510e+03	-6.222294e-04	-6.675317e-03	6.717847e-05	5.835998e-04	-7.630364e-05	3.670530e-05
5.079900e+03	4.825316e-03	-4.542587e-03	8.857978e-05	-4.876075e-03	-2.978449e-05	5.474768e-05
5.092290e+03	6.352443e-03	1.136573e-03	4.658862e-05	-6.404215e-03	2.642381e-05	5.106111e-05
5.104680e+03	2.967090e-03	5.667650e-03	3.074583e-06	-3.015596e-03	1.206201e-05	5.259218e-05
5.117070e+03	-2.617954e-03	5.739935e-03	-3.126505e-05	2.566889e-03	-2.455796e-05	4.942909e-05
5.129460e+03	-5.987120e-03	1.484198e-03	-2.080023e-05	5.924684e-03	-5.482194e-05	5.585477e-05
5.141850e+03	-4.745467e-03	-3.737938e-03	3.202883e-05	4.685112e-03	-7.797047e-05	6.155253e-05
5.154240e+03	-1.677832e-05	-5.869503e-03	6.562831e-05	-2.770186e-05	-7.718564e-05	4.409732e-05
5.166630e+03	4.478123e-03	-3.520183e-03	6.269095e-05	-4.528705e-03	-2.653011e-05	4.492677e-05
5.179020e+03	5.415315e-03	1.401723e-03	4.947374e-05	-5.445917e-03	-6.888102e-07	3.788672e-05
5.191410e+03	2.112483e-03	4.986121e-03	-3.799710e-06	-2.182701e-03	-8.243655e-06	6.421605e-05
5.203800e+03	-2.593356e-03	4.652924e-03	-1.936975e-05	2.523540e-03	-1.290993e-05	7.335330e-05
5.216190e+03	-5.089298e-03	7.578691e-04	3.060445e-06	5.006575e-03	-4.830742e-05	8.440896e-05
5.228580e+03	-3.652350e-03	-3.462659e-03	2.550795e-05	3.568008e-03	-8.298562e-05	8.759304e-05
5.240970e+03	4.367504e-04	-4.845022e-03	5.777466e-05	-5.186042e-04	-4.793918e-05	8.200731e-05
5.253360e+03	3.994088e-03	-2.442444e-03	5.451109e-05	-4.064777e-03	-2.921825e-05	7.399121e-05
5.265750e+03	4.242547e-03	1.690339e-03	3.553051e-05	-4.313295e-03	8.203366e-06	7.357188e-05
5.278140e+03	1.210667e-03	4.297826e-03	1.244776e-05	-1.262919e-03	2.530403e-06	5.178743e-05
5.290530e+03	-2.591571e-03	3.532742e-03	1.213202e-05	2.540945e-03	-1.878248e-05	5.347104e-05
5.302920e+03	-4.255406e-03	1.275489e-04	-9.487272e-06	4.204192e-03	-4.633785e-05	5.166894e-05
5.315310e+03	-2.671419e-03	-3.206807e-03	2.115498e-05	2.601331e-03	-5.989682e-05	6.785928e-05
5.327700e+03	8.754824e-04	-3.916132e-03	4.944047e-05	-9.246046e-04	-5.639703e-05	5.394997e-05
5.340090e+03	3.578625e-03	-1.641053e-03	6.228594e-05	-3.638843e-03	-2.979432e-05	5.793058e-05
5.352480e+03	3.362828e-03	1.787288e-03	3.407382e-05	-3.442154e-03	-6.394973e-06	7.812111e-05
5.364870e+03	5.987557e-04	3.635974e-03	2.255489e-05	-6.662355e-04	-3.824595e-06	6.581925e-05
5.377260e+03	-2.478092e-03	2.643394e-03	1.525414e-05	2.428056e-03	-1.470812e-05	5.088919e-05
5.389650e+03	-3.509691e-03	-3.582322e-04	4.304409e-06	3.439691e-03	-4.871002e-05	7.016697e-05
5.402040e+03	-1.820675e-03	-2.908763e-03	2.332892e-05	1.745490e-03	-5.420835e-05	7.313237e-05
5.414430e+03	1.143089e-03	-3.101393e-03	4.428947e-05	-1.201956e-03	-5.021200e-05	6.276746e-05
5.426820e+03	2.988689e-03	-9.324622e-04	3.130511e-05	-3.039438e-03	-1.903795e-05	6.862336e-05
5.439210e+03	2.512066e-03	1.810230e-03	2.804152e-05	-2.570366e-03	-1.197543e-06	6.310000e-05
5.451600e+03	1.441425e-05	2.939998e-03	1.219506e-05	-9.466493e-05	-3.109967e-05	8.014933e-05
5.463990e+03	-2.325227e-03	1.790723e-03	1.806088e-05	2.255182e-03	-3.489849e-05	7.215048e-05
5.476380e+03	-2.781026e-03	-6.953918e-04	3.007064e-05	2.714770e-03	-4.838859e-05	6.938075e-05
5.488770e+03	-1.117355e-03	-2.544102e-03	4.731291e-05	1.042177e-03	-3.776562e-05	7.492521e-05
5.501160e+03	1.286291e-03	-2.326523e-03	4.161707e-05	-1.338011e-03	-2.339074e-05	5.327453e-05
5.513550e+03	2.519977e-03	-3.358294e-04	3.319716e-05	-2.569975e-03	-6.662540e-06	5.639706e-05
5.525940e+03	1.695849e-03	1.747521e-03	1.724693e-05	-1.760304e-03	-5.241658e-06	6.524883e-05
5.538330e+03	-4.063801e-04	2.351264e-03	-5.079050e-06	3.425454e-04	-2.605070e-05	6.353600e-05
5.550720e+03	-2.110869e-03	1.113653e-03	-3.357817e-07	2.025464e-03	-5.034872e-05	8.096512e-05
5.563110e+03	-2.132618e-03	-9.407906e-04	2.047932e-05	2.042499e-03	-5.097680e-05	8.332070e-05
5.575500e+03	-4.787142e-04	-2.048610e-03	-9.485013e-05	4.386524e-04	1.799204e-04	3.921523e-05
5.587890e+03	1.315952e-03	-1.652051e-03	4.625389e-05	-1.388072e-03	-2.702537e-05	7.283683e-05
5.600280e+03	1.971867e-03	4.821718e-05	4.808791e-05	-2.029630e-03	-2.087115e-05	5.971858e-05
5.612670e+03	1.068512e-03	1.564902e-03	3.869533e-05	-1.135060e-03	-7.408624e-06	6.218577e-05
5.625060e+03	-6.321509e-04	1.736693e-03	3.134351e-05	5.715999e-04	-2.541220e-06	6.058357e-05
5.637450e+03	-1.741169e-03	5.296301e-04	4.580993e-06	1.670099e-03	-3.619787e-05	6.926478e-05
5.649840e+03	-1.433499e-03	-1.038294e-03	1.165469e-05	1.357423e-03	-6.666120e-05	7.499654e-05
5.662230e+03	-5.375686e-05	-1.664736e-03	3.311880e-05	-1.074813e-05	-5.628010e-05	6.462273e-05
5.674620e+03	1.227658e-03	-9.856450e-04	4.647249e-05	-1.287485e-03	-5.083629e-05	7.183596e-05
5.687010e+03	1.452002e-03	4.199126e-04	4.000032e-05	-1.511660e-03	-2.744795e-05	6.170748e-05
5.699400e+03	4.871946e-04	1.396663e-03	3.984473e-05	-5.405546e-04	-2.931574e-05	5.247179e-05
5.711790e+03	-8.342720e-04	1.172887e-03	1.588625e-05	7.627543e-04	-1.262893e-05	7.195405e-05
5.724180e+03	-1.405587e-03	3.335221e-05	2.164456e-05	1.357995e-03	-2.864375e-05	4.446250e-05
5.736570e+03	-8.990869e-04	-1.106259e-03	1.912149e-05	8.209853e-04	-4.619506e-05	7.773392e-05
5.748960e+03	3.643660e-04	-1.309734e-03	-5.849128e-06	-3.714300e-04	-1.179980e-04	6.192092e-06
5.761350e+03	1.167165e-03	-4.944534e-04	3.516328e-05	-1.249053e-03	-3.133345e-05	8.245586e-05
5.773740e+03	1.051577e-03	6.024425e-04	3.888178e-05	-1.103356e-03	-3.228696e-05	5.996444e-05
5.786130e+03	9.643873e-05	1.164836e-03	2.041734e-05	-1.413824e-04	-2.588462e-05	4.470681e-05
5.798520e+03	-8.777887e-04	7.476615e-04	9.899812e-06	8.202612e-04	-3.088658e-05	5.797382e-05
5.810910e+03	-1.101697e-03	-2.668092e-04	-1.968532e-06	1.024041e-03	-4.354210e-05	7.255997e-05
5.823300e+03	-4.367806e-04	-9.919350e-04	2.711933e-05	3.807766e-04	-4.691250e-05	5.556579e-05
5.835690e+03	4.686753e-04	-9.001193e-04	2.943802e-05	-5.343495e-04	-5.417101e-05	6.538912e-05
5.848080e+03	9.377259e-04	-1.251576e-04	4.411954e-05	-1.005681e-03	-4.226757e-05	6.970375e-05
5.860470e+03	5.988250e-04	6.968459e-04	4.451309e-05	-6.629962e-04	-3.473891e-05	6.441286e-05
5.872860e+03	-2.070096e-04	8.988030e-04	3.243455e-05	1.429545e-04	-2.222272e-05	6.391073e-05
5.885250e+03	-8.143539e-04	3.537008e-04	2.163468e-05	7.531090e-04	-2.446075e-05	6.132695e-05
5.897640e+03	-7.686375e-04	-3.906418e-04	9.688452e-06	7.136069e-04	-3.019437e-05	5.715455e-05
5.910030e+03	-1.512123e-04	-8.067406e-04	1.658967e-05	1.003550e-04	-4.547128e-05	5.160384e-05
5.922420e+03	5.249691e-04	-6.011118e-04	2.255843e-05	-5.944835e-04	-4.633438e-05	7.075499e-05
5.934810e+03	7.229667e-04	5.512037e-05	3.682896e-05	-7.759730e-04	-4.329877e-05	5.336172e-05
5.947200e+03	3.095725e-04	6.223748e-04	3.744521e-05	-3.756737e-04	-2.890838e-05	6.550284e-05
5.959590e+03	-2.715572e-04	6.133797e-04	3.607787e-05	2.164028e-04	-2.621973e-05	5.666525e-05
5.971980e+03	-6.482489e-04	1.022246e-04	2.457047e-05	5.877683e-04	-2.148167e-05	6.076597e-05
5.984370e+03	-4.856417e-04	-4.014604e-04	2.130168e-05	4.149239e-04	-3.930952e-05	7.041242e-05
5.996760e+03	3.583636e-05	-5.989720e-04	2.219622e-05	-9.075050e-05	-5.319320e-05	5.490909e-05
6.009150e+03	4.519385e-04	-3.005965e-04	3.222935e-05	-5.177309e-04	-5.406772e-05	6.562598e-05
6.021540e+03	4.280289e-04	1.501380e-04	4.450915e-05	-4.873682e-04	-5.650260e-05	5.910586e-05
6.033930e+03	7.639847e-05	4.425644e-04	5.765815e-05	-1.266635e-04	-2.821654e-05	5.068024e-05
6.046320e+03	-3.405478e-04	3.130883e-04	5.237655e-05	2.819554e-04	-1.247762e-05	5.728054e-05
6.058710e+03	-4.734782e-04	-7.209699e-05	3.507315e-05	4.241873e-04	-1.642609e-05	4.912089e-05
6.071100e+03	-2.184990e-04	-4.100183e-04	1.153833e-05	1.514949e-04	-1.269819e-05	6.697827e-05
6.083490e+03	1.370224e-04	-3.819502e-04	1.576285e-06	-2.041007e-04	-3.885264e-05	6.722325e-05
6.095880e+03	3.367459e-04	-8.697641e-05	2.152824e-05	-4.072550e-04	-5.543025e-05	7.213602e-05
6.108270e+03	2.085100e-04	2.112039e-04	3.669453e-05	-2.766488e-04	-5.808683e-05	6.773177e-05
6.120660e+03	-4.364184e-05	2.891595e-04	6.180046e-05	-1.116526e-05	-3.922101e-05	5.500025e-05
6.133050e+03	-2.920955e-04	9.081661e-05	5.437972e-05	2.360692e-04	-2.818221e-05	5.581078e-05
6.145440e+03	-2.298704e-04	-1.830302e-04	4.721136e-05	1.873053e-04	-5.498440e-06	4.349031e-05
6.157830e+03	-3.110300e-05	-2.671518e-04	2.489178e-05	-2.043500e-05	-9.288508e-06	5.131322e-05
6.170220e+03	1.660212e-04	-1.644583e-04	9.555988e-06	-2.342706e-04	-2.739106e-05	6.680439e-05
6.182610e+03	2.056367e-04	7.761101e-05	2.506731e-05	-2.537727e-04	-3.566640e-05	4.821693e-05
6.195000e+03	3.204618e-05	2.170480e-04	3.226992e-05	-8.604766e-05	-6.589436e-05	5.398348e-05
6.207390e+03	-1.708424e-04	1.217301e-04	5.239428e-05	1.264906e-04	-4.656837e-05	4.488413e-05
6.219780e+03	-2.208486e-04	-6.899387e-05	5.725040e-05	1.714243e-04	-2.275187e-05	4.915570e-05
6.232170e+03	-9.244925e-05	-2.452784e-04	4.433017e-05	3.617773e-05	-4.750302e-06	5.660657e-05
6.244560e+03	1.031684e-04	-2.289006e-04	2.208210e-05	-1.669966e-04	-1.167074e-05	6.390423e-05
6.256950e+03	2.405275e-04	-2.785477e-05	1.668812e-05	-3.184145e-04	-3.246144e-05	7.775924e-05
6.269340e+03	1.641537e-04	1.603702e-04	2.159786e-05	-2.214660e-04	-4.339684e-05	5.832544e-05
6.281730e+03	-4.053301e-05	2.297890e-04	2.207383e-05	-1.986243e-05	-4.737171e-05	6.080290e-05
6.294120e+03	-1.904226e-04	1.083776e-04	4.330645e-05	1.381130e-04	-4.641943e-05	5.201757e-05
6.306510e+03	-1.877881e-04	-9.447977e-05	5.850611e-05	1.410631e-04	-2.365286e-05	4.752277e-05
6.318900e+03	-6.439834e-05	-1.777024e-04	4.570250e-05	7.202802e-06	-2.487522e-05	5.728417e-05
6.331290e+03	7.802890e-05	-1.157593e-04	2.003143e-05	-1.460792e-04	-1.134901e-05	6.819943e-05
6.343680e+03	1.209262e-04	-4.336738e-06	1.297980e-05	-1.885617e-04	-2.334300e-05	6.822102e-05
6.356070e+03	-1.035247e-05	1.275387e-04	1.283419e-05	-6.282359e-05	-4.008696e-05	7.130625e-05
6.368460e+03	-1.179617e-04	7.714855e-05	2.084229e-05	6.997767e-05	-5.093182e-05	4.813264e-05
6.380850e+03	-1.721076e-04	-4.891410e-05	3.500510e-05	1.136379e-04	-4.627529e-05	5.849973e-05
6.393240e+03	-6.878757e-05	-1.649642e-04	5.836239e-05	3.160553e-05	-3.468762e-05	3.733970e-05
6.405630e+03	8.631773e-05	-1.407462e-04	5.789124e-05	-1.374600e-04	-4.497208e-06	5.164305e-05
6.418020e+03	1.666477e-04	6.236127e-06	2.549113e-05	-2.346235e-04	-2.365193e-06	6.716467e-05
6.430410e+03	9.081373e-05	1.559166e-04	4.797677e-06	-1.628074e-04	-1.079407e-05	7.143991e-05
6.442800e+03	-8.736858e-05	1.805180e-04	1.137459e-05	1.131250e-05	-2.982083e-05	7.589682e-05
6.455190e+03	-2.052204e-04	8.765822e-05	1.381612e-05	1.438352e-04	-4.532604e-05	6.372676e-05
6.467580e+03	-2.220250e-04	-8.763373e-05	3.101482e-05	1.474748e-04	-4.335832e-05	7.471499e-05
6.479970e+03	-1.220632e-04	-1.887675e-04	5.028886e-05	6.977603e-05	-3.132495e-05	5.297490e-05
