1.300950e+03	1.050000e-01	-1.028530e-02	5.829594e-05	-1.050000e-01	-9.762739e-06	-1.017358e-04
1.313340e+03	1.031567e-01	1.931893e-02	1.898158e-05	-1.031326e-01	4.075053e-05	1.376576e-04
1.325730e+03	9.520213e-02	4.496541e-02	4.745183e-05	-9.572023e-02	-3.930688e-05	4.940461e-04
1.338120e+03	7.870556e-02	6.767214e-02	1.725560e-05	-7.840530e-02	1.492820e-05	-2.525686e-04
1.350510e+03	5.824011e-02	8.617320e-02	1.839820e-05	-5.804019e-02	4.355999e-05	-1.799911e-04
1.362900e+03	3.240015e-02	9.886066e-02	-4.419940e-05	-3.250100e-02	2.944957e-05	1.572934e-04
1.375290e+03	5.269554e-03	1.040000e-01	6.632928e-05	-5.484470e-03	-4.578047e-05	2.107484e-04
1.387680e+03	-2.254361e-02	1.018967e-01	7.472373e-06	2.214521e-02	-1.576588e-05	4.024088e-04
1.400070e+03	-4.940475e-02	9.155799e-02	-6.823907e-05	4.910989e-02	1.742860e-05	3.131618e-04
1.412460e+03	-7.171072e-02	7.553731e-02	-3.973096e-05	7.150672e-02	2.250733e-07	1.485879e-04
1.424850e+03	-8.926329e-02	5.358040e-02	5.327138e-05	8.896233e-02	6.393318e-06	2.921561e-04
1.437240e+03	-1.013614e-01	2.772923e-02	2.066843e-05	1.012680e-01	-4.712634e-06	5.447889e-04
1.449630e+03	-1.049838e-01	-7.622264e-04	-2.793672e-05	1.039838e-01	5.661889e-06	5.620385e-04
1.462020e+03	-1.005643e-01	-2.952879e-02	-2.070704e-05	9.960469e-02	-1.001067e-05	2.950277e-04
1.474410e+03	-8.850739e-02	-5.500287e-02	1.519998e-05	8.819082e-02	-5.264455e-06	3.769819e-04
1.486800e+03	-7.063362e-02	-7.666718e-02	-2.294186e-05	7.034755e-02	-1.542684e-05	2.649648e-04
1.499190e+03	-4.761566e-02	-9.353228e-02	-1.921844e-05	4.699589e-02	-3.144892e-05	5.454445e-04
1.511580e+03	-2.036701e-02	-1.024238e-01	7.792862e-05	1.986436e-02	5.039570e-05	5.028744e-04
1.523970e+03	8.613703e-03	-1.048991e-01	-2.025643e-05	-9.090136e-03	2.550881e-06	4.658198e-04
1.536360e+03	3.642784e-02	-9.838163e-02	3.482787e-05	-3.681286e-02	5.587168e-05	4.028335e-04
1.548750e+03	6.252465e-02	-8.494862e-02	-3.397408e-05	-6.308456e-02	-3.833655e-05	4.946435e-04
1.561140e+03	8.348158e-02	-6.468628e-02	-3.279715e-05	-8.406983e-02	-9.512725e-05	5.534816e-04
1.573530e+03	9.841525e-02	-3.837495e-02	1.806811e-05	-9.879586e-02	6.622570e-05	2.693606e-04
1.585920e+03	1.063727e-01	-9.638553e-03	-7.385251e-06	-1.063587e-01	3.365226e-05	3.692706e-04
1.598310e+03	1.043552e-01	2.094770e-02	-3.889184e-05	-1.053342e-01	2.332305e-05	3.020783e-04
1.610700e+03	9.510867e-02	5.013292e-02	-3.161801e-05	-9.543837e-02	3.867085e-05	3.095221e-04
1.623090e+03	7.699391e-02	7.529495e-02	-7.078472e-05	-7.732950e-02	7.241042e-05	3.481626e-04
1.635480e+03	5.257354e-02	9.413019e-02	-2.933586e-05	-5.292004e-02	4.701406e-05	3.374679e-04
1.647870e+03	2.341771e-02	1.063035e-01	-1.415769e-05	-2.362236e-02	-5.090442e-05	1.485483e-04
1.660260e+03	-7.808208e-03	1.080000e-01	-6.884420e-05	7.798467e-03	2.771617e-05	6.761059e-06
1.672650e+03	-3.935227e-02	1.022748e-01	1.858669e-05	3.917626e-02	-6.521420e-05	1.601658e-04
1.685040e+03	-6.808831e-02	8.666182e-02	1.329398e-05	6.794489e-02	-2.445793e-05	1.603497e-04
1.697430e+03	-9.107775e-02	6.290545e-02	-1.816802e-05	9.100761e-02	-4.945089e-05	4.251476e-05
1.709820e+03	-1.062473e-01	3.289159e-02	-4.537668e-06	1.062583e-01	8.053649e-06	-3.392380e-05
1.722210e+03	-1.110000e-01	-2.732441e-04	7.467513e-05	1.115602e-01	9.006540e-07	-1.762702e-04
1.734600e+03	-1.072859e-01	-3.471074e-02	-6.480126e-06	1.071667e-01	-7.247421e-06	3.971136e-05
1.746990e+03	-9.203210e-02	-6.615659e-02	8.786370e-05	9.193992e-02	5.397107e-05	9.345975e-05
1.759380e+03	-6.709064e-02	-9.164513e-02	3.888458e-05	6.704856e-02	5.065086e-05	-1.710401e-05
1.771770e+03	-3.555560e-02	-1.081451e-01	-7.888973e-05	3.587209e-02	-6.264438e-06	-3.076107e-04
1.784160e+03	-2.691625e-04	-1.140000e-01	-4.858146e-05	5.124308e-04	-5.757180e-06	-2.590332e-04
1.796550e+03	3.591003e-02	-1.087225e-01	1.889720e-06	-3.544776e-02	2.248776e-05	-4.782980e-04
1.808940e+03	6.886545e-02	-9.300355e-02	-5.105051e-05	-6.857466e-02	-5.364065e-05	-3.124777e-04
1.821330e+03	9.537662e-02	-6.696813e-02	1.693360e-05	-9.529144e-02	-2.395149e-05	-1.635423e-04
1.833720e+03	1.121294e-01	-3.234957e-02	-1.156991e-06	-1.121294e-01	-3.289085e-05	-2.245815e-04
1.846110e+03	1.170000e-01	6.434022e-03	5.806207e-05	-1.165963e-01	-9.029020e-06	-3.594578e-04
1.858500e+03	1.089727e-01	4.377362e-02	2.178569e-05	-1.085921e-01	1.515736e-05	-6.251643e-04
1.870890e+03	8.923969e-02	7.735289e-02	3.024966e-05	-8.896146e-02	4.442589e-05	-2.761504e-04
1.883280e+03	5.880159e-02	1.029345e-01	3.121520e-05	-5.854599e-02	3.261459e-05	-2.715191e-04
1.895670e+03	2.156542e-02	1.172166e-01	-6.152079e-05	-2.138371e-02	6.133910e-05	-1.629674e-04
1.908060e+03	-1.825438e-02	1.178062e-01	-7.214705e-06	1.867507e-02	1.553043e-05	-4.286436e-04
1.920450e+03	-5.643538e-02	1.043906e-01	-4.591441e-05	5.703016e-02	3.464919e-05	-6.492140e-04
1.932840e+03	-8.883906e-02	7.960391e-02	-7.142743e-05	8.931574e-02	1.838191e-05	-4.057963e-04
1.945230e+03	-1.116631e-01	4.539854e-02	-8.562174e-07	1.116586e-01	2.419783e-05	-2.253413e-04
1.957620e+03	-1.208941e-01	4.091230e-03	3.969977e-05	1.208941e-01	1.232388e-05	1.070140e-05
1.970010e+03	-1.147369e-01	-3.692452e-02	5.953627e-05	1.147369e-01	-2.548138e-06	-2.258402e-04
1.982400e+03	-9.462339e-02	-7.370751e-02	3.149431e-05	9.500235e-02	5.422585e-06	-3.769176e-04
1.994790e+03	-6.368546e-02	-1.015232e-01	-6.269032e-05	6.408454e-02	-4.077100e-06	-4.761073e-04
2.007180e+03	-2.507266e-02	-1.179729e-01	-8.604113e-06	2.537333e-02	-1.339824e-04	-3.035847e-04
2.019570e+03	1.643756e-02	-1.189562e-01	-1.239213e-05	-1.623965e-02	-7.187902e-05	-1.937338e-04
2.031960e+03	5.656179e-02	-1.064513e-01	-1.214793e-06	-5.636064e-02	-9.725873e-05	-2.217942e-04
2.044350e+03	8.989721e-02	-8.022325e-02	1.186133e-04	-8.963788e-02	8.401749e-05	-2.327535e-04
2.056740e+03	1.120190e-01	-4.425021e-02	1.017894e-04	-1.120696e-01	8.129283e-05	-6.426400e-05
2.069130e+03	1.209622e-01	-2.647242e-03	6.940794e-05	-1.200000e-01	5.759355e-05	-9.006209e-05
2.081520e+03	1.146012e-01	3.967955e-02	1.326307e-05	-1.145983e-01	1.593931e-04	-4.083587e-05
2.093910e+03	9.319537e-02	7.674944e-02	-4.104567e-05	-9.333975e-02	1.971016e-04	1.794357e-04
2.106300e+03	6.065506e-02	1.048695e-01	-8.137154e-05	-6.069689e-02	4.011209e-05	6.363290e-05
2.118690e+03	2.027660e-02	1.193279e-01	-8.177296e-05	-2.031205e-02	5.387294e-05	6.149072e-05
2.131080e+03	-2.250379e-02	1.190559e-01	-1.207478e-04	2.247733e-02	-1.649010e-05	4.583512e-05
2.143470e+03	-6.252983e-02	1.037734e-01	-1.314807e-04	6.245615e-02	-9.492308e-06	9.243959e-05
2.155860e+03	-9.505788e-02	7.521534e-02	-1.203681e-04	9.500750e-02	-9.728116e-05	1.551818e-04
2.168250e+03	-1.151321e-01	3.680947e-02	-4.200748e-05	1.151321e-01	-1.070899e-04	1.348760e-04
2.180640e+03	-1.213314e-01	-6.410283e-03	6.214892e-05	1.213314e-01	-1.104557e-04	2.472043e-04
2.193030e+03	-1.117348e-01	-4.883490e-02	8.570877e-05	1.117639e-01	-5.918159e-05	2.707573e-04
2.205420e+03	-8.670372e-02	-8.550447e-02	9.223784e-05	8.637453e-02	-7.122051e-05	2.977168e-04
2.217810e+03	-5.079529e-02	-1.105852e-01	1.133928e-04	5.031563e-02	-4.090593e-05	3.961704e-04
2.230200e+03	-8.016046e-03	-1.216780e-01	8.624075e-05	7.963132e-03	-3.514057e-05	7.247179e-05
2.242590e+03	3.561060e-02	-1.162477e-01	6.563893e-05	-3.580729e-02	-5.352402e-05	1.697095e-04
2.254980e+03	7.552340e-02	-9.611819e-02	1.243167e-04	-7.581730e-02	3.196087e-05	3.412556e-04
2.267370e+03	1.051798e-01	-6.306478e-02	8.510733e-05	-1.061702e-01	6.832157e-05	5.566714e-04
2.279760e+03	1.215437e-01	-1.988944e-02	7.426453e-05	-1.213990e-01	1.448547e-04	3.618924e-04
2.292150e+03	1.207319e-01	2.590031e-02	3.014149e-05	-1.208913e-01	1.346213e-04	3.155184e-04
2.304540e+03	1.025782e-01	6.836899e-02	-4.966700e-05	-1.026772e-01	1.270817e-04	1.231938e-04
2.316930e+03	7.084275e-02	1.018273e-01	-4.791603e-05	-7.104428e-02	-7.200219e-06	1.750583e-04
2.329320e+03	2.754337e-02	1.217567e-01	-1.391806e-04	-2.774590e-02	1.575823e-05	2.117268e-04
2.341710e+03	-2.029720e-02	1.230499e-01	-3.148493e-04	1.999549e-02	5.344230e-05	3.384266e-04
2.354100e+03	-6.541350e-02	1.077115e-01	-2.397189e-04	6.531453e-02	-4.167783e-05	9.905423e-05
2.366490e+03	-1.020023e-01	7.486794e-02	-1.115372e-04	1.019508e-01	-1.894623e-04	1.198023e-05
2.378880e+03	-1.237638e-01	3.028629e-02	3.011282e-05	1.236626e-01	-1.657343e-04	1.541808e-04
2.391270e+03	-1.266167e-01	-2.020745e-02	4.241844e-05	1.256711e-01	-1.394564e-04	2.836430e-04
2.403660e+03	-1.084011e-01	-6.835391e-02	6.884424e-05	1.083591e-01	-1.311941e-04	3.326143e-04
2.416050e+03	-7.384209e-02	-1.065996e-01	2.228430e-04	7.366911e-02	-7.821473e-07	1.632397e-04
2.428440e+03	-2.540058e-02	-1.276942e-01	1.158197e-04	2.533729e-02	1.141215e-05	5.048737e-05
2.440830e+03	2.819792e-02	-1.276528e-01	1.222547e-04	-2.834422e-02	-3.204583e-05	1.604264e-04
2.453220e+03	7.814824e-02	-1.059110e-01	1.193922e-04	-7.815622e-02	2.770945e-05	9.694123e-05
2.465610e+03	1.150462e-01	-6.510243e-02	1.479599e-04	-1.161862e-01	1.380487e-04	1.844698e-04
2.478000e+03	1.331343e-01	-1.095133e-02	1.014266e-04	-1.331180e-01	1.744407e-04	1.364912e-04
2.490390e+03	1.259533e-01	4.700893e-02	-5.937910e-06	-1.265301e-01	1.993723e-04	5.060153e-05
2.502780e+03	9.460031e-02	9.592249e-02	-1.225861e-04	-9.473164e-02	2.684432e-04	2.011505e-04
2.515170e+03	4.389925e-02	1.286418e-01	-1.660024e-04	-4.401348e-02	1.536354e-04	1.094102e-04
2.527560e+03	-1.653698e-02	1.363677e-01	-3.251331e-04	1.630435e-02	5.391383e-05	2.437466e-04
2.539950e+03	-7.630029e-02	1.157627e-01	-2.160090e-04	7.612224e-02	-1.117338e-04	1.863732e-04
2.552340e+03	-1.215384e-01	7.043577e-02	-3.451675e-05	1.215390e-01	-2.354072e-04	-7.341191e-05
2.564730e+03	-1.409975e-01	7.092918e-03	6.380385e-05	1.409975e-01	-2.346123e-04	3.557437e-04
2.577120e+03	-1.302788e-01	-5.979727e-02	1.854783e-04	1.302579e-01	-1.541236e-04	3.813426e-04
2.589510e+03	-8.724303e-02	-1.148949e-01	1.932562e-04	8.696249e-02	-6.191072e-05	2.843057e-04
2.601900e+03	-2.143499e-02	-1.439768e-01	1.663380e-04	2.096496e-02	-1.284283e-04	4.731363e-04
2.614290e+03	5.170290e-02	-1.381255e-01	1.995132e-04	-5.214245e-02	5.647765e-05	4.758726e-04
2.626680e+03	1.141533e-01	-9.514814e-02	1.615960e-04	-1.151758e-01	4.598356e-05	7.146235e-04
2.639070e+03	1.487917e-01	-2.287415e-02	1.593449e-04	-1.497917e-01	1.539460e-04	1.038808e-03
2.651460e+03	1.404044e-01	5.905223e-02	-3.115336e-05	-1.413658e-01	3.953476e-04	1.230320e-03
2.663850e+03	8.743568e-02	1.264023e-01	-2.240000e-04	-8.923619e-02	3.110675e-04	1.512404e-03
2.676240e+03	1.715966e-03	1.544928e-01	-4.934349e-04	-2.883450e-03	2.437109e-04	1.203444e-03
2.688630e+03	-8.789402e-02	1.282678e-01	-4.638633e-04	8.670920e-02	-2.950625e-05	1.164408e-03
2.701020e+03	-1.449129e-01	5.176378e-02	1.178841e-04	1.440388e-01	-3.046661e-04	1.220822e-03
2.713410e+03	-1.446530e-01	-4.776359e-02	2.915667e-04	1.446530e-01	-3.493021e-04	5.464093e-04
2.725800e+03	-7.995344e-02	-1.246023e-01	3.946032e-04	7.986297e-02	-1.307427e-04	6.563037e-05
2.738190e+03	2.120567e-02	-1.382966e-01	5.059747e-04	-1.999809e-02	7.398118e-05	-1.063580e-03
2.750580e+03	1.019984e-01	-8.511449e-02	5.970951e-04	-1.039699e-01	6.083181e-04	2.034359e-03
2.762970e+03	1.207284e-01	1.132061e-02	2.093919e-04	-1.194366e-01	7.087325e-04	-1.161965e-03
2.775360e+03	6.525974e-02	7.579334e-02	-3.531520e-04	-6.370232e-02	9.642019e-05	-1.521461e-03
2.787750e+03	-6.678138e-03	7.686501e-02	-1.683151e-04	9.691789e-03	5.338445e-04	-3.067838e-03
2.800140e+03	-4.121759e-02	3.198620e-02	-4.429613e-05	4.263033e-02	4.311590e-04	-1.380806e-03
2.812530e+03	-3.176194e-02	4.145005e-03	-4.178704e-04	3.633833e-02	-9.496449e-04	-4.679830e-03
2.824920e+03	-1.453933e-02	1.266013e-03	2.097616e-04	1.621080e-02	1.881200e-04	-1.175673e-03
2.837310e+03	-2.412677e-02	4.355109e-03	8.151802e-04	2.585191e-02	1.084004e-03	-1.717078e-03
2.849700e+03	-3.297466e-02	-2.105130e-02	1.562741e-04	3.777671e-02	8.382094e-05	-4.789956e-03
2.862090e+03	-2.413474e-03	-5.787132e-02	1.348678e-04	4.373553e-03	-3.520909e-05	-2.246995e-03
2.874480e+03	4.925843e-02	-4.172458e-02	9.233337e-04	-4.607078e-02	9.499255e-04	-2.708322e-03
2.886870e+03	6.207526e-02	1.849175e-02	-8.506652e-04	-5.851372e-02	-3.731079e-04	-3.575691e-03
2.899260e+03	2.019590e-02	6.344314e-02	2.236620e-04	-1.914916e-02	6.285124e-04	-1.139227e-03
2.911650e+03	-3.801202e-02	5.090412e-02	4.538918e-04	3.931120e-02	5.432154e-04	-1.262790e-03
2.924040e+03	-6.907477e-02	-1.084277e-02	2.401692e-04	6.866014e-02	-1.123779e-04	3.692724e-04
2.936430e+03	-2.944414e-02	-6.579879e-02	-3.396257e-04	2.784798e-02	-5.477253e-04	1.499733e-03
2.948820e+03	4.496542e-02	-5.779108e-02	5.689030e-05	-4.636302e-02	-2.065562e-04	1.400093e-03
2.961210e+03	7.549830e-02	1.026389e-02	-1.039888e-03	-7.749839e-02	-4.628760e-04	2.040059e-03
2.973600e+03	2.778194e-02	7.142223e-02	-4.088040e-04	-2.934133e-02	1.924287e-04	1.560564e-03
2.985990e+03	-4.569529e-02	6.019770e-02	3.815023e-04	4.663051e-02	3.728386e-04	-9.642854e-04
2.998380e+03	-7.458421e-02	-1.702115e-02	4.706534e-04	7.559940e-02	2.147900e-04	-9.116752e-04
3.010770e+03	-1.510029e-02	-7.552474e-02	2.900552e-04	1.555064e-02	-3.607922e-05	-6.049388e-04
3.023160e+03	5.862100e-02	-3.506633e-02	-5.597986e-04	-5.416161e-02	-3.205894e-04	-5.013039e-03
3.035550e+03	5.060786e-02	3.580143e-02	1.106822e-04	-4.975320e-02	1.613016e-04	-7.431753e-04
3.047940e+03	-7.493745e-03	6.112219e-02	-1.555697e-07	1.128718e-02	7.683910e-05	-3.556760e-03
3.060330e+03	-5.922025e-02	9.753667e-03	7.338089e-04	5.915853e-02	2.383399e-04	-2.129962e-04
3.072720e+03	-2.396530e-02	-5.321307e-02	4.110852e-05	2.330086e-02	2.093603e-04	5.686417e-04
3.085110e+03	3.315217e-02	-4.255929e-02	2.650696e-04	-3.249373e-02	1.045769e-04	-7.030084e-04
3.097500e+03	5.535127e-02	9.610890e-03	1.431723e-04	-5.576314e-02	8.483257e-05	3.833175e-04
3.109890e+03	1.124044e-02	5.132827e-02	3.222197e-04	-1.372581e-02	1.292369e-04	2.416609e-03
3.122280e+03	-4.020917e-02	3.801940e-02	2.564661e-04	4.018657e-02	1.372078e-04	2.081405e-04
3.134670e+03	-4.927678e-02	-1.649623e-02	4.927295e-04	4.818023e-02	1.236819e-04	1.258611e-03
3.147060e+03	-1.183211e-03	-5.363184e-02	4.389810e-04	-2.457889e-04	2.862768e-04	1.490847e-03
3.159450e+03	4.015452e-02	-2.562167e-02	2.752925e-04	-4.363128e-02	2.886692e-04	3.387601e-03
3.171840e+03	4.285396e-02	3.152755e-02	5.228367e-05	-4.313297e-02	2.365878e-04	3.596304e-04
3.184230e+03	-1.162628e-02	5.137119e-02	2.670454e-04	1.194574e-02	1.778631e-04	-2.897945e-04
3.196620e+03	-4.940549e-02	1.108518e-02	-1.788960e-04	5.046720e-02	-3.038262e-04	-1.102922e-03
3.209010e+03	-2.778946e-02	-4.069653e-02	2.389803e-04	2.884410e-02	-4.646278e-05	-1.222878e-03
3.221400e+03	2.654448e-02	-4.056426e-02	-2.446691e-04	-2.593416e-02	1.258769e-05	-6.092998e-04
3.233790e+03	4.404380e-02	4.968010e-03	1.863897e-04	-4.617065e-02	4.142075e-04	2.554964e-03
3.246180e+03	1.221838e-02	4.477789e-02	-6.350808e-04	-1.389689e-02	-7.071660e-05	1.696513e-03
3.258570e+03	-3.449946e-02	3.187514e-02	-7.010763e-04	3.432466e-02	-2.559910e-04	8.583508e-05
3.270960e+03	-4.522703e-02	-1.996387e-02	-2.954909e-04	4.302284e-02	-3.111699e-04	2.416999e-03
3.283350e+03	9.893234e-04	-4.487972e-02	-7.373476e-05	-1.115094e-03	-6.640622e-05	1.267527e-04
3.295740e+03	3.592472e-02	-1.788510e-02	2.940721e-04	-3.718767e-02	2.062422e-04	1.290684e-03
3.308130e+03	2.911124e-02	2.327191e-02	-6.851216e-04	-3.189407e-02	-1.398171e-04	2.733592e-03
3.320520e+03	-1.171087e-02	3.945557e-02	3.639991e-04	1.165494e-02	1.689208e-04	9.935670e-05
3.332910e+03	-3.862095e-02	4.946505e-03	3.082904e-04	3.870925e-02	3.122657e-05	-2.165210e-04
3.345300e+03	-2.174565e-02	-3.500958e-02	8.063872e-04	2.038165e-02	3.361570e-04	1.294153e-03
3.357690e+03	2.515393e-02	-2.621161e-02	1.249409e-03	-2.310108e-02	6.058163e-04	-1.954494e-03
3.370080e+03	3.330870e-02	9.649060e-03	-2.824658e-05	-3.334619e-02	7.141148e-05	1.786450e-05
3.382470e+03	4.975188e-03	3.240321e-02	-1.124770e-03	-5.015260e-03	-4.105844e-04	-1.154945e-04
3.394860e+03	-2.819565e-02	1.702990e-02	2.334030e-04	2.948428e-02	-1.188010e-04	-1.343990e-03
3.407250e+03	-2.602763e-02	-2.255118e-02	3.633217e-04	2.530105e-02	4.642589e-05	7.231404e-04
3.419640e+03	1.475151e-02	-2.621923e-02	-1.045777e-03	-1.214517e-02	-3.307778e-04	-2.746284e-03
3.432030e+03	3.014389e-02	-1.717723e-03	4.850879e-04	-3.166214e-02	4.106762e-04	1.419467e-03
3.444420e+03	1.306572e-02	2.793530e-02	-2.351860e-04	-1.407504e-02	4.533652e-05	9.641134e-04
3.456810e+03	-2.240947e-02	2.374137e-02	-6.700465e-05	2.191369e-02	9.900748e-06	3.657777e-04
3.469200e+03	-3.029144e-02	-1.099343e-02	6.754302e-04	2.991050e-02	1.913684e-04	3.682959e-04
3.481590e+03	1.109460e-03	-3.056704e-02	-2.374266e-04	-1.383988e-04	-1.188764e-04	-8.597745e-04
3.493980e+03	2.774412e-02	-1.083356e-02	1.953982e-04	-2.800490e-02	1.756871e-04	2.011719e-04
3.506370e+03	1.924369e-02	2.129559e-02	1.949482e-04	-2.072435e-02	7.989190e-05	1.610752e-03
3.518760e+03	-1.146594e-02	2.955714e-02	3.502427e-04	1.275610e-02	3.214089e-05	-1.244809e-03
3.531150e+03	-3.260155e-02	-1.631642e-03	-5.845632e-04	3.310340e-02	-2.805194e-04	-5.230792e-04
3.543540e+03	-9.889885e-03	-3.188023e-02	5.579908e-04	1.024988e-02	1.972288e-04	-4.093923e-04
3.555930e+03	2.760149e-02	-2.143907e-02	-2.535838e-06	-2.659555e-02	-1.818807e-05	-1.013106e-03
3.568320e+03	2.746113e-02	1.362231e-02	9.556428e-05	-2.856221e-02	1.239011e-04	1.002864e-03
3.580710e+03	-7.603130e-04	3.176346e-02	-2.692412e-05	1.396942e-03	1.561727e-05	-5.884690e-04
3.593100e+03	-3.446131e-02	8.265047e-03	1.118167e-03	3.307289e-02	6.144972e-05	1.179563e-03
3.605490e+03	-2.181576e-02	-2.569033e-02	-4.500548e-05	2.200071e-02	-2.941560e-04	-2.527935e-04
3.617880e+03	1.774929e-02	-2.932085e-02	-3.004526e-05	-1.656584e-02	-2.235712e-05	-1.176678e-03
3.630270e+03	3.239168e-02	5.799410e-04	-6.728456e-06	-3.335995e-02	1.527484e-04	1.056724e-03
3.642660e+03	1.132033e-02	3.086164e-02	-5.075481e-04	-1.132969e-02	-5.389283e-05	-4.885149e-05
3.655050e+03	-2.501662e-02	2.249654e-02	3.244934e-04	2.555806e-02	2.703677e-05	-7.137158e-04
3.667440e+03	-2.997915e-02	-1.348522e-02	1.282065e-04	2.987096e-02	-6.483836e-05	1.198340e-04
3.679830e+03	9.742498e-04	-3.208712e-02	9.764413e-04	-2.315970e-03	2.022279e-04	1.159979e-03
3.692220e+03	3.006623e-02	-6.028337e-03	4.396329e-05	-2.981658e-02	2.683755e-04	-2.217936e-04
3.704610e+03	1.787799e-02	2.544075e-02	-2.063892e-04	-1.834282e-02	1.299851e-04	5.114673e-04
3.717000e+03	-1.166980e-02	2.631380e-02	-6.888608e-04	1.464164e-02	9.853793e-05	-2.508619e-03
3.729390e+03	-3.204139e-02	-2.236242e-03	1.289995e-03	3.242653e-02	2.807885e-04	-2.893082e-04
3.741780e+03	-6.839017e-03	-2.977778e-02	-2.935338e-04	6.659861e-03	-1.278287e-04	1.606423e-04
3.754170e+03	2.375102e-02	-1.496993e-02	1.163621e-03	-2.374180e-02	2.948879e-04	-6.831845e-06
3.766560e+03	2.294230e-02	1.338461e-02	-4.457617e-04	-2.450050e-02	4.084731e-06	1.335566e-03
3.778950e+03	-4.030640e-03	2.834845e-02	-6.452689e-04	4.455343e-03	3.640187e-05	-4.354448e-04
3.791340e+03	-2.725024e-02	4.978290e-03	-3.354402e-04	2.737013e-02	-1.504526e-05	6.914796e-05
3.803730e+03	-1.717088e-02	-2.383292e-02	-3.825644e-04	1.583676e-02	-1.111004e-04	1.374025e-03
3.816120e+03	1.810199e-02	-2.329034e-02	1.377376e-03	-1.784592e-02	4.585709e-04	-2.213609e-04
3.828510e+03	2.630780e-02	7.011569e-03	8.828207e-04	-2.602685e-02	1.989128e-04	-4.542033e-04
3.840900e+03	4.601814e-03	2.658361e-02	-3.517937e-04	-3.442687e-03	-1.394287e-04	-1.187130e-03
3.853290e+03	-2.216285e-02	1.129595e-02	-4.816224e-04	2.260914e-02	-6.992411e-05	-3.592292e-04
3.865680e+03	-1.747644e-02	-2.020724e-02	2.099917e-04	1.717836e-02	9.045987e-06	2.992232e-04
3.878070e+03	1.125105e-02	-2.229823e-02	9.361546e-04	-1.061393e-02	1.727275e-04	-7.194387e-04
3.890460e+03	2.313148e-02	2.067610e-03	2.674051e-04	-2.357095e-02	-5.155032e-05	4.310802e-04
3.902850e+03	8.512373e-03	2.254665e-02	7.613009e-06	-8.317183e-03	5.994415e-05	-1.890181e-04
3.915240e+03	-1.769541e-02	1.646649e-02	-3.944719e-04	1.817403e-02	-9.794361e-05	-5.182602e-04
3.927630e+03	-2.126718e-02	-1.137126e-02	5.363861e-04	2.083472e-02	3.297808e-05	3.643573e-04
3.940020e+03	2.774704e-03	-2.305779e-02	-4.106574e-04	-3.391840e-03	-5.593542e-05	6.160697e-04
3.952410e+03	2.390103e-02	-4.957166e-03	3.028431e-04	-2.357967e-02	7.349160e-05	-4.662117e-04
3.964800e+03	1.295816e-02	1.900605e-02	-6.855460e-04	-1.276559e-02	8.214912e-05	-3.065932e-04
3.977190e+03	-1.283005e-02	1.763861e-02	-5.057539e-04	1.292637e-02	3.721696e-05	-1.113144e-04
3.989580e+03	-2.191510e-02	-7.536896e-03	1.364163e-05	2.120495e-02	6.291382e-05	9.043194e-04
4.001970e+03	7.295441e-04	-2.216771e-02	-2.052178e-04	8.533429e-05	-1.611684e-04	-7.728548e-04
4.014360e+03	1.909555e-02	-7.159390e-03	1.383147e-04	-1.935574e-02	7.561770e-05	-5.047305e-05
4.026750e+03	1.360503e-02	1.708012e-02	4.657227e-04	-1.389325e-02	1.233115e-04	2.892116e-04
4.039140e+03	-9.916672e-03	1.971263e-02	2.502296e-04	9.369974e-03	-2.484716e-05	6.601013e-04
4.051530e+03	-2.036792e-02	-2.733200e-03	-1.062062e-03	2.008080e-02	-1.389623e-04	3.051586e-04
4.063920e+03	-4.828505e-03	-1.774093e-02	-4.032345e-04	4.938522e-03	-5.788197e-05	-1.658730e-04
4.076310e+03	1.592013e-02	-1.009363e-02	1.195619e-03	-1.621096e-02	1.671460e-04	2.656390e-04
4.088700e+03	1.757585e-02	1.168443e-02	-5.874321e-04	-1.681971e-02	-1.336137e-04	-9.420960e-04
4.101090e+03	-3.273544e-03	1.823855e-02	8.652835e-04	3.771127e-03	8.559508e-05	-3.767658e-04
4.113480e+03	-1.726126e-02	3.544161e-03	-3.446379e-04	1.748850e-02	-9.732286e-05	-3.198433e-04
4.125870e+03	-1.035883e-02	-1.734352e-02	-9.661537e-05	9.137112e-03	-2.893926e-05	1.245237e-03
4.138260e+03	1.317127e-02	-1.248183e-02	5.406260e-05	-1.254555e-02	8.023703e-05	-5.432397e-04
4.150650e+03	1.629212e-02	6.635661e-03	-4.124240e-04	-1.622621e-02	8.645520e-05	-7.135289e-05
4.163040e+03	9.171025e-04	1.618026e-02	-6.815668e-04	-1.592207e-04	-9.820210e-05	-8.573428e-04
4.175430e+03	-1.570967e-02	4.256125e-03	2.464777e-04	1.578286e-02	-1.028300e-05	-6.692549e-05
4.187820e+03	-9.667461e-03	-1.393498e-02	-1.028876e-03	9.585652e-03	-1.397135e-04	7.709989e-05
4.200210e+03	7.808358e-03	-1.115027e-02	5.442914e-05	-8.440343e-03	9.322699e-05	5.928634e-04
4.212600e+03	1.457688e-02	5.385372e-03	-8.477757e-04	-1.502161e-02	7.570121e-05	3.890264e-04
4.224990e+03	2.168445e-03	1.637570e-02	4.012956e-04	-1.875779e-03	1.877862e-05	-2.891094e-04
4.237380e+03	-1.335120e-02	6.294422e-03	-5.192487e-05	1.327619e-02	7.613837e-06	1.792024e-04
4.249770e+03	-1.151657e-02	-1.123474e-02	6.324500e-05	1.087655e-02	-7.574117e-05	5.423795e-04
4.262160e+03	6.415697e-03	-1.225815e-02	-2.064623e-05	-6.036017e-03	9.362299e-05	-3.535136e-04
4.274550e+03	1.408967e-02	1.224556e-03	4.853619e-04	-1.442615e-02	3.071811e-05	3.473923e-04
4.286940e+03	3.857999e-03	1.527560e-02	5.325361e-04	-3.521242e-03	6.523373e-05	-3.217220e-04
4.299330e+03	-1.296469e-02	7.406639e-03	-6.208868e-05	1.234612e-02	-3.968102e-05	5.569844e-04
4.311720e+03	-9.622502e-03	-7.944523e-03	-7.455225e-04	1.021867e-02	-9.861262e-05	-4.800965e-04
4.324110e+03	5.995596e-03	-1.306651e-02	-7.520881e-04	-5.133143e-03	1.019020e-04	-8.197185e-04
4.336500e+03	1.314895e-02	1.356423e-03	-9.474056e-05	-1.330931e-02	6.984929e-05	2.885198e-04
4.348890e+03	7.514951e-03	1.107304e-02	-8.363964e-05	-6.833357e-03	-2.427582e-05	-6.626206e-04
4.361280e+03	-8.200232e-03	8.951005e-03	-8.718974e-04	8.894172e-03	1.089866e-05	-7.112639e-04
4.373670e+03	-1.134551e-02	-6.020271e-03	3.180405e-04	1.108822e-02	-6.677685e-05	2.541912e-04
4.386060e+03	2.828933e-03	-1.229560e-02	1.677083e-04	-2.403800e-03	3.626270e-05	-4.358645e-04
4.398450e+03	1.132839e-02	-1.459957e-03	2.894182e-04	-1.172302e-02	2.251823e-05	3.859876e-04
4.410840e+03	6.577327e-03	1.263297e-02	-4.161493e-04	-6.383285e-03	1.264783e-05	-2.392171e-04
4.423230e+03	-6.952759e-03	8.292303e-03	-4.715423e-04	6.868812e-03	-7.382873e-05	8.504612e-05
4.435620e+03	-1.309852e-02	-2.070067e-03	-5.049839e-04	1.209946e-02	6.669862e-05	1.009216e-03
4.448010e+03	2.704885e-03	-1.254134e-02	2.236720e-04	-1.653867e-03	1.768118e-05	-7.892426e-04
4.460400e+03	1.095744e-02	-2.633847e-03	-6.543910e-04	-1.085845e-02	5.941732e-05	-1.323443e-04
4.472790e+03	7.860812e-03	8.595602e-03	-2.093213e-04	-7.508347e-03	1.625936e-04	-2.720887e-04
4.485180e+03	-6.004309e-03	9.263993e-03	9.230801e-04	5.519591e-03	9.393131e-05	4.766902e-04
4.497570e+03	-9.863585e-03	-2.745241e-03	8.744056e-04	1.008330e-02	-5.769335e-05	-1.305408e-04
4.509960e+03	1.576022e-03	-9.558649e-03	-2.391406e-04	-3.488416e-04	-5.140559e-05	-1.184710e-03
4.522350e+03	8.372465e-03	-4.978259e-03	3.198519e-04	-8.375652e-03	-4.937928e-05	-3.736586e-06
4.534740e+03	7.084897e-03	6.125645e-03	-1.151689e-04	-7.030354e-03	2.397928e-05	-7.082858e-05
4.547130e+03	-2.833978e-03	8.128699e-03	-2.096537e-04	3.123076e-03	-2.157948e-05	-2.544648e-04
4.559520e+03	-8.912722e-03	-6.397426e-04	2.551560e-04	8.887211e-03	-2.476424e-05	4.008541e-05
4.571910e+03	-2.052560e-03	-8.177121e-03	2.744001e-04	2.283101e-03	8.533534e-05	-2.132899e-04
4.584300e+03	6.483095e-03	-5.759575e-03	1.654185e-04	-6.825422e-03	5.181161e-05	3.301412e-04
4.596690e+03	5.980032e-03	4.983498e-03	-2.506486e-04	-6.493498e-03	8.928072e-05	5.278646e-04
4.609080e+03	-2.471219e-03	6.095165e-03	-1.324033e-04	2.117285e-03	1.389461e-04	3.473537e-04
4.621470e+03	-9.682543e-03	-8.853927e-04	-9.302783e-04	8.653796e-03	9.177922e-05	1.033761e-03
4.633860e+03	-2.158980e-03	-7.637895e-03	6.491947e-05	2.441271e-03	6.791622e-05	-1.571898e-04
4.646250e+03	5.420271e-03	-6.322475e-03	-4.835466e-04	-5.269777e-03	7.343803e-05	-1.528969e-04
4.658640e+03	5.171241e-03	5.608246e-03	1.665546e-04	-5.573956e-03	1.285453e-05	4.544264e-04
4.671030e+03	-1.728541e-03	5.020012e-03	-4.592536e-04	1.208552e-03	6.170012e-05	5.199991e-04
4.683420e+03	-7.525241e-03	4.298264e-04	3.114205e-04	7.286808e-03	1.583136e-06	2.333513e-04
4.695810e+03	-2.831604e-03	-6.680704e-03	4.827160e-04	3.031201e-03	2.699670e-05	-1.709130e-04
4.708200e+03	4.449947e-03	-5.113367e-03	5.776374e-05	-4.190137e-03	-2.545904e-05	-1.828373e-04
4.720590e+03	5.089491e-03	2.457611e-03	1.269633e-04	-5.395412e-03	1.581489e-05	1.967897e-04
4.732980e+03	-2.164305e-04	6.048965e-03	6.622726e-04	3.198329e-04	-4.609648e-05	-1.141830e-04
4.745370e+03	-6.080533e-03	9.472840e-04	3.035069e-04	5.747462e-03	-7.328612e-05	3.131834e-04
4.757760e+03	-4.076819e-03	-3.901438e-03	-2.469279e-04	3.467626e-03	-1.888276e-06	6.086364e-04
4.770150e+03	4.189783e-03	-4.157452e-03	-8.089359e-04	-4.075385e-03	8.497570e-05	-1.188978e-04
4.782540e+03	5.536787e-03	2.188694e-03	1.898107e-04	-5.192682e-03	1.567325e-04	-2.777635e-04
4.794930e+03	-1.424441e-04	5.499791e-03	-9.553955e-04	2.132245e-04	4.428653e-05	-9.960352e-05
4.807320e+03	-5.274931e-03	9.084081e-04	2.295743e-05	5.015767e-03	2.643916e-05	2.534856e-04
4.819710e+03	-3.364519e-03	-3.556914e-03	1.259507e-04	3.011710e-03	-3.711294e-05	3.895658e-04
4.832100e+03	2.737931e-03	-3.683988e-03	-5.584325e-05	-3.024933e-03	4.978111e-05	1.947749e-04
4.844490e+03	3.843053e-03	2.092879e-03	1.744333e-04	-4.000861e-03	3.536546e-05	1.548002e-04
4.856880e+03	1.022466e-03	5.280818e-03	-3.577392e-04	-4.786007e-04	3.426212e-05	-5.592817e-04
4.869270e+03	-3.928581e-03	3.101419e-03	4.201287e-04	4.049940e-03	-8.522291e-06	-1.359635e-04
4.881660e+03	-2.865509e-03	-2.987356e-03	-8.992710e-05	2.495912e-03	-3.570414e-06	3.398337e-04
4.894050e+03	3.270811e-03	-4.352500e-03	5.295147e-04	-2.988286e-03	3.911580e-05	-2.602380e-04
4.906440e+03	4.436542e-03	1.050502e-03	1.296065e-04	-4.131272e-03	-1.380548e-05	-2.943992e-04
4.918830e+03	-1.596937e-03	4.638208e-03	1.016932e-04	8.390141e-04	3.091983e-05	7.602379e-04
4.931220e+03	-4.972530e-03	1.496801e-03	-2.306696e-04	4.212220e-03	-7.444339e-05	7.593322e-04
4.943610e+03	-1.872199e-03	-3.025007e-03	1.234802e-04	1.683183e-03	4.561945e-05	1.957045e-04
4.956000e+03	2.009102e-03	-4.009099e-03	-1.881989e-04	-2.210614e-03	4.504741e-05	1.590577e-04
4.968390e+03	3.662701e-03	8.461120e-04	-3.756902e-04	-3.527476e-03	8.893874e-05	-2.524616e-04
4.980780e+03	-5.585447e-04	3.267521e-03	-5.008776e-04	2.368185e-04	1.062947e-04	2.642543e-04
4.993170e+03	-3.431440e-03	1.371431e-03	-8.586481e-05	3.338504e-03	6.516155e-05	8.740436e-05
5.005560e+03	-3.256278e-03	-3.096505e-03	-2.515909e-05	2.512863e-03	4.934877e-05	8.273440e-04
5.017950e+03	7.105900e-04	-3.245554e-03	-3.086401e-04	-1.361380e-03	1.712881e-05	6.493577e-04
5.030340e+03	1.366145e-03	1.277948e-03	-1.320894e-04	-2.144390e-03	7.075615e-05	7.832841e-04
5.042730e+03	-2.581225e-04	3.712263e-03	-3.570223e-04	1.128600e-04	9.758116e-05	1.457627e-04
5.055120e+03	-2.972465e-03	6.820171e-04	4.629590e-04	2.911849e-03	3.382745e-05	7.091724e-05
5.067510e+03	-2.411861e-03	-2.180632e-03	-9.684133e-05	2.051410e-03	-1.299796e-05	3.572444e-04
5.079900e+03	1.817919e-03	-1.989899e-03	-1.304565e-04	-1.950781e-03	3.768762e-05	1.245374e-04
5.092290e+03	2.378378e-03	2.374487e-03	-7.857506e-06	-2.798376e-03	3.415565e-05	3.929270e-04
5.104680e+03	-2.982550e-04	3.209066e-03	-2.500365e-04	-1.527549e-06	-2.354385e-06	2.927348e-04
5.117070e+03	-3.014961e-03	1.376362e-03	-4.390249e-04	2.745049e-03	4.617195e-05	2.667588e-04
5.129460e+03	-1.161534e-03	-2.413485e-03	2.486885e-04	1.076635e-03	6.197360e-05	1.269815e-05
5.141850e+03	4.631832e-03	-2.273846e-03	-4.271430e-05	-3.868284e-03	-1.804321e-05	-7.564897e-04
5.154240e+03	2.667634e-03	-1.129158e-04	-2.591830e-04	-2.564390e-03	2.512226e-05	-1.016811e-04
5.166630e+03	-5.026487e-04	2.900247e-03	3.896842e-04	5.260515e-04	1.959238e-05	-2.748898e-05
5.179020e+03	-2.780006e-03	1.950000e-03	2.530000e-04	2.660000e-03	-8.829999e-05	1.200195e-04
5.191410e+03	-1.565472e-03	-2.024269e-03	-4.811167e-04	1.092624e-03	-3.118612e-05	4.827724e-04
5.203800e+03	2.212832e-03	-7.188607e-04	-1.818190e-04	-2.147237e-03	6.940707e-05	-6.057397e-05
5.216190e+03	1.596153e-03	6.232032e-04	-1.460483e-04	-2.087971e-03	8.267932e-05	4.460649e-04
5.228580e+03	1.361394e-04	2.416196e-03	1.505604e-04	7.519534e-05	5.850723e-05	-2.691671e-04
5.240970e+03	-2.546516e-03	5.454048e-04	2.996568e-04	2.624970e-03	-2.722329e-05	-8.002434e-05
5.253360e+03	-3.599877e-04	-3.227213e-03	-1.315472e-04	9.809387e-04	1.288913e-05	-3.030168e-04
5.265750e+03	2.323750e-03	-2.202688e-03	-1.059794e-04	-1.771137e-03	9.687260e-05	-5.433820e-04
5.278140e+03	2.301499e-03	6.784230e-04	-1.208476e-04	-2.039545e-03	8.397224e-05	-2.229069e-04
5.290530e+03	-2.442717e-04	2.464995e-03	-1.922552e-04	3.619926e-04	2.084893e-05	-6.625881e-05
5.302920e+03	-1.982986e-03	1.339414e-03	-4.975145e-04	1.939624e-03	4.685496e-05	2.863653e-05
5.315310e+03	-8.497539e-04	-7.411408e-04	-1.559170e-04	5.650344e-04	8.199173e-05	2.807119e-04
5.327700e+03	1.808701e-03	-9.930152e-04	-2.779816e-04	-1.874961e-03	4.721007e-05	9.083302e-05
5.340090e+03	1.824850e-03	1.110180e-03	-9.406362e-05	-1.779733e-03	7.549683e-05	-5.434720e-05
5.352480e+03	-6.390927e-04	1.591498e-03	-1.074110e-06	6.222239e-04	2.671538e-05	5.536292e-05
5.364870e+03	5.204028e-04	7.401626e-04	-7.148215e-05	3.100967e-04	-3.007499e-05	-8.318009e-04
5.377260e+03	-1.163903e-03	-2.563345e-03	4.280825e-04	1.102900e-03	-2.613019e-05	5.715724e-05
5.389650e+03	6.725755e-04	-2.872987e-04	7.028290e-05	-1.157273e-03	-2.761372e-05	4.824144e-04
5.402040e+03	9.301365e-04	1.877067e-03	4.420047e-04	-1.377905e-03	-3.313963e-06	4.509772e-04
5.414430e+03	-2.002363e-03	2.480382e-03	-1.944499e-04	1.508845e-03	1.103076e-05	4.873910e-04
5.426820e+03	-2.422457e-03	1.249060e-03	-1.663104e-04	2.126505e-03	3.081439e-06	2.911514e-04
5.439210e+03	-9.368400e-04	-8.470465e-04	-2.476313e-04	6.599764e-04	3.860135e-05	2.637499e-04
5.451600e+03	2.352060e-03	-1.626053e-03	3.607144e-05	-2.211272e-03	3.970423e-05	-1.285242e-04
5.463990e+03	1.362059e-03	7.646822e-04	-2.289813e-04	-1.251599e-03	-2.346315e-06	-1.519279e-04
5.476380e+03	-8.634168e-04	7.983586e-05	1.492692e-04	6.662519e-04	-3.238083e-05	2.002309e-04
5.488770e+03	-2.459903e-03	-3.634203e-06	2.857214e-06	2.265831e-03	4.795437e-06	2.229194e-04
5.501160e+03	6.343224e-05	-5.730147e-04	-1.789998e-04	-2.532325e-05	5.103498e-05	-9.561497e-05
5.513550e+03	7.209818e-04	-1.164654e-03	3.367221e-05	-1.238279e-03	7.717419e-05	5.035143e-04
5.525940e+03	5.664048e-04	1.100948e-03	-2.315670e-04	-7.931388e-04	1.576854e-05	2.245262e-04
5.538330e+03	-1.153044e-03	1.624651e-03	-2.115047e-04	9.200548e-04	1.811956e-05	2.306765e-04
5.550720e+03	-1.493566e-03	-1.003073e-03	-1.146384e-04	1.586180e-03	1.967314e-05	-1.155614e-04
5.563110e+03	2.984506e-04	-1.634047e-03	-1.795867e-04	4.338093e-05	4.156547e-05	-3.686737e-04
5.575500e+03	1.558727e-03	-1.377924e-03	-1.293093e-04	-1.503233e-03	8.797934e-05	-5.766204e-05
5.587890e+03	1.640676e-03	1.022998e-03	-1.259439e-04	-1.248625e-03	3.278543e-05	-4.090031e-04
5.600280e+03	-2.787878e-04	-1.320602e-04	-1.312987e-04	5.920908e-04	4.813240e-05	-3.310763e-04
5.612670e+03	-2.981286e-03	2.801168e-04	6.325511e-05	2.354208e-03	2.581920e-05	6.300991e-04
5.625060e+03	-4.300018e-04	-1.020413e-03	-1.223312e-04	2.266993e-04	-1.372548e-05	1.952950e-04
5.637450e+03	1.723700e-03	-6.740722e-04	-2.585527e-04	-1.658075e-03	5.878670e-05	-5.705671e-05
5.649840e+03	8.574688e-04	2.686986e-03	-1.146676e-04	-8.263186e-04	4.307435e-05	-9.619807e-05
5.662230e+03	-3.815144e-04	2.539825e-03	-1.729920e-04	5.567628e-04	3.085554e-05	-1.748775e-04
5.674620e+03	-7.137692e-05	-3.204725e-04	6.372196e-05	7.061993e-04	3.493988e-05	-2.777732e-04
5.687010e+03	1.293902e-03	-3.026720e-03	8.304920e-05	-6.116099e-04	5.327110e-05	-6.864021e-04
5.699400e+03	1.697780e-03	1.874301e-05	2.857583e-05	-1.186429e-03	-5.550568e-06	-5.131727e-04
5.711790e+03	-6.814087e-04	1.889281e-03	1.345959e-04	6.606076e-05	1.183149e-05	6.170729e-04
5.724180e+03	-2.332173e-03	1.462929e-03	1.882723e-04	1.376231e-03	-6.716098e-06	9.392456e-04
5.736570e+03	-4.169236e-04	-1.065239e-03	2.947757e-04	8.283396e-04	-2.257059e-05	-4.112963e-04
5.748960e+03	-8.279827e-04	-4.477162e-04	-2.513847e-04	6.018356e-04	1.238256e-07	2.260919e-04
5.761350e+03	8.064105e-04	9.531140e-04	-2.021547e-04	-9.426075e-04	-1.130274e-05	1.454566e-04
5.773740e+03	2.244596e-03	2.505029e-03	4.481682e-05	-1.697064e-03	3.462682e-05	-5.503781e-04
5.786130e+03	-1.583439e-03	7.355764e-04	3.261496e-05	1.295336e-03	-6.382743e-06	2.968472e-04
5.798520e+03	-2.375762e-03	-1.382351e-05	-3.266534e-04	2.063436e-03	-1.435900e-05	3.310392e-04
5.810910e+03	-1.211784e-03	-1.006268e-03	-4.310030e-05	5.677803e-04	5.612779e-05	6.221373e-04
5.823300e+03	-5.978688e-04	2.252996e-03	-3.045344e-04	-2.631924e-04	8.046228e-08	8.615162e-04
5.835690e+03	1.885579e-04	3.208069e-03	3.577044e-04	-5.142355e-04	5.800374e-05	3.257175e-04
5.848080e+03	-1.246038e-03	5.998993e-04	-1.804643e-04	6.996046e-04	3.108599e-05	5.729079e-04
5.860470e+03	-1.685850e-03	-2.049049e-03	-9.099252e-05	1.518567e-03	-5.739514e-05	1.673854e-04
5.872860e+03	-2.537062e-04	-1.659027e-03	-1.545396e-04	4.027668e-04	-3.901442e-06	-1.497715e-04
5.885250e+03	-6.344112e-04	-1.854225e-04	-1.097068e-04	1.228357e-05	5.068540e-05	6.219994e-04
5.897640e+03	7.231789e-04	1.200000e-03	-2.866999e-04	-7.475786e-04	3.157759e-05	2.509831e-05
5.910030e+03	-1.958209e-03	2.293475e-03	-3.103323e-06	1.608931e-03	-1.387029e-05	3.484713e-04
5.922420e+03	-7.623360e-04	-1.404666e-04	-1.012794e-04	8.736495e-04	-3.213988e-05	-1.111818e-04
5.934810e+03	1.724073e-03	-2.203948e-04	8.040119e-05	-9.462058e-04	-2.480032e-06	-7.780281e-04
5.947200e+03	2.234580e-03	-4.313412e-04	2.259993e-05	-1.894784e-03	-3.890948e-05	-3.326437e-04
5.959590e+03	-1.589977e-05	2.057229e-03	-2.087946e-04	5.151106e-05	4.195091e-05	-3.588751e-05
5.971980e+03	-1.946844e-03	2.111245e-03	1.623609e-04	1.381025e-03	-2.574615e-05	5.359030e-04
5.984370e+03	-1.124608e-03	-1.399551e-04	6.724622e-05	1.084178e-03	-5.853306e-05	4.579350e-05
