1.313340e+03	9.805418e-02	-1.813380e-02	1.059126e-04	-9.880698e-02	6.974127e-05	2.996977e-04
1.325730e+03	9.838188e-02	8.448341e-03	-4.130992e-06	-9.855017e-02	-9.776606e-06	1.721316e-04
1.338120e+03	9.229448e-02	3.434860e-02	5.086161e-06	-9.240839e-02	1.798825e-05	1.070995e-04
1.350510e+03	7.997637e-02	5.768161e-02	-1.600628e-05	-8.027842e-02	6.166456e-06	3.189066e-04
1.362900e+03	6.201396e-02	7.687568e-02	-3.712397e-05	-6.248754e-02	3.514841e-05	4.212895e-04
1.375290e+03	3.894390e-02	9.124243e-02	-4.222731e-05	-3.959429e-02	1.320104e-07	6.891501e-04
1.387680e+03	1.337630e-02	9.788272e-02	-2.286430e-05	-1.385372e-02	-1.292223e-05	4.548623e-04
1.400070e+03	-1.252755e-02	9.781235e-02	5.991071e-06	1.239900e-02	-4.957390e-05	1.420802e-04
1.412460e+03	-3.871037e-02	9.135594e-02	-1.736296e-05	3.830017e-02	-4.030765e-05	3.919126e-04
1.424850e+03	-6.206449e-02	7.809403e-02	5.249325e-05	6.155666e-02	-5.829572e-05	5.492871e-04
1.437240e+03	-8.142328e-02	5.883674e-02	-1.017730e-05	8.071231e-02	1.405009e-05	7.300612e-04
1.449630e+03	-9.425281e-02	3.411740e-02	8.831022e-05	9.383898e-02	-2.924721e-05	4.631554e-04
1.462020e+03	-1.006204e-01	7.565553e-03	5.847515e-05	9.977250e-02	2.854435e-05	4.010379e-04
1.474410e+03	-9.832836e-02	-2.077066e-02	7.388113e-05	9.819095e-02	3.093543e-05	2.689717e-04
1.486800e+03	-8.967543e-02	-4.687066e-02	1.780876e-06	8.926527e-02	2.272927e-05	3.809608e-04
1.499190e+03	-7.321372e-02	-7.008365e-02	3.604624e-05	7.280273e-02	4.231900e-05	4.647980e-04
1.511580e+03	-5.110170e-02	-8.821382e-02	-6.957891e-05	5.060383e-02	3.648226e-06	5.206332e-04
1.523970e+03	-2.426729e-02	-9.851370e-02	-1.121098e-05	2.406285e-02	2.450732e-05	1.430190e-04
1.536360e+03	4.323361e-03	-1.020000e-01	-4.696217e-05	-4.426881e-03	-6.762351e-06	1.121033e-04
1.548750e+03	3.243884e-02	-9.705591e-02	-3.415998e-05	-3.247072e-02	-2.956258e-05	-1.654152e-05
1.561140e+03	5.990313e-02	-8.457606e-02	-1.836128e-05	-6.000844e-02	-2.003698e-05	1.538626e-04
1.573530e+03	8.183965e-02	-6.389351e-02	-1.896328e-05	-8.196829e-02	-5.669125e-05	1.233597e-04
1.585920e+03	9.769896e-02	-3.808326e-02	1.722780e-05	-9.786972e-02	-1.075219e-06	2.445708e-04
1.598310e+03	1.050000e-01	-7.440056e-03	4.578350e-05	-1.050000e-01	6.000688e-05	-5.239818e-05
1.610700e+03	1.033562e-01	2.364322e-02	7.772183e-07	-1.033574e-01	2.215039e-05	-3.701428e-05
1.623090e+03	9.147584e-02	5.351206e-02	1.346417e-05	-9.137269e-02	2.096363e-05	-9.671053e-05
1.635480e+03	7.223595e-02	7.833226e-02	-3.543431e-05	-7.208056e-02	6.922967e-05	-2.083268e-04
1.647870e+03	4.534876e-02	9.715491e-02	-3.235389e-05	-4.508211e-02	3.944701e-05	-2.314344e-04
1.660260e+03	1.427298e-02	1.069244e-01	4.616224e-06	-1.415250e-02	6.451073e-06	-1.558716e-04
1.672650e+03	-1.900245e-02	1.065612e-01	-9.649089e-05	1.932272e-02	5.048399e-05	-2.412209e-04
1.685040e+03	-5.073257e-02	9.558998e-02	2.610847e-05	5.113214e-02	-9.843948e-05	-3.936533e-04
1.697430e+03	-7.785756e-02	7.545638e-02	-4.345743e-05	7.846047e-02	-2.756033e-05	-5.506509e-04
1.709820e+03	-9.824086e-02	4.827695e-02	-1.140513e-06	9.838218e-02	-2.353640e-05	-3.869268e-04
1.722210e+03	-1.092868e-01	1.511042e-02	5.591851e-05	1.095078e-01	-3.670456e-05	-3.704613e-04
1.734600e+03	-1.085040e-01	-2.050720e-02	4.268803e-05	1.089299e-01	-2.140278e-05	-3.475603e-04
1.746990e+03	-9.645762e-02	-5.403248e-02	-6.145833e-05	9.729644e-02	-3.906681e-05	-4.566044e-04
1.759380e+03	-7.440272e-02	-8.191056e-02	6.858324e-05	7.490272e-02	2.957409e-05	-5.111597e-04
1.771770e+03	-4.489103e-02	-1.010034e-01	1.797658e-06	4.538289e-02	2.199381e-06	-5.412875e-04
1.784160e+03	-1.018505e-02	-1.109985e-01	2.598812e-05	1.059571e-02	1.388901e-05	-4.045645e-04
1.796550e+03	2.631116e-02	-1.086600e-01	1.214161e-05	-2.610704e-02	-6.677086e-05	-2.753996e-04
1.808940e+03	6.018418e-02	-9.457493e-02	7.422795e-05	-5.989848e-02	4.409641e-05	-2.772295e-04
1.821330e+03	8.721280e-02	-6.994677e-02	2.302353e-05	-8.681588e-02	-1.977429e-05	-4.648496e-04
1.833720e+03	1.061517e-01	-3.801454e-02	2.388868e-05	-1.050412e-01	5.332750e-05	-4.190461e-04
1.846110e+03	1.120000e-01	-1.534058e-03	2.296906e-05	-1.118738e-01	5.179027e-07	-3.190314e-04
1.858500e+03	1.069414e-01	3.536106e-02	6.283594e-06	-1.060355e-01	4.796095e-05	-2.549743e-04
1.870890e+03	8.921049e-02	6.894342e-02	-3.455004e-05	-8.910826e-02	6.331365e-06	-5.703767e-05
1.883280e+03	6.152257e-02	9.376958e-02	-2.262675e-05	-6.112520e-02	9.732758e-06	-3.171791e-04
1.895670e+03	2.783997e-02	1.091780e-01	-1.693715e-04	-2.749881e-02	1.430715e-04	-3.289368e-04
1.908060e+03	-9.501490e-03	1.115006e-01	-2.038861e-05	9.696068e-03	-4.690060e-05	-1.566241e-04
1.920450e+03	-4.543079e-02	1.029205e-01	-8.883498e-05	4.543424e-02	-1.968649e-05	-8.012367e-07
1.932840e+03	-7.688681e-02	8.205115e-02	2.993370e-06	7.671968e-02	-8.510387e-05	1.293678e-04
1.945230e+03	-9.982398e-02	5.181764e-02	4.484845e-05	9.967142e-02	-6.209444e-05	1.654952e-04
1.957620e+03	-1.104296e-01	1.585525e-02	5.990916e-05	1.104296e-01	-7.203853e-05	6.092173e-05
1.970010e+03	-1.098816e-01	-2.162854e-02	1.643280e-04	1.098901e-01	-1.550541e-05	-7.195670e-06
1.982400e+03	-9.694491e-02	-5.692290e-02	1.298988e-04	9.674406e-02	1.604505e-05	3.577700e-04
1.994790e+03	-7.246242e-02	-8.568869e-02	-5.340167e-05	7.225603e-02	-3.109248e-05	2.579226e-04
2.007180e+03	-3.975894e-02	-1.048675e-01	1.078653e-04	3.947109e-02	8.231252e-05	3.426510e-04
2.019570e+03	-2.656611e-03	-1.110000e-01	-1.477939e-05	2.650240e-03	5.193224e-06	6.706157e-06
2.031960e+03	3.394878e-02	-1.067959e-01	5.469682e-05	-3.406375e-02	7.711883e-05	1.173590e-04
2.044350e+03	6.803721e-02	-8.921947e-02	-2.159046e-05	-6.833375e-02	5.445209e-05	3.016429e-04
2.056740e+03	9.400727e-02	-6.174791e-02	1.938270e-05	-9.435955e-02	9.135089e-05	4.586088e-04
2.069130e+03	1.101321e-01	-2.647399e-02	-7.091186e-06	-1.101321e-01	-9.699450e-05	6.136435e-04
2.081520e+03	1.121473e-01	1.254424e-02	-3.867614e-05	-1.121473e-01	1.803688e-06	3.386444e-04
2.093910e+03	1.007559e-01	4.977023e-02	-7.248302e-05	-1.009148e-01	3.879516e-06	1.112934e-04
2.106300e+03	7.849820e-02	8.164038e-02	-1.074245e-04	-7.864858e-02	5.516414e-05	1.707672e-04
2.118690e+03	4.660946e-02	1.034948e-01	-5.260658e-05	-4.704695e-02	-5.128140e-05	4.460659e-04
2.131080e+03	7.908371e-03	1.136457e-01	-8.991439e-05	-8.169351e-03	-2.259170e-05	2.880302e-04
2.143470e+03	-3.187734e-02	1.095354e-01	-8.941441e-05	3.141041e-02	-3.009488e-05	4.048464e-04
2.155860e+03	-6.802913e-02	9.216505e-02	-3.729599e-05	6.795911e-02	-5.465168e-05	2.451116e-05
2.168250e+03	-9.659169e-02	6.339908e-02	6.466347e-05	9.632396e-02	-1.232608e-04	2.772649e-04
2.180640e+03	-1.129021e-01	2.608272e-02	6.726904e-05	1.128972e-01	-8.079586e-05	3.718866e-04
2.193030e+03	-1.152386e-01	-1.567816e-02	-1.089561e-05	1.152386e-01	-4.091895e-05	3.652113e-04
2.205420e+03	-1.025631e-01	-5.609663e-02	1.848273e-04	1.024948e-01	2.633608e-05	1.137244e-04
2.217810e+03	-7.578573e-02	-8.941115e-02	1.402240e-04	7.548938e-02	7.111003e-05	2.678634e-04
2.230200e+03	-3.868415e-02	-1.104857e-01	3.629278e-05	3.882454e-02	5.439655e-05	-9.586178e-05
2.242590e+03	3.512184e-03	-1.178210e-01	4.213640e-05	-3.593689e-03	1.108817e-04	8.382755e-05
2.254980e+03	4.699181e-02	-1.089400e-01	-9.504326e-05	-4.722462e-02	-7.611229e-06	2.186700e-04
2.267370e+03	8.451806e-02	-8.478538e-02	-4.295620e-05	-8.470353e-02	5.509346e-05	2.020973e-04
2.279760e+03	1.102172e-01	-4.730029e-02	-1.787642e-05	-1.102165e-01	1.597325e-04	1.708655e-04
2.292150e+03	1.199777e-01	-2.633184e-03	-1.243074e-05	-1.199777e-01	7.069394e-05	-3.401842e-05
2.304540e+03	1.137562e-01	4.387554e-02	-5.163248e-05	-1.137593e-01	-5.595872e-05	1.553825e-04
2.316930e+03	8.848166e-02	8.442435e-02	-5.787162e-05	-8.852025e-02	6.013180e-05	3.736736e-06
2.329320e+03	4.926007e-02	1.128031e-01	-1.593478e-04	-4.916390e-02	-2.885101e-05	-9.597866e-05
2.341710e+03	1.571486e-03	1.226614e-01	-8.015288e-05	-1.456968e-03	-3.915887e-05	-1.002310e-04
2.354100e+03	-4.656277e-02	1.149055e-01	-2.345362e-05	4.667551e-02	-1.461269e-04	-7.655984e-05
2.366490e+03	-8.906669e-02	8.746737e-02	5.606723e-05	8.923240e-02	-1.789473e-04	-2.065210e-04
2.378880e+03	-1.166938e-01	4.474852e-02	-6.523214e-05	1.166938e-01	-1.463944e-04	-1.439302e-04
2.391270e+03	-1.259813e-01	-6.380997e-03	2.460396e-04	1.259813e-01	-1.475517e-04	-6.182568e-05
2.403660e+03	-1.126382e-01	-5.805316e-02	5.248209e-05	1.126427e-01	-1.107211e-05	8.256176e-05
2.416050e+03	-7.949448e-02	-1.003241e-01	7.272258e-05	7.944338e-02	5.482304e-05	6.761062e-05
2.428440e+03	-3.064814e-02	-1.244153e-01	7.005009e-05	3.070177e-02	1.019325e-04	-4.292055e-05
2.440830e+03	2.441409e-02	-1.263954e-01	-4.409440e-05	-2.445505e-02	7.217750e-05	-2.641626e-05
2.453220e+03	7.608556e-02	-1.053719e-01	-4.860686e-05	-7.599340e-02	3.577018e-05	-1.063302e-05
2.465610e+03	1.147379e-01	-6.299446e-02	-4.794819e-05	-1.147379e-01	-1.136659e-05	1.482485e-04
2.478000e+03	1.310707e-01	-6.758484e-03	-1.393187e-05	-1.310707e-01	1.843616e-04	2.290224e-04
2.490390e+03	1.220528e-01	5.244759e-02	-5.106526e-05	-1.220511e-01	1.101534e-04	1.182501e-04
2.502780e+03	8.635744e-02	1.019746e-01	-1.178936e-04	-8.646267e-02	-4.426101e-05	1.673616e-04
2.515170e+03	3.192895e-02	1.307309e-01	-3.171352e-05	-3.223102e-02	1.161725e-05	2.693816e-04
2.527560e+03	-3.111484e-02	1.319397e-01	-2.049089e-04	3.061869e-02	-2.158996e-04	4.636139e-04
2.539950e+03	-8.959142e-02	1.038000e-01	-1.476115e-04	8.880748e-02	-1.184549e-04	7.825322e-04
2.552340e+03	-1.287966e-01	5.094461e-02	1.206368e-04	1.289052e-01	-9.546062e-05	2.734668e-04
2.564730e+03	-1.388306e-01	-1.723504e-02	-2.823880e-05	1.378306e-01	-1.219196e-04	5.275220e-04
2.577120e+03	-1.145452e-01	-8.331980e-02	1.626658e-04	1.135173e-01	-6.207478e-05	9.722299e-04
2.589510e+03	-5.919102e-02	-1.299105e-01	2.622510e-04	5.842603e-02	1.419388e-04	8.065718e-04
2.601900e+03	1.387562e-02	-1.422161e-01	-6.766680e-05	-1.471529e-02	-5.834609e-05	8.644324e-04
2.614290e+03	8.629286e-02	-1.176333e-01	1.495689e-04	-8.731635e-02	2.245063e-04	1.086840e-03
2.626680e+03	1.371593e-01	-5.358890e-02	2.676602e-05	-1.386353e-01	1.189318e-04	1.480255e-03
2.639070e+03	1.452452e-01	3.007393e-02	-6.114443e-06	-1.480329e-01	1.440698e-04	2.077496e-03
2.651460e+03	1.025244e-01	1.090692e-01	-1.662264e-04	-1.043764e-01	5.419348e-05	1.419353e-03
2.663850e+03	1.946441e-02	1.485477e-01	-1.873042e-04	-2.070830e-02	1.317740e-04	1.217717e-03
2.676240e+03	-7.472755e-02	1.297812e-01	-1.697502e-04	7.373307e-02	-2.112680e-04	9.679721e-04
2.688630e+03	-1.382215e-01	5.393054e-02	-1.594615e-04	1.373381e-01	-1.570121e-04	5.000393e-04
2.701020e+03	-1.341127e-01	-4.757923e-02	-7.417187e-05	1.340634e-01	-4.370047e-04	-1.159154e-04
2.713410e+03	-6.077735e-02	-1.192354e-01	3.458739e-04	6.137750e-02	-2.164213e-05	-8.126692e-04
2.725800e+03	3.601980e-02	-1.191420e-01	1.709148e-04	-3.551174e-02	3.859632e-05	-7.246576e-04
2.738190e+03	9.090361e-02	-5.415516e-02	-3.909146e-04	-9.125583e-02	-4.733796e-04	4.308368e-04
2.750580e+03	8.418510e-02	3.231751e-02	-2.605434e-04	-8.180198e-02	-1.533467e-04	-2.050630e-03
2.762970e+03	2.240427e-02	6.345680e-02	7.265823e-04	-1.844230e-02	2.283809e-03	-3.892522e-03
2.775360e+03	-1.662855e-02	3.453263e-02	-4.194294e-04	1.817139e-02	-6.324346e-04	-1.422113e-03
2.787750e+03	-1.420327e-02	2.729263e-03	4.126137e-04	1.703925e-02	4.288912e-04	-3.148633e-03
2.800140e+03	7.234061e-03	9.739940e-03	3.750450e-04	-4.186839e-03	1.482946e-04	-3.060414e-03
2.812530e+03	-1.826800e-02	2.259990e-02	4.504908e-04	2.216236e-02	1.103860e-03	-3.787637e-03
2.824920e+03	-4.003953e-02	1.085010e-02	4.030717e-04	4.292601e-02	6.517968e-04	-3.480036e-03
2.837310e+03	-3.534834e-02	-3.497098e-02	-1.087904e-04	3.926525e-02	-2.525912e-04	-3.840394e-03
2.849700e+03	8.422278e-03	-6.951866e-02	1.288487e-04	-9.841774e-03	-4.245062e-05	1.075613e-03
2.862090e+03	6.308951e-02	-3.190811e-02	-4.641189e-05	-6.304297e-02	-4.103460e-04	-8.600314e-04
2.874480e+03	6.575480e-02	3.902838e-02	-7.547152e-04	-6.527555e-02	-1.073143e-03	-7.592788e-04
2.886870e+03	7.572986e-03	7.897398e-02	1.782056e-04	-9.290087e-03	6.107417e-04	1.819347e-03
2.899260e+03	-6.397952e-02	5.317318e-02	-7.853966e-05	6.078548e-02	3.019777e-04	3.046232e-03
2.911650e+03	-8.631545e-02	-2.241432e-02	-5.249579e-04	8.370435e-02	-4.800980e-04	2.964497e-03
2.924040e+03	-3.234184e-02	-8.388360e-02	1.722636e-04	3.011026e-02	2.277288e-05	2.181265e-03
2.936430e+03	5.270265e-02	-7.563248e-02	-1.871361e-04	-5.424669e-02	-5.248723e-04	1.487916e-03
2.948820e+03	9.225634e-02	3.615278e-03	-8.820612e-05	-9.274305e-02	-1.217344e-05	3.864441e-04
2.961210e+03	4.172812e-02	8.268222e-02	-9.409564e-05	-3.907337e-02	1.242921e-04	-2.687905e-03
2.973600e+03	-4.157726e-02	6.662005e-02	-7.329295e-04	3.905658e-02	-6.014967e-04	2.136290e-03
2.985990e+03	-8.103993e-02	-1.227742e-02	-6.930083e-04	8.114859e-02	-8.952050e-04	-1.650747e-04
2.998380e+03	-1.786626e-02	-6.541898e-02	-7.055433e-04	2.176650e-02	-8.139347e-04	-3.934529e-03
3.010770e+03	4.824504e-02	-4.119171e-02	-1.657034e-03	-4.626002e-02	-1.872051e-03	-1.980339e-03
3.023160e+03	5.388744e-02	2.948359e-02	2.065381e-05	-5.393997e-02	-1.958680e-04	-6.760756e-04
3.035550e+03	-2.918795e-03	5.642701e-02	8.756243e-04	3.489713e-03	1.017558e-03	-7.731777e-04
3.047940e+03	-5.266518e-02	1.696226e-02	-4.456524e-04	5.327905e-02	-3.663349e-04	-7.418459e-04
3.060330e+03	-3.599768e-02	-3.712866e-02	-7.295292e-04	3.776885e-02	-5.152642e-04	-1.688342e-03
3.072720e+03	1.384527e-02	-4.958962e-02	-4.376892e-04	-1.355455e-02	-5.225873e-04	-2.957954e-04
3.085110e+03	5.117464e-02	-8.860229e-03	2.296010e-05	-5.195366e-02	-1.526222e-05	8.312334e-04
3.097500e+03	3.550837e-02	3.686222e-02	-5.665866e-04	-3.893909e-02	-5.239763e-04	3.271238e-03
3.109890e+03	-2.158276e-02	4.633619e-02	-2.894852e-05	2.009777e-02	-1.566017e-04	1.559937e-03
3.122280e+03	-4.863824e-02	8.119516e-03	-8.308814e-04	4.902645e-02	-7.397341e-04	-4.304493e-04
3.134670e+03	-2.691704e-02	-4.362255e-02	1.185607e-03	2.382669e-02	1.185934e-03	3.137944e-03
3.147060e+03	2.072782e-02	-3.791827e-02	6.367630e-05	-2.039117e-02	3.546793e-05	-5.087885e-04
3.159450e+03	3.895143e-02	4.831782e-03	9.234438e-06	-3.761403e-02	-1.694131e-04	-1.383142e-03
3.171840e+03	1.316084e-02	3.071250e-02	-1.318992e-04	-1.546216e-02	-1.457634e-04	2.219664e-03
3.184230e+03	-2.530446e-02	2.659775e-02	5.213413e-04	2.736462e-02	3.560775e-04	-1.850347e-03
3.196620e+03	-3.239164e-02	-1.302490e-02	1.596383e-04	3.300712e-02	1.093943e-04	-6.964077e-04
3.209010e+03	2.143752e-03	-2.784048e-02	-4.565453e-04	2.074634e-03	-2.341963e-04	-4.210127e-03
3.221400e+03	3.181381e-02	-1.458804e-02	1.468351e-04	-2.996875e-02	3.721880e-04	-1.514281e-03
3.233790e+03	2.554035e-02	1.310319e-02	-1.383730e-04	-2.870249e-02	-3.947236e-05	3.062220e-03
3.246180e+03	1.700487e-03	3.348512e-02	7.854495e-05	-1.458585e-03	1.257902e-04	-2.065438e-04
3.258570e+03	-3.087480e-02	1.430768e-02	3.959894e-04	2.932224e-02	1.046259e-04	1.567480e-03
3.270960e+03	-2.649733e-02	-1.815354e-02	-1.898015e-04	2.460083e-02	-2.866874e-04	1.903687e-03
3.283350e+03	-3.046575e-04	-3.026927e-02	5.738137e-04	-1.825415e-03	5.934585e-04	2.013279e-03
3.295740e+03	2.569236e-02	-1.123881e-02	1.238918e-04	-2.675397e-02	3.058583e-04	7.826315e-04
3.308130e+03	2.103425e-02	1.847081e-02	-7.152106e-04	-2.056727e-02	-5.041685e-04	-5.348597e-04
3.320520e+03	-8.802376e-03	2.707283e-02	3.045641e-04	9.287237e-03	1.287517e-04	-6.179274e-04
3.332910e+03	-2.122003e-02	8.138939e-03	2.752441e-04	2.282719e-02	9.730957e-06	-1.608926e-03
3.345300e+03	-1.953745e-02	-1.822607e-02	-7.404211e-05	1.977286e-02	-2.300227e-04	1.415971e-04
3.357690e+03	7.966330e-03	-2.212619e-02	-3.508644e-04	-8.145624e-03	-8.943745e-05	1.142450e-06
3.370080e+03	2.050531e-02	-7.964014e-03	-2.325635e-04	-2.220833e-02	1.248083e-04	1.807227e-03
3.382470e+03	1.654896e-02	1.699063e-02	-4.631879e-04	-1.503903e-02	-1.601174e-04	-1.421620e-03
3.394860e+03	-7.233391e-03	1.959748e-02	3.980087e-04	6.974063e-03	3.806108e-05	2.705337e-04
3.407250e+03	-2.028832e-02	2.410058e-03	7.691378e-05	1.855056e-02	-2.774837e-04	1.753532e-03
3.419640e+03	-1.020345e-02	-8.913276e-03	7.877561e-04	1.211775e-02	2.843011e-04	-1.720054e-03
3.432030e+03	3.096573e-03	-1.280409e-02	4.735206e-04	-2.904688e-03	3.576601e-04	-2.620398e-04
3.444420e+03	1.153830e-02	5.582381e-04	-9.782032e-05	-1.133018e-02	2.749946e-04	-2.468707e-04
3.456810e+03	6.446102e-03	1.239599e-02	-3.018359e-04	-5.990597e-03	2.101765e-04	-3.987389e-04
3.469200e+03	-1.104195e-02	9.085798e-03	-3.574217e-04	1.116299e-02	-1.277520e-04	-1.852740e-04
3.481590e+03	-1.275210e-02	-6.416249e-03	-1.311629e-04	1.300437e-02	-3.158253e-04	-2.840904e-04
3.493980e+03	-2.207135e-04	-1.681239e-02	4.095186e-04	-5.781355e-06	1.238342e-05	3.124429e-04
3.506370e+03	1.609879e-02	-7.300329e-03	1.522176e-03	-1.473529e-02	9.476619e-04	-1.238087e-03
3.518760e+03	1.855620e-02	6.207096e-03	3.588004e-06	-1.870078e-02	2.060863e-04	-5.466600e-05
3.531150e+03	2.484263e-03	1.835372e-02	-5.818655e-04	-2.154291e-03	-2.167654e-05	-3.699407e-04
3.543540e+03	-1.821832e-02	9.671609e-03	2.242292e-04	1.642157e-02	2.592692e-04	1.841540e-03
3.555930e+03	-1.366782e-02	-5.978462e-03	-5.303954e-04	1.367102e-02	-3.687902e-04	-3.771985e-05
3.568320e+03	-1.965623e-03	-1.505236e-02	2.832263e-05	2.088685e-03	-1.961499e-04	-1.252239e-04
3.580710e+03	1.068038e-02	-8.314074e-03	-6.219516e-05	-1.078354e-02	-1.701609e-04	-1.468227e-05
3.593100e+03	1.138613e-02	5.042671e-03	-9.193872e-05	-1.227576e-02	-3.511982e-06	6.458026e-04
3.605490e+03	-7.875640e-04	1.435102e-02	-1.736210e-03	1.270357e-03	-8.023657e-04	-4.862704e-04
3.617880e+03	-1.005105e-02	7.803888e-03	-1.193426e-04	1.183022e-02	1.363459e-04	-1.704557e-03
3.630270e+03	-1.429502e-02	-7.604074e-03	4.482036e-04	1.456044e-02	1.962903e-04	-1.009475e-04
3.642660e+03	5.392983e-03	-1.465922e-02	-1.112811e-04	-4.581631e-03	-1.447035e-04	-7.884163e-04
3.655050e+03	1.368440e-02	-7.207565e-03	3.456169e-04	-1.441178e-02	9.937962e-05	7.042407e-04
3.667440e+03	1.582990e-02	1.164709e-02	-2.565333e-04	-1.363587e-02	-1.498140e-04	-2.070663e-03
3.679830e+03	-7.797368e-03	1.543025e-02	8.769350e-04	6.386974e-03	3.607959e-04	1.406320e-03
3.692220e+03	-1.262774e-02	7.197631e-03	-4.593361e-04	1.385720e-02	-1.676280e-04	-1.070248e-03
3.704610e+03	-9.683360e-03	-5.229231e-03	-3.585570e-04	1.207541e-02	-1.851183e-04	-2.054546e-03
3.717000e+03	-1.256802e-03	-1.239530e-02	-1.136996e-03	8.273177e-04	-7.458475e-04	5.642419e-04
3.729390e+03	1.009455e-02	-4.316268e-03	1.749177e-04	-1.059551e-02	3.397635e-05	3.618711e-04
3.741780e+03	6.184321e-03	5.111387e-03	-4.390875e-04	-7.614959e-03	-2.651933e-04	1.416183e-03
3.754170e+03	-4.243026e-03	1.045154e-02	-8.214693e-05	5.021918e-03	-1.447667e-06	-7.538402e-04
3.766560e+03	-9.773105e-03	-1.620342e-04	-4.011372e-04	1.006085e-02	-2.106750e-04	-3.236707e-04
3.778950e+03	-4.497997e-03	-9.951188e-03	-1.322290e-04	4.245000e-03	-1.221539e-04	2.476750e-04
3.791340e+03	6.683114e-03	-6.754810e-03	-9.583084e-04	-6.129943e-03	-5.273716e-04	-5.266806e-04
3.803730e+03	1.115029e-02	3.928523e-03	-9.321890e-04	-1.046327e-02	-4.258078e-04	-7.585777e-04
3.816120e+03	4.971272e-04	1.125304e-02	-4.674582e-04	-5.653355e-04	-2.320601e-04	6.188153e-05
3.828510e+03	-1.019970e-02	7.194014e-03	8.738875e-05	1.030472e-02	-1.543987e-05	-8.634066e-05
3.840900e+03	-1.075371e-02	-5.909503e-03	3.488157e-04	1.031057e-02	8.544731e-05	6.090252e-04
3.853290e+03	3.446523e-04	-1.008937e-02	-2.891363e-04	-5.581506e-05	-1.296719e-04	-1.972663e-04
3.865680e+03	8.990076e-03	-3.332080e-03	-9.340902e-05	-8.794563e-03	-7.479342e-05	-2.094270e-04
3.878070e+03	5.050891e-03	7.404663e-03	-2.884988e-04	-5.289046e-03	-1.536654e-04	1.953280e-04
3.890460e+03	-5.241296e-03	8.881717e-03	-1.683983e-04	4.924967e-03	-1.493024e-04	2.603365e-04
3.902850e+03	-1.039944e-02	-6.273444e-04	1.688818e-04	1.019948e-02	-4.044478e-06	2.339880e-04
3.915240e+03	-3.540710e-03	-1.149237e-02	-3.125079e-05	2.711869e-03	-2.301336e-05	6.500515e-04
3.927630e+03	7.999338e-03	-9.310420e-03	-5.466019e-04	-8.804018e-03	-2.716686e-04	5.532231e-04
3.940020e+03	1.080029e-02	5.409277e-03	1.256827e-05	-9.979199e-03	5.480679e-05	-8.530304e-04
3.952410e+03	-3.501046e-03	1.118981e-02	4.170284e-04	2.043982e-03	1.496377e-04	1.456437e-03
3.964800e+03	-9.910924e-03	6.876788e-03	-5.007097e-04	9.704340e-03	-2.208420e-04	3.103455e-04
3.977190e+03	-1.107779e-02	-2.712503e-03	1.239533e-03	1.167973e-02	5.792599e-04	-5.950946e-04
3.989580e+03	-1.175867e-04	-1.017152e-02	4.213420e-04	3.761674e-04	8.526751e-05	-1.966822e-04
4.001970e+03	8.138126e-03	-3.688012e-03	-8.208028e-05	-7.885567e-03	-2.913822e-05	-2.541602e-04
4.014360e+03	6.198811e-03	4.492568e-03	2.400891e-04	-6.450018e-03	1.861978e-04	2.482291e-04
4.026750e+03	-1.914546e-03	7.015421e-03	-2.728514e-04	2.042695e-03	-1.472036e-04	-1.157073e-04
4.039140e+03	-8.050799e-03	7.147418e-04	2.980083e-06	8.371706e-03	-6.960133e-05	-2.307580e-04
4.051530e+03	-3.155740e-03	-7.896582e-03	1.078664e-05	3.103774e-03	1.186768e-05	1.631132e-05
4.063920e+03	7.605573e-03	-8.512688e-03	-1.524900e-04	-8.111662e-03	-7.605928e-07	4.761913e-04
4.076310e+03	8.721309e-03	3.371195e-03	3.897685e-04	-8.509369e-03	2.118374e-04	-4.222525e-04
4.088700e+03	1.130226e-03	9.240312e-03	-3.491692e-04	-9.721909e-04	-2.014924e-04	-9.285412e-05
4.101090e+03	-7.320412e-03	4.231028e-03	-9.609971e-04	6.699055e-03	-4.690077e-04	6.335696e-04
4.113480e+03	-5.874952e-03	-2.301341e-03	-2.530316e-04	7.257704e-03	-1.631813e-04	-1.358847e-03
4.125870e+03	-9.479209e-04	-8.719566e-03	1.911911e-04	-3.765518e-06	1.162353e-04	9.354624e-04
4.138260e+03	9.220313e-03	-2.716840e-03	4.257384e-04	-8.832147e-03	3.130563e-04	-3.869048e-04
4.150650e+03	4.608226e-03	7.789973e-03	6.909530e-05	-3.675723e-03	-5.815556e-05	-9.289996e-04
4.163040e+03	-3.907029e-03	6.751545e-03	-4.734611e-04	3.920267e-03	-8.922240e-05	2.029036e-05
4.175430e+03	-5.463854e-03	-1.095543e-03	-1.748251e-04	5.946305e-03	-9.756556e-05	-4.920889e-04
4.187820e+03	-2.656570e-03	-8.707827e-03	1.498752e-03	1.814262e-03	5.399292e-04	8.363609e-04
4.200210e+03	7.551571e-03	-5.988329e-03	-2.897891e-04	-7.884025e-03	-9.580535e-05	2.218867e-04
4.212600e+03	8.870144e-03	5.099452e-03	-3.581306e-05	-7.738421e-03	4.351084e-05	-1.150248e-03
4.224990e+03	-1.436707e-03	8.743355e-03	-2.192286e-04	1.173534e-03	-9.002664e-05	2.434203e-04
4.237380e+03	-6.661418e-03	3.901669e-03	2.680533e-04	6.644564e-03	1.514672e-04	5.652587e-05
4.249770e+03	-4.527942e-03	-2.667174e-03	8.439711e-05	5.232826e-03	-7.334724e-05	-8.151718e-04
4.262160e+03	7.726759e-04	-7.431504e-03	-4.742900e-04	-1.127659e-03	-2.311606e-04	3.464895e-04
4.274550e+03	7.469834e-03	-8.596967e-04	-6.910596e-04	-6.627097e-03	-1.872577e-04	-7.990766e-04
4.286940e+03	2.866638e-03	6.623190e-03	-4.350894e-04	-2.213550e-03	-1.734237e-04	-5.433039e-04
4.299330e+03	-3.779935e-03	4.337447e-03	4.495927e-04	3.664783e-03	1.958624e-04	1.622662e-04
4.311720e+03	-4.027354e-03	-2.651931e-03	-3.432366e-04	4.322931e-03	-1.346181e-04	-2.353025e-04
4.324110e+03	8.582268e-04	-5.511909e-03	-3.864653e-04	-1.995822e-04	-2.542933e-04	-5.009979e-04
4.336500e+03	7.111866e-03	-3.880994e-03	3.580182e-04	-6.794103e-03	1.562995e-04	-3.224856e-04
4.348890e+03	6.176832e-03	1.615796e-03	4.114722e-05	-6.825167e-03	1.332985e-04	3.475982e-04
4.361280e+03	-1.563400e-03	5.114006e-03	-1.091093e-03	1.002349e-03	-4.530036e-04	5.718703e-04
4.373670e+03	-7.231167e-03	3.557250e-03	-8.151864e-04	7.004703e-03	-2.952395e-04	1.402100e-04
4.386060e+03	-2.812729e-03	-4.164748e-03	5.928676e-04	3.091200e-03	1.878545e-04	-2.014899e-04
4.398450e+03	3.999901e-03	-3.850123e-03	-2.056912e-04	-3.037242e-03	-7.748129e-05	-9.648294e-04
4.410840e+03	5.724874e-03	1.834671e-03	3.128221e-04	-4.961695e-03	1.942886e-04	-8.083680e-04
4.423230e+03	-3.172935e-04	5.438342e-03	-2.071422e-04	9.155949e-05	-5.349238e-05	2.283992e-04
4.435620e+03	-6.457874e-03	3.372379e-03	-2.053840e-03	5.838402e-03	-9.096508e-04	6.214485e-04
4.448010e+03	-5.867609e-03	-4.499965e-03	3.683188e-04	5.007426e-03	3.160489e-04	8.522537e-04
4.460400e+03	1.026860e-03	-5.605125e-03	9.447818e-04	-1.067140e-03	3.102252e-04	4.495816e-05
4.472790e+03	6.379665e-03	-3.297476e-03	3.757160e-04	-6.727544e-03	1.905410e-04	3.922270e-04
4.485180e+03	3.236595e-03	5.900374e-03	3.478829e-04	-2.783494e-03	6.003455e-05	-4.386520e-04
4.497570e+03	-1.396066e-03	4.904559e-03	3.764883e-04	1.727726e-03	2.212233e-04	-3.449744e-04
4.509960e+03	-6.650085e-03	-1.240835e-04	-5.047993e-04	6.118203e-03	-3.308405e-04	5.385482e-04
4.522350e+03	-2.638631e-03	-5.492296e-03	9.160520e-04	1.994836e-03	2.820119e-04	5.651161e-04
4.534740e+03	6.266110e-03	-2.336524e-03	-9.784322e-04	-5.222815e-03	-3.276737e-04	-1.043625e-03
4.547130e+03	3.499897e-03	2.957567e-03	-1.402189e-03	-3.617672e-03	-6.494837e-04	1.383938e-04
4.559520e+03	-3.971095e-03	5.785634e-03	-7.196989e-05	3.400199e-03	-1.103523e-04	6.158784e-04
4.571910e+03	-7.250698e-03	8.290320e-05	-9.202254e-06	6.520685e-03	-1.375957e-05	7.141010e-04
4.584300e+03	-1.492477e-03	-5.056851e-03	7.577948e-04	2.168742e-03	2.708729e-04	-6.636779e-04
4.596690e+03	6.604027e-03	-5.212125e-03	9.534860e-04	-5.601282e-03	3.030046e-04	-1.151464e-03
4.609080e+03	8.375458e-03	9.997900e-04	-4.717565e-04	-7.826239e-03	-1.522231e-04	-5.752770e-04
4.621470e+03	2.828721e-03	9.660158e-03	4.752481e-04	-1.084413e-03	1.361742e-04	-1.543092e-03
4.633860e+03	-5.732623e-03	5.775078e-03	9.380480e-05	5.591866e-03	-2.890392e-05	1.718578e-04
4.646250e+03	-7.117948e-03	-2.175195e-03	-5.456561e-04	6.630625e-03	-2.884951e-04	6.024416e-04
4.658640e+03	1.906046e-03	-5.780008e-03	8.868240e-04	-1.240466e-03	3.456745e-04	-5.430305e-04
4.671030e+03	7.812045e-03	-1.848516e-03	-2.165787e-04	-6.962524e-03	-1.173373e-05	-7.074860e-04
4.683420e+03	5.171068e-03	5.082639e-03	-5.511940e-04	-4.797670e-03	-1.636657e-04	-3.737906e-04
4.695810e+03	-6.495405e-03	5.951942e-03	1.806540e-04	5.373045e-03	4.121251e-05	1.131772e-03
4.708200e+03	-7.425729e-03	2.207690e-04	-7.551383e-05	7.518229e-03	-1.026262e-04	-7.283591e-05
4.720590e+03	-4.226211e-03	-8.343358e-03	4.566241e-04	3.079158e-03	1.234311e-04	1.078048e-03
4.732980e+03	4.442834e-03	-5.318341e-03	-5.042384e-04	-4.761174e-03	-2.786334e-04	2.915294e-04
4.745370e+03	9.239277e-03	2.809154e-03	-3.937790e-04	-8.499526e-03	-2.164197e-04	-7.971967e-04
4.757760e+03	2.432945e-03	8.074368e-03	9.547961e-04	-1.665689e-03	2.495981e-04	-7.684708e-04
4.770150e+03	-8.329977e-03	5.989250e-03	7.094504e-04	8.069987e-03	1.723859e-04	2.652360e-04
4.782540e+03	-6.569227e-03	-4.053803e-03	-8.080802e-04	6.179412e-03	-2.028341e-04	4.682722e-04
4.794930e+03	1.066551e-03	-6.230379e-03	6.980428e-04	-1.166675e-03	1.694304e-04	7.227378e-05
4.807320e+03	5.016812e-03	1.354556e-03	9.069632e-04	-5.008947e-03	1.734720e-04	-6.419929e-06
4.819710e+03	1.577387e-03	6.034366e-03	1.462198e-03	-2.365662e-03	4.803281e-04	6.744406e-04
4.832100e+03	-6.003010e-03	7.768923e-03	-3.737338e-04	5.916303e-03	-2.035901e-04	8.398985e-05
4.844490e+03	-7.906638e-03	-4.261075e-03	-5.521840e-04	6.719312e-03	-4.948583e-05	1.144907e-03
4.856880e+03	-8.362176e-04	-8.558863e-03	-5.217819e-05	8.224220e-04	3.469352e-05	5.706727e-05
4.869270e+03	7.231331e-03	-4.837088e-03	-5.901949e-04	-7.371928e-03	-1.828484e-04	1.200628e-04
4.881660e+03	7.720841e-03	4.006545e-03	-4.314127e-05	-7.721014e-03	1.415933e-05	9.516583e-05
4.894050e+03	-1.555358e-03	1.005346e-02	1.085330e-04	1.649536e-03	-1.441791e-04	-1.301261e-04
4.906440e+03	-7.749183e-03	2.898960e-03	-6.275336e-05	7.471981e-03	-1.450642e-05	2.786623e-04
4.918830e+03	-7.835522e-03	-5.361834e-03	4.387362e-04	6.904460e-03	-2.459849e-05	9.390456e-04
4.931220e+03	2.336555e-03	-6.098924e-03	1.021989e-03	-2.528210e-03	3.592418e-04	1.716480e-04
4.943610e+03	6.836136e-03	2.516619e-04	4.680104e-04	-7.201452e-03	1.412760e-04	2.500830e-04
4.956000e+03	-3.213243e-04	6.975930e-03	-1.332912e-03	-7.120011e-04	-5.611218e-04	1.237933e-03
4.968390e+03	-1.033493e-02	3.702712e-03	-1.237979e-03	8.321920e-03	-4.451732e-04	1.992751e-03
4.980780e+03	-7.844013e-03	-3.952398e-03	3.128191e-04	7.523561e-03	2.458885e-05	3.908569e-04
4.993170e+03	-1.197424e-04	-8.879904e-03	1.295399e-04	-1.301316e-05	-8.160344e-06	1.752766e-04
5.005560e+03	5.456263e-03	-4.454621e-03	-8.557315e-04	-6.536200e-03	-3.789251e-04	1.136116e-03
5.017950e+03	8.051281e-03	4.861809e-03	5.072131e-04	-7.786437e-03	1.364868e-04	-4.030040e-04
5.030340e+03	-1.869682e-03	1.059241e-02	1.032993e-03	2.646653e-03	1.775621e-04	-8.033538e-04
5.042730e+03	-1.043401e-02	2.036321e-03	1.834403e-04	9.751504e-03	-3.757950e-05	5.521248e-04
5.055120e+03	-5.363287e-03	-7.571390e-03	-5.599944e-04	4.730329e-03	-1.343848e-04	5.742603e-04
5.067510e+03	5.655234e-03	-4.154266e-03	-5.907570e-04	-4.657732e-03	-2.058061e-04	-9.990846e-04
5.079900e+03	8.561840e-03	4.857678e-03	-2.472365e-04	-7.335973e-03	-1.479697e-04	-1.307898e-03
5.092290e+03	-8.703438e-04	7.469393e-03	4.834184e-04	2.520173e-04	1.736484e-04	6.053809e-04
5.104680e+03	-8.719860e-03	3.945645e-03	-1.396972e-03	8.196234e-03	-5.841604e-04	5.683423e-04
5.117070e+03	-7.881220e-03	-5.291807e-03	-3.357092e-04	7.464939e-03	-9.877548e-05	3.723887e-04
5.129460e+03	1.056795e-03	-9.014289e-03	7.620460e-04	-1.249116e-03	2.785925e-04	1.103327e-04
5.141850e+03	7.266038e-03	-2.452330e-03	-7.079561e-04	-7.616532e-03	-2.730567e-04	3.466267e-04
5.154240e+03	8.885076e-03	6.823868e-03	2.217143e-04	-7.394733e-03	2.799309e-04	-1.555792e-03
5.166630e+03	-4.978576e-03	9.807940e-03	4.686019e-04	5.280004e-03	1.010173e-04	-2.215448e-04
5.179020e+03	-1.027839e-02	-1.075554e-04	7.293296e-04	9.579997e-03	2.354484e-04	7.230917e-04
5.191410e+03	-2.511910e-03	-7.732950e-03	-2.869376e-04	2.520275e-03	-1.550774e-04	-4.298895e-05
5.203800e+03	5.938706e-03	-4.638179e-03	-1.396890e-04	-5.828525e-03	-4.222552e-05	-1.656769e-04
5.216190e+03	5.698816e-03	3.499273e-03	4.408519e-05	-6.242348e-03	8.247261e-05	5.291234e-04
5.228580e+03	-2.476183e-03	9.462988e-03	-5.021700e-04	2.365907e-03	-3.120875e-04	-5.628589e-05
5.240970e+03	-1.147188e-02	2.518004e-03	1.944679e-05	1.032758e-02	-8.599781e-05	1.108490e-03
5.253360e+03	-6.567323e-03	-8.365190e-03	1.288517e-03	5.810786e-03	4.470921e-04	7.424329e-04
5.265750e+03	2.102758e-03	-7.704845e-03	1.573952e-03	-2.497101e-03	4.742252e-04	6.089089e-04
5.278140e+03	9.326414e-03	7.342653e-04	2.002361e-03	-8.398137e-03	6.834565e-04	-9.020903e-04
5.290530e+03	4.011258e-03	8.622056e-03	-5.281765e-04	-3.253407e-03	-4.885119e-05	-7.329053e-04
5.302920e+03	-6.331115e-03	6.847027e-03	-2.753529e-04	6.337067e-03	-4.042469e-05	-9.252749e-06
5.315310e+03	-7.387245e-03	-2.665810e-03	7.469506e-04	7.696925e-03	2.335734e-04	-3.027770e-04
5.327700e+03	-5.596541e-04	-8.454657e-03	5.421030e-04	4.085740e-04	1.949343e-04	1.226825e-04
5.340090e+03	6.718442e-03	-2.397930e-03	-3.560540e-04	-6.429788e-03	-1.495749e-04	-2.680493e-04
5.352480e+03	5.769363e-03	6.491422e-03	9.203633e-04	-5.257065e-03	3.137494e-04	-5.060000e-04
5.364870e+03	-3.222054e-03	6.113353e-03	-5.873037e-04	2.858729e-03	-1.592422e-04	4.692546e-04
5.377260e+03	-8.887751e-03	-2.127252e-04	2.305209e-04	8.576410e-03	3.739842e-05	3.002534e-04
5.389650e+03	-1.762949e-03	-6.337807e-03	7.337246e-05	2.886513e-03	9.927616e-05	-1.218154e-03
5.402040e+03	9.146324e-03	-5.376773e-03	-4.566281e-04	-7.370845e-03	-3.864807e-05	-1.778353e-03
5.414430e+03	8.308181e-03	1.967719e-03	-3.653429e-04	-8.176522e-03	-4.420006e-05	-1.878403e-04
5.426820e+03	1.642019e-05	8.233725e-03	7.577631e-05	-3.951758e-04	1.475715e-04	4.413733e-04
5.439210e+03	-7.742687e-03	4.283983e-03	-1.186124e-05	7.333290e-03	1.836964e-05	4.068676e-04
5.451600e+03	-7.330573e-03	-3.772718e-03	-6.293510e-04	7.206981e-03	-2.945467e-04	2.344305e-04
5.463990e+03	-1.642067e-03	-7.527652e-03	1.402451e-03	5.551550e-04	4.261516e-04	1.086717e-03
5.476380e+03	7.435028e-03	6.037580e-04	4.865423e-04	-6.865678e-03	1.238800e-04	-5.621730e-04
5.488770e+03	4.829776e-03	8.491395e-03	-9.012131e-04	-3.981845e-03	-2.820566e-04	-8.349938e-04
5.501160e+03	-5.661797e-03	5.835601e-03	-5.399491e-04	5.318905e-03	-1.314022e-04	3.592549e-04
5.513550e+03	-8.827672e-03	-2.748117e-03	5.304271e-04	8.449697e-03	2.121849e-04	3.568034e-04
5.525940e+03	-2.416092e-03	-8.679003e-03	-5.587487e-04	1.971650e-03	-1.769646e-04	4.077437e-04
5.538330e+03	5.069590e-03	-3.907728e-03	6.608153e-05	-5.311462e-03	-2.306466e-05	2.338529e-04
5.550720e+03	7.212133e-03	3.745293e-03	3.227679e-05	-7.113763e-03	5.668775e-05	4.593196e-06
5.563110e+03	2.670747e-04	6.770014e-03	-1.457928e-04	-3.061203e-04	-1.477376e-05	8.481100e-05
5.575500e+03	-5.163399e-03	4.302227e-03	1.666160e-03	6.597295e-03	4.899898e-04	-1.455949e-03
5.587890e+03	-3.816489e-03	-6.006742e-03	-8.426201e-04	3.942481e-03	-2.738872e-04	-1.303612e-04
5.600280e+03	3.329275e-03	-6.835661e-03	-1.315245e-03	-3.494377e-03	-5.720681e-04	1.470180e-04
5.612670e+03	8.708210e-03	1.050016e-03	-1.808834e-04	-8.225166e-03	-4.718951e-05	-5.113970e-04
5.625060e+03	2.963066e-03	9.327335e-03	-6.488130e-05	-1.930500e-03	-1.034758e-04	-9.012876e-04
5.637450e+03	-7.114316e-03	4.036348e-03	3.728961e-04	6.481430e-03	1.376045e-04	6.122215e-04
5.649840e+03	-6.044220e-03	-3.768218e-03	-4.187565e-04	6.462630e-03	-1.436889e-04	-3.782631e-04
5.662230e+03	1.344601e-04	-8.723154e-03	-2.614522e-05	-5.254265e-04	9.204580e-05	3.750846e-04
5.674620e+03	6.485590e-03	-2.944969e-03	-5.214341e-04	-6.870620e-03	-1.551785e-04	4.036968e-04
5.687010e+03	2.965021e-03	3.779576e-03	-2.266529e-04	-4.261613e-03	3.452038e-06	1.422945e-03
5.699400e+03	-1.216723e-03	8.806180e-03	-8.986891e-04	2.530814e-03	-3.757617e-04	-1.425380e-03
5.711790e+03	-8.605834e-03	2.732720e-04	-9.378834e-04	8.038367e-03	-3.706502e-04	5.864869e-04
5.724180e+03	-4.671250e-03	-7.913939e-03	-1.350980e-04	3.656836e-03	-9.738657e-05	1.121697e-03
5.736570e+03	6.526269e-03	-4.288930e-03	1.281244e-03	-5.495981e-03	4.557960e-04	-1.149154e-03
5.748960e+03	9.183153e-03	4.196883e-03	-8.514031e-04	-7.689097e-03	-3.558539e-04	-1.499102e-03
5.761350e+03	2.435217e-04	7.720385e-03	1.226231e-03	-7.493975e-05	4.971124e-04	-1.709819e-04
5.773740e+03	-6.222730e-03	5.578563e-03	-2.695840e-04	7.254330e-03	-2.030859e-04	-1.000857e-03
5.786130e+03	-6.274823e-03	-6.339582e-03	4.796617e-06	5.630879e-03	8.128032e-05	6.359352e-04
5.798520e+03	1.730331e-03	-7.886502e-03	-1.177954e-04	-2.036379e-03	2.448095e-05	3.607245e-04
5.810910e+03	8.010800e-03	-1.339456e-03	9.602758e-04	-7.649401e-03	3.986386e-04	-3.653439e-04
5.823300e+03	4.712929e-03	6.549384e-03	2.387563e-04	-4.038130e-03	1.289117e-04	-6.631213e-04
5.835690e+03	-2.221036e-03	6.311106e-03	1.670120e-04	3.066543e-03	1.538944e-04	-7.256734e-04
5.848080e+03	-6.207558e-03	-1.925677e-03	-8.721001e-04	6.033155e-03	-1.893054e-04	1.743690e-04
5.860470e+03	-2.317572e-03	-8.544463e-03	-1.875510e-04	1.306791e-03	-1.593078e-05	9.509007e-04
5.872860e+03	4.606400e-03	-4.526735e-03	-1.582696e-04	-5.100501e-03	-6.688830e-05	5.394189e-04
5.885250e+03	7.940363e-03	4.688043e-03	6.118291e-04	-6.602561e-03	3.367855e-04	-1.337452e-03
5.897640e+03	-5.926519e-04	7.296359e-03	-1.681326e-04	9.915776e-04	-6.816413e-05	-3.924029e-04
5.910030e+03	-6.403040e-03	3.457645e-03	5.108015e-04	6.958704e-03	1.999111e-04	-5.071306e-04
5.922420e+03	-4.039933e-03	-5.170410e-03	-9.886665e-04	4.032530e-03	-3.453378e-04	6.412005e-06
5.934810e+03	5.764113e-03	-4.475677e-03	-8.028363e-05	-4.319135e-03	1.307511e-04	-1.392744e-03
5.947200e+03	6.141583e-03	1.673876e-03	-3.351734e-04	-5.547457e-03	-1.198345e-04	-7.035717e-04
5.959590e+03	3.708335e-03	3.226433e-03	-1.861911e-05	-3.787046e-03	2.169110e-04	5.944695e-05
5.971980e+03	-3.471746e-03	4.627750e-03	1.047378e-04	4.092419e-03	1.311105e-04	-5.670626e-04
5.984370e+03	-7.627887e-03	-1.563722e-03	-3.923049e-04	6.756170e-03	-2.125144e-04	8.405668e-04
5.996760e+03	-2.669186e-03	-5.700325e-03	3.361500e-04	1.749974e-03	-5.852137e-05	9.224300e-04
6.009150e+03	4.344418e-03	-1.554826e-03	1.605635e-04	-4.294525e-03	-6.920463e-06	9.322178e-06
6.021540e+03	5.462453e-03	4.335335e-03	-6.162651e-04	-4.692691e-03	-1.896931e-04	-9.318066e-04
6.033930e+03	-1.571073e-03	7.560332e-03	2.044345e-04	2.723181e-03	-7.016579e-06	-1.174043e-03
6.046320e+03	-6.932759e-03	9.081123e-04	6.403044e-04	6.579435e-03	1.955775e-04	2.308726e-04
6.058710e+03	-4.405624e-03	-5.217328e-03	1.267325e-04	3.612667e-03	7.406216e-05	7.293419e-04
6.071100e+03	3.203944e-03	-4.645453e-03	-5.885769e-04	-3.574151e-03	-1.778456e-04	3.629827e-04
6.083490e+03	4.857660e-03	1.571420e-03	-4.801677e-04	-4.274014e-03	-1.908423e-04	-6.170483e-04
6.095880e+03	1.671618e-03	5.202828e-03	5.073474e-05	-7.846012e-04	4.678402e-06	-8.229907e-04
6.108270e+03	-3.677173e-03	3.817321e-03	-1.690504e-04	4.125471e-03	-1.276656e-04	-4.376647e-04
6.120660e+03	-3.783083e-03	-1.778734e-03	-9.470696e-04	3.632751e-03	-4.431618e-04	1.295553e-04
6.133050e+03	-3.430751e-03	-4.273800e-03	5.681607e-04	1.856531e-03	1.979157e-06	1.572744e-03
6.145440e+03	5.353220e-03	-4.699207e-04	2.117714e-05	-4.534483e-03	-5.800149e-06	-8.067784e-04
6.157830e+03	2.349656e-04	4.152216e-03	-6.874506e-04	-5.091329e-04	-3.139375e-04	1.576681e-04
6.170220e+03	-3.054966e-03	3.845918e-03	2.849277e-04	2.937697e-03	-3.184079e-05	1.463562e-04
6.182610e+03	-1.763268e-03	1.392030e-04	-7.226451e-04	2.593397e-03	-3.386821e-04	-8.317230e-04
6.195000e+03	1.563474e-04	-2.960574e-03	6.002181e-04	2.507407e-04	1.808275e-04	-4.047740e-04
6.207390e+03	3.528514e-03	-1.350852e-03	-3.765591e-04	-2.917362e-03	-1.019907e-04	-7.780546e-04
6.219780e+03	4.723511e-03	3.063213e-03	-7.399556e-04	-3.048005e-03	-3.167480e-04	-1.665529e-03
6.232170e+03	-9.579476e-04	1.756185e-03	1.006611e-03	6.860583e-04	3.986253e-04	3.047797e-04
6.244560e+03	-8.116400e-04	1.237726e-03	9.653346e-04	1.426060e-03	5.060053e-04	-6.205067e-04
6.256950e+03	-1.234064e-03	-8.161573e-04	-9.037009e-04	1.457968e-03	-3.358754e-04	-2.253677e-04
6.269340e+03	7.727221e-04	5.070793e-04	3.605925e-04	-6.393059e-05	1.201665e-04	-6.911195e-04
6.281730e+03	2.221044e-03	2.132358e-04	7.492267e-04	-1.838268e-03	2.526410e-04	-4.349884e-04
6.294120e+03	1.005972e-03	1.249326e-03	8.828696e-04	-6.298217e-04	3.987535e-04	-3.761739e-04
6.306510e+03	-1.906594e-03	1.076453e-04	1.029008e-03	1.485585e-03	3.460849e-04	3.967286e-04
6.318900e+03	-1.312132e-03	7.057434e-04	-2.236542e-04	1.836181e-03	-1.266315e-04	-4.750708e-04
6.331290e+03	-3.155257e-04	-1.374599e-03	-3.699629e-04	6.149307e-06	-1.373197e-04	3.229724e-04
6.343680e+03	2.078126e-03	8.175775e-04	-5.352566e-04	-1.462699e-03	-1.644836e-04	-6.292596e-04
6.356070e+03	1.381205e-03	2.036277e-03	2.786422e-04	-3.500084e-04	8.965717e-05	-8.992617e-04
6.368460e+03	-2.720970e-04	1.329577e-03	-1.462852e-04	8.902212e-04	-2.240091e-04	-6.636328e-04
6.380850e+03	-8.859379e-04	9.432503e-05	3.217705e-04	9.300840e-04	9.012637e-05	-4.824781e-05
6.393240e+03	1.979040e-03	-2.755479e-04	-1.841528e-04	-1.446682e-03	6.204143e-06	-4.709404e-04
6.405630e+03	1.348231e-03	9.084083e-04	-3.887585e-05	-9.888210e-04	-3.557898e-05	-3.613762e-04
6.418020e+03	2.151484e-03	2.194301e-03	-8.643693e-04	-8.929784e-04	-3.541815e-04	-1.291684e-03
6.430410e+03	-2.473993e-03	-2.308587e-04	3.601438e-04	1.795397e-03	7.515225e-05	6.728268e-04
6.442800e+03	-1.083982e-03	-1.513590e-03	1.375077e-04	6.451913e-04	1.660044e-06	4.336382e-04
6.455190e+03	2.736424e-03	-6.227130e-04	5.713152e-04	-1.880670e-03	2.981378e-04	-8.375918e-04
6.467580e+03	1.660330e-03	1.548465e-03	-3.741341e-04	-1.071493e-03	-1.345122e-04	-6.093660e-04
6.479970e+03	-2.648907e-03	1.131743e-03	1.359555e-04	1.979437e-03	7.920260e-05	6.680275e-04
6.492360e+03	-3.884204e-04	-6.432333e-04	-1.219633e-03	5.042525e-04	-5.016028e-04	-3.626508e-05
6.504750e+03	-2.110143e-03	-1.306859e-03	9.071273e-04	1.621084e-03	2.530451e-04	4.921418e-04
6.517140e+03	2.072307e-03	2.840812e-04	-1.023136e-03	-1.464108e-03	-5.075972e-04	-6.069047e-04
6.529530e+03	1.846697e-03	2.009063e-03	-1.747611e-03	-1.463414e-03	-7.364761e-04	-3.834259e-04
6.541920e+03	-2.220917e-04	1.545415e-03	2.793410e-04	1.611856e-04	3.264586e-05	1.025440e-04
6.554310e+03	-9.321486e-04	1.262342e-03	-2.209407e-04	1.560336e-03	-2.783570e-04	-6.311341e-04
6.566700e+03	-2.846843e-03	-1.992960e-03	-3.430189e-04	2.139163e-03	-1.262325e-04	6.890259e-04
6.579090e+03	9.764681e-04	-1.548842e-03	5.905122e-04	-7.184807e-04	2.148726e-04	-3.471013e-04
6.591480e+03	2.907645e-03	1.257943e-03	4.817018e-04	-2.086829e-03	1.638310e-04	-8.227398e-04
6.603870e+03	1.341771e-03	3.209152e-03	-3.001631e-04	-6.167068e-04	-2.204194e-04	-6.882500e-04
6.616260e+03	-3.532641e-03	2.195897e-03	-1.183582e-04	3.117980e-03	-1.460070e-04	3.928129e-04
6.628650e+03	-3.038435e-03	-1.159741e-03	-7.884931e-04	2.869134e-03	-4.432424e-04	1.687340e-04
6.641040e+03	-3.538761e-04	-3.531939e-03	-3.457999e-04	9.991331e-06	-1.133689e-04	3.351089e-04
6.653430e+03	1.170498e-03	-1.235271e-03	3.394743e-04	-1.591280e-03	1.104887e-04	4.240097e-04
6.665820e+03	3.773443e-03	2.208544e-03	7.611036e-04	-2.948843e-03	3.283103e-04	-8.330280e-04
6.678210e+03	-1.232534e-03	3.369313e-03	-5.009039e-04	1.310360e-03	-3.126269e-04	-8.627421e-05
6.690600e+03	-2.991758e-03	1.601170e-03	1.265236e-04	3.345779e-03	-4.793819e-05	-3.565044e-04
6.702990e+03	-1.811324e-03	-2.091049e-03	1.515111e-03	2.008248e-03	5.912212e-04	-2.148462e-04
6.715380e+03	8.726388e-04	-2.801901e-03	3.170775e-04	-1.203299e-03	1.543187e-04	2.949973e-04
6.727770e+03	3.348352e-03	8.274617e-04	-6.148662e-04	-2.967516e-03	-2.332957e-04	-3.450111e-04
6.740160e+03	1.113088e-04	4.265200e-03	6.676596e-04	4.323054e-04	1.248076e-04	-5.148500e-04
6.752550e+03	-2.292009e-03	1.456513e-03	1.837584e-04	2.272947e-03	9.693635e-05	-3.139152e-05
6.764940e+03	-4.021376e-03	-1.874308e-03	5.079524e-04	3.513148e-03	2.048889e-04	5.512835e-04
6.777330e+03	2.547496e-03	-3.618449e-03	3.571552e-04	-2.028017e-03	2.384340e-04	-5.174327e-04
6.789720e+03	2.124840e-03	-2.196718e-04	1.692400e-04	-1.879348e-03	1.062590e-05	-1.154759e-04
6.802110e+03	2.194691e-03	3.332213e-03	-4.015496e-04	-1.446489e-03	-2.225543e-04	-7.217187e-04
6.814500e+03	-4.437357e-04	2.715535e-03	-6.021058e-05	9.003503e-04	-1.614270e-05	-5.384998e-04
