1.325730e+03	9.782950e-02	5.970765e-03	-4.268727e-05	-9.599645e-02	2.701497e-05	-5.466636e-04
1.338120e+03	9.231341e-02	3.698626e-02	2.545899e-06	-9.261922e-02	3.557147e-05	2.667346e-04
1.350510e+03	7.943412e-02	5.988595e-02	-1.002946e-05	-7.966998e-02	-4.606394e-06	2.984936e-04
1.362900e+03	6.082862e-02	7.875314e-02	1.805617e-05	-6.138473e-02	4.863073e-06	5.935592e-04
1.375290e+03	3.820575e-02	9.232411e-02	-2.566379e-05	-3.895742e-02	3.487003e-05	7.653246e-04
1.387680e+03	1.190178e-02	9.913949e-02	-1.807899e-06	-1.271185e-02	5.755430e-06	8.490245e-04
1.400070e+03	-1.447734e-02	9.873051e-02	5.384117e-05	1.382204e-02	-1.716491e-05	6.292441e-04
1.412460e+03	-3.944493e-02	9.121610e-02	-3.084535e-05	3.907183e-02	2.612336e-05	3.999274e-04
1.424850e+03	-6.243141e-02	7.864413e-02	-2.033951e-05	6.166518e-02	2.793885e-05	7.810110e-04
1.437240e+03	-8.146995e-02	5.937998e-02	8.268966e-06	8.051435e-02	2.321897e-07	9.247839e-04
1.449630e+03	-9.506520e-02	3.530539e-02	3.048289e-05	9.402072e-02	7.725088e-06	1.089683e-03
1.462020e+03	-1.003636e-01	8.985059e-03	-6.828580e-05	9.979101e-02	2.855789e-05	6.422439e-04
1.474410e+03	-9.871575e-02	-1.848064e-02	2.354832e-05	9.814736e-02	1.892695e-05	5.831132e-04
1.486800e+03	-9.152452e-02	-4.421172e-02	-2.016352e-06	9.054297e-02	3.208712e-05	8.942319e-04
1.499190e+03	-7.591643e-02	-6.670280e-02	-6.724040e-06	7.522834e-02	5.571058e-05	7.108320e-04
1.511580e+03	-5.513887e-02	-8.500454e-02	-7.287150e-07	5.417246e-02	-1.044632e-06	9.538616e-04
1.523970e+03	-2.937776e-02	-9.683462e-02	-3.224929e-05	2.870945e-02	4.945900e-06	6.815248e-04
1.536360e+03	-1.777665e-03	-1.008031e-01	-7.894738e-05	1.359002e-03	-7.655867e-05	4.148340e-04
1.548750e+03	2.549034e-02	-9.806784e-02	-4.650599e-05	-2.599392e-02	-4.559095e-05	5.132982e-04
1.561140e+03	5.241388e-02	-8.763259e-02	-1.784358e-05	-5.318974e-02	-1.190658e-04	7.420836e-04
1.573530e+03	7.538788e-02	-6.958543e-02	1.575695e-05	-7.606205e-02	-3.755761e-05	6.446503e-04
1.585920e+03	9.251629e-02	-4.546684e-02	6.089086e-06	-9.301788e-02	-6.293453e-05	5.493920e-04
1.598310e+03	1.019858e-01	-1.754178e-02	7.319052e-05	-1.021508e-01	-1.356749e-05	2.068124e-04
1.610700e+03	1.027864e-01	1.315119e-02	3.150625e-05	-1.029407e-01	2.115016e-05	6.903209e-05
1.623090e+03	9.635229e-02	4.236699e-02	5.376446e-05	-9.724086e-02	1.239575e-05	4.832175e-04
1.635480e+03	7.978086e-02	6.946913e-02	4.552736e-05	-8.014483e-02	3.195130e-05	3.195103e-04
1.647870e+03	5.614633e-02	9.036571e-02	-1.082773e-05	-5.623130e-02	2.209409e-06	1.695567e-04
1.660260e+03	2.701845e-02	1.038844e-01	7.625076e-06	-2.729841e-02	4.429252e-05	2.582901e-04
1.672650e+03	-4.457386e-03	1.071969e-01	1.498365e-06	4.412416e-03	4.611991e-05	5.570685e-05
1.685040e+03	-3.715744e-02	1.027087e-01	-6.249124e-05	3.708273e-02	4.576823e-05	5.281882e-05
1.697430e+03	-6.707823e-02	8.712858e-02	-4.968711e-05	6.693304e-02	1.899946e-05	1.516068e-04
1.709820e+03	-9.071257e-02	6.286913e-02	-9.467300e-05	9.074634e-02	-1.264416e-05	-1.205013e-05
1.722210e+03	-1.062001e-01	3.133106e-02	-2.327163e-05	1.068725e-01	-2.832760e-05	-3.467859e-04
1.734600e+03	-1.103795e-01	-2.907278e-03	-2.621022e-06	1.108847e-01	-3.362225e-05	-5.285569e-04
1.746990e+03	-1.049542e-01	-3.859582e-02	-8.326717e-06	1.057604e-01	-4.709873e-05	-3.835346e-04
1.759380e+03	-8.760436e-02	-7.012616e-02	4.779855e-05	8.804041e-02	-5.513125e-05	-3.595318e-04
1.771770e+03	-6.129823e-02	-9.492528e-02	4.448290e-05	6.152042e-02	-6.028415e-05	-2.279405e-04
1.784160e+03	-2.697143e-02	-1.101705e-01	5.430609e-05	2.730869e-02	-5.255205e-06	-2.951982e-04
1.796550e+03	1.003089e-02	-1.132639e-01	-5.594807e-06	-9.642914e-03	-7.671073e-05	-3.888045e-04
1.808940e+03	4.668172e-02	-1.037996e-01	9.982996e-05	-4.615993e-02	-2.872157e-05	-5.052095e-04
1.821330e+03	7.856966e-02	-8.314529e-02	1.152777e-04	-7.813439e-02	1.180315e-04	-3.941129e-04
1.833720e+03	1.025071e-01	-5.268353e-02	4.456471e-05	-1.017018e-01	-5.107312e-05	-4.246348e-04
1.846110e+03	1.144642e-01	-1.563019e-02	7.164434e-05	-1.140731e-01	9.686712e-05	-1.894478e-04
1.858500e+03	1.137922e-01	2.440854e-02	3.458680e-05	-1.142073e-01	1.391555e-04	-2.663349e-04
1.870890e+03	9.848794e-02	5.995462e-02	-1.927478e-05	-9.795594e-02	1.487930e-04	-5.330890e-04
1.883280e+03	7.267239e-02	9.060043e-02	-6.005860e-05	-7.237041e-02	1.486769e-04	-3.025562e-04
1.895670e+03	3.768087e-02	1.103051e-01	-1.014633e-04	-3.773675e-02	8.387230e-05	-3.414699e-05
1.908060e+03	-1.703945e-03	1.160638e-01	-1.666509e-04	1.838136e-03	8.265357e-05	-1.342857e-04
1.920450e+03	-4.123774e-02	1.094119e-01	-1.445641e-04	4.128063e-02	-4.787497e-06	-8.615779e-06
1.932840e+03	-7.536657e-02	8.825655e-02	-1.079041e-04	7.550517e-02	-9.776315e-05	-2.011826e-04
1.945230e+03	-1.015630e-01	5.790107e-02	-2.966030e-05	1.013550e-01	-1.099553e-04	-4.441323e-05
1.957620e+03	-1.146537e-01	2.009042e-02	1.183617e-05	1.149928e-01	-1.130879e-04	4.605606e-06
1.970010e+03	-1.148037e-01	-2.116364e-02	-6.225426e-05	1.147195e-01	-1.170584e-04	-4.641533e-05
1.982400e+03	-1.003197e-01	-5.792949e-02	4.346746e-05	1.002777e-01	-1.129638e-04	5.572999e-05
1.994790e+03	-7.426025e-02	-8.964321e-02	1.266047e-04	7.411510e-02	-3.278908e-05	2.026752e-04
2.007180e+03	-3.941314e-02	-1.082906e-01	8.000137e-05	3.920037e-02	-1.482789e-05	1.917318e-04
2.019570e+03	5.975728e-04	-1.157159e-01	6.956008e-05	-1.007373e-03	8.803048e-06	3.928932e-04
2.031960e+03	4.025570e-02	-1.085381e-01	1.149033e-04	-4.091990e-02	1.657607e-04	5.938869e-04
2.044350e+03	7.522363e-02	-8.733244e-02	5.699108e-05	-7.548616e-02	6.564368e-05	3.400817e-04
2.056740e+03	1.011527e-01	-5.645528e-02	-7.147286e-06	-1.014366e-01	1.090719e-04	3.954822e-04
2.069130e+03	1.141041e-01	-1.755670e-02	-4.331744e-05	-1.142731e-01	1.115651e-04	2.902323e-04
2.081520e+03	1.131760e-01	2.308423e-02	-8.666160e-05	-1.144299e-01	7.664122e-05	3.106906e-04
2.093910e+03	9.849656e-02	6.133066e-02	-1.468331e-04	-9.911983e-02	1.287496e-04	6.551893e-04
2.106300e+03	7.069670e-02	9.225551e-02	-1.590208e-04	-7.138196e-02	2.957269e-05	6.316486e-04
2.118690e+03	3.459254e-02	1.108994e-01	-1.571425e-04	-3.503497e-02	-4.433729e-05	4.870695e-04
2.131080e+03	-6.437664e-03	1.160640e-01	-9.322121e-05	5.885660e-03	-1.373718e-04	5.298716e-04
2.143470e+03	-4.697187e-02	1.071599e-01	-2.674838e-05	4.660280e-02	-1.872011e-04	4.406140e-04
2.155860e+03	-8.212449e-02	8.458656e-02	9.870207e-05	8.154400e-02	-2.320033e-04	5.335056e-04
2.168250e+03	-1.071002e-01	5.029763e-02	1.081454e-04	1.061975e-01	-1.318863e-04	6.841746e-04
2.180640e+03	-1.183795e-01	8.512825e-03	2.186581e-04	1.177500e-01	-1.081032e-04	7.632540e-04
2.193030e+03	-1.135307e-01	-3.403572e-02	2.446049e-04	1.133628e-01	-9.028081e-06	4.876597e-04
2.205420e+03	-9.389700e-02	-7.314730e-02	9.246049e-05	9.354220e-02	6.242719e-05	3.899728e-04
2.217810e+03	-6.090943e-02	-1.021909e-01	1.322865e-04	6.053110e-02	1.352304e-04	4.279447e-04
2.230200e+03	-1.969168e-02	-1.184808e-01	4.357718e-05	1.905413e-02	1.472979e-04	6.065245e-04
2.242590e+03	2.541499e-02	-1.177135e-01	-3.184026e-05	-2.582820e-02	1.124659e-04	4.634417e-04
2.254980e+03	6.738385e-02	-9.994395e-02	1.126794e-05	-6.774921e-02	2.290079e-04	3.232765e-04
2.267370e+03	1.004549e-01	-6.742962e-02	-8.988769e-05	-1.016213e-01	1.532378e-04	5.328102e-04
2.279760e+03	1.202335e-01	-2.415826e-02	-9.446734e-05	-1.203779e-01	9.989620e-05	2.269918e-04
2.292150e+03	1.204300e-01	2.421177e-02	-1.407499e-04	-1.205989e-01	2.531522e-05	3.780793e-04
2.304540e+03	1.026331e-01	6.939958e-02	-1.312379e-04	-1.028007e-01	-1.001972e-05	3.964118e-04
2.316930e+03	6.783777e-02	1.041193e-01	-8.765058e-05	-6.810643e-02	-1.222020e-04	2.225376e-04
2.329320e+03	2.121165e-02	1.246155e-01	-1.186361e-04	-2.148062e-02	-1.008777e-04	2.629891e-04
2.341710e+03	-2.983668e-02	1.231422e-01	-7.269331e-05	2.956026e-02	-1.274749e-04	2.061384e-04
2.354100e+03	-7.753200e-02	1.013650e-01	5.242437e-05	7.732852e-02	-1.602430e-04	2.428170e-04
2.366490e+03	-1.128821e-01	6.155593e-02	1.149321e-04	1.127169e-01	-1.567988e-04	1.766759e-04
2.378880e+03	-1.293667e-01	9.461471e-03	3.480649e-04	1.291977e-01	-8.052896e-05	1.842887e-04
2.391270e+03	-1.220847e-01	-4.554144e-02	2.319005e-04	1.219158e-01	2.947912e-05	2.128581e-05
2.403660e+03	-9.229856e-02	-9.334773e-02	2.002486e-04	9.213542e-02	1.360522e-04	1.814758e-04
2.416050e+03	-4.413278e-02	-1.243616e-01	1.623175e-05	4.385010e-02	1.733765e-04	2.009934e-04
2.428440e+03	1.451995e-02	-1.325250e-01	-6.586562e-05	-1.465388e-02	1.094225e-04	1.419406e-04
2.440830e+03	7.138109e-02	-1.131233e-01	-1.002076e-04	-7.164921e-02	8.854853e-05	2.357891e-04
2.453220e+03	1.148301e-01	-7.023172e-02	-1.352118e-04	-1.151085e-01	2.714094e-06	3.024012e-04
2.465610e+03	1.349948e-01	-1.066456e-02	-1.267968e-04	-1.356443e-01	2.454090e-05	1.862106e-04
2.478000e+03	1.265351e-01	5.395909e-02	-1.134205e-04	-1.274174e-01	1.957922e-05	4.121234e-04
2.490390e+03	8.770365e-02	1.076022e-01	-8.525855e-05	-8.820748e-02	-8.485054e-05	4.415887e-04
2.502780e+03	2.707729e-02	1.381403e-01	-1.286336e-04	-2.764765e-02	-9.361941e-05	4.946056e-04
2.515170e+03	-4.266424e-02	1.345771e-01	-8.061690e-05	4.222920e-02	-1.715899e-04	4.718250e-04
2.527560e+03	-1.042779e-01	9.886514e-02	5.099316e-05	1.031808e-01	-2.109289e-04	6.904197e-04
2.539950e+03	-1.409361e-01	3.527100e-02	9.219161e-05	1.403565e-01	-1.851582e-04	7.669238e-04
2.552340e+03	-1.410758e-01	-4.192925e-02	2.242099e-04	1.399068e-01	-8.450099e-05	9.240062e-04
2.564730e+03	-9.975831e-02	-1.101297e-01	2.315743e-04	9.859119e-02	4.227858e-05	1.141500e-03
2.577120e+03	-2.690893e-02	-1.483064e-01	1.150849e-04	2.558091e-02	1.075209e-04	1.331869e-03
2.589510e+03	5.911014e-02	-1.399052e-01	1.117920e-04	-6.100686e-02	2.100150e-04	1.849528e-03
2.601900e+03	1.296290e-01	-8.143661e-02	-1.286697e-05	-1.307037e-01	1.055904e-04	1.976812e-03
2.614290e+03	1.535910e-01	1.141832e-02	-4.133571e-05	-1.557600e-01	2.181330e-04	2.117161e-03
2.626680e+03	1.133704e-01	1.052256e-01	-1.754919e-04	-1.155362e-01	3.462730e-04	2.237027e-03
2.639070e+03	1.782509e-02	1.536596e-01	-4.015433e-04	-1.977274e-02	1.433321e-04	1.945791e-03
2.651460e+03	-8.902049e-02	1.227249e-01	-3.698229e-04	8.784548e-02	-2.227440e-04	1.172141e-03
2.663850e+03	-1.432377e-01	2.396878e-02	9.681577e-06	1.421693e-01	-4.676728e-04	3.521807e-04
2.676240e+03	-1.036594e-01	-8.701076e-02	3.517798e-04	1.048190e-01	-3.457823e-04	-1.091379e-03
2.688630e+03	5.638390e-03	-1.193224e-01	4.208722e-04	-2.450364e-03	3.703004e-05	-3.110418e-03
2.701020e+03	8.672553e-02	-5.508333e-02	1.880571e-04	-8.330271e-02	2.762313e-04	-3.502425e-03
2.713410e+03	6.989738e-02	3.834157e-02	-2.156706e-04	-6.607142e-02	1.479308e-04	-3.803856e-03
2.725800e+03	-2.555233e-03	5.342465e-02	-2.656992e-04	7.645176e-03	3.139971e-05	-5.082728e-03
2.738190e+03	-2.908254e-02	1.169904e-02	-3.025304e-04	3.395935e-02	-6.422342e-05	-4.816528e-03
2.750580e+03	-3.855423e-03	-1.258970e-02	-4.346383e-05	8.302022e-03	-1.305516e-04	-4.409897e-03
2.762970e+03	9.054297e-03	4.537753e-03	1.513606e-04	-5.297927e-03	-1.363800e-04	-3.745237e-03
2.775360e+03	-9.412023e-03	1.227412e-02	8.615080e-05	1.305509e-02	-5.964832e-06	-3.618038e-03
2.787750e+03	-1.982533e-02	-9.603502e-03	1.549019e-04	2.343396e-02	1.280859e-04	-3.657555e-03
2.800140e+03	-7.142653e-04	-2.982267e-02	-6.856583e-05	2.105250e-03	1.099037e-04	-1.391375e-03
2.812530e+03	2.923830e-02	-1.844917e-02	-1.250379e-04	-3.082865e-02	5.815065e-05	1.624744e-03
2.824920e+03	3.458983e-02	1.910579e-02	-9.963407e-05	-3.973073e-02	-1.858928e-05	5.297873e-03
2.837310e+03	2.233302e-03	4.784433e-02	-3.161619e-05	-9.050709e-03	-1.337844e-04	6.857783e-03
2.849700e+03	-4.390921e-02	3.626984e-02	-4.868941e-05	3.768720e-02	-1.594601e-04	6.158609e-03
2.862090e+03	-6.092352e-02	-1.495462e-02	1.908659e-04	5.722277e-02	-7.627830e-05	3.436347e-03
2.874480e+03	-2.072493e-02	-6.420704e-02	2.914175e-04	2.121117e-02	1.706601e-04	-4.736688e-04
2.886870e+03	4.880860e-02	-5.372263e-02	-3.739657e-06	-4.571185e-02	2.371065e-04	-3.173629e-03
2.899260e+03	7.452054e-02	1.763760e-02	-2.991508e-04	-7.005125e-02	1.410984e-04	-4.541920e-03
2.911650e+03	1.964360e-02	7.513114e-02	-2.389621e-04	-1.555757e-02	-2.552084e-04	-4.121009e-03
2.924040e+03	-5.956077e-02	4.856856e-02	5.223541e-05	6.251333e-02	-3.414385e-04	-2.990493e-03
2.936430e+03	-6.872654e-02	-3.537271e-02	5.053513e-04	7.027846e-02	-3.028660e-05	-1.556158e-03
2.948820e+03	2.609180e-03	-7.794341e-02	2.124081e-04	-2.582993e-03	2.520229e-04	-2.806062e-05
2.961210e+03	7.204532e-02	-3.269358e-02	-9.802791e-05	-7.303525e-02	3.701375e-04	9.803378e-04
2.973600e+03	6.363392e-02	4.836373e-02	-3.063619e-04	-6.490473e-02	1.057550e-04	1.296781e-03
2.985990e+03	-1.020821e-02	8.070218e-02	-2.914268e-04	8.876974e-03	-2.620711e-04	1.352865e-03
2.998380e+03	-7.472532e-02	3.396439e-02	1.096205e-04	7.324736e-02	-3.663943e-04	1.436647e-03
3.010770e+03	-6.750917e-02	-4.408402e-02	3.928597e-04	6.600005e-02	-1.531284e-04	1.539583e-03
3.023160e+03	2.783108e-03	-7.459538e-02	3.841452e-04	-4.713069e-03	3.305277e-04	1.919993e-03
3.035550e+03	6.242362e-02	-3.261850e-02	-9.859027e-05	-6.449625e-02	4.611261e-04	2.046314e-03
3.047940e+03	5.285897e-02	3.692425e-02	-4.204664e-04	-5.438563e-02	1.727872e-04	1.546780e-03
3.060330e+03	-8.858527e-03	5.635864e-02	-3.249586e-04	8.523878e-03	-2.893206e-04	3.320760e-04
3.072720e+03	-4.705044e-02	1.174756e-02	1.484166e-04	4.820435e-02	-4.074346e-04	-1.066207e-03
3.085110e+03	-2.022545e-02	-3.637939e-02	4.397305e-04	2.229142e-02	-3.781985e-05	-2.002526e-03
3.097500e+03	2.872079e-02	-2.396924e-02	1.602153e-04	-2.641588e-02	3.560094e-04	-2.278960e-03
3.109890e+03	2.735772e-02	2.285509e-02	-2.152911e-04	-2.541142e-02	2.963282e-04	-1.916813e-03
3.122280e+03	-1.762560e-02	3.126498e-02	-3.869128e-04	1.928936e-02	-9.413834e-05	-1.624269e-03
3.134670e+03	-3.557826e-02	-1.103928e-02	-1.283997e-04	3.696648e-02	-4.075001e-04	-1.383365e-03
3.147060e+03	1.553150e-03	-3.977283e-02	2.628753e-04	-5.568589e-04	-3.085930e-04	-9.950804e-04
3.159450e+03	4.168315e-02	-1.166660e-02	2.951069e-04	-4.121951e-02	1.099051e-04	-3.686491e-04
3.171840e+03	2.632391e-02	3.768228e-02	1.151712e-04	-2.744061e-02	4.037490e-04	1.110936e-03
3.184230e+03	-2.759888e-02	4.271098e-02	-2.215205e-04	2.536082e-02	2.475114e-04	2.190031e-03
3.196620e+03	-5.405797e-02	-6.826527e-03	-2.175634e-04	5.145871e-02	-7.520039e-05	2.603648e-03
3.209010e+03	-1.954422e-02	-5.439576e-02	-4.009012e-05	1.712989e-02	-2.500844e-04	2.339834e-03
3.221400e+03	4.340130e-02	-4.172124e-02	1.698981e-04	-4.447087e-02	-1.272867e-04	1.044147e-03
3.233790e+03	5.857474e-02	2.350953e-02	1.522784e-04	-5.813544e-02	9.572920e-05	-4.631505e-04
3.246180e+03	3.560128e-03	6.465915e-02	4.092932e-05	-2.081934e-03	1.299914e-04	-1.472018e-03
3.258570e+03	-5.862543e-02	2.809685e-02	-1.211403e-04	6.057475e-02	8.530983e-05	-1.903150e-03
3.270960e+03	-4.730105e-02	-4.401700e-02	1.911481e-06	4.876950e-02	1.876074e-07	-1.508454e-03
3.283350e+03	2.333327e-02	-6.023214e-02	1.451676e-05	-2.256259e-02	2.151368e-05	-8.017694e-04
3.295740e+03	6.279817e-02	-5.340992e-04	-2.334682e-05	-6.282094e-02	-6.022311e-05	-8.687723e-05
3.308130e+03	2.470363e-02	5.923523e-02	2.934850e-05	-2.517656e-02	-1.017439e-04	4.940881e-04
3.320520e+03	-4.400159e-02	4.754682e-02	1.472144e-04	4.346191e-02	-7.325274e-05	5.011636e-04
3.332910e+03	-6.113776e-02	-1.964526e-02	8.298666e-05	6.076878e-02	2.607213e-05	3.583923e-04
3.345300e+03	-8.747519e-03	-6.264181e-02	5.967240e-05	8.357831e-03	1.216812e-04	4.001099e-04
3.357690e+03	5.201249e-02	-3.410623e-02	-1.334937e-04	-5.279994e-02	1.232914e-04	7.429402e-04
3.370080e+03	5.158404e-02	3.170325e-02	-1.344866e-04	-5.256452e-02	-5.440409e-05	1.000489e-03
3.382470e+03	-6.748713e-03	5.816443e-02	1.017068e-05	5.809285e-03	-1.581779e-04	9.221614e-04
3.394860e+03	-5.312635e-02	1.790006e-02	1.693167e-04	5.267161e-02	-1.401878e-04	4.430753e-04
3.407250e+03	-3.546551e-02	-3.910029e-02	2.524572e-04	3.559397e-02	4.837976e-05	-1.585556e-04
3.419640e+03	2.257136e-02	-4.433186e-02	6.686913e-05	-2.179015e-02	2.162456e-04	-7.569710e-04
3.432030e+03	4.664731e-02	5.176952e-03	-1.097997e-04	-4.571628e-02	1.351598e-04	-9.458064e-04
3.444420e+03	1.054209e-02	4.367004e-02	-2.339376e-04	-9.820879e-03	-5.935278e-05	-7.838036e-04
3.456810e+03	-3.624831e-02	2.368078e-02	2.877270e-05	3.667185e-02	-2.526238e-04	-4.691447e-04
3.469200e+03	-3.342853e-02	-2.568431e-02	3.063415e-04	3.355505e-02	-1.308359e-04	-1.495554e-04
3.481590e+03	1.280653e-02	-3.918079e-02	2.529454e-04	-1.274172e-02	1.133303e-04	-7.982101e-05
3.493980e+03	3.998211e-02	-1.064294e-03	-1.107302e-04	-4.007429e-02	2.643263e-04	9.355221e-06
3.506370e+03	1.512132e-02	3.829950e-02	-2.526349e-04	-1.536999e-02	4.231150e-05	2.325420e-04
3.518760e+03	-3.049917e-02	2.821599e-02	-2.800876e-05	2.997646e-02	-2.188118e-04	5.024972e-04
3.531150e+03	-3.824629e-02	-1.746546e-02	1.154466e-04	3.746413e-02	-1.480133e-04	7.140571e-04
3.543540e+03	2.029713e-03	-4.099818e-02	2.114495e-04	-2.733388e-03	-5.245957e-06	7.086428e-04
3.555930e+03	3.942073e-02	-1.258294e-02	4.729896e-05	-3.991041e-02	2.964850e-04	5.435349e-04
3.568320e+03	2.660908e-02	3.304657e-02	-2.382327e-04	-2.664120e-02	1.623474e-04	5.626132e-05
3.580710e+03	-2.103544e-02	3.756288e-02	-1.584835e-04	2.157389e-02	-9.836024e-05	-4.906484e-04
3.593100e+03	-4.210860e-02	-6.262125e-03	-8.905055e-06	4.288005e-02	-3.416345e-04	-7.789362e-04
3.605490e+03	-9.137157e-03	-4.253711e-02	2.315684e-04	9.752344e-03	-5.846620e-05	-6.123664e-04
3.617880e+03	3.694954e-02	-2.403057e-02	1.386161e-04	-3.652693e-02	1.530776e-04	-3.446276e-04
3.630270e+03	3.620747e-02	2.621655e-02	2.474064e-05	-3.616327e-02	1.766754e-04	-7.219729e-05
3.642660e+03	-1.106120e-02	4.424277e-02	-1.473519e-04	1.079486e-02	7.274716e-05	2.295133e-04
3.655050e+03	-4.597887e-02	7.115509e-03	5.572869e-06	4.580989e-02	-2.011519e-04	2.453956e-04
3.667440e+03	-2.508861e-02	-3.956976e-02	6.567667e-05	2.481818e-02	-9.875077e-05	1.846947e-04
3.679830e+03	2.668565e-02	-3.869179e-02	1.197480e-04	-2.704669e-02	-6.399267e-05	3.157869e-04
3.692220e+03	4.678802e-02	9.512103e-03	5.240495e-05	-4.705938e-02	2.232134e-04	3.286341e-04
3.704610e+03	1.018431e-02	4.746121e-02	-3.925835e-05	-1.069196e-02	1.759033e-05	4.968800e-04
3.717000e+03	-3.962832e-02	2.841937e-02	-3.437102e-05	3.923789e-02	6.650884e-05	3.298092e-04
3.729390e+03	-4.176610e-02	-2.415777e-02	2.269728e-05	4.170057e-02	-4.431443e-05	6.788491e-05
3.741780e+03	5.829249e-03	-4.699878e-02	7.968829e-05	-5.794157e-03	1.765756e-05	-3.918336e-05
3.754170e+03	4.538804e-02	-1.245224e-02	-3.869033e-05	-4.505490e-02	1.729450e-05	-3.403910e-04
3.766560e+03	2.883164e-02	3.677128e-02	1.331603e-04	-2.840447e-02	5.143336e-06	-3.597552e-04
3.778950e+03	-2.280967e-02	4.055314e-02	1.514974e-04	2.305556e-02	1.245617e-06	-2.978789e-04
3.791340e+03	-4.541715e-02	-5.548687e-03	1.464667e-04	4.560954e-02	-2.094581e-05	-1.076890e-04
3.803730e+03	-1.236137e-02	-4.333168e-02	1.748505e-05	1.231576e-02	3.661244e-05	3.105004e-05
3.816120e+03	3.500311e-02	-2.763615e-02	-1.808719e-05	-3.512311e-02	7.209862e-05	1.658727e-04
3.828510e+03	3.883129e-02	2.157542e-02	-9.350888e-05	-3.899647e-02	2.867405e-05	1.779475e-04
3.840900e+03	-4.576628e-03	4.351669e-02	-2.952130e-05	4.358068e-03	-1.219621e-04	2.397906e-04
3.853290e+03	-4.182806e-02	1.370316e-02	4.604306e-05	4.155693e-02	-1.522851e-04	2.274322e-04
3.865680e+03	-2.866556e-02	-3.186932e-02	1.362273e-04	2.846052e-02	2.104683e-05	2.321519e-04
3.878070e+03	1.770432e-02	-3.777047e-02	9.708170e-05	-1.802159e-02	1.396722e-04	2.980016e-04
3.890460e+03	4.009192e-02	1.935537e-03	-1.325652e-04	-4.025061e-02	1.286559e-04	1.392558e-04
3.902850e+03	1.339311e-02	3.819802e-02	-2.136995e-04	-1.338846e-02	-7.263401e-05	-3.443641e-05
3.915240e+03	-2.924538e-02	2.654369e-02	-8.828653e-05	2.938758e-02	-1.436447e-04	-1.795530e-04
3.927630e+03	-3.452931e-02	-1.651689e-02	1.417151e-04	3.487179e-02	-1.734309e-04	-2.999139e-04
3.940020e+03	2.319415e-03	-3.708546e-02	1.559141e-04	-2.080072e-03	-3.192581e-05	-2.462596e-04
3.952410e+03	3.502490e-02	-1.124481e-02	5.578474e-05	-3.489799e-02	2.647895e-04	-1.228603e-04
3.964800e+03	2.299584e-02	2.800553e-02	-1.395884e-04	-2.297187e-02	-2.000265e-05	-4.253906e-05
3.977190e+03	-1.716685e-02	3.164150e-02	-9.981909e-05	1.699069e-02	-1.380333e-04	1.320984e-04
3.989580e+03	-3.477504e-02	-3.461189e-03	1.035084e-04	3.460130e-02	-2.234665e-04	1.460837e-04
4.001970e+03	-1.010125e-02	-3.324033e-02	1.872664e-04	9.905433e-03	-2.078981e-05	1.895044e-04
4.014360e+03	2.649236e-02	-2.106508e-02	1.269884e-04	-2.669057e-02	1.987748e-04	2.258871e-04
4.026750e+03	2.608736e-02	1.921027e-02	-7.556352e-05	-2.630697e-02	1.919154e-04	2.367512e-04
4.039140e+03	-4.551562e-03	3.310446e-02	-2.480341e-04	4.456040e-03	1.892587e-07	9.650830e-05
4.051530e+03	-3.177335e-02	8.481003e-03	-1.014619e-04	3.171479e-02	-1.584199e-04	4.408232e-05
4.063920e+03	-1.931495e-02	-2.578415e-02	1.843679e-04	1.934397e-02	-1.845670e-04	-8.568115e-05
4.076310e+03	1.692073e-02	-2.684459e-02	1.085542e-04	-1.679416e-02	1.085247e-04	-9.062488e-05
4.088700e+03	3.053665e-02	6.137131e-03	-9.526778e-06	-3.047109e-02	1.071337e-04	-1.252749e-04
4.101090e+03	5.514320e-03	3.099810e-02	-1.044291e-04	-5.441907e-03	1.714300e-05	-9.629265e-05
4.113480e+03	-2.664430e-02	1.671607e-02	-6.848402e-05	2.676542e-02	-1.072859e-04	-1.251776e-04
4.125870e+03	-2.530232e-02	-1.804593e-02	1.116000e-04	2.522186e-02	-1.071748e-04	7.693990e-05
4.138260e+03	7.305404e-03	-2.947617e-02	6.556111e-05	-7.504176e-03	-2.487244e-05	1.420815e-04
4.150650e+03	2.970881e-02	-3.817851e-03	2.119240e-05	-2.980959e-02	8.053699e-05	8.004816e-05
4.163040e+03	1.467333e-02	2.688516e-02	-5.710238e-05	-1.492459e-02	6.527812e-05	1.951037e-04
4.175430e+03	-1.915766e-02	2.421174e-02	-6.638008e-05	1.898141e-02	-5.516816e-05	1.407794e-04
4.187820e+03	-2.961587e-02	-8.158841e-03	2.967048e-05	2.946240e-02	-1.404291e-04	8.552843e-05
4.200210e+03	-3.654666e-03	-2.939288e-02	7.699651e-05	3.576309e-03	-4.509963e-05	7.626968e-05
4.212600e+03	2.612911e-02	-1.417432e-02	2.943129e-05	-2.609769e-02	6.792860e-05	-4.931601e-05
4.224990e+03	2.276308e-02	1.920811e-02	-9.809276e-05	-2.273483e-02	5.319243e-05	-2.224167e-05
4.237380e+03	-9.145327e-03	2.845558e-02	-6.461909e-05	9.172368e-03	-6.774662e-05	-4.377108e-05
4.249770e+03	-2.922097e-02	2.536971e-03	4.102670e-05	2.932296e-02	-1.209416e-04	-1.429498e-04
4.262160e+03	-1.331947e-02	-2.630538e-02	9.436941e-05	1.344381e-02	-7.167213e-06	-9.936467e-05
4.274550e+03	1.914941e-02	-2.182189e-02	2.967595e-05	-1.919984e-02	5.211405e-05	1.603928e-05
4.286940e+03	2.733915e-02	9.822823e-03	-7.994145e-05	-2.730457e-02	1.503227e-05	-6.041297e-06
4.299330e+03	1.261888e-03	2.921413e-02	-8.788760e-05	-1.324308e-03	-4.945049e-05	6.133715e-05
4.311720e+03	-2.671299e-02	1.268683e-02	2.305155e-05	2.664402e-02	-1.178268e-04	6.215253e-05
4.324110e+03	-2.198368e-02	-1.911840e-02	1.224189e-04	2.183723e-02	3.149682e-06	9.832863e-05
4.336500e+03	9.636136e-03	-2.682265e-02	8.283938e-05	-9.900912e-03	3.640396e-05	1.872756e-04
4.348890e+03	2.781592e-02	-1.559667e-03	-5.983348e-05	-2.788439e-02	8.979568e-05	6.766914e-05
4.361280e+03	1.216712e-02	2.566619e-02	-8.058160e-05	-1.223745e-02	8.925252e-06	9.239209e-05
4.373670e+03	-1.862115e-02	2.123873e-02	-1.194084e-05	1.857262e-02	-9.257506e-05	4.460396e-05
4.386060e+03	-2.636724e-02	-8.587048e-03	4.057920e-05	2.638714e-02	-1.596499e-04	-4.141347e-05
4.398450e+03	-2.013274e-03	-2.686033e-02	1.937059e-04	1.996521e-03	1.110125e-04	2.007720e-05
4.410840e+03	2.390897e-02	-1.162285e-02	4.015549e-06	-2.377674e-02	9.175902e-05	-8.009524e-05
4.423230e+03	1.961896e-02	1.758572e-02	-8.014973e-05	-1.955763e-02	4.966026e-05	-2.212658e-05
4.435620e+03	-8.625533e-03	2.487632e-02	-8.133844e-05	8.558808e-03	-5.190283e-05	5.259532e-05
4.448010e+03	-2.576480e-02	1.758080e-03	9.180915e-05	2.579511e-02	-6.178669e-05	-3.652246e-05
4.460400e+03	-1.133403e-02	-2.259035e-02	9.828743e-05	1.131718e-02	-1.428950e-05	3.793533e-05
4.472790e+03	1.598762e-02	-1.843002e-02	1.073765e-04	-1.604802e-02	1.166987e-04	5.997013e-05
4.485180e+03	2.278320e-02	7.836643e-03	-8.142695e-05	-2.294840e-02	1.076101e-04	1.367058e-04
4.497570e+03	1.355827e-03	2.383406e-02	-1.133087e-04	-1.526343e-03	-1.108462e-05	1.596121e-04
4.509960e+03	-2.119962e-02	1.057960e-02	-5.510710e-06	2.116609e-02	-1.051041e-04	8.574750e-05
4.522350e+03	-1.756048e-02	-1.476044e-02	1.252661e-04	1.747670e-02	-5.603326e-05	4.550689e-05
4.534740e+03	6.867645e-03	-2.089499e-02	9.720958e-05	-6.895118e-03	7.153050e-06	2.751146e-05
4.547130e+03	2.144403e-02	-1.112224e-03	-3.256010e-05	-2.141301e-02	1.001774e-04	-8.301073e-06
4.559520e+03	8.965154e-03	1.959042e-02	-4.464175e-05	-8.851844e-03	2.643409e-05	-8.053021e-05
4.571910e+03	-1.423525e-02	1.570953e-02	-1.794165e-05	1.420945e-02	-9.087815e-05	4.231561e-05
4.584300e+03	-1.955433e-02	-6.749057e-03	3.460061e-05	1.956227e-02	-4.229169e-05	-3.759580e-05
4.596690e+03	-1.054594e-03	-1.959801e-02	8.071000e-05	1.064050e-03	6.398938e-05	-6.741904e-06
4.609080e+03	1.735039e-02	-7.257970e-03	7.191551e-05	-1.735003e-02	7.785013e-05	3.471057e-05
4.621470e+03	1.332293e-02	1.309431e-02	-7.765417e-05	-1.339187e-02	6.692218e-05	6.659679e-05
4.633860e+03	-6.845980e-03	1.721609e-02	-1.084079e-04	6.788031e-03	-1.240175e-04	6.013597e-05
4.646250e+03	-1.790223e-02	5.545939e-04	8.019300e-05	1.775027e-02	-1.006537e-04	1.001913e-04
4.658640e+03	-7.191893e-03	-1.581871e-02	9.199406e-05	7.120587e-03	-5.360276e-05	6.547976e-05
4.671030e+03	1.152598e-02	-1.195780e-02	6.016461e-05	-1.151953e-02	7.874120e-05	1.224393e-05
4.683420e+03	1.487753e-02	6.411410e-03	-6.928654e-05	-1.495435e-02	5.032435e-05	4.088706e-05
4.695810e+03	-4.252806e-04	1.609370e-02	-3.574609e-05	3.935944e-04	8.986828e-06	2.865790e-05
4.708200e+03	-1.466874e-02	5.799581e-03	-2.134218e-05	1.469792e-02	-3.839732e-05	-4.350460e-05
4.720590e+03	-1.059260e-02	-1.078601e-02	5.363799e-05	1.060629e-02	-5.122470e-05	-1.860491e-05
4.732980e+03	5.860339e-03	-1.308917e-02	1.003114e-04	-5.854404e-03	1.840184e-05	-9.024152e-06
4.745370e+03	1.364472e-02	8.802585e-04	3.612137e-05	-1.365267e-02	-2.054299e-05	3.044007e-05
4.757760e+03	4.200627e-03	1.317229e-02	-1.608483e-05	-4.254767e-03	3.315750e-06	4.710405e-05
4.770150e+03	-1.031220e-02	8.972996e-03	1.003520e-05	1.026599e-02	-4.309651e-05	4.560561e-05
4.782540e+03	-1.190670e-02	-5.637339e-03	6.916723e-05	1.185549e-02	-9.389565e-06	7.054470e-05
4.794930e+03	6.458063e-04	-1.235196e-02	1.327823e-05	-7.877144e-04	2.241970e-05	1.377023e-04
4.807320e+03	1.117097e-02	-3.503600e-03	-5.045122e-05	-1.123983e-02	3.450480e-05	5.785894e-05
4.819710e+03	7.179158e-03	9.234251e-03	1.017919e-05	-7.286932e-03	-1.301738e-05	1.014751e-04
4.832100e+03	-5.711996e-03	1.008499e-02	1.859481e-05	5.648400e-03	-4.648583e-06	5.989164e-05
4.844490e+03	-1.096282e-02	-1.119723e-03	3.621407e-06	1.099390e-02	-7.844488e-06	2.051174e-05
4.856880e+03	-3.016262e-03	-1.009095e-02	2.624581e-05	3.039948e-03	3.836417e-06	-2.616428e-05
4.869270e+03	8.115428e-03	-6.271468e-03	-2.985536e-06	-8.133286e-03	2.147721e-05	1.763368e-05
4.881660e+03	8.201748e-03	5.252656e-03	-6.746728e-07	-8.214763e-03	3.591357e-05	5.673040e-06
4.894050e+03	-1.780073e-03	9.420568e-03	-1.934869e-05	1.747964e-03	-3.138001e-05	2.382139e-05
4.906440e+03	-9.055083e-03	2.152319e-03	6.453365e-05	9.067156e-03	-6.268088e-07	-1.288750e-06
4.918830e+03	-5.239844e-03	-7.096185e-03	1.160891e-05	5.113724e-03	2.195610e-05	1.098087e-04
4.931220e+03	4.439380e-03	-6.839227e-03	1.721575e-05	-4.524820e-03	2.139013e-05	8.510564e-05
4.943610e+03	7.716619e-03	1.897908e-03	-1.514375e-05	-7.792798e-03	4.894811e-06	7.179116e-05
4.956000e+03	1.012593e-03	7.836708e-03	-8.786784e-06	-1.100570e-03	-1.815185e-05	9.153470e-05
4.968390e+03	-6.666768e-03	4.025552e-03	1.663719e-05	6.568973e-03	-2.101620e-05	9.445488e-05
4.980780e+03	-5.988942e-03	-4.151497e-03	8.709451e-05	5.956936e-03	3.122458e-05	2.244175e-05
4.993170e+03	1.612440e-03	-6.385886e-03	3.812549e-05	-1.604974e-03	-7.692681e-06	-1.307551e-05
5.005560e+03	6.276949e-03	-4.881896e-04	-3.166421e-05	-6.264348e-03	1.475199e-05	-1.328587e-05
5.017950e+03	2.660364e-03	5.776516e-03	-9.347093e-06	-2.663151e-03	-1.345851e-05	3.683581e-06
5.030340e+03	-4.189262e-03	4.762541e-03	-1.374777e-05	4.178277e-03	-2.037521e-05	8.833129e-06
5.042730e+03	-5.708873e-03	-1.711890e-03	1.485944e-05	5.691812e-03	-4.246931e-05	1.896635e-05
5.055120e+03	-4.572531e-04	-5.208891e-03	2.516477e-05	4.093221e-04	1.696476e-05	3.960561e-05
5.067510e+03	4.529419e-03	-1.954609e-03	2.946528e-05	-4.566738e-03	4.447263e-06	3.167244e-05
5.079900e+03	3.318766e-03	3.687216e-03	3.735674e-06	-3.350366e-03	-7.350709e-07	3.127547e-05
5.092290e+03	-2.167794e-03	4.593472e-03	1.924341e-05	2.109955e-03	-4.938834e-06	5.371826e-05
5.104680e+03	-4.789397e-03	3.571317e-05	1.028088e-05	4.710484e-03	-2.952908e-05	7.271474e-05
5.117070e+03	-1.784069e-03	-3.861881e-03	3.443895e-05	1.688039e-03	3.311185e-05	9.155403e-05
5.129460e+03	2.824810e-03	-2.479261e-03	-1.163288e-05	-2.884280e-03	-8.177456e-08	5.760561e-05
5.141850e+03	3.181653e-03	1.975086e-03	2.730950e-06	-3.201375e-03	1.974884e-05	1.512816e-05
5.154240e+03	-6.824442e-04	3.808605e-03	1.001889e-05	6.599834e-04	-1.801956e-05	2.047888e-05
5.166630e+03	-3.564967e-03	1.080459e-03	-2.902099e-05	3.560014e-03	-1.370292e-05	4.031796e-06
5.179020e+03	-2.241461e-03	-2.372157e-03	5.676803e-05	2.219157e-03	-2.778577e-06	1.524937e-05
5.191410e+03	1.306703e-03	-2.339874e-03	2.061629e-06	-1.346969e-03	-1.895940e-05	3.920630e-05
5.203800e+03	2.427246e-03	7.290478e-04	1.840922e-05	-2.479007e-03	-1.009025e-05	5.255853e-05
5.216190e+03	1.221608e-04	2.696861e-03	1.120951e-06	-1.931880e-04	-3.769692e-05	6.879957e-05
5.228580e+03	-2.364383e-03	1.374624e-03	2.146139e-05	2.344007e-03	-9.846069e-06	2.293328e-05
5.240970e+03	-1.970278e-03	-1.249567e-03	2.165645e-05	1.953150e-03	-2.913479e-05	1.617627e-05
5.253360e+03	4.293308e-04	-1.773952e-03	1.356291e-05	-4.782721e-04	6.835617e-06	4.471972e-05
5.265750e+03	1.592560e-03	1.237141e-04	2.307191e-05	-1.632742e-03	7.096213e-06	3.323945e-05
5.278140e+03	3.489404e-04	1.852720e-03	1.773727e-05	-4.096981e-04	-5.650397e-07	6.121485e-05
5.290530e+03	-1.547603e-03	1.223028e-03	9.288289e-06	1.484669e-03	-2.438710e-07	6.141320e-05
5.302920e+03	-1.614077e-03	-5.615497e-04	1.760843e-05	1.557436e-03	4.300735e-06	5.548186e-05
5.315310e+03	-8.769412e-06	-1.202233e-03	7.378513e-06	-1.668565e-05	3.656020e-05	2.228494e-05
5.327700e+03	9.898112e-04	-1.311867e-05	5.398039e-06	-1.018198e-03	-4.993393e-06	2.447825e-05
5.340090e+03	2.740021e-04	1.181099e-03	3.642200e-05	-2.721464e-04	-2.181017e-06	-4.333956e-06
5.352480e+03	-9.826613e-04	9.289519e-04	-2.275913e-05	9.990963e-04	1.298603e-05	-1.696099e-05
5.364870e+03	-1.122806e-03	-2.440340e-04	3.108934e-05	1.070200e-03	1.324295e-05	5.080374e-05
5.377260e+03	-9.791776e-05	-6.684830e-04	1.144176e-05	2.721714e-05	4.242893e-06	6.888678e-05
5.389650e+03	4.934017e-04	8.824203e-05	1.255958e-05	-5.791430e-04	-5.674304e-06	8.047040e-05
5.402040e+03	2.312235e-05	8.574284e-04	-5.382595e-07	-8.792329e-05	-2.565737e-06	6.177700e-05
5.414430e+03	-7.936938e-04	5.755108e-04	-1.112014e-05	7.350605e-04	-2.177674e-05	5.564324e-05
5.426820e+03	-7.614620e-04	-2.154812e-04	1.228063e-05	7.318272e-04	-1.206614e-05	2.800180e-05
5.439210e+03	-4.054625e-05	-4.143816e-04	6.619000e-06	6.335848e-06	-8.587757e-06	3.136300e-05
5.451600e+03	3.686318e-04	2.829391e-04	2.104881e-05	-4.075070e-04	1.920808e-05	3.656082e-05
5.463990e+03	-2.209810e-04	7.718506e-04	8.476676e-06	1.784045e-04	3.270701e-05	4.036999e-05
5.476380e+03	-8.200155e-04	3.905433e-04	2.870903e-05	7.784832e-04	-6.470971e-06	3.969012e-05
5.488770e+03	-6.269008e-04	-2.898727e-04	2.952463e-05	6.113425e-04	6.554069e-06	1.386577e-05
5.501160e+03	8.867651e-05	-3.259475e-04	6.910076e-06	-8.626839e-05	-6.392635e-06	-7.234061e-07
5.513550e+03	3.289341e-04	3.224320e-04	3.511798e-05	-3.526440e-04	7.216514e-06	2.169728e-05
5.525940e+03	-1.954464e-04	7.753189e-04	2.284256e-05	1.563036e-04	8.607436e-06	3.595904e-05
5.538330e+03	-8.059841e-04	4.631688e-04	3.100329e-05	7.510402e-04	1.114017e-05	5.536671e-05
5.550720e+03	-7.225778e-04	-2.100075e-04	-5.344783e-06	6.568505e-04	1.307401e-05	6.304340e-05
5.563110e+03	-6.743493e-05	-3.221865e-04	-1.264613e-05	-3.949484e-06	-2.822465e-06	6.983512e-05
5.575500e+03	2.766682e-04	2.077290e-04	4.934775e-06	-3.268075e-04	-1.023723e-05	4.725350e-05
5.587890e+03	-1.180725e-04	6.447989e-04	9.375008e-06	6.323509e-05	-7.248927e-06	5.157495e-05
5.600280e+03	-6.274251e-04	4.900695e-04	3.838884e-05	5.952041e-04	-8.048160e-06	2.966940e-05
5.612670e+03	-6.154997e-04	-2.492455e-05	1.356132e-05	6.079398e-04	8.930613e-06	4.690010e-06
5.625060e+03	-1.614864e-04	-1.992364e-04	-8.450207e-06	1.331890e-04	1.574725e-06	2.660561e-05
5.637450e+03	1.301226e-04	2.068894e-04	2.532386e-05	-1.384259e-04	-6.479419e-06	8.913117e-06
5.649840e+03	-1.283118e-04	4.798741e-04	1.914171e-05	1.058868e-04	-1.744275e-05	1.940517e-05
5.662230e+03	-5.584587e-04	3.821099e-04	3.188805e-05	5.339982e-04	9.193020e-06	2.194504e-05
5.674620e+03	-5.415992e-04	-1.752866e-05	2.150269e-05	5.076818e-04	1.670679e-05	3.221471e-05
5.687010e+03	-1.821822e-04	-1.251037e-04	1.594557e-05	1.386493e-04	2.012578e-05	4.213542e-05
5.699400e+03	-1.781522e-05	1.764785e-04	-6.580753e-06	-5.756301e-05	1.221559e-05	7.426351e-05
5.711790e+03	-1.718728e-04	4.533121e-04	-2.915579e-05	9.999836e-05	-3.491347e-05	6.914864e-05
5.724180e+03	-4.430928e-04	3.853166e-04	1.011400e-05	4.045707e-04	-6.059933e-06	3.573649e-05
5.736570e+03	-5.312863e-04	9.848101e-05	6.953150e-06	4.564433e-04	-2.058713e-05	7.237574e-05
5.748960e+03	-2.450043e-04	-5.333202e-06	2.239397e-05	2.219304e-04	-8.713386e-06	2.150727e-05
5.761350e+03	-1.000597e-04	1.303308e-04	-1.736502e-05	8.194844e-05	1.507437e-05	1.762714e-05
5.773740e+03	-1.886221e-04	3.505301e-04	-7.613102e-06	1.659106e-04	-1.925087e-06	2.043256e-05
5.786130e+03	-2.624104e-04	2.869372e-04	1.170316e-05	2.655670e-04	-3.856634e-05	-5.325440e-06
5.798520e+03	-3.753028e-04	1.483752e-04	1.296057e-05	3.454598e-04	-2.725582e-05	2.766644e-05
5.810910e+03	-3.015100e-04	7.857922e-05	3.504058e-05	2.590291e-04	3.918764e-07	3.988662e-05
5.823300e+03	-2.361605e-04	1.315478e-04	9.668254e-06	1.775002e-04	2.241027e-05	5.642062e-05
5.835690e+03	-2.896445e-04	2.314620e-04	-5.541399e-06	2.410279e-04	3.279063e-05	4.651313e-05
5.848080e+03	-3.389916e-04	1.994979e-04	-7.335651e-06	2.744127e-04	6.862607e-06	6.299919e-05
5.860470e+03	-2.903730e-04	1.453097e-04	4.101809e-06	2.307936e-04	-2.654858e-05	5.572351e-05
5.872860e+03	-2.340696e-04	1.665085e-04	1.758375e-05	1.922743e-04	5.643881e-07	4.005125e-05
5.885250e+03	-2.920793e-04	2.228957e-04	1.344314e-05	2.237413e-04	1.168339e-05	6.628750e-05
5.897640e+03	-3.301615e-04	2.225461e-04	1.490301e-05	2.889401e-04	4.910890e-06	3.849289e-05
5.910030e+03	-3.099533e-04	1.219147e-04	-2.190412e-05	2.773789e-04	4.807034e-06	3.246529e-05
5.922420e+03	-2.197334e-04	1.332408e-04	-1.159490e-05	1.944181e-04	-1.378781e-05	2.273606e-05
5.934810e+03	-1.454443e-04	2.341702e-04	2.383028e-05	1.364882e-04	-1.256812e-05	6.933815e-06
5.947200e+03	-2.424291e-04	2.825081e-04	3.229807e-05	2.117153e-04	5.152888e-06	2.751860e-05
5.959590e+03	-3.914558e-04	2.215088e-04	3.274677e-05	3.494885e-04	-1.016775e-05	3.950886e-05
5.971980e+03	-3.892956e-04	1.034362e-04	3.098700e-05	3.473978e-04	7.816241e-06	3.911181e-05
